orientation:
  w: 0.8703591212827035
  x: 0.4912340085204051
  y: 0.020278985499672903
  z: 0.026799282537103147
position:
  x: 0.0037
  y: 0.025
  z: 0.4501
timestamp: 1747432331
---
