1, 0, 0, 0, 0, 0, 0, 0, 0, 0, 0, 0, 0, 0, 0, 0
0, 1, 0, 0, 0, 0, 0, 0, 0, 0, 0, 0, 0, 0, 0, 0
0, 0, 1, 0, 0, 0, 0, 0, 0, 0, 0, 0, 0, 0, 0, 0
0, 0, 0, 1, 0, 0, 0, 0, 0, 0, 0, 0, 0, 0, 0, 0
0, 0, 0, 0, 1, 0, 0, 0, 0, 0, 0, 0, 0, 0, 0, 0
0, 0, 0, 0, 0, 1, 0, 0, 0, 0, 0, 0, 0, 0, 0, 0
0, 0, 0, 0, 0, 0, 1, 0, 0, 0, 0, 0, 0, 0, 0, 0
0, 0, 0, 0, 0, 0, 0, 1, 0, 0, 0, 0, 0, 0, 0, 0
0, 0, 0, 0, 0, 0, 0, 0, 1, 0, 0, 0, 0, 0, 0, 0
0, 0, 0, 0, 0, 0, 0, 0, 0, 1, 0, 0, 0, 0, 0, 0
0, 0, 0, 0, 0, 0, 0, 0, 0, 0, 1, 0, 0, 0, 0, 0
0, 0, 0, 0, 0, 0, 0, 0, 0, 0, 0, 1, 0, 0, 0, 0
0, 0, 0, 0, 0, 0, 0, 0, 0, 0, 0, 0, 1, 0, 0, 0
0, 0, 0, 0, 0, 0, 0, 0, 0, 0, 0, 0, 0, 1, 0, 0
0, 0, 0, 0, 0, 0, 0, 0, 0, 0, 0, 0, 0, 0, 1, 0
0, 0, 0, 0, 0, 0, 0, 0, 0, 0, 0, 0, 0, 0, 0, 1
0.000333119042460954, -4.96703979555216e-09, -3.88030910469738e-08, -1.62247316042264e-09, 0.000286025737642909, -1.99292412779147e-06, -8.84117964456585e-05, -3.80983327589071e-06, 0.000245850548879586, -3.78264568984484e-06, -4.46749276489935e-05, -2.02785251602528e-06, 0, 0, 0, 0
-4.96703979555215e-09, 0.000333110198936895, -1.63139185976847e-09, -4.2630298949332e-08, -2.01523165291014e-06, 0.000280130095537683, -3.89905445766587e-06, -0.000104583472127194, -3.88114055840464e-06, 0.000228751435525382, -2.13553140740237e-06, -5.96161428135659e-05, 0, 0, 0, 0
-3.88030910469737e-08, -1.63139185976847e-09, 0.000333200188387772, -5.40942163597235e-10, 8.5888262833746e-05, -6.74701236134039e-07, 4.2853146358141e-05, -1.33186002871646e-06, 9.46576958059038e-05, -1.33130233558136e-06, 2.85759555359796e-06, -7.63242897940681e-07, 0, 0, 0, 0
-1.62247316042263e-09, -4.2630298949332e-08, -5.40942163597234e-10, 0.000333198588990659, -6.78409495062862e-07, 8.34791320215463e-05, -1.3541630944853e-06, 3.64237749030149e-05, -1.35668344912952e-06, 8.78861243318735e-05, -7.94774818510584e-07, -2.9215085973771e-06, 0, 0, 0, 0
0.000286025737642909, -2.01523165291014e-06, 8.5888262833746e-05, -6.78409495062863e-07, 0.0958993068610191, -0.000858940949444821, 0.143944921006854, -0.00174718893232924, 0.13453771538977, -0.00175709820852458, 0.025722594194789, -0.00106587940160332, 0, 0, 0, 0
-1.99292412779147e-06, 0.000280130095537683, -6.74701236134039e-07, 8.34791320215463e-05, -0.000858940949444821, 0.092324886712501, -0.00176587674200857, 0.134587659226316, -0.00177962899967611, 0.124710154485391, -0.00109997606615838, 0.0174801797300341, 0, 0, 0, 0
-8.84117964456587e-05, -3.89905445766587e-06, 4.28531463581409e-05, -1.3541630944853e-06, 0.143944921006854, -0.00176587674200857, 0.649787850112363, -0.00379642392897378, 0.332139296221825, -0.00385883308278863, 0.140305873515162, -0.0025642870582526, -0, -0, -0, -0
-3.80983327589071e-06, -0.000104583472127194, -1.33186002871646e-06, 3.64237749030149e-05, -0.00174718893232924, 0.134587659226316, -0.00379642392897379, 0.625910133777998, -0.00386643457394132, 0.307157519048368, -0.00261045363532331, 0.119856300045011, -0, -0, -0, -0
0.000245850548879586, -3.88114055840464e-06, 9.46576958059038e-05, -1.35668344912952e-06, 0.13453771538977, -0.00177962899967611, 0.332139296221825, -0.00386643457394132, 0.345715949275113, -0.00393764689673642, 0.273638080123599, -0.00265805057807111, 0, 0, 0, 0
-3.78264568984484e-06, 0.000228751435525382, -1.33130233558136e-06, 8.78861243318735e-05, -0.00175709820852458, 0.124710154485391, -0.00385883308278863, 0.307157519048368, -0.00393764689673642, 0.319594370813016, -0.00269984167213786, 0.252335935292568, 0, 0, 0, 0
-4.46749276489934e-05, -2.13553140740237e-06, 2.85759555359798e-06, -7.94774818510584e-07, 0.025722594194789, -0.00109997606615838, 0.140305873515162, -0.00261045363532331, 0.273638080123599, -0.00269984167213786, 0.882103524503478, -0.00204548487820861, 0, 0, 0, 0
-2.02785251602527e-06, -5.96161428135661e-05, -7.63242897940681e-07, -2.9215085973771e-06, -0.00106587940160332, 0.0174801797300341, -0.0025642870582526, 0.119856300045011, -0.00265805057807111, 0.252335935292568, -0.00204548487820861, 0.865154604876008, 0, 0, 0, 0
0, 0, 0, 0, 0, 0, 0, 0, 0, 0, 0, 0, 0.000333238915640568, -1.81529605479442e-20, -2.10083162005549e-21, -1.03562122115412e-21
0, 0, 0, 0, 0, 0, 0, 0, 0, 0, 0, 0, -1.81529605479442e-20, 0.000333238915640566, -1.39365027189596e-20, -6.80551088186988e-22
0, 0, 0, 0, 0, 0, 0, 0, 0, 0, 0, 0, -2.10083162005549e-21, -1.39365027189596e-20, 0.000333238915640568, -1.76943282928618e-20
0, 0, 0, 0, 0, 0, 0, 0, 0, 0, 0, 0, -1.03562122115412e-21, -6.80551088186988e-22, -1.76943282928618e-20, 0.000333238915640568
0.000180122485747859, -1.26423934955959e-09, -1.29220740724083e-08, -4.86500694892318e-10, 0.000162075823443976, -6.91082593008116e-07, -4.36353482567356e-05, -1.70511697481899e-06, 0.000141143513886127, -1.53373879092454e-06, -3.09172285778271e-05, -1.26403073443374e-06, 0, 0, 0, 0
-1.26423934955959e-09, 0.000180122092722008, -4.8841754629071e-10, -1.33904161734923e-08, -6.95876281479383e-07, 0.00016106797070316, -1.72428981185204e-06, -4.73371546132688e-05, -1.5527641106632e-06, 0.000137519388922151, -1.28900977101411e-06, -3.54424173460329e-05, 0, 0, 0, 0
-1.29220740724084e-08, -4.88417546290711e-10, 0.000180139984462014, -1.94291582637935e-10, 5.35793122717225e-05, -2.82843946903251e-07, 4.4998749824257e-05, -7.22160224872252e-07, 6.72002946401344e-05, -6.5546321972153e-07, 1.38545897259665e-05, -5.70958881005988e-07, 0, 0, 0, 0
-4.86500694892317e-10, -1.33904161734922e-08, -1.94291582637935e-10, 0.00018013966896757, -2.83640818397385e-07, 5.29850153914089e-05, -7.26952954934059e-07, 4.30140870407251e-05, -6.60459026597812e-07, 6.52895295857811e-05, -5.78654710836902e-07, 1.16235948748643e-05, 0, 0, 0, 0
0.000162075823443976, -6.95876281479383e-07, 5.35793122717225e-05, -2.83640818397385e-07, 0.0666141991935685, -0.000420045857554282, 0.130674145415007, -0.00109714389196238, 0.109379897305121, -0.00100159181827805, 0.0475008489421105, -0.000902384495612495, 0, 0, 0, 0
-6.91082593008116e-07, 0.00016106797070316, -2.8284394690325e-07, 5.29850153914089e-05, -0.000420045857554282, 0.0655469518871585, -0.00110115912400961, 0.127249768516627, -0.00100617623605346, 0.1061080319496, -0.000911246114920124, 0.0438027358240628, 0, 0, 0, 0
-4.36353482567356e-05, -1.72428981185204e-06, 4.4998749824257e-05, -7.26952954934059e-07, 0.130674145415007, -0.00110115912400961, 0.559193648231707, -0.00295991715034522, 0.319252908225127, -0.00272129481029622, 0.215880921249851, -0.00255041482881186, -0, -0, -0, -0
-1.70511697481899e-06, -4.73371546132685e-05, -7.22160224872253e-07, 4.30140870407251e-05, -0.00109714389196238, 0.127249768516627, -0.00295991715034522, 0.548598172741762, -0.00272369488727702, 0.309202351362351, -0.00256493512044395, 0.204880282076023, -0, -0, -0, -0
0.000141143513886127, -1.5527641106632e-06, 6.72002946401344e-05, -6.60459026597812e-07, 0.109379897305121, -0.00100617623605346, 0.319252908225127, -0.00272369488727702, 0.299128050263939, -0.00250836183686586, 0.309040601724764, -0.00237255897248164, 0, 0, 0, 0
-1.53373879092454e-06, 0.000137519388922152, -6.5546321972153e-07, 6.52895295857811e-05, -0.00100159181827805, 0.1061080319496, -0.00272129481029622, 0.309202351362351, -0.00250836183686586, 0.289608495139598, -0.0023838406403947, 0.298691070461348, 0, 0, 0, 0
-3.09172285778272e-05, -1.28900977101411e-06, 1.38545897259665e-05, -5.78654710836901e-07, 0.0475008489421105, -0.000911246114920124, 0.215880921249851, -0.00256493512044395, 0.309040601724764, -0.0023838406403947, 0.850374488001059, -0.00236547206659738, 0, 0, 0, 0
-1.26403073443374e-06, -3.5442417346033e-05, -5.70958881005988e-07, 1.16235948748643e-05, -0.000902384495612496, 0.0438027358240628, -0.00255041482881187, 0.204880282076023, -0.00237255897248164, 0.298691070461348, -0.00236547206659738, 0.839469565192195, 0, 0, 0, 0
0, 0, 0, 0, 0, 0, 0, 0, 0, 0, 0, 0, 0.000180156727344952, -3.01267708698869e-20, -7.08068500726589e-21, -3.50545012597018e-21
0, 0, 0, 0, 0, 0, 0, 0, 0, 0, 0, 0, -3.01267708698869e-20, 0.00018015672734495, -2.39284163254673e-20, -3.00224627450706e-21
0, 0, 0, 0, 0, 0, 0, 0, 0, 0, 0, 0, -7.08068500726589e-21, -2.39284163254673e-20, 0.000180156727344953, -2.77268217132596e-20
0, 0, 0, 0, 0, 0, 0, 0, 0, 0, 0, 0, -3.50545012597018e-21, -3.00224627450706e-21, -2.77268217132596e-20, 0.000180156727344953
0.000129549557098009, -5.95291768591625e-10, -6.6245010834136e-09, -2.56042825659532e-10, 0.00011955604625561, -3.92823353048821e-07, -2.68226748606377e-05, -1.07254025400408e-06, 0.000106169753325826, -9.40741624344693e-07, -2.23093411260897e-05, -9.23720552106044e-07, 0, 0, 0, 0
-5.95291768591625e-10, 0.0001295495111127, -2.56907638363339e-10, -6.82520786932885e-09, -3.94985908300924e-07, 0.000119073255082496, -1.08118961022023e-06, -2.87151307916498e-05, -9.49038702904756e-07, 0.000104361181562813, -9.3546334356535e-07, -2.48375044044548e-05, 0, 0, 0, 0
-6.62450108341362e-09, -2.56907638363339e-10, 0.000129555258905391, -1.15956981318539e-10, 4.23528541818524e-05, -1.83177041534236e-07, 4.5403512691616e-05, -5.1745786631405e-07, 5.84037520005809e-05, -4.58354851104162e-07, 2.12278814846014e-05, -4.72755034690921e-07, 0, 0, 0, 0
-2.56042825659532e-10, -6.82520786932895e-09, -1.15956981318539e-10, 0.000129555086617018, -1.83536530539145e-07, 4.20054465555669e-05, -5.1961998920236e-07, 4.41821262657432e-05, -4.60556918554025e-07, 5.72618198609239e-05, -4.76463875192576e-07, 1.97491739105491e-05, 0, 0, 0, 0
0.00011955604625561, -3.94985908300924e-07, 4.23528541818524e-05, -1.83536530539145e-07, 0.0562123102314523, -0.00029477403496379, 0.124690697216223, -0.000848151543400647, 0.101915452982346, -0.000755141362934675, 0.0623585298693434, -0.000798227543543685, 0, 0, 0, 0
-3.92823353048821e-07, 0.000119073255082496, -1.83177041534236e-07, 4.20054465555669e-05, -0.00029477403496379, 0.0555442445542551, -0.000849962825884581, 0.122423071072663, -0.000757198976610648, 0.0998116474542533, -0.000802620760670934, 0.0597116844354395, 0, 0, 0, 0
-2.6822674860638e-05, -1.08118961022023e-06, 4.5403512691616e-05, -5.1961998920236e-07, 0.124690697216223, -0.00084996282588458, 0.52117868379517, -0.00249394388631547, 0.318696894287565, -0.00223233039333627, 0.26809472596558, -0.0024189141554632, -0, -0, -0, -0
-1.07254025400408e-06, -2.87151307916501e-05, -5.1745786631405e-07, 4.41821262657432e-05, -0.000848151543400647, 0.122423071072663, -0.00249394388631547, 0.513694142534695, -0.00223361067533779, 0.311797311462056, -0.00242664990572817, 0.259625905972773, -0, -0, -0, -0
0.000106169753325826, -9.49038702904755e-07, 5.84037520005809e-05, -4.60556918554025e-07, 0.101915452982346, -0.000757198976610648, 0.318696894287565, -0.00223361067533779, 0.290001461791555, -0.00200216127707831, 0.337723225032544, -0.00218366517943702, 0, 0, 0, 0
-9.40741624344693e-07, 0.000104361181562813, -4.58354851104163e-07, 5.72618198609239e-05, -0.000755141362934675, 0.0998116474542533, -0.00223233039333627, 0.311797311462056, -0.00200216127707831, 0.283650596186608, -0.00218934768827497, 0.329973549655319, 0, 0, 0, 0
-2.23093411260897e-05, -9.35463343565351e-07, 2.12278814846014e-05, -4.76463875192576e-07, 0.0623585298693434, -0.000802620760670934, 0.26809472596558, -0.00242664990572816, 0.337723225032544, -0.00218934768827497, 0.847404027796106, -0.00245788616894792, 0, 0, 0, 0
-9.23720552106042e-07, -2.48375044044549e-05, -4.72755034690921e-07, 1.97491739105491e-05, -0.000798227543543684, 0.0597116844354394, -0.00241891415546319, 0.259625905972773, -0.00218366517943702, 0.329973549655318, -0.00245788616894792, 0.838167462036741, 0, 0, 0, 0
0, 0, 0, 0, 0, 0, 0, 0, 0, 0, 0, 0, 0.000129565329535738, -1.19122371009605e-19, 6.29332845139783e-19, 3.82543973230993e-20
0, 0, 0, 0, 0, 0, 0, 0, 0, 0, 0, 0, -1.19122371009605e-19, 0.00012956532953573, 3.38131519681346e-18, 3.83359581441556e-20
0, 0, 0, 0, 0, 0, 0, 0, 0, 0, 0, 0, 6.29332845139783e-19, 3.38131519681346e-18, 0.000129565329535724, 1.44667922315266e-18
0, 0, 0, 0, 0, 0, 0, 0, 0, 0, 0, 0, 3.82543973230993e-20, 3.83359581441556e-20, 1.44667922315266e-18, 0.000129565329535721
0.000104588692538186, -3.42228228803415e-10, -4.39769772161138e-09, -1.60263161853667e-10, 9.7539441761999e-05, -2.58499260058556e-07, -2.02970201163695e-05, -7.47262101831414e-07, 8.69723800790796e-05, -6.49986649854367e-07, -1.89639165212873e-05, -7.04640815350216e-07, 0, 0, 0, 0
-3.42228228803414e-10, 0.000104589181238521, -1.60466431358695e-10, -4.22070313817182e-09, -2.59007531564085e-07, 9.77788932499897e-05, -7.49294984598485e-07, -1.97486184797697e-05, -6.51906316995349e-07, 8.74107595116202e-05, -7.0747206750565e-07, -1.86800799499098e-05, 0, 0, 0, 0
-4.39769772161139e-09, -1.60466431358695e-10, 0.000104591057133881, -7.98630876728141e-11, 3.63486610829543e-05, -1.33004330443697e-07, 4.44861261797207e-05, -3.97566275875247e-07, 5.33086759830614e-05, -3.4932725023502e-07, 2.51973051567842e-05, -3.96112433734309e-07, 0, 0, 0, 0
-1.60263161853667e-10, -4.22070313817187e-09, -7.98630876728142e-11, 0.000104591119959336, -1.33088822163959e-07, 3.64321899415716e-05, -3.98074445781112e-07, 4.46719672937135e-05, -3.49840176037204e-07, 5.34553814217073e-05, -3.97019788328342e-07, 2.52823103120096e-05, 0, 0, 0, 0
9.7539441761999e-05, -2.59007531564085e-07, 3.63486610829543e-05, -1.33088822163959e-07, 0.0503486751769878, -0.000225140077583784, 0.119680887785012, -0.000683539796077764, 0.0971521233651184, -0.000603347903375736, 0.0708924006481065, -0.000697621483121044, 0, 0, 0, 0
-2.58499260058555e-07, 9.77788932499897e-05, -1.33004330443697e-07, 3.64321899415716e-05, -0.000225140077583784, 0.0504580130406401, -0.000683965496362633, 0.11991764410231, -0.000603832559019955, 0.0973367506497783, -0.000698713525534369, 0.0709869797835044, 0, 0, 0, 0
-2.02970201163697e-05, -7.49294984598486e-07, 4.44861261797207e-05, -3.98074445781112e-07, 0.119680887785012, -0.000683965496362633, 0.495675360104706, -0.00210802014858958, 0.31572635434061, -0.00186875722161166, 0.299424387640614, -0.0022000385138934, -0, -0, -0, -0
-7.47262101831413e-07, -1.97486184797697e-05, -3.97566275875247e-07, 4.46719672937135e-05, -0.000683539796077764, 0.11991764410231, -0.00210802014858958, 0.496162979608305, -0.00186908784264894, 0.316097627114571, -0.00220203494557826, 0.299564940439107, -0, -0, -0, -0
8.69723800790796e-05, -6.5190631699535e-07, 5.33086759830615e-05, -3.49840176037204e-07, 0.0971521233651184, -0.000603832559019955, 0.31572635434061, -0.00186908784264894, 0.283997986838843, -0.0016589705265816, 0.354307943746578, -0.00196291328639604, 0, 0, 0, 0
-6.49986649854366e-07, 8.74107595116202e-05, -3.49327250235019e-07, 5.34553814217073e-05, -0.000603347903375736, 0.0973367506497783, -0.00186875722161166, 0.316097627114571, -0.0016589705265816, 0.284277286114566, -0.00196433806742357, 0.354394506656361, 0, 0, 0, 0
-1.89639165212873e-05, -7.07472067505649e-07, 2.51973051567842e-05, -3.97019788328342e-07, 0.0708924006481065, -0.000698713525534369, 0.299424387640614, -0.00220203494557826, 0.354307943746578, -0.00196433806742357, 0.84649003416305, -0.00237204853035433, 0, 0, 0, 0
-7.04640815350217e-07, -1.86800799499097e-05, -3.96112433734309e-07, 2.52823103120096e-05, -0.000697621483121044, 0.0709869797835044, -0.0022000385138934, 0.299564940439107, -0.00196291328639604, 0.354394506656361, -0.00237204853035433, 0.846407038763637, 0, 0, 0, 0
0, 0, 0, 0, 0, 0, 0, 0, 0, 0, 0, 0, 0.000104598166723251, -3.00243331255404e-19, -2.54016989465857e-20, 5.81103309902033e-20
0, 0, 0, 0, 0, 0, 0, 0, 0, 0, 0, 0, -3.00243331255404e-19, 0.000104598166723228, 1.67131536305705e-20, 5.99149822722358e-20
0, 0, 0, 0, 0, 0, 0, 0, 0, 0, 0, 0, -2.54016989465857e-20, 1.67131536305705e-20, 0.000104598166723224, -1.04538948908837e-21
0, 0, 0, 0, 0, 0, 0, 0, 0, 0, 0, 0, 5.81103309902033e-20, 5.99149822722357e-20, -1.04538948908837e-21, 0.000104598166723223
8.98701042415461e-05, -2.1880330751742e-10, -3.45603417926433e-09, -1.09583900904585e-10, 8.40327046106544e-05, -1.83072559256337e-07, -1.77366257875973e-05, -5.48962078966451e-07, 7.44367012204975e-05, -4.76076117689839e-07, -1.8113738537758e-05, -5.49721795939653e-07, 0, 0, 0, 0
-2.1880330751742e-10, 8.98710896657381e-05, -1.09346529960886e-10, -2.88970644916216e-09, -1.82478996662289e-07, 8.50392391542226e-05, -5.46588065955698e-07, -1.45362152043506e-05, -4.73853909041678e-07, 7.72623007653116e-05, -5.46358216665699e-07, -1.46064310612825e-05, 0, 0, 0, 0
-3.45603417926429e-09, -1.09346529960886e-10, 8.98712920325468e-05, -5.88348720946013e-11, 3.25133073738141e-05, -1.01668924537716e-07, 4.307590492104e-05, -3.15053743642952e-07, 4.96522803943986e-05, -2.76025894337134e-07, 2.71700810145675e-05, -3.32403099742428e-07, 0, 0, 0, 0
-1.09583900904584e-10, -2.88970644916212e-09, -5.88348720946013e-11, 8.98716343439454e-05, -1.01570254597763e-07, 3.31338782469979e-05, -3.14460299755278e-07, 4.50836222118347e-05, -2.75429408949162e-07, 5.14338221692311e-05, -3.31314872718349e-07, 2.94243791814415e-05, 0, 0, 0, 0
8.40327046106543e-05, -1.82478996662289e-07, 3.2513307373814e-05, -1.01570254597763e-07, 0.046371776124508, -0.000178133079727644, 0.115088413813735, -0.000559628937675664, 0.0932183851338524, -0.0004923333850411, 0.0754710747744993, -0.000602696930702677, 0, 0, 0, 0
-1.83072559256337e-07, 8.50392391542226e-05, -1.01668924537716e-07, 3.31338782469979e-05, -0.000178133079727644, 0.0475051758803872, -0.000559131809526052, 0.118778553891033, -0.000491765548793687, 0.0964987534666745, -0.000601373894166125, 0.0796502430085451, 0, 0, 0, 0
-1.77366257875975e-05, -5.46588065955698e-07, 4.307590492104e-05, -3.14460299755279e-07, 0.115088413813735, -0.000559131809526052, 0.475162636796288, -0.00177851820546824, 0.310493083294008, -0.00157040728995919, 0.317024968072216, -0.0019501366666279, -0, -0, -0, -0
-5.48962078966451e-07, -1.45362152043507e-05, -3.15053743642952e-07, 4.50836222118348e-05, -0.000559628937675664, 0.118778553891033, -0.00177851820546824, 0.487241272565052, -0.00156999734470201, 0.321246712492903, -0.001947662157558, 0.330802484689184, -0, -0, -0, -0
7.44367012204975e-05, -4.73853909041678e-07, 4.96522803943987e-05, -2.75429408949162e-07, 0.0932183851338525, -0.000491765548793687, 0.310493083294009, -0.00156999734470201, 0.277785099262548, -0.00138777988481166, 0.362329017502907, -0.00173051061187768, 0, 0, 0, 0
-4.76076117689838e-07, 7.72623007653117e-05, -2.76025894337134e-07, 5.14338221692311e-05, -0.0004923333850411, 0.0964987534666745, -0.00157040728995919, 0.321246712492903, -0.00138777988481166, 0.287363170859936, -0.00172877515716283, 0.374619898922819, 0, 0, 0, 0
-1.81137385377583e-05, -5.46358216665699e-07, 2.71700810145675e-05, -3.3131487271835e-07, 0.0754710747744993, -0.000601373894166125, 0.317024968072216, -0.001947662157558, 0.362329017502907, -0.00172877515716283, 0.842740301137679, -0.00219002492700053, 0, 0, 0, 0
-5.49721795939652e-07, -1.46064310612828e-05, -3.32403099742428e-07, 2.94243791814415e-05, -0.000602696930702677, 0.079650243008545, -0.0019501366666279, 0.330802484689183, -0.00173051061187768, 0.374619898922819, -0.00219002492700053, 0.858604959319274, 0, 0, 0, 0
0, 0, 0, 0, 0, 0, 0, 0, 0, 0, 0, 0, 8.98768353931973e-05, -4.68409528823323e-19, -4.00492297266711e-20, 9.01174345929823e-20
0, 0, 0, 0, 0, 0, 0, 0, 0, 0, 0, 0, -4.68409528823323e-19, 8.98768353931727e-05, 2.53683190903205e-20, 9.29978989270856e-20
0, 0, 0, 0, 0, 0, 0, 0, 0, 0, 0, 0, -4.00492297266711e-20, 2.53683190903205e-20, 8.98768353931656e-05, -2.02280431351295e-21
0, 0, 0, 0, 0, 0, 0, 0, 0, 0, 0, 0, 9.01174345929823e-20, 9.29978989270856e-20, -2.02280431351295e-21, 8.98768353931643e-05
8.02684640652839e-05, -1.50342976385215e-10, -2.91750579986389e-09, -7.95453581552782e-11, 7.51368728516335e-05, -1.36414707921767e-07, -1.61957417066364e-05, -4.1968830753793e-07, 6.6130598022682e-05, -3.63658384289148e-07, -1.75895934559549e-05, -4.38682872705561e-07, 0, 0, 0, 0
-1.50342976385214e-10, 8.02697027550978e-05, -7.91105444253933e-11, -2.10342112258197e-09, -1.35327409993983e-07, 7.6657655475093e-05, -4.15339550638642e-07, -1.11506528095415e-05, -3.59609910254105e-07, 7.06044519471743e-05, -4.32445807653248e-07, -1.16987994860168e-05, 0, 0, 0, 0
-2.91750579986385e-09, -7.91105444253932e-11, 8.02691022981113e-05, -4.53728664846457e-11, 2.99598112374179e-05, -8.05736605139284e-08, 4.20131411020578e-05, -2.56005388617342e-07, 4.72052802708643e-05, -2.24094252101551e-07, 2.85675522671129e-05, -2.81269714236643e-07, 0, 0, 0, 0
-7.95453581552782e-11, -2.10342112258203e-09, -4.53728664846457e-11, 8.02696550500776e-05, -8.03929152618995e-08, 3.1003611271943e-05, -2.54918308175954e-07, 4.5506107726899e-05, -2.23004000401186e-07, 5.03105831071061e-05, -2.79238479699108e-07, 3.26932987088743e-05, 0, 0, 0, 0
7.51368728516335e-05, -1.35327409993983e-07, 2.99598112374179e-05, -8.03929152618995e-08, 0.043683934327484, -0.000144775768917589, 0.11178927358881, -0.000465705117140412, 0.0905512568106633, -0.000409199383130707, 0.0787469563014218, -0.000520984828406296, 0, 0, 0, 0
-1.36414707921767e-07, 7.6657655475093e-05, -8.05736605139285e-08, 3.1003611271943e-05, -0.000144775768917589, 0.045661877490676, -0.00046479447815601, 0.118426562088713, -0.000408155992886957, 0.096456613207895, -0.000518498191275677, 0.0866150165515797, 0, 0, 0, 0
-1.61957417066365e-05, -4.15339550638643e-07, 4.20131411020578e-05, -2.54918308175954e-07, 0.11178927358881, -0.00046479447815601, 0.460676724222936, -0.0015111348648917, 0.30678279940492, -0.00133206097602948, 0.329688054360621, -0.00171632318382912, -0, -0, -0, -0
-4.1968830753793e-07, -1.11506528095414e-05, -2.56005388617342e-07, 4.5506107726899e-05, -0.000465705117140412, 0.118426562088713, -0.0015111348648917, 0.482997836864804, -0.00133127852972807, 0.326654899795914, -0.00171160132639281, 0.356223462838828, -0, -0, -0, -0
6.61305980226821e-05, -3.59609910254105e-07, 4.72052802708644e-05, -2.23004000401186e-07, 0.0905512568106633, -0.000408155992886957, 0.30678279940492, -0.00133127852972807, 0.273700871678421, -0.00117465087774909, 0.368189129149086, -0.00151888095767741, 0, 0, 0, 0
-3.63658384289148e-07, 7.06044519471743e-05, -2.24094252101551e-07, 5.03105831071061e-05, -0.000409199383130707, 0.0964566132078949, -0.00133206097602948, 0.326654899795914, -0.00117465087774909, 0.291395843749329, -0.00151560734430748, 0.391832364330203, 0, 0, 0, 0
-1.75895934559548e-05, -4.32445807653249e-07, 2.8567552267113e-05, -2.79238479699108e-07, 0.0787469563014219, -0.000518498191275677, 0.329688054360621, -0.00171160132639281, 0.368189129149086, -0.00151560734430748, 0.840551205507839, -0.00198526188910196, 0, 0, 0, 0
-4.38682872705561e-07, -1.16987994860167e-05, -2.81269714236643e-07, 3.26932987088743e-05, -0.000520984828406296, 0.0866150165515797, -0.00171632318382912, 0.356223462838827, -0.00151888095767741, 0.391832364330203, -0.00198526188910196, 0.872212570423048, 0, 0, 0, 0
0, 0, 0, 0, 0, 0, 0, 0, 0, 0, 0, 0, 8.02736571548636e-05, 2.03012215267682e-18, -6.18881269799372e-20, -4.32560956067487e-19
0, 0, 0, 0, 0, 0, 0, 0, 0, 0, 0, 0, 2.03012215267682e-18, 8.02736571548554e-05, 3.87515940404337e-20, -4.27306086109984e-19
0, 0, 0, 0, 0, 0, 0, 0, 0, 0, 0, 0, -6.18881269799372e-20, 3.87515940404337e-20, 8.02736571548498e-05, -3.49675388313156e-21
0, 0, 0, 0, 0, 0, 0, 0, 0, 0, 0, 0, -4.32560956067487e-19, -4.27306086109984e-19, -3.49675388313156e-21, 8.02736571548516e-05
7.35858964953876e-05, -1.08899732084288e-10, -2.5743762837323e-09, -6.02435204821864e-11, 6.89125408267465e-05, -1.0537539765934e-07, -1.51628002240932e-05, -3.30253830295435e-07, 6.03105978540561e-05, -2.86141938534747e-07, -1.72094228062573e-05, -3.56166147266369e-07, 0, 0, 0, 0
-1.08899732084288e-10, 7.35872701550804e-05, -5.97303123677508e-11, -1.59360910538831e-09, -1.04092075111502e-07, 7.07940089185149e-05, -3.25121053319174e-07, -8.78814667246166e-06, -2.81381067119088e-07, 6.59687789894192e-05, -3.48737998859096e-07, -9.52012279362981e-06, 0, 0, 0, 0
-2.57437628373227e-09, -5.97303123677509e-11, 7.35862501925987e-05, -3.60870690991863e-11, 2.8163352406807e-05, -6.54093456543842e-08, 4.12228211123133e-05, -2.11585951245323e-07, 4.54919490273154e-05, -1.85185086107886e-07, 2.96269893831266e-05, -2.39413705483218e-07, 0, 0, 0, 0
-6.02435204821865e-11, -1.59360910538833e-09, -3.60870690991863e-11, 7.35869668674999e-05, -6.51960145580876e-08, 2.95477584477822e-05, -2.10302885366856e-07, 4.59384802815137e-05, -1.83899871857351e-07, 4.96841573941271e-05, -2.36982953876289e-07, 3.53547456288543e-05, 0, 0, 0, 0
6.89125408267466e-05, -1.04092075111502e-07, 2.8163352406807e-05, -6.51960145580876e-08, 0.0417788002149323, -0.000119757850468668, 0.109382915175517, -0.000391804395200942, 0.0886856036182865, -0.000344123751396407, 0.0812375869232424, -0.000450618194805466, 0, 0, 0, 0
-1.0537539765934e-07, 7.07940089185148e-05, -6.54093456543842e-08, 2.95477584477822e-05, -0.000119757850468668, 0.0444585071072849, -0.000390729587885687, 0.118524905400599, -0.00034288897960986, 0.0968164949829465, -0.000447627663631525, 0.0923639179461534, 0, 0, 0, 0
-1.51628002240931e-05, -3.25121053319173e-07, 4.12228211123133e-05, -2.10302885366856e-07, 0.109382915175517, -0.000390729587885687, 0.450187054034237, -0.00129046696152746, 0.304195662888025, -0.00113670801177795, 0.339331082402035, -0.00150399657601531, -0, -0, -0, -0
-3.30253830295435e-07, -8.78814667246181e-06, -2.11585951245323e-07, 4.59384802815136e-05, -0.000391804395200942, 0.118524905400599, -0.00129046696152745, 0.481412464043213, -0.00113575673979698, 0.331977141228429, -0.00149825686439725, 0.377392020356101, -0, -0, -0, -0
6.03105978540562e-05, -2.81381067119087e-07, 4.54919490273154e-05, -1.83899871857351e-07, 0.0886856036182865, -0.000342888979609859, 0.304195662888025, -0.00113575673979698, 0.270977028284475, -0.00100131408153731, 0.372789445758729, -0.00132901223866291, 0, 0, 0, 0
-2.86141938534747e-07, 6.59687789894193e-05, -1.85185086107886e-07, 4.96841573941271e-05, -0.000344123751396407, 0.0968164949829465, -0.00113670801177795, 0.331977141228429, -0.00100131408153731, 0.295696897724118, -0.00132506508888618, 0.406667523143119, 0, 0, 0, 0
-1.72094228062572e-05, -3.48737998859095e-07, 2.96269893831266e-05, -2.36982953876289e-07, 0.0812375869232425, -0.000447627663631525, 0.339331082402035, -0.00149825686439725, 0.37278944575873, -0.00132506508888618, 0.839458707054799, -0.00177830028752932, 0, 0, 0, 0
-3.56166147266369e-07, -9.52012279363003e-06, -2.39413705483218e-07, 3.53547456288543e-05, -0.000450618194805465, 0.0923639179461534, -0.00150399657601531, 0.377392020356101, -0.00132901223866291, 0.406667523143119, -0.00177830028752932, 0.88594191321366, 0, 0, 0, 0
0, 0, 0, 0, 0, 0, 0, 0, 0, 0, 0, 0, 7.35901300532307e-05, 1.69263678312959e-18, -9.50993254148728e-20, -5.61999619043027e-19
0, 0, 0, 0, 0, 0, 0, 0, 0, 0, 0, 0, 1.69263678312959e-18, 7.35901300532186e-05, 5.85867203688529e-20, -5.54071762935624e-19
0, 0, 0, 0, 0, 0, 0, 0, 0, 0, 0, 0, -9.50993254148728e-20, 5.85867203688529e-20, 7.35901300532093e-05, -5.68076839509601e-21
0, 0, 0, 0, 0, 0, 0, 0, 0, 0, 0, 0, -5.61999619043027e-19, -5.54071762935624e-19, -5.68076839509601e-21, 7.3590130053212e-05
6.87227396875449e-05, -8.63836887825755e-11, -2.34453114253358e-09, -4.89036790228642e-11, 6.43603492800115e-05, -8.63784302664848e-08, -1.44467782180706e-05, -2.73131527191963e-07, 5.60431494207527e-05, -2.36319124315993e-07, -1.69353148117758e-05, -2.99245904194474e-07, 0, 0, 0, 0
-8.63836887825754e-11, 6.87241965679946e-05, -4.83218895446484e-11, -1.241564945029e-09, -8.49236224872552e-08, 6.65127798356616e-05, -2.67312877876879e-07, -7.05807625794742e-06, -2.30936018322643e-07, 6.26027401149288e-05, -2.90767294799594e-07, -7.83428701615268e-06, 0, 0, 0, 0
-2.34453114253358e-09, -4.83218895446484e-11, 6.87229434802008e-05, -3.00865271404102e-11, 2.68442079675103e-05, -5.51465883965102e-08, 4.06170790418932e-05, -1.80093994310621e-07, 4.42379430162317e-05, -1.57457553105254e-07, 3.04471580594831e-05, -2.07185657566206e-07, 0, 0, 0, 0
-4.89036790228641e-11, -1.241564945029e-09, -3.00865271404102e-11, 6.87237939522593e-05, -5.49047507212952e-08, 2.85123783042625e-05, -1.78639477480279e-07, 4.63653423589442e-05, -1.56001674482317e-07, 4.93469452954485e-05, -2.0440116068702e-07, 3.75623935343152e-05, 0, 0, 0, 0
6.43603492800114e-05, -8.4923622487255e-08, 2.68442079675103e-05, -5.49047507212952e-08, 0.0403722447776121, -0.000101991317961312, 0.107570064674822, -0.000336799661854825, 0.0873233412675022, -0.000295498156817952, 0.0831741222413533, -0.000393688554414952, 0, 0, 0, 0
-8.63784302664846e-08, 6.65127798356614e-05, -5.51465883965101e-08, 2.85123783042625e-05, -0.000101991317961312, 0.0436488723766907, -0.000335581238259764, 0.11887257145728, -0.000294095283807953, 0.0973719862811371, -0.000390250130963982, 0.0971830367708443, 0, 0, 0, 0
-1.44467782180708e-05, -2.67312877876878e-07, 4.06170790418932e-05, -1.78639477480279e-07, 0.107570064674822, -0.000335581238259764, 0.442336636043097, -0.00111831215873086, 0.302321455382679, -0.000983953601541074, 0.346846809708318, -0.00132397379141519, -0, -0, -0, -0
-2.73131527191963e-07, -7.05807625794754e-06, -1.80093994310621e-07, 4.63653423589442e-05, -0.000336799661854825, 0.11887257145728, -0.00111831215873087, 0.481353993157634, -0.000982851103494333, 0.337018260122388, -0.00131732243671805, 0.395254616616068, -0, -0, -0, -0
5.60431494207523e-05, -2.30936018322643e-07, 4.42379430162316e-05, -1.56001674482317e-07, 0.0873233412675022, -0.000294095283807953, 0.302321455382679, -0.000982851103494333, 0.269072921978093, -0.000865524776677213, 0.376462395900838, -0.00116817028286986, 0, 0, 0, 0
-2.36319124315992e-07, 6.26027401149286e-05, -1.57457553105254e-07, 4.93469452954484e-05, -0.000295498156817952, 0.0973719862811371, -0.000983953601541074, 0.337018260122389, -0.000865524776677213, 0.299929677835752, -0.00116362330030287, 0.419522301415668, 0, 0, 0, 0
-1.69353148117762e-05, -2.90767294799594e-07, 3.04471580594831e-05, -2.0440116068702e-07, 0.0831741222413533, -0.000390250130963982, 0.346846809708318, -0.00131732243671805, 0.376462395900838, -0.00116362330030287, 0.838980212515062, -0.00158714943234676, 0, 0, 0, 0
-2.99245904194473e-07, -7.83428701615281e-06, -2.07185657566205e-07, 3.75623935343152e-05, -0.000393688554414952, 0.0971830367708443, -0.00132397379141519, 0.395254616616068, -0.00116817028286986, 0.419522301415668, -0.00158714943234676, 0.899113879757242, 0, 0, 0, 0
0, 0, 0, 0, 0, 0, 0, 0, 0, 0, 0, 0, 6.87263401468039e-05, -9.81214409503225e-19, -1.44771510773794e-19, -8.0815826172622e-19
0, 0, 0, 0, 0, 0, 0, 0, 0, 0, 0, 0, -9.81214409503225e-19, 6.87263401467829e-05, 8.79640607622699e-20, -7.96043213689618e-19
0, 0, 0, 0, 0, 0, 0, 0, 0, 0, 0, 0, -1.44771510773794e-19, 8.79640607622699e-20, 6.87263401467795e-05, -5.70218515906852e-21
0, 0, 0, 0, 0, 0, 0, 0, 0, 0, 0, 0, -8.0815826172622e-19, -7.96043213689618e-19, -5.70218515906852e-21, 6.87263401467835e-05
6.50675497074489e-05, -7.88464410351783e-11, -2.1914133216148e-09, -4.4219620478816e-11, 6.09130889360591e-05, -7.77984803470191e-08, -1.39651501368236e-05, -2.45127958121619e-07, 5.27883116194322e-05, -2.11155214251469e-07, -1.67602430337073e-05, -2.67429666060553e-07, 0, 0, 0, 0
-7.88464410351782e-11, 6.50690806566418e-05, -4.34876316808354e-11, -9.86824508509867e-10, -7.59680929925389e-08, 6.3288834454577e-05, -2.37807140702744e-07, -5.74530666811376e-06, -2.04395204080093e-07, 6.00834423827484e-05, -2.56705292949211e-07, -6.49865813827039e-06, 0, 0, 0, 0
-2.19141332161477e-09, -4.34876316808354e-11, 6.5067688718827e-05, -2.69768619522575e-11, 2.58407846376111e-05, -4.93800299750537e-08, 4.01304207623959e-05, -1.61078965285887e-07, 4.32805494002951e-05, -1.40358905686771e-07, 3.10829025953408e-05, -1.85410992268197e-07, 0, 0, 0, 0
-4.42196204788161e-11, -9.86824508509878e-10, -2.69768619522575e-11, 6.50686541502781e-05, -4.90757584173114e-08, 2.77541673777555e-05, -1.59248943970722e-07, 4.67743288080076e-05, -1.38528005640356e-07, 4.91833627869958e-05, -1.81879193100506e-07, 3.94152824593044e-05, 0, 0, 0, 0
6.09130889360591e-05, -7.59680929925387e-08, 2.58407846376111e-05, -4.90757584173114e-08, 0.0392959324872004, -9.1137901960307e-05, 0.106152564307977, -0.000300890961414233, 0.0862819715212659, -0.000263201222177372, 0.08469074872762, -0.000352463895044007, 0, 0, 0, 0
-7.77984803470192e-08, 6.3288834454577e-05, -4.93800299750537e-08, 2.77541673777555e-05, -9.1137901960307e-05, 0.0430928849838453, -0.000299357989802644, 0.119349140158855, -0.000261432940913292, 0.0980097903085703, -0.000348090329834564, 0.101260715305762, 0, 0, 0, 0
-1.39651501368236e-05, -2.37807140702744e-07, 4.0130420762396e-05, -1.59248943970722e-07, 0.106152564307977, -0.000299357989802644, 0.436263787924638, -0.000998145877673035, 0.300882529597846, -0.000875854578342542, 0.352766032679394, -0.00118573903661404, -0, -0, -0, -0
-2.4512795812162e-07, -5.74530666811361e-06, -1.61078965285887e-07, 4.67743288080076e-05, -0.000300890961414233, 0.119349140158855, -0.000998145877673035, 0.482160595249759, -0.000874443750957869, 0.341679354149463, -0.00117722831737684, 0.41044507064332, -0, -0, -0, -0
5.27883116194323e-05, -2.04395204080094e-07, 4.32805494002951e-05, -1.38528005640356e-07, 0.086281971521266, -0.000261432940913292, 0.300882529597847, -0.000874443750957869, 0.267660515338457, -0.000768067549404941, 0.379398890581985, -0.00104336857591963, 0, 0, 0, 0
-2.1115521425147e-07, 6.00834423827484e-05, -1.40358905686771e-07, 4.91833627869958e-05, -0.000263201222177372, 0.0980097903085702, -0.000875854578342542, 0.341679354149463, -0.000768067549404941, 0.303926244045673, -0.0010375765575039, 0.430681901276375, 0, 0, 0, 0
-1.67602430337071e-05, -2.56705292949211e-07, 3.10829025953408e-05, -1.81879193100506e-07, 0.0846907487276201, -0.000348090329834564, 0.352766032679395, -0.00117722831737684, 0.379398890581985, -0.0010375765575039, 0.83881475287405, -0.00142610973973152, 0, 0, 0, 0
-2.67429666060553e-07, -6.4986581382704e-06, -1.85410992268197e-07, 3.94152824593044e-05, -0.000352463895044007, 0.101260715305762, -0.00118573903661404, 0.41044507064332, -0.00104336857591963, 0.430681901276375, -0.00142610973973152, 0.911380154343979, 0, 0, 0, 0
0, 0, 0, 0, 0, 0, 0, 0, 0, 0, 0, 0, 6.50707302613729e-05, -4.97461430250292e-19, -2.17564127829018e-19, 6.1895411041242e-19
0, 0, 0, 0, 0, 0, 0, 0, 0, 0, 0, 0, -4.97461430250292e-19, 6.50707302613619e-05, 1.32141003175493e-19, 6.3688209981852e-19
0, 0, 0, 0, 0, 0, 0, 0, 0, 0, 0, 0, -2.17564127829018e-19, 1.32141003175493e-19, 6.50707302613576e-05, -8.67100242022548e-21
0, 0, 0, 0, 0, 0, 0, 0, 0, 0, 0, 0, 6.1895411041242e-19, 6.3688209981852e-19, -8.67100242022548e-21, 6.50707302613617e-05
6.22530894747464e-05, -8.25645288475566e-11, -2.09430353847607e-09, -4.48120152138405e-11, 5.82289976638263e-05, -7.77340604137965e-08, -1.3668716282744e-05, -2.41756554263267e-07, 5.02207846452343e-05, -2.06794756972185e-07, -1.66791984514405e-05, -2.58386361451064e-07, 0, 0, 0, 0
-8.25645288475565e-11, 6.2254701230136e-05, -4.37942851116923e-11, -7.97673389050215e-10, -7.51891820281811e-08, 6.08012998377539e-05, -2.31578058458986e-07, -4.73039719052324e-06, -1.97409396348892e-07, 5.81478571507917e-05, -2.43412975744089e-07, -5.42878125049794e-06, 0, 0, 0, 0
-2.0943035384761e-09, -4.37942851116922e-11, 6.22532232204057e-05, -2.62666752488694e-11, 2.50548527169332e-05, -4.74765785322879e-08, 3.97198391907718e-05, -1.53209193983984e-07, 4.25207799708445e-05, -1.32718431007362e-07, 3.15704823533878e-05, -1.73795533694623e-07, 0, 0, 0, 0
-4.48120152138403e-11, -7.97673389050247e-10, -2.62666752488695e-11, 6.22542906418337e-05, -4.70535346972084e-08, 2.71850001534587e-05, -1.50664824538559e-07, 4.71536366350748e-05, -1.30173578588115e-07, 4.91221058772746e-05, -1.68853719286411e-07, 4.09788293390247e-05, 0, 0, 0, 0
5.82289976638262e-05, -7.51891820281808e-08, 2.50548527169332e-05, -4.70535346972083e-08, 0.0384462762103459, -8.64047846029542e-05, 0.105002374528953, -0.00028261290848361, 0.0854491506072953, -0.000245907760046281, 0.0858760305078399, -0.000327177140285244, 0, 0, 0, 0
-7.77340604137964e-08, 6.08012998377537e-05, -4.7476578532288e-08, 2.71850001534587e-05, -8.64047846029543e-05, 0.0427035417401328, -0.000280481547939651, 0.119875405873626, -0.000243445507966312, 0.0986609080252653, -0.000321043995572574, 0.104725409562879, 0, 0, 0, 0
-1.36687162827443e-05, -2.31578058458984e-07, 3.97198391907717e-05, -1.50664824538559e-07, 0.105002374528953, -0.000280481547939651, 0.431415189655889, -0.00092786513400745, 0.299702031686041, -0.000810340066385742, 0.357438770746502, -0.00109217661313299, -0, -0, -0, -0
-2.41756554263267e-07, -4.73039719052341e-06, -1.53209193983984e-07, 4.71536366350748e-05, -0.00028261290848361, 0.119875405873626, -0.00092786513400745, 0.483415437421553, -0.000808352374091201, 0.345904777020507, -0.00108018684401931, 0.423406414372018, -0, -0, -0, -0
5.02207846452341e-05, -1.97409396348892e-07, 4.25207799708445e-05, -1.30173578588115e-07, 0.0854491506072953, -0.000243445507966312, 0.299702031686041, -0.000808352374091201, 0.266541169824289, -0.000706812631267432, 0.381728162602694, -0.000956612743273131, 0, 0, 0, 0
-2.06794756972184e-07, 5.81478571507914e-05, -1.32718431007362e-07, 4.91221058772745e-05, -0.000245907760046281, 0.0986609080252653, -0.000810340066385741, 0.345904777020507, -0.000706812631267432, 0.307595649151551, -0.000948481303708057, 0.440358412931977, 0, 0, 0, 0
-1.66791984514407e-05, -2.43412975744089e-07, 3.15704823533878e-05, -1.68853719286411e-07, 0.0858760305078398, -0.000321043995572574, 0.357438770746501, -0.00108018684401931, 0.381728162602694, -0.000948481303708057, 0.838777185544781, -0.00130231314299893, 0, 0, 0, 0
-2.58386361451063e-07, -5.42878125049853e-06, -1.73795533694623e-07, 4.09788293390246e-05, -0.000327177140285244, 0.104725409562879, -0.00109217661313299, 0.423406414372017, -0.000956612743273131, 0.440358412931977, -0.00130231314299893, 0.922568453246134, 0, 0, 0, 0
0, 0, 0, 0, 0, 0, 0, 0, 0, 0, 0, 0, 6.22560001070776e-05, -7.48774263668362e-19, -3.2472573700619e-19, 9.07648817072592e-19
0, 0, 0, 0, 0, 0, 0, 0, 0, 0, 0, 0, -7.48774263668362e-19, 6.22560001070683e-05, 1.97250153383623e-19, 9.34326958410094e-19
0, 0, 0, 0, 0, 0, 0, 0, 0, 0, 0, 0, -3.2472573700619e-19, 1.97250153383623e-19, 6.2256000107062e-05, -1.30740954586819e-20
0, 0, 0, 0, 0, 0, 0, 0, 0, 0, 0, 0, 9.07648817072592e-19, 9.34326958410094e-19, -1.30740954586819e-20, 6.2256000107068e-05
6.00453635469791e-05, -9.87973355355688e-11, -2.07282949486533e-09, -5.13846575698317e-11, 5.60231179930074e-05, -8.74214426741875e-08, -1.37650761147207e-05, -2.6690725638415e-07, 4.79194939174429e-05, -2.26340974704153e-07, -1.70012312305775e-05, -2.76362228380786e-07, 0, 0, 0, 0
-9.87973355355686e-11, 6.0047103613807e-05, -4.97935222514955e-11, -6.55330639973032e-10, -8.34427606484058e-08, 5.88443143990617e-05, -2.50994119424858e-07, -3.93873851432656e-06, -2.11683978063329e-07, 5.66267701593912e-05, -2.52873923457507e-07, -4.56849428380403e-06, 0, 0, 0, 0
-2.07282949486534e-09, -4.97935222514955e-11, 6.00455412045703e-05, -2.82695327794264e-11, 2.43630340070522e-05, -4.99909568474169e-08, 3.91422613999754e-05, -1.58241371533705e-07, 4.1704423267186e-05, -1.35923631063318e-07, 3.1657735167196e-05, -1.74298627192881e-07, 0, 0, 0, 0
-5.13846575698317e-11, -6.55330639973065e-10, -2.82695327794264e-11, 6.00467308174976e-05, -4.93295669338997e-08, 2.67484780455071e-05, -1.54263485171279e-07, 4.74959170392486e-05, -1.31945742224598e-07, 4.91189248721645e-05, -1.66533156834507e-07, 4.23007085177599e-05, 0, 0, 0, 0
5.60231179930074e-05, -8.34427606484057e-08, 2.43630340070522e-05, -4.93295669338997e-08, 0.0376332012998218, -8.86650977417309e-05, 0.103597948897061, -0.000284740957741922, 0.0843642211302575, -0.000245797107945217, 0.0862278783861461, -0.000320962372624835, 0, 0, 0, 0
