1, 0, 0, 0, 0, 0, 0, 0, 0, 0, 0, 0, 0, 0, 0, 0, 0, 0, 0, 0, 0, 0, 0, 0, 0, 0, 0, 0, 0, 0, 0, 0, 0, 0, 0, 0, 0, 0, 0, 0
0, 1, 0, 0, 0, 0, 0, 0, 0, 0, 0, 0, 0, 0, 0, 0, 0, 0, 0, 0, 0, 0, 0, 0, 0, 0, 0, 0, 0, 0, 0, 0, 0, 0, 0, 0, 0, 0, 0, 0
0, 0, 1, 0, 0, 0, 0, 0, 0, 0, 0, 0, 0, 0, 0, 0, 0, 0, 0, 0, 0, 0, 0, 0, 0, 0, 0, 0, 0, 0, 0, 0, 0, 0, 0, 0, 0, 0, 0, 0
0, 0, 0, 1, 0, 0, 0, 0, 0, 0, 0, 0, 0, 0, 0, 0, 0, 0, 0, 0, 0, 0, 0, 0, 0, 0, 0, 0, 0, 0, 0, 0, 0, 0, 0, 0, 0, 0, 0, 0
0, 0, 0, 0, 1, 0, 0, 0, 0, 0, 0, 0, 0, 0, 0, 0, 0, 0, 0, 0, 0, 0, 0, 0, 0, 0, 0, 0, 0, 0, 0, 0, 0, 0, 0, 0, 0, 0, 0, 0
0, 0, 0, 0, 0, 1, 0, 0, 0, 0, 0, 0, 0, 0, 0, 0, 0, 0, 0, 0, 0, 0, 0, 0, 0, 0, 0, 0, 0, 0, 0, 0, 0, 0, 0, 0, 0, 0, 0, 0
0, 0, 0, 0, 0, 0, 1, 0, 0, 0, 0, 0, 0, 0, 0, 0, 0, 0, 0, 0, 0, 0, 0, 0, 0, 0, 0, 0, 0, 0, 0, 0, 0, 0, 0, 0, 0, 0, 0, 0
0, 0, 0, 0, 0, 0, 0, 1, 0, 0, 0, 0, 0, 0, 0, 0, 0, 0, 0, 0, 0, 0, 0, 0, 0, 0, 0, 0, 0, 0, 0, 0, 0, 0, 0, 0, 0, 0, 0, 0
0, 0, 0, 0, 0, 0, 0, 0, 1, 0, 0, 0, 0, 0, 0, 0, 0, 0, 0, 0, 0, 0, 0, 0, 0, 0, 0, 0, 0, 0, 0, 0, 0, 0, 0, 0, 0, 0, 0, 0
0, 0, 0, 0, 0, 0, 0, 0, 0, 1, 0, 0, 0, 0, 0, 0, 0, 0, 0, 0, 0, 0, 0, 0, 0, 0, 0, 0, 0, 0, 0, 0, 0, 0, 0, 0, 0, 0, 0, 0
0, 0, 0, 0, 0, 0, 0, 0, 0, 0, 1, 0, 0, 0, 0, 0, 0, 0, 0, 0, 0, 0, 0, 0, 0, 0, 0, 0, 0, 0, 0, 0, 0, 0, 0, 0, 0, 0, 0, 0
0, 0, 0, 0, 0, 0, 0, 0, 0, 0, 0, 1, 0, 0, 0, 0, 0, 0, 0, 0, 0, 0, 0, 0, 0, 0, 0, 0, 0, 0, 0, 0, 0, 0, 0, 0, 0, 0, 0, 0
0, 0, 0, 0, 0, 0, 0, 0, 0, 0, 0, 0, 1, 0, 0, 0, 0, 0, 0, 0, 0, 0, 0, 0, 0, 0, 0, 0, 0, 0, 0, 0, 0, 0, 0, 0, 0, 0, 0, 0
0, 0, 0, 0, 0, 0, 0, 0, 0, 0, 0, 0, 0, 1, 0, 0, 0, 0, 0, 0, 0, 0, 0, 0, 0, 0, 0, 0, 0, 0, 0, 0, 0, 0, 0, 0, 0, 0, 0, 0
0, 0, 0, 0, 0, 0, 0, 0, 0, 0, 0, 0, 0, 0, 1, 0, 0, 0, 0, 0, 0, 0, 0, 0, 0, 0, 0, 0, 0, 0, 0, 0, 0, 0, 0, 0, 0, 0, 0, 0
0, 0, 0, 0, 0, 0, 0, 0, 0, 0, 0, 0, 0, 0, 0, 1, 0, 0, 0, 0, 0, 0, 0, 0, 0, 0, 0, 0, 0, 0, 0, 0, 0, 0, 0, 0, 0, 0, 0, 0
0, 0, 0, 0, 0, 0, 0, 0, 0, 0, 0, 0, 0, 0, 0, 0, 1, 0, 0, 0, 0, 0, 0, 0, 0, 0, 0, 0, 0, 0, 0, 0, 0, 0, 0, 0, 0, 0, 0, 0
0, 0, 0, 0, 0, 0, 0, 0, 0, 0, 0, 0, 0, 0, 0, 0, 0, 1, 0, 0, 0, 0, 0, 0, 0, 0, 0, 0, 0, 0, 0, 0, 0, 0, 0, 0, 0, 0, 0, 0
0, 0, 0, 0, 0, 0, 0, 0, 0, 0, 0, 0, 0, 0, 0, 0, 0, 0, 1, 0, 0, 0, 0, 0, 0, 0, 0, 0, 0, 0, 0, 0, 0, 0, 0, 0, 0, 0, 0, 0
0, 0, 0, 0, 0, 0, 0, 0, 0, 0, 0, 0, 0, 0, 0, 0, 0, 0, 0, 1, 0, 0, 0, 0, 0, 0, 0, 0, 0, 0, 0, 0, 0, 0, 0, 0, 0, 0, 0, 0
0, 0, 0, 0, 0, 0, 0, 0, 0, 0, 0, 0, 0, 0, 0, 0, 0, 0, 0, 0, 1, 0, 0, 0, 0, 0, 0, 0, 0, 0, 0, 0, 0, 0, 0, 0, 0, 0, 0, 0
0, 0, 0, 0, 0, 0, 0, 0, 0, 0, 0, 0, 0, 0, 0, 0, 0, 0, 0, 0, 0, 1, 0, 0, 0, 0, 0, 0, 0, 0, 0, 0, 0, 0, 0, 0, 0, 0, 0, 0
0, 0, 0, 0, 0, 0, 0, 0, 0, 0, 0, 0, 0, 0, 0, 0, 0, 0, 0, 0, 0, 0, 1, 0, 0, 0, 0, 0, 0, 0, 0, 0, 0, 0, 0, 0, 0, 0, 0, 0
0, 0, 0, 0, 0, 0, 0, 0, 0, 0, 0, 0, 0, 0, 0, 0, 0, 0, 0, 0, 0, 0, 0, 1, 0, 0, 0, 0, 0, 0, 0, 0, 0, 0, 0, 0, 0, 0, 0, 0
0, 0, 0, 0, 0, 0, 0, 0, 0, 0, 0, 0, 0, 0, 0, 0, 0, 0, 0, 0, 0, 0, 0, 0, 1, 0, 0, 0, 0, 0, 0, 0, 0, 0, 0, 0, 0, 0, 0, 0
0, 0, 0, 0, 0, 0, 0, 0, 0, 0, 0, 0, 0, 0, 0, 0, 0, 0, 0, 0, 0, 0, 0, 0, 0, 1, 0, 0, 0, 0, 0, 0, 0, 0, 0, 0, 0, 0, 0, 0
0, 0, 0, 0, 0, 0, 0, 0, 0, 0, 0, 0, 0, 0, 0, 0, 0, 0, 0, 0, 0, 0, 0, 0, 0, 0, 1, 0, 0, 0, 0, 0, 0, 0, 0, 0, 0, 0, 0, 0
0, 0, 0, 0, 0, 0, 0, 0, 0, 0, 0, 0, 0, 0, 0, 0, 0, 0, 0, 0, 0, 0, 0, 0, 0, 0, 0, 1, 0, 0, 0, 0, 0, 0, 0, 0, 0, 0, 0, 0
0, 0, 0, 0, 0, 0, 0, 0, 0, 0, 0, 0, 0, 0, 0, 0, 0, 0, 0, 0, 0, 0, 0, 0, 0, 0, 0, 0, 1, 0, 0, 0, 0, 0, 0, 0, 0, 0, 0, 0
0, 0, 0, 0, 0, 0, 0, 0, 0, 0, 0, 0, 0, 0, 0, 0, 0, 0, 0, 0, 0, 0, 0, 0, 0, 0, 0, 0, 0, 1, 0, 0, 0, 0, 0, 0, 0, 0, 0, 0
0, 0, 0, 0, 0, 0, 0, 0, 0, 0, 0, 0, 0, 0, 0, 0, 0, 0, 0, 0, 0, 0, 0, 0, 0, 0, 0, 0, 0, 0, 1, 0, 0, 0, 0, 0, 0, 0, 0, 0
0, 0, 0, 0, 0, 0, 0, 0, 0, 0, 0, 0, 0, 0, 0, 0, 0, 0, 0, 0, 0, 0, 0, 0, 0, 0, 0, 0, 0, 0, 0, 1, 0, 0, 0, 0, 0, 0, 0, 0
0, 0, 0, 0, 0, 0, 0, 0, 0, 0, 0, 0, 0, 0, 0, 0, 0, 0, 0, 0, 0, 0, 0, 0, 0, 0, 0, 0, 0, 0, 0, 0, 1, 0, 0, 0, 0, 0, 0, 0
0, 0, 0, 0, 0, 0, 0, 0, 0, 0, 0, 0, 0, 0, 0, 0, 0, 0, 0, 0, 0, 0, 0, 0, 0, 0, 0, 0, 0, 0, 0, 0, 0, 1, 0, 0, 0, 0, 0, 0
0, 0, 0, 0, 0, 0, 0, 0, 0, 0, 0, 0, 0, 0, 0, 0, 0, 0, 0, 0, 0, 0, 0, 0, 0, 0, 0, 0, 0, 0, 0, 0, 0, 0, 1, 0, 0, 0, 0, 0
0, 0, 0, 0, 0, 0, 0, 0, 0, 0, 0, 0, 0, 0, 0, 0, 0, 0, 0, 0, 0, 0, 0, 0, 0, 0, 0, 0, 0, 0, 0, 0, 0, 0, 0, 1, 0, 0, 0, 0
0, 0, 0, 0, 0, 0, 0, 0, 0, 0, 0, 0, 0, 0, 0, 0, 0, 0, 0, 0, 0, 0, 0, 0, 0, 0, 0, 0, 0, 0, 0, 0, 0, 0, 0, 0, 1, 0, 0, 0
0, 0, 0, 0, 0, 0, 0, 0, 0, 0, 0, 0, 0, 0, 0, 0, 0, 0, 0, 0, 0, 0, 0, 0, 0, 0, 0, 0, 0, 0, 0, 0, 0, 0, 0, 0, 0, 1, 0, 0
0, 0, 0, 0, 0, 0, 0, 0, 0, 0, 0, 0, 0, 0, 0, 0, 0, 0, 0, 0, 0, 0, 0, 0, 0, 0, 0, 0, 0, 0, 0, 0, 0, 0, 0, 0, 0, 0, 1, 0
0, 0, 0, 0, 0, 0, 0, 0, 0, 0, 0, 0, 0, 0, 0, 0, 0, 0, 0, 0, 0, 0, 0, 0, 0, 0, 0, 0, 0, 0, 0, 0, 0, 0, 0, 0, 0, 0, 0, 1
23.591, -1.75322375974701e-16, 0.215999999999999, -2.00669016993393e-17, -2.59200000000001, 4.12890750235706e-17, 0.215999999999999, -9.70924729504219e-18, 0, 0, 0, 0, 0, 0, 0, 0, 0, 0, 0, 0, 0, 0, 0, 0, 0, 0, 0, 0, 0, 0, 0, 0, 0, 0, 0, 0, 0, 0, 0, 0
-1.75322375974701e-16, 23.5910000000001, -6.16922799737824e-16, 0.215999999999999, -1.34466168668496e-16, -2.59200000000001, 3.37528399327325e-18, 0.215999999999999, 0, 0, 0, 0, 0, 0, 0, 0, 0, 0, 0, 0, 0, 0, 0, 0, 0, 0, 0, 0, 0, 0, 0, 0, 0, 0, 0, 0, 0, 0, 0, 0
0.215999999999999, -6.16922799737824e-16, 21.0230000000001, -2.94145675698576e-17, -0.215999999999998, -2.45424882673595e-17, 0.0120000000000001, 7.08948958566546e-18, 0, 0, 0, 0, 0, 0, 0, 0, 0, 0, 0, 0, 0, 0, 0, 0, 0, 0, 0, 0, 0, 0, 0, 0, 0, 0, 0, 0, 0, 0, 0, 0
-2.00669016993393e-17, 0.215999999999999, -2.94145675698576e-17, 21.0230000000001, 1.22485734662531e-16, -0.215999999999999, -2.8624563656876e-18, 0.012, 0, 0, 0, 0, 0, 0, 0, 0, 0, 0, 0, 0, 0, 0, 0, 0, 0, 0, 0, 0, 0, 0, 0, 0, 0, 0, 0, 0, 0, 0, 0, 0
-2.59200000000001, -1.34466168668496e-16, -0.215999999999998, 1.22485734662531e-16, 6.20133365771766, -0.0275004865763887, -1.4210854715202e-16, 2.2543111041079e-17, -2.59200000000001, 4.95567671100761e-17, 0.215999999999999, -2.60381993744119e-18, 0, 0, 0, 0, 0, 0, 0, 0, 0, 0, 0, 0, 0, 0, 0, 0, 0, 0, 0, 0, 0, 0, 0, 0, 0, 0, 0, 0
4.12890750235706e-17, -2.59200000000001, -2.45424882673595e-17, -0.215999999999999, -0.0275004865763887, 6.73729460125359, 3.86395668065809e-16, 2.8421709430404e-16, -6.87409656106863e-17, -2.59200000000001, 2.43584991586887e-17, 0.215999999999999, 0, 0, 0, 0, 0, 0, 0, 0, 0, 0, 0, 0, 0, 0, 0, 0, 0, 0, 0, 0, 0, 0, 0, 0, 0, 0, 0, 0
0.215999999999999, 3.37528399327325e-18, 0.0120000000000001, -2.8624563656876e-18, -1.4210854715202e-16, 3.86395668065809e-16, 1.04700000000005, -5.8405266300382e-17, -0.215999999999998, 7.88678475825699e-17, 0.012, -1.07064964532944e-18, 0, 0, 0, 0, 0, 0, 0, 0, 0, 0, 0, 0, 0, 0, 0, 0, 0, 0, 0, 0, 0, 0, 0, 0, 0, 0, 0, 0
-9.70924729504219e-18, 0.215999999999999, 7.08948958566546e-18, 0.012, 2.2543111041079e-17, 2.8421709430404e-16, -5.8405266300382e-17, 1.04700000000005, 1.28702983600432e-16, -0.215999999999999, -6.35965889325685e-18, 0.012, 0, 0, 0, 0, 0, 0, 0, 0, 0, 0, 0, 0, 0, 0, 0, 0, 0, 0, 0, 0, 0, 0, 0, 0, 0, 0, 0, 0
0, 0, 0, 0, -2.59200000000001, -6.87409656106863e-17, -0.215999999999998, 1.28702983600432e-16, 6.19273460019078, 0.0100056709992187, 3.69482222595252e-16, 7.61961023790225e-17, -2.59200000000001, 7.32136790429494e-17, 0.215999999999999, -2.98399542922323e-18, 0, 0, 0, 0, 0, 0, 0, 0, 0, 0, 0, 0, 0, 0, 0, 0, 0, 0, 0, 0, 0, 0, 0, 0
0, 0, 0, 0, 4.95567671100761e-17, -2.59200000000001, 7.88678475825699e-17, -0.215999999999999, 0.0100056709992187, 6.28320180695191, 6.94215193143555e-17, 0, -8.58708720449797e-17, -2.59200000000001, -2.7411883526951e-18, 0.215999999999999, 0, 0, 0, 0, 0, 0, 0, 0, 0, 0, 0, 0, 0, 0, 0, 0, 0, 0, 0, 0, 0, 0, 0, 0
0, 0, 0, 0, 0.215999999999999, 2.43584991586887e-17, 0.012, -6.35965889325685e-18, 3.69482222595252e-16, 6.94215193143555e-17, 1.04700000000005, -5.29847433289321e-17, -0.215999999999998, -8.63318748087205e-17, 0.012, 4.12121508794327e-18, 0, 0, 0, 0, 0, 0, 0, 0, 0, 0, 0, 0, 0, 0, 0, 0, 0, 0, 0, 0, 0, 0, 0, 0
0, 0, 0, 0, -2.60381993744119e-18, 0.215999999999999, -1.07064964532944e-18, 0.012, 7.61961023790225e-17, 0, -5.29847433289321e-17, 1.04700000000005, 1.43026324291029e-16, -0.215999999999999, -3.21335839881254e-18, 0.012, 0, 0, 0, 0, 0, 0, 0, 0, 0, 0, 0, 0, 0, 0, 0, 0, 0, 0, 0, 0, 0, 0, 0, 0
0, 0, 0, 0, 0, 0, 0, 0, -2.59200000000001, -8.58708720449797e-17, -0.215999999999998, 1.43026324291029e-16, 6.56458266679832, 0.203899920368493, 1.05160324892495e-15, -1.2244990178073e-16, -2.59200000000001, -7.96954191008281e-17, 0.216, -1.22173321806529e-18, 0, 0, 0, 0, 0, 0, 0, 0, 0, 0, 0, 0, 0, 0, 0, 0, 0, 0, 0, 0
0, 0, 0, 0, 0, 0, 0, 0, 7.32136790429494e-17, -2.59200000000001, -8.63318748087205e-17, -0.215999999999999, 0.203899920368493, 6.18792810722762, 9.44390507635895e-17, 3.12638803734444e-16, -2.96740767808529e-16, -2.59200000000002, -7.05712615081677e-18, 0.215999999999999, 0, 0, 0, 0, 0, 0, 0, 0, 0, 0, 0, 0, 0, 0, 0, 0, 0, 0, 0, 0
0, 0, 0, 0, 0, 0, 0, 0, 0.215999999999999, -2.7411883526951e-18, 0.012, -3.21335839881254e-18, 1.05160324892495e-15, 9.44390507635895e-17, 1.04700000000005, 4.7534675848282e-18, -0.215999999999998, 5.77654243882897e-17, 0.012, -7.34904758575849e-18, 0, 0, 0, 0, 0, 0, 0, 0, 0, 0, 0, 0, 0, 0, 0, 0, 0, 0, 0, 0
0, 0, 0, 0, 0, 0, 0, 0, -2.98399542922323e-18, 0.215999999999999, 4.12121508794327e-18, 0.012, -1.2244990178073e-16, 3.12638803734444e-16, 4.7534675848282e-18, 1.04700000000005, 1.30895565653849e-16, -0.215999999999999, 7.02199800042824e-18, 0.012, 0, 0, 0, 0, 0, 0, 0, 0, 0, 0, 0, 0, 0, 0, 0, 0, 0, 0, 0, 0
0, 0, 0, 0, 0, 0, 0, 0, 0, 0, 0, 0, -2.59200000000001, -2.96740767808529e-16, -0.215999999999998, 1.30895565653849e-16, 6.63522993417201, 0.345404788869224, -5.11590769747272e-16, -9.63129315884048e-18, -2.59200000000001, 8.0423189809109e-17, 0.215999999999999, -9.60391705398522e-18, 0, 0, 0, 0, 0, 0, 0, 0, 0, 0, 0, 0, 0, 0, 0, 0
0, 0, 0, 0, 0, 0, 0, 0, 0, 0, 0, 0, -7.96954191008281e-17, -2.59200000000002, 5.77654243882897e-17, -0.215999999999999, 0.345404788869224, 5.66021759005233, 1.47172096558179e-16, 3.97903932025656e-16, -8.77513122929385e-17, -2.59200000000002, 2.0886179070978e-17, 0.215999999999999, 0, 0, 0, 0, 0, 0, 0, 0, 0, 0, 0, 0, 0, 0, 0, 0
0, 0, 0, 0, 0, 0, 0, 0, 0, 0, 0, 0, 0.216, -7.05712615081677e-18, 0.012, 7.02199800042824e-18, -5.11590769747272e-16, 1.47172096558179e-16, 1.04700000000005, -7.07552506168385e-17, -0.215999999999998, 4.4896053021104e-17, 0.012, 8.60374054986735e-18, 0, 0, 0, 0, 0, 0, 0, 0, 0, 0, 0, 0, 0, 0, 0, 0
0, 0, 0, 0, 0, 0, 0, 0, 0, 0, 0, 0, -1.22173321806529e-18, 0.215999999999999, -7.34904758575849e-18, 0.012, -9.63129315884048e-18, 3.97903932025656e-16, -7.07552506168385e-17, 1.04700000000005, 9.51398248377755e-17, -0.215999999999999, -8.5493678109172e-18, 0.012, 0, 0, 0, 0, 0, 0, 0, 0, 0, 0, 0, 0, 0, 0, 0, 0
0, 0, 0, 0, 0, 0, 0, 0, 0, 0, 0, 0, 0, 0, 0, 0, -2.59200000000001, -8.77513122929385e-17, -0.215999999999998, 9.51398248377755e-17, 6.19603675195925, 0.663768786468399, -9.37916411203332e-16, 1.41075302481641e-17, -2.59200000000001, 5.22754040575835e-17, 0.215999999999999, -3.4837042105218e-18, 0, 0, 0, 0, 0, 0, 0, 0, 0, 0, 0, 0
0, 0, 0, 0, 0, 0, 0, 0, 0, 0, 0, 0, 0, 0, 0, 0, 8.0423189809109e-17, -2.59200000000002, 4.4896053021104e-17, -0.215999999999999, 0.663768786468399, 5.60953921729943, 1.45784805668375e-16, 5.11590769747272e-16, -1.185732827029e-16, -2.59200000000001, 9.89513375751483e-18, 0.215999999999999, 0, 0, 0, 0, 0, 0, 0, 0, 0, 0, 0, 0
0, 0, 0, 0, 0, 0, 0, 0, 0, 0, 0, 0, 0, 0, 0, 0, 0.215999999999999, 2.0886179070978e-17, 0.012, -8.5493678109172e-18, -9.37916411203332e-16, 1.45784805668375e-16, 1.04700000000005, -2.08500751386342e-17, -0.215999999999999, 1.58856814421598e-16, 0.012, -3.4837042105218e-18, 0, 0, 0, 0, 0, 0, 0, 0, 0, 0, 0, 0
0, 0, 0, 0, 0, 0, 0, 0, 0, 0, 0, 0, 0, 0, 0, 0, -9.60391705398522e-18, 0.215999999999999, 8.60374054986735e-18, 0.012, 1.41075302481641e-17, 5.11590769747272e-16, -2.08500751386342e-17, 1.04700000000005, 2.16196364196536e-16, -0.215999999999999, -1.44334414212133e-18, 0.0120000000000001, 0, 0, 0, 0, 0, 0, 0, 0, 0, 0, 0, 0
0, 0, 0, 0, 0, 0, 0, 0, 0, 0, 0, 0, 0, 0, 0, 0, 0, 0, 0, 0, -2.59200000000001, -1.185732827029e-16, -0.215999999999999, 2.16196364196536e-16, 3.40593001131287, 0.0445720544585289, -5.96855898038484e-16, 1.23920513607489e-17, -2.59200000000001, 4.79195676195143e-17, 0.215999999999999, -1.78889563752505e-17, 0, 0, 0, 0, 0, 0, 0, 0
0, 0, 0, 0, 0, 0, 0, 0, 0, 0, 0, 0, 0, 0, 0, 0, 0, 0, 0, 0, 5.22754040575835e-17, -2.59200000000001, 1.58856814421598e-16, -0.215999999999999, 0.0445720544585289, 5.46953736101891, 9.78101605784987e-17, 5.6843418860808e-16, -1.58873348504729e-16, -2.59200000000001, 1.75198397456278e-17, 0.215999999999999, 0, 0, 0, 0, 0, 0, 0, 0
0, 0, 0, 0, 0, 0, 0, 0, 0, 0, 0, 0, 0, 0, 0, 0, 0, 0, 0, 0, 0.215999999999999, 9.89513375751483e-18, 0.012, -1.44334414212133e-18, -5.96855898038484e-16, 9.78101605784987e-17, 1.04700000000005, -1.70977598398792e-17, -0.215999999999999, 1.47395550625928e-16, 0.012, 5.64777174680287e-18, 0, 0, 0, 0, 0, 0, 0, 0
0, 0, 0, 0, 0, 0, 0, 0, 0, 0, 0, 0, 0, 0, 0, 0, 0, 0, 0, 0, -3.4837042105218e-18, 0.215999999999999, -3.4837042105218e-18, 0.0120000000000001, 1.23920513607489e-17, 5.6843418860808e-16, -1.70977598398792e-17, 1.04700000000005, 1.1468560476291e-16, -0.215999999999999, 2.8648958205757e-18, 0.0120000000000001, 0, 0, 0, 0, 0, 0, 0, 0
0, 0, 0, 0, 0, 0, 0, 0, 0, 0, 0, 0, 0, 0, 0, 0, 0, 0, 0, 0, 0, 0, 0, 0, -2.59200000000001, -1.58873348504729e-16, -0.215999999999999, 1.1468560476291e-16, 5.28731606204618, 0.449946437271532, 9.37916411203332e-16, -6.09163869520757e-17, -2.59200000000001, -2.95347513806776e-17, 0.215999999999999, -7.06428188515518e-18, 0, 0, 0, 0
0, 0, 0, 0, 0, 0, 0, 0, 0, 0, 0, 0, 0, 0, 0, 0, 0, 0, 0, 0, 0, 0, 0, 0, 4.79195676195143e-17, -2.59200000000001, 1.47395550625928e-16, -0.215999999999999, 0.449946437271532, 5.54402054594398, 2.36296876163222e-16, 2.27373675443232e-16, -1.15080904874998e-16, -2.59200000000001, 1.88176297460929e-17, 0.215999999999999, 0, 0, 0, 0
0, 0, 0, 0, 0, 0, 0, 0, 0, 0, 0, 0, 0, 0, 0, 0, 0, 0, 0, 0, 0, 0, 0, 0, 0.215999999999999, 1.75198397456278e-17, 0.012, 2.8648958205757e-18, 9.37916411203332e-16, 2.36296876163222e-16, 1.04700000000005, -7.53001719137891e-17, -0.215999999999998, 1.62311787274549e-16, 0.012, 9.2932389214595e-19, 0, 0, 0, 0
0, 0, 0, 0, 0, 0, 0, 0, 0, 0, 0, 0, 0, 0, 0, 0, 0, 0, 0, 0, 0, 0, 0, 0, -1.78889563752505e-17, 0.215999999999999, 5.64777174680287e-18, 0.0120000000000001, -6.09163869520757e-17, 2.27373675443232e-16, -7.53001719137891e-17, 1.04700000000005, 1.63807118910841e-16, -0.215999999999999, 8.60357791954147e-18, 0.0120000000000001, 0, 0, 0, 0
0, 0, 0, 0, 0, 0, 0, 0, 0, 0, 0, 0, 0, 0, 0, 0, 0, 0, 0, 0, 0, 0, 0, 0, 0, 0, 0, 0, -2.59200000000001, -1.15080904874998e-16, -0.215999999999998, 1.63807118910841e-16, 6.64908473533591, 0.494587096117243, 8.24229573481716e-16, -2.13007779817365e-18, -2.59200000000001, -5.79564608110816e-17, 0.215999999999999, 4.11454724458249e-20
0, 0, 0, 0, 0, 0, 0, 0, 0, 0, 0, 0, 0, 0, 0, 0, 0, 0, 0, 0, 0, 0, 0, 0, 0, 0, 0, 0, -2.95347513806776e-17, -2.59200000000001, 1.62311787274549e-16, -0.215999999999999, 0.494587096117243, 5.63807195097348, 2.26700602734553e-16, 5.6843418860808e-17, -1.15080904874998e-16, -2.59200000000001, 1.88176297460929e-17, 0.215999999999999
0, 0, 0, 0, 0, 0, 0, 0, 0, 0, 0, 0, 0, 0, 0, 0, 0, 0, 0, 0, 0, 0, 0, 0, 0, 0, 0, 0, 0.215999999999999, 1.88176297460929e-17, 0.012, 8.60357791954147e-18, 8.24229573481716e-16, 2.26700602734553e-16, 1.04700000000005, -7.42523989342991e-17, -0.215999999999997, 1.19679223128943e-16, 0.0119999999999999, 3.14976994139626e-18
0, 0, 0, 0, 0, 0, 0, 0, 0, 0, 0, 0, 0, 0, 0, 0, 0, 0, 0, 0, 0, 0, 0, 0, 0, 0, 0, 0, -7.06428188515518e-18, 0.215999999999999, 9.2932389214595e-19, 0.0120000000000001, -2.13007779817365e-18, 5.6843418860808e-17, -7.42523989342991e-17, 1.04700000000005, 1.92228828341245e-16, -0.215999999999999, 1.49815056194047e-18, 0.012
0, 0, 0, 0, 0, 0, 0, 0, 0, 0, 0, 0, 0, 0, 0, 0, 0, 0, 0, 0, 0, 0, 0, 0, 0, 0, 0, 0, 0, 0, 0, 0, -2.59200000000001, -1.15080904874998e-16, -0.215999999999997, 1.92228828341245e-16, 23.5910000000001, 2.76400842318114e-15, -0.215999999999999, 1.04034619460847e-18
0, 0, 0, 0, 0, 0, 0, 0, 0, 0, 0, 0, 0, 0, 0, 0, 0, 0, 0, 0, 0, 0, 0, 0, 0, 0, 0, 0, 0, 0, 0, 0, -5.79564608110816e-17, -2.59200000000001, 1.19679223128943e-16, -0.215999999999999, 2.76400842318114e-15, 23.5910000000001, 4.43033847455365e-16, -0.215999999999999
0, 0, 0, 0, 0, 0, 0, 0, 0, 0, 0, 0, 0, 0, 0, 0, 0, 0, 0, 0, 0, 0, 0, 0, 0, 0, 0, 0, 0, 0, 0, 0, 0.215999999999999, 1.88176297460929e-17, 0.0119999999999999, 1.49815056194047e-18, -0.215999999999999, 4.43033847455365e-16, 21.0230000000001, -1.80405820490726e-18
0, 0, 0, 0, 0, 0, 0, 0, 0, 0, 0, 0, 0, 0, 0, 0, 0, 0, 0, 0, 0, 0, 0, 0, 0, 0, 0, 0, 0, 0, 0, 0, 4.11454724458249e-20, 0.215999999999999, 3.14976994139626e-18, 0.012, 1.04034619460847e-18, -0.215999999999999, -1.80405820490726e-18, 21.0230000000001
46.1594090000001, -6.38664400943286e-15, 0.431784000000035, 1.38845683144154e-16, -5.181408, -1.16550599926108e-16, 0.431783999999999, 3.80014636924922e-17, 0, 0, 0, 0, 0, 0, 0, 0, 0, 0, 0, 0, 0, 0, 0, 0, 0, 0, 0, 0, 0, 0, 0, 0, 0, 0, 0, 0, 0, 0, 0, 0
-6.38664400943286e-15, 46.1594090000002, 3.01010504296535e-14, 0.431783999999996, -5.69232772469379e-16, -5.18140800000004, 4.22995110246682e-17, 0.431784, 0, 0, 0, 0, 0, 0, 0, 0, 0, 0, 0, 0, 0, 0, 0, 0, 0, 0, 0, 0, 0, 0, 0, 0, 0, 0, 0, 0, 0, 0, 0, 0
0.431784000000035, 3.01010504296535e-14, 41.0259770000002, 2.6771888259883e-14, -0.431783999999998, -1.12533423285706e-15, 0.0239880000000001, 7.10476149140599e-17, 0, 0, 0, 0, 0, 0, 0, 0, 0, 0, 0, 0, 0, 0, 0, 0, 0, 0, 0, 0, 0, 0, 0, 0, 0, 0, 0, 0, 0, 0, 0, 0
1.38845683144154e-16, 0.431783999999996, 2.6771888259883e-14, 41.0259770000001, -2.61351024524537e-16, -0.431784000000001, -3.77401535922247e-17, 0.0239880000000001, 0, 0, 0, 0, 0, 0, 0, 0, 0, 0, 0, 0, 0, 0, 0, 0, 0, 0, 0, 0, 0, 0, 0, 0, 0, 0, 0, 0, 0, 0, 0, 0
-5.181408, -5.69232772469379e-16, -0.431783999999998, -2.61351024524537e-16, 11.3791323235544, -0.0274730147698263, -2.55653276326484e-16, -1.65614555375367e-16, -5.18140800000001, 4.66985952665397e-16, 0.431784, 2.13028754369349e-17, 0, 0, 0, 0, 0, 0, 0, 0, 0, 0, 0, 0, 0, 0, 0, 0, 0, 0, 0, 0, 0, 0, 0, 0, 0, 0, 0, 0
-1.16550599926108e-16, -5.18140800000004, -1.12533423285706e-15, -0.431784000000001, -0.0274730147698263, 12.5545570249275, 5.61531921810272e-16, 1.98667748918524e-16, -2.33268210177352e-15, -5.18140800000004, 1.44365920668036e-16, 0.431784000000001, 0, 0, 0, 0, 0, 0, 0, 0, 0, 0, 0, 0, 0, 0, 0, 0, 0, 0, 0, 0, 0, 0, 0, 0, 0, 0, 0, 0
0.431783999999999, 4.22995110246682e-17, 0.0239880000000001, -3.77401535922247e-17, -2.55653276326484e-16, 5.61531921810272e-16, 1.09395300000006, -1.34030589024533e-16, -0.431783999999998, 2.81589073398326e-16, 0.0239880000000001, 1.53838870478573e-17, 0, 0, 0, 0, 0, 0, 0, 0, 0, 0, 0, 0, 0, 0, 0, 0, 0, 0, 0, 0, 0, 0, 0, 0, 0, 0, 0, 0
3.80014636924922e-17, 0.431784, 7.10476149140599e-17, 0.0239880000000001, -1.65614555375367e-16, 1.98667748918524e-16, -1.34030589024533e-16, 1.09395300000006, -7.11887587204674e-18, -0.431784000000002, -4.83055928342733e-17, 0.0239880000000002, 0, 0, 0, 0, 0, 0, 0, 0, 0, 0, 0, 0, 0, 0, 0, 0, 0, 0, 0, 0, 0, 0, 0, 0, 0, 0, 0, 0
0, 0, 0, 0, -5.18140800000001, -2.33268210177352e-15, -0.431783999999998, -7.11887587204674e-18, 11.0987612786209, 0.119085506063782, 1.42071598929761e-15, 1.01192689373319e-15, -5.18140800000002, -7.18220171975386e-15, 0.431784, 5.16623751727156e-16, 0, 0, 0, 0, 0, 0, 0, 0, 0, 0, 0, 0, 0, 0, 0, 0, 0, 0, 0, 0, 0, 0, 0, 0
0, 0, 0, 0, 4.66985952665397e-16, -5.18140800000004, 2.81589073398326e-16, -0.431784000000002, 0.119085506063782, 12.0769141068345, 3.73220139634946e-16, -2.52953213930596e-15, -4.99796822154769e-15, -5.18140799999999, 8.05048096426972e-16, 0.431784, 0, 0, 0, 0, 0, 0, 0, 0, 0, 0, 0, 0, 0, 0, 0, 0, 0, 0, 0, 0, 0, 0, 0, 0
0, 0, 0, 0, 0.431784, 1.44365920668036e-16, 0.0239880000000001, -4.83055928342733e-17, 1.42071598929761e-15, 3.73220139634946e-16, 1.09395300000005, -3.80438974594e-18, -0.431783999999998, -7.36855970863013e-16, 0.023988, 3.75303533696237e-17, 0, 0, 0, 0, 0, 0, 0, 0, 0, 0, 0, 0, 0, 0, 0, 0, 0, 0, 0, 0, 0, 0, 0, 0
0, 0, 0, 0, 2.13028754369349e-17, 0.431784000000001, 1.53838870478573e-17, 0.0239880000000002, 1.01192689373319e-15, -2.52953213930596e-15, -3.80438974594e-18, 1.09395300000005, 3.69423925978414e-17, -0.431783999999996, 3.3241055406042e-17, 0.023988, 0, 0, 0, 0, 0, 0, 0, 0, 0, 0, 0, 0, 0, 0, 0, 0, 0, 0, 0, 0, 0, 0, 0, 0
0, 0, 0, 0, 0, 0, 0, 0, -5.18140800000002, -4.99796822154769e-15, -0.431783999999998, 3.69423925978414e-17, 11.5827516028595, 0.769190581645754, -2.81480083685892e-15, -1.7567977887321e-15, -5.18140799999992, 1.44211752508762e-14, 0.431783999999988, -1.59782196754899e-15, 0, 0, 0, 0, 0, 0, 0, 0, 0, 0, 0, 0, 0, 0, 0, 0, 0, 0, 0, 0
0, 0, 0, 0, 0, 0, 0, 0, -7.18220171975386e-15, -5.18140799999999, -7.36855970863013e-16, -0.431783999999996, 0.769190581645754, 11.4787547073686, 3.08056699219834e-15, 4.17767864746565e-15, -9.70959760003483e-14, -5.18140800000013, 2.49504920111241e-15, 0.431784000000002, 0, 0, 0, 0, 0, 0, 0, 0, 0, 0, 0, 0, 0, 0, 0, 0, 0, 0, 0, 0
0, 0, 0, 0, 0, 0, 0, 0, 0.431784, 8.05048096426972e-16, 0.023988, 3.3241055406042e-17, -2.81480083685892e-15, 3.08056699219834e-15, 1.09395300000004, 7.03490170847823e-17, -0.431783999999995, -3.0616988469827e-15, 0.0239879999999995, -1.69569343871302e-17, 0, 0, 0, 0, 0, 0, 0, 0, 0, 0, 0, 0, 0, 0, 0, 0, 0, 0, 0, 0
0, 0, 0, 0, 0, 0, 0, 0, 5.16623751727156e-16, 0.431784, 3.75303533696237e-17, 0.023988, -1.7567977887321e-15, 4.17767864746565e-15, 7.03490170847823e-17, 1.09395300000006, -5.36674165040216e-15, -0.43178400000001, 1.560708136863e-16, 0.0239880000000002, 0, 0, 0, 0, 0, 0, 0, 0, 0, 0, 0, 0, 0, 0, 0, 0, 0, 0, 0, 0
0, 0, 0, 0, 0, 0, 0, 0, 0, 0, 0, 0, -5.18140799999992, -9.70959760003483e-14, -0.431783999999995, -5.36674165040216e-15, 11.7961850810047, 0.56884569428941, 2.61530885836692e-15, 8.91301874244178e-15, -5.18140800000003, -1.55980593460433e-13, 0.431784000000006, 3.59080308706889e-15, 0, 0, 0, 0, 0, 0, 0, 0, 0, 0, 0, 0, 0, 0, 0, 0
0, 0, 0, 0, 0, 0, 0, 0, 0, 0, 0, 0, 1.44211752508762e-14, -5.18140800000013, -3.0616988469827e-15, -0.43178400000001, 0.56884569428941, 11.3152633634128, 1.17217660899937e-14, -1.60302420226799e-14, -9.25666601345792e-14, -5.1814079999999, 1.04287204877598e-14, 0.431783999999991, 0, 0, 0, 0, 0, 0, 0, 0, 0, 0, 0, 0, 0, 0, 0, 0
0, 0, 0, 0, 0, 0, 0, 0, 0, 0, 0, 0, 0.431783999999988, 2.49504920111241e-15, 0.0239879999999995, 1.560708136863e-16, 2.61530885836692e-15, 1.17217660899937e-14, 1.09395300000003, 4.38907872936725e-16, -0.431783999999993, -1.07025093961193e-14, 0.0239880000000001, 8.73569149422671e-16, 0, 0, 0, 0, 0, 0, 0, 0, 0, 0, 0, 0, 0, 0, 0, 0
0, 0, 0, 0, 0, 0, 0, 0, 0, 0, 0, 0, -1.59782196754899e-15, 0.431784000000002, -1.69569343871302e-17, 0.0239880000000002, 8.91301874244178e-15, -1.60302420226799e-14, 4.38907872936725e-16, 1.09395300000004, -1.12125222867203e-14, -0.431783999999993, 1.71048214301063e-15, 0.0239879999999996, 0, 0, 0, 0, 0, 0, 0, 0, 0, 0, 0, 0, 0, 0, 0, 0
0, 0, 0, 0, 0, 0, 0, 0, 0, 0, 0, 0, 0, 0, 0, 0, -5.18140800000003, -9.25666601345792e-14, -0.431783999999993, -1.12125222867203e-14, 12.0148914291701, 0.719000764246769, -7.64450192036747e-15, -1.47225629169466e-14, -5.1814080000002, 3.2814613816935e-14, 0.431784000000012, 7.30599462996058e-15, 0, 0, 0, 0, 0, 0, 0, 0, 0, 0, 0, 0
0, 0, 0, 0, 0, 0, 0, 0, 0, 0, 0, 0, 0, 0, 0, 0, -1.55980593460433e-13, -5.1814079999999, -1.07025093961193e-14, -0.431783999999993, 0.719000764246769, 10.5871599079549, -1.35323086425192e-14, 1.58019588525349e-14, -1.30185941232183e-13, -5.18140800000023, 8.05963662793016e-15, 0.431784000000015, 0, 0, 0, 0, 0, 0, 0, 0, 0, 0, 0, 0
0, 0, 0, 0, 0, 0, 0, 0, 0, 0, 0, 0, 0, 0, 0, 0, 0.431784000000006, 1.04287204877598e-14, 0.0239880000000001, 1.71048214301063e-15, -7.64450192036747e-15, -1.35323086425192e-14, 1.09395300000005, 3.41547570174156e-16, -0.431783999999999, 9.45955919922607e-15, 0.0239880000000006, 9.19339175469896e-16, 0, 0, 0, 0, 0, 0, 0, 0, 0, 0, 0, 0
0, 0, 0, 0, 0, 0, 0, 0, 0, 0, 0, 0, 0, 0, 0, 0, 3.59080308706889e-15, 0.431783999999991, 8.73569149422671e-16, 0.0239879999999996, -1.47225629169466e-14, 1.58019588525349e-14, 3.41547570174156e-16, 1.09395300000007, 5.92542650842235e-15, -0.431784000000014, -8.70081721191942e-16, 0.0239880000000005, 0, 0, 0, 0, 0, 0, 0, 0, 0, 0, 0, 0
0, 0, 0, 0, 0, 0, 0, 0, 0, 0, 0, 0, 0, 0, 0, 0, 0, 0, 0, 0, -5.1814080000002, -1.30185941232183e-13, -0.431783999999999, 5.92542650842235e-15, 7.56215753132081, -0.289867806007906, 3.49646711583773e-15, -2.09344201908984e-14, -5.18140800000023, 2.34626880204245e-13, 0.431784000000019, -3.35870282967485e-14, 0, 0, 0, 0, 0, 0, 0, 0
0, 0, 0, 0, 0, 0, 0, 0, 0, 0, 0, 0, 0, 0, 0, 0, 0, 0, 0, 0, 3.2814613816935e-14, -5.18140800000023, 9.45955919922607e-15, -0.431784000000014, -0.289867806007906, 9.29564680851986, -3.1905132468217e-14, -2.86496515400358e-14, 7.50780900090828e-13, -5.18140799999955, -2.72773173225859e-14, 0.431783999999973, 0, 0, 0, 0, 0, 0, 0, 0
0, 0, 0, 0, 0, 0, 0, 0, 0, 0, 0, 0, 0, 0, 0, 0, 0, 0, 0, 0, 0.431784000000012, 8.05963662793016e-15, 0.0239880000000006, -8.70081721191942e-16, 3.49646711583773e-15, -3.1905132468217e-14, 1.09395300000009, -1.03848584473518e-15, -0.431784000000026, 1.21666622424784e-14, 0.0239880000000016, -2.32083517379566e-15, 0, 0, 0, 0, 0, 0, 0, 0
0, 0, 0, 0, 0, 0, 0, 0, 0, 0, 0, 0, 0, 0, 0, 0, 0, 0, 0, 0, 7.30599462996058e-15, 0.431784000000015, 9.19339175469896e-16, 0.0239880000000005, -2.09344201908984e-14, -2.86496515400358e-14, -1.03848584473518e-15, 1.0939530000001, 2.42833237933795e-14, -0.431783999999985, -1.31283078545015e-15, 0.0239879999999992, 0, 0, 0, 0, 0, 0, 0, 0
0, 0, 0, 0, 0, 0, 0, 0, 0, 0, 0, 0, 0, 0, 0, 0, 0, 0, 0, 0, 0, 0, 0, 0, -5.18140800000023, 7.50780900090828e-13, -0.431784000000026, 2.42833237933795e-14, 11.1067914585997, 0.538827734176478, -6.65930031118478e-14, 5.18371859493526e-14, -5.18140799999988, -5.66480362425726e-14, 0.431783999999954, 9.56831811996233e-15, 0, 0, 0, 0
0, 0, 0, 0, 0, 0, 0, 0, 0, 0, 0, 0, 0, 0, 0, 0, 0, 0, 0, 0, 0, 0, 0, 0, 2.34626880204245e-13, -5.18140799999955, 1.21666622424784e-14, -0.431783999999985, 0.538827734176478, 10.404341360091, 1.54843076886988e-14, 2.86488557321718e-14, -9.28082933360942e-14, -5.18140800000003, 5.52700750334578e-15, 0.431783999999991, 0, 0, 0, 0
0, 0, 0, 0, 0, 0, 0, 0, 0, 0, 0, 0, 0, 0, 0, 0, 0, 0, 0, 0, 0, 0, 0, 0, 0.431784000000019, -2.72773173225859e-14, 0.0239880000000016, -1.31283078545015e-15, -6.65930031118478e-14, 1.54843076886988e-14, 1.09395300000005, -2.64028414783584e-15, -0.431783999999942, 1.05540822851472e-14, 0.0239879999999923, 1.85918365216623e-15, 0, 0, 0, 0
0, 0, 0, 0, 0, 0, 0, 0, 0, 0, 0, 0, 0, 0, 0, 0, 0, 0, 0, 0, 0, 0, 0, 0, -3.35870282967485e-14, 0.431783999999973, -2.32083517379566e-15, 0.0239879999999992, 5.18371859493526e-14, 2.86488557321718e-14, -2.64028414783584e-15, 1.09395300000003, -6.90601710681576e-15, -0.431784000000006, 1.73062453357995e-15, 0.0239879999999998, 0, 0, 0, 0
0, 0, 0, 0, 0, 0, 0, 0, 0, 0, 0, 0, 0, 0, 0, 0, 0, 0, 0, 0, 0, 0, 0, 0, 0, 0, 0, 0, -5.18140799999988, -9.28082933360942e-14, -0.431783999999942, -6.90601710681576e-15, 12.4757768330942, 0.520353310707137, 7.63114655910613e-14, -1.82684097398486e-14, -5.18140800000005, -1.01852050319308e-14, 0.431784000000005, 7.67592591733994e-15
0, 0, 0, 0, 0, 0, 0, 0, 0, 0, 0, 0, 0, 0, 0, 0, 0, 0, 0, 0, 0, 0, 0, 0, 0, 0, 0, 0, -5.66480362425726e-14, -5.18140800000003, 1.05540822851472e-14, -0.431784000000006, 0.520353310707137, 10.7644919428954, 9.55052449778884e-16, -7.41812300475431e-15, -7.38101603701295e-15, -5.18140799999996, -1.55425890652914e-14, 0.431784000000004
0, 0, 0, 0, 0, 0, 0, 0, 0, 0, 0, 0, 0, 0, 0, 0, 0, 0, 0, 0, 0, 0, 0, 0, 0, 0, 0, 0, 0.431783999999954, 5.52700750334578e-15, 0.0239879999999923, 1.73062453357995e-15, 7.63114655910613e-14, 9.55052449778884e-16, 1.09395300000001, 1.78356471121143e-15, -0.431784000000017, 2.27720506473753e-16, 0.0239880000000058, -4.17991018355333e-15
0, 0, 0, 0, 0, 0, 0, 0, 0, 0, 0, 0, 0, 0, 0, 0, 0, 0, 0, 0, 0, 0, 0, 0, 0, 0, 0, 0, 9.56831811996233e-15, 0.431783999999991, 1.85918365216623e-15, 0.0239879999999998, -1.82684097398486e-14, -7.41812300475431e-15, 1.78356471121143e-15, 1.093953, 5.62882476781347e-15, -0.431783999999969, -2.4543161439723e-16, 0.0239879999999981
0, 0, 0, 0, 0, 0, 0, 0, 0, 0, 0, 0, 0, 0, 0, 0, 0, 0, 0, 0, 0, 0, 0, 0, 0, 0, 0, 0, 0, 0, 0, 0, -5.18140800000005, -7.38101603701295e-15, -0.431784000000017, 5.62882476781347e-15, 46.1594090000007, 1.31339149523153e-13, -0.4317840000001, -2.32876958950393e-14
0, 0, 0, 0, 0, 0, 0, 0, 0, 0, 0, 0, 0, 0, 0, 0, 0, 0, 0, 0, 0, 0, 0, 0, 0, 0, 0, 0, 0, 0, 0, 0, -1.01852050319308e-14, -5.18140799999996, 2.27720506473753e-16, -0.431783999999969, 1.31339149523153e-13, 46.159409, 3.34492526078805e-14, -0.431783999999989
0, 0, 0, 0, 0, 0, 0, 0, 0, 0, 0, 0, 0, 0, 0, 0, 0, 0, 0, 0, 0, 0, 0, 0, 0, 0, 0, 0, 0, 0, 0, 0, 0.431784000000005, -1.55425890652914e-14, 0.0239880000000058, -2.4543161439723e-16, -0.4317840000001, 3.34492526078805e-14, 41.0259770000005, -1.20144239037675e-15
0, 0, 0, 0, 0, 0, 0, 0, 0, 0, 0, 0, 0, 0, 0, 0, 0, 0, 0, 0, 0, 0, 0, 0, 0, 0, 0, 0, 0, 0, 0, 0, 7.67592591733994e-15, 0.431784000000004, -4.17991018355333e-15, 0.0239879999999981, -2.32876958950393e-14, -0.431783999999989, -1.20144239037675e-15, 41.0259770000003
68.705249591, -3.02800269073568e-14, 0.647352215999897, -1.64102896430744e-14, -7.76822659199995, 2.06918382174773e-15, 0.647352215999993, 4.23855842216167e-16, 0, 0, 0, 0, 0, 0, 0, 0, 0, 0, 0, 0, 0, 0, 0, 0, 0, 0, 0, 0, 0, 0, 0, 0, 0, 0, 0, 0, 0, 0, 0, 0
-3.02800269073568e-14, 68.7052495910003, 7.94418083229963e-14, 0.647352215999893, 8.49647807368815e-16, -7.76822659200007, 5.82428046384324e-16, 0.647352216000004, 0, 0, 0, 0, 0, 0, 0, 0, 0, 0, 0, 0, 0, 0, 0, 0, 0, 0, 0, 0, 0, 0, 0, 0, 0, 0, 0, 0, 0, 0, 0, 0
0.647352215999897, 7.94418083229963e-14, 61.0089510229999, 1.02317628155483e-13, -0.647352215999992, -2.44762461627873e-15, 0.0359640119999988, 6.41258589350962e-17, 0, 0, 0, 0, 0, 0, 0, 0, 0, 0, 0, 0, 0, 0, 0, 0, 0, 0, 0, 0, 0, 0, 0, 0, 0, 0, 0, 0, 0, 0, 0, 0
-1.64102896430744e-14, 0.647352215999893, 1.02317628155483e-13, 61.0089510230002, -4.85737565169637e-16, -0.647352216000008, -7.26275743084085e-16, 0.0359640120000004, 0, 0, 0, 0, 0, 0, 0, 0, 0, 0, 0, 0, 0, 0, 0, 0, 0, 0, 0, 0, 0, 0, 0, 0, 0, 0, 0, 0, 0, 0, 0, 0
-7.76822659199995, 8.49647807368815e-16, -0.647352215999992, -4.85737565169637e-16, 16.5517531433014, -0.0274455636789889, -1.64806138513995e-15, -6.8226635222192e-16, -7.76822659200001, 6.46393956635249e-15, 0.647352216000003, 3.09362482476182e-16, 0, 0, 0, 0, 0, 0, 0, 0, 0, 0, 0, 0, 0, 0, 0, 0, 0, 0, 0, 0, 0, 0, 0, 0, 0, 0, 0, 0
2.06918382174773e-15, -7.76822659200007, -2.44762461627873e-15, -0.647352216000008, -0.0274455636789889, 18.3660020722159, 1.90823110105877e-16, -2.56278269716859e-16, -8.97202786695269e-15, -7.7682265920001, 3.38896515983982e-16, 0.647352216000002, 0, 0, 0, 0, 0, 0, 0, 0, 0, 0, 0, 0, 0, 0, 0, 0, 0, 0, 0, 0, 0, 0, 0, 0, 0, 0, 0, 0
0.647352215999993, 5.82428046384324e-16, 0.0359640119999988, -7.26275743084085e-16, -1.64806138513995e-15, 1.90823110105877e-16, 1.14085904700005, -1.10795010324708e-16, -0.647352215999994, 9.08823815365188e-16, 0.0359640120000001, 2.2944420188515e-17, 0, 0, 0, 0, 0, 0, 0, 0, 0, 0, 0, 0, 0, 0, 0, 0, 0, 0, 0, 0, 0, 0, 0, 0, 0, 0, 0, 0
4.23855842216167e-16, 0.647352216000004, 6.41258589350962e-17, 0.0359640120000004, -6.8226635222192e-16, -2.56278269716859e-16, -1.10795010324708e-16, 1.14085904700007, 8.58850526571236e-17, -0.647352216000004, -5.36265338586861e-17, 0.0359640120000002, 0, 0, 0, 0, 0, 0, 0, 0, 0, 0, 0, 0, 0, 0, 0, 0, 0, 0, 0, 0, 0, 0, 0, 0, 0, 0, 0, 0
0, 0, 0, 0, -7.76822659200001, -8.97202786695269e-15, -0.647352215999994, 8.58850526571236e-17, 16.4853612240837, 0.45259350067536, 9.71843442698628e-15, -2.15632927781119e-15, -7.76822659200019, -7.75113227378437e-15, 0.647352216000004, -3.11453452253033e-15, 0, 0, 0, 0, 0, 0, 0, 0, 0, 0, 0, 0, 0, 0, 0, 0, 0, 0, 0, 0, 0, 0, 0, 0
0, 0, 0, 0, 6.46393956635249e-15, -7.7682265920001, 9.08823815365188e-16, -0.647352216000004, 0.45259350067536, 17.5575342758349, 1.43843897853054e-15, -4.91442619932059e-15, 2.71727003573783e-14, -7.76822659199987, 6.56779100266678e-16, 0.647352215999993, 0, 0, 0, 0, 0, 0, 0, 0, 0, 0, 0, 0, 0, 0, 0, 0, 0, 0, 0, 0, 0, 0, 0, 0
0, 0, 0, 0, 0.647352216000003, 3.38896515983982e-16, 0.0359640120000001, -5.36265338586861e-17, 9.71843442698628e-15, 1.43843897853054e-15, 1.14085904700006, -1.57816274447319e-16, -0.647352216000011, -2.56633018186881e-15, 0.0359640120000002, -1.77680675300917e-16, 0, 0, 0, 0, 0, 0, 0, 0, 0, 0, 0, 0, 0, 0, 0, 0, 0, 0, 0, 0, 0, 0, 0, 0
0, 0, 0, 0, 3.09362482476182e-16, 0.647352216000002, 2.2944420188515e-17, 0.0359640120000002, -2.15632927781119e-15, -4.91442619932059e-15, -1.57816274447319e-16, 1.14085904700005, 1.73309663682284e-15, -0.647352215999999, -1.04628522987265e-16, 0.0359640120000001, 0, 0, 0, 0, 0, 0, 0, 0, 0, 0, 0, 0, 0, 0, 0, 0, 0, 0, 0, 0, 0, 0, 0, 0
0, 0, 0, 0, 0, 0, 0, 0, -7.76822659200019, 2.71727003573783e-14, -0.647352216000011, 1.73309663682284e-15, 16.9927466825291, 0.923684969608953, -1.91828906679348e-14, 4.12114743379266e-15, -7.76822659199977, 2.24286145007483e-14, 0.647352215999977, 4.71594759433247e-16, 0, 0, 0, 0, 0, 0, 0, 0, 0, 0, 0, 0, 0, 0, 0, 0, 0, 0, 0, 0
0, 0, 0, 0, 0, 0, 0, 0, -7.75113227378437e-15, -7.76822659199987, -2.56633018186881e-15, -0.647352215999999, 0.923684969608953, 16.7422321781475, 1.46899530712922e-15, 6.49208999448092e-16, -1.21446760966717e-13, -7.76822659199997, 5.82190912239752e-15, 0.647352215999989, 0, 0, 0, 0, 0, 0, 0, 0, 0, 0, 0, 0, 0, 0, 0, 0, 0, 0, 0, 0
0, 0, 0, 0, 0, 0, 0, 0, 0.647352216000004, 6.56779100266678e-16, 0.0359640120000002, -1.04628522987265e-16, -1.91828906679348e-14, 1.46899530712922e-15, 1.14085904700004, -6.28370725848588e-17, -0.647352215999988, -3.83902027352334e-15, 0.0359640119999989, 2.31005767315884e-16, 0, 0, 0, 0, 0, 0, 0, 0, 0, 0, 0, 0, 0, 0, 0, 0, 0, 0, 0, 0
0, 0, 0, 0, 0, 0, 0, 0, -3.11453452253033e-15, 0.647352215999993, -1.77680675300917e-16, 0.0359640120000001, 4.12114743379266e-15, 6.49208999448092e-16, -6.28370725848588e-17, 1.14085904700006, -8.19921795271084e-15, -0.647352216000006, 3.64871308607745e-16, 0.0359640119999997, 0, 0, 0, 0, 0, 0, 0, 0, 0, 0, 0, 0, 0, 0, 0, 0, 0, 0, 0, 0
0, 0, 0, 0, 0, 0, 0, 0, 0, 0, 0, 0, -7.76822659199977, -1.21446760966717e-13, -0.647352215999988, -8.19921795271084e-15, 17.0471846157267, 0.758403620788698, 2.21668296376265e-14, 7.26275200409351e-15, -7.76822659200004, -2.08160454202165e-13, 0.647352216000005, 7.27448950391931e-15, 0, 0, 0, 0, 0, 0, 0, 0, 0, 0, 0, 0, 0, 0, 0, 0
0, 0, 0, 0, 0, 0, 0, 0, 0, 0, 0, 0, 2.24286145007483e-14, -7.76822659199997, -3.83902027352334e-15, -0.647352216000006, 0.758403620788698, 16.7963581346023, 1.29392832567686e-14, 1.56323380906539e-17, -1.62143205546785e-13, -7.76822659200007, 1.3393531732848e-14, 0.647352215999999, 0, 0, 0, 0, 0, 0, 0, 0, 0, 0, 0, 0, 0, 0, 0, 0
0, 0, 0, 0, 0, 0, 0, 0, 0, 0, 0, 0, 0.647352215999977, 5.82190912239752e-15, 0.0359640119999989, 3.64871308607745e-16, 2.21668296376265e-14, 1.29392832567686e-14, 1.14085904700004, 7.60877731414934e-16, -0.647352216000005, -1.41364847565971e-14, 0.0359640120000009, 1.03977528952946e-15, 0, 0, 0, 0, 0, 0, 0, 0, 0, 0, 0, 0, 0, 0, 0, 0
0, 0, 0, 0, 0, 0, 0, 0, 0, 0, 0, 0, 4.71594759433247e-16, 0.647352215999989, 2.31005767315884e-16, 0.0359640119999997, 7.26275200409351e-15, 1.56323380906539e-17, 7.60877731414934e-16, 1.14085904700004, -1.5155595934692e-14, -0.647352216, 1.92908184122917e-15, 0.035964012, 0, 0, 0, 0, 0, 0, 0, 0, 0, 0, 0, 0, 0, 0, 0, 0
0, 0, 0, 0, 0, 0, 0, 0, 0, 0, 0, 0, 0, 0, 0, 0, -7.76822659200004, -1.62143205546785e-13, -0.647352216000005, -1.5155595934692e-14, 17.8412302780329, 0.765083530233923, -5.42484608843097e-14, -6.92384891161638e-16, -7.76822659199959, -2.4465911822707e-13, 0.647352215999958, 2.79105454818525e-14, 0, 0, 0, 0, 0, 0, 0, 0, 0, 0, 0, 0
0, 0, 0, 0, 0, 0, 0, 0, 0, 0, 0, 0, 0, 0, 0, 0, -2.08160454202165e-13, -7.76822659200007, -1.41364847565971e-14, -0.647352216, 0.765083530233923, 15.6729220252694, 9.92282687183945e-16, -4.24215040197851e-14, -3.58932962611727e-13, -7.76822659199942, 2.4577016067133e-14, 0.647352215999965, 0, 0, 0, 0, 0, 0, 0, 0, 0, 0, 0, 0
0, 0, 0, 0, 0, 0, 0, 0, 0, 0, 0, 0, 0, 0, 0, 0, 0.647352216000005, 1.3393531732848e-14, 0.0359640120000009, 1.92908184122917e-15, -5.42484608843097e-14, 9.92282687183945e-16, 1.14085904700005, 4.34283838141166e-15, -0.647352215999968, -8.53406024674196e-15, 0.0359640119999981, 2.09776743291548e-15, 0, 0, 0, 0, 0, 0, 0, 0, 0, 0, 0, 0
0, 0, 0, 0, 0, 0, 0, 0, 0, 0, 0, 0, 0, 0, 0, 0, 7.27448950391931e-15, 0.647352215999999, 1.03977528952946e-15, 0.035964012, -6.92384891161638e-16, -4.24215040197851e-14, 4.34283838141166e-15, 1.14085904700009, -9.93119840553824e-15, -0.647352215999971, -2.37131515413116e-16, 0.0359640119999976, 0, 0, 0, 0, 0, 0, 0, 0, 0, 0, 0, 0
0, 0, 0, 0, 0, 0, 0, 0, 0, 0, 0, 0, 0, 0, 0, 0, 0, 0, 0, 0, -7.76822659199959, -3.58932962611727e-13, -0.647352215999968, -9.93119840553824e-15, 13.0889770461794, -0.807300953295692, 5.38562397593978e-14, -4.82978028069017e-14, -7.76822659200048, 3.33540362472985e-13, 0.647352216000031, -3.98663570969384e-14, 0, 0, 0, 0, 0, 0, 0, 0
0, 0, 0, 0, 0, 0, 0, 0, 0, 0, 0, 0, 0, 0, 0, 0, 0, 0, 0, 0, -2.4465911822707e-13, -7.76822659199942, -8.53406024674196e-15, -0.647352215999971, -0.807300953295692, 14.0887396623072, -5.8973327277639e-14, 1.74221673887587e-14, 8.74266429558089e-13, -7.7682265919996, -3.49058287709455e-14, 0.647352215999963, 0, 0, 0, 0, 0, 0, 0, 0
0, 0, 0, 0, 0, 0, 0, 0, 0, 0, 0, 0, 0, 0, 0, 0, 0, 0, 0, 0, 0.647352215999958, 2.4577016067133e-14, 0.0359640119999981, -2.37131515413116e-16, 5.38562397593978e-14, -5.8973327277639e-14, 1.14085904700008, 2.83667447497018e-17, -0.647352216000045, 2.15288393348561e-14, 0.0359640120000023, -2.811288304452e-15, 0, 0, 0, 0, 0, 0, 0, 0
0, 0, 0, 0, 0, 0, 0, 0, 0, 0, 0, 0, 0, 0, 0, 0, 0, 0, 0, 0, 2.79105454818525e-14, 0.647352215999965, 2.09776743291548e-15, 0.0359640119999976, -4.82978028069017e-14, 1.74221673887587e-14, 2.83667447497018e-17, 1.14085904700008, 3.90912431880808e-14, -0.64735221599998, -2.1327015513906e-15, 0.0359640119999983, 0, 0, 0, 0, 0, 0, 0, 0
0, 0, 0, 0, 0, 0, 0, 0, 0, 0, 0, 0, 0, 0, 0, 0, 0, 0, 0, 0, 0, 0, 0, 0, -7.76822659200048, 8.74266429558089e-13, -0.647352216000045, 3.90912431880808e-14, 15.947238926253, 1.28730959280296, -4.73133345337828e-14, 6.21592727055007e-14, -7.76822659199995, -6.8469482098051e-14, 0.647352215999969, 4.77623831035621e-15, 0, 0, 0, 0
0, 0, 0, 0, 0, 0, 0, 0, 0, 0, 0, 0, 0, 0, 0, 0, 0, 0, 0, 0, 0, 0, 0, 0, 3.33540362472985e-13, -7.7682265919996, 2.15288393348561e-14, -0.64735221599998, 1.28730959280296, 14.9700071270726, 2.7704369290799e-14, 4.79469692891144e-14, -1.37295939210644e-13, -7.76822659200018, 4.58786178380298e-15, 0.647352215999987, 0, 0, 0, 0
0, 0, 0, 0, 0, 0, 0, 0, 0, 0, 0, 0, 0, 0, 0, 0, 0, 0, 0, 0, 0, 0, 0, 0, 0.647352216000031, -3.49058287709455e-14, 0.0359640120000023, -2.1327015513906e-15, -4.73133345337828e-14, 2.7704369290799e-14, 1.14085904700006, -2.66118059181005e-15, -0.647352215999973, 4.22302172080939e-15, 0.0359640119999948, 1.56238904010406e-15, 0, 0, 0, 0
