16, 16, 16, 16, 16, 16, 16, 16, 16, 16, 16, 16, 16, 16, 16, 16, 16, 16, 16, 16, 16, 16, 16, 16, 16, 16, 16, 16, 16, 16, 16, 16, 16, 16, 16, 16, 16, 16, 16, 16, 16, 16, 16, 16, 16, 16, 16, 16, 16, 16, 16, 15.9950685393258, 15.9806784346718, 15.9572322449118, 15.9251325289129, 15.8847818455362, 15.8365827536362, 15.7809378120616, 15.7182495796555, 15.6489206152559, 15.5733534776961, 15.4919507258053, 15.4051149184094, 15.313248614331, 15.21675437239, 15.1160347514036, 15.011492310186, 14.9035296075478, 14.792549202295, 14.6789536532272, 14.5631455191358, 14.4455273588018, 14.3265017309927, 14.2064711944607, 14.0858383079401, 13.9650056301453, 13.8443757197701, 13.7243511354867, 13.6053344359465, 13.4877281797807, 13.3719349256016, 13.2583572320042, 13.1473976575669, 13.0394587608525, 12.9349431004074, 12.83425323476, 12.7377917224175, 12.6459611218605, 12.559163991536, 12.4778028898477, 12.4022803751423, 12.3329990056928, 12.270361339675, 12.2147699351357, 12.1666273499484, 12.1263361417486, 12.0942988678364, 12.0709180850218, 12.0565963493669, 12.0517362157252, 16, 15.9950736434305, 15.9806980787763, 15.957275101047, 15.9252065052424, 15.8848940863535, 15.8367396393631, 15.7811449592477, 15.7185118409797, 15.6492420795308, 15.573737469876, 15.4923998069991, 15.4056308858989, 15.3138325015966, 15.2174064491437, 15.1167545236316, 15.0122785201999, 14.9043802340455, 14.7934614604302, 14.6799239946868, 14.5641696322223, 14.4466001685177, 14.3276173991246, 14.2076231196573, 14.0870191257802, 13.9662072131927, 13.8455891776103, 13.7255668147446, 13.6065419202817, 13.4889162898613, 13.373091719057, 13.2594700033564, 13.1484529381435, 13.0404423186795, 12.9358399400822, 12.835047597301, 12.7384670850849, 12.6465001979383, 12.5595487937253, 12.4780149648184, 12.4023013987234, 12.3328117126869, 12.2699507889488, 12.2141250536684, 12.1657427186402, 12.1252140419817, 12.0929514923161, 12.0693699421925, 12.0548867447638, 12.0499218480285, 16, 15.9950796665577, 15.9807213800809, 15.9573261512968, 15.925294990917, 15.8850289096377, 15.8369289181412, 15.781396027097, 15.718831247166, 15.6496355890042, 15.57421006327, 15.4929556806319, 15.4062734517798, 15.3145643874371, 15.2182294983762, 15.1176697954343, 15.0132862895317, 14.9054799916894, 14.794651913046, 14.681203064872, 14.5655344585801, 14.4480471057298, 14.3291420180251, 14.2092202073038, 14.0886826855191, 13.9679304647129, 13.8473645569822, 13.7273859744412, 13.6083957291794, 13.4907948332205, 13.3749842984801, 13.2613651367269, 13.1503383595447, 13.0423049782944, 12.9376660040742, 12.8368224476725, 12.7401753195086, 12.6481256295531, 12.5610745135381, 12.4794235739118, 12.4035756016955, 12.3339352464486, 12.2709096876078, 12.2149091933229, 12.1663476049792, 12.1256428598044, 12.0932173205206, 12.0694981637042, 12.0549175345794, 12.0499127772082, 16, 15.9950917703893, 15.9807682063339, 15.9574287434085, 15.9254728171603, 15.8852998631088, 15.8373093167467, 15.7819006135422, 15.7194731889442, 15.6504264783893, 15.5751599173136, 15.4940729411668, 15.4075649854316, 15.3160354856474, 15.2198838774382, 15.119509596545, 15.0153120788605, 14.9076907604653, 14.7970450776634, 14.6837744670133, 14.5682783653526, 14.4509562098115, 14.3322074378137, 14.2124314870607, 14.0920277955002, 13.9713958012771, 13.850934942671, 13.7310446580214, 13.6121243856465, 13.4945735637587, 13.3787916303809, 13.2651780232664, 13.1541321798214, 13.0460535370294, 12.9413415313718, 12.840395598737, 12.7436151743069, 12.6513996924047, 12.564148835004, 12.4822632105239, 12.4061458133482, 12.3362033791293, 12.2728477425169, 12.2164969686282, 12.1675763344755, 12.1265193875724, 12.0937686149941, 12.0697762311894, 12.0550044939742, 12.0499261729396, 16, 15.9951038492754, 15.9808149366798, 15.9575311264718, 15.9256502828708, 15.8855702700558, 15.8376889521666, 15.7824041933063, 15.7201138575485, 15.6512158089472, 15.5761079115524, 15.4951880294315, 15.4088540266967, 15.3175037675397, 15.2215351162729, 15.1213459373769, 15.0173340955532, 14.909897455778, 14.7994338833565, 14.686341243971, 14.5710174037192, 14.4538602291375, 14.3352675872042, 14.2156373453196, 14.0953673712605, 13.9748555331098, 13.8544996991643, 13.7346977378239, 13.6158475174704, 13.4983469063407, 13.3825937724006, 13.2689859832241, 13.1579214058768, 13.0497979068019, 12.9450133517022, 12.8439656054047, 12.7470525316936, 12.6546719930858, 12.5672222106079, 12.4851027630012, 12.4087167848805, 12.3384730092985, 12.2747878129076, 12.2180869228834, 12.1688068980261, 12.1273967263086, 12.0943188367056, 12.0700502895514, 12.0550832569708, 12.0499257320389, 16, 15.9951157881959, 15.9808611259663, 15.9576323248886, 15.9258256964894, 15.8858375522428, 15.8380642035708, 15.7829019618474, 15.7207471384062, 15.6519960445544, 15.5770449915919, 15.4962902908394, 15.4101282536743, 15.3189551915759, 15.2231674161798, 15.1231612393409, 15.0193329732027, 14.9120789302698, 14.8017954234799, 14.6888787662691, 14.5737252726237, 14.4567312571131, 14.3382930348953, 14.2188069216931, 14.0986692337345, 13.9782762876618, 13.8580244004091, 13.7383098890568, 13.6195290706704, 13.5020782621316, 13.3863537799715, 13.2727519402078, 13.1616690581906, 13.0535014484511, 12.9486454245438, 12.8474972988687, 12.7504533824502, 12.6579099846422, 12.5702638731249, 12.4879135761769, 12.4112623204406, 12.3407207626608, 12.276709723312, 12.2196624717859, 12.1700267099357, 12.1282667115147, 12.0948646801633, 12.0703223454622, 12.0551616111574, 12.049925507835, 16, 15.995127589349, 15.9809067826867, 15.9577323572474, 15.9259990902031, 15.8861017586611, 15.8384351396646, 15.7833940101965, 15.7213731471898, 15.6527673275432, 15.5779713281457, 15.4973799259101, 15.4113878978176, 15.3203900209735, 15.2247810726749, 15.1249558304881, 15.0213090723355, 14.9142355765856, 14.8041301221432, 14.6913874885313, 14.5764024559566, 14.4595698053513, 14.3412843183818, 14.22194077742, 14.101933965471, 13.9816586660604, 13.8615096630836, 13.7418817406246, 13.623169682756, 13.5057682733286, 13.3900722957633, 13.2764765328484, 13.1653757665473, 13.0571647778097, 12.9522383463758, 12.8509912505558, 12.7538182669556, 12.661114170112, 12.5732742817526, 12.4906960590516, 12.4137827729503, 12.3429469309547, 12.2786137002339, 12.2212237738432, 12.1712358594418, 12.1291293635273, 12.0954060989303, 12.0705922896761, 12.055239390325, 12.0499252848992, 16, 15.9951392709622, 15.9809519772608, 15.9578313776579, 15.9261707308419, 15.8863632954245, 15.8388023299407, 15.7838810928544, 15.7219928425689, 15.6535308374462, 15.5788883358357, 15.4984585961138, 15.4126348767369, 15.3218104363075, 15.2263785336547, 15.1267324279269, 15.0232653786946, 14.9163706460592, 14.8064414907603, 14.6938711742743, 14.5790529588933, 14.4623801077764, 14.3442458849608, 14.2250435553284, 14.1051663845211, 13.9850076388072, 13.864960584901, 13.7454184897484, 13.6267746202867, 13.5094222431945, 13.3937546246417, 13.2801650300481, 13.1690467238526, 13.0607929692879, 12.9557970281468, 12.8544521605196, 12.757151624467, 12.6642886755864, 12.5762571946663, 12.4934535601955, 12.4162810530725, 12.3451539723142, 12.2805017486089, 12.2227723943061, 12.1724354999985, 12.1299854664183, 12.0959435647479, 12.0708603533663, 12.0553166715949, 12.0499250875897, 16, 15.9951508388325, 15.9809967320945, 15.9579294351714, 15.9263407033638, 15.8866222918833, 15.8391659558531, 15.7843634503136, 15.7226065302348, 15.654286950538, 15.5797964661292, 15.4995268319448, 15.4138698030123, 15.3232171345273, 15.2279605819464, 15.1284919010949, 15.0252028482862, 14.9184851804479, 14.808730655247, 14.6963310312046, 14.5816780677888, 14.4651635254742, 14.3471791657563, 14.2281167511134, 14.1083680449094, 13.9883248112389, 13.8683788147193, 13.748921820241, 13.6303455926898, 13.5130418966554, 13.3974024961416, 13.2838191542855, 13.1726836330889, 13.064387693157, 12.9593230934272, 12.8578815908643, 12.7604549400817, 12.6674348928392, 12.5792138927516, 12.4961872341329, 12.4187581763953, 12.3473427544499, 12.2823745836522, 12.2243088961944, 12.1736260481575, 12.1308353018306, 12.0964772420505, 12.0711266078189, 12.0553934636569, 12.0499248991082, 16, 15.9951622939294, 15.9810410509353, 15.9580265379929, 15.9265090219815, 15.8868787696794, 15.8395260477648, 15.7848411228212, 15.7232142613524, 15.6550357298062, 15.5806957946122, 15.5005847222336, 15.4150927792362, 15.3246102323753, 15.2295273487015, 15.1302343956829, 15.0271216413407, 14.9205793543935, 14.8109978043992, 14.698767261886, 14.5842779984589, 14.4679202868678, 14.3500844010252, 14.2311606159629, 14.1115392077227, 13.9916104531808, 13.8717646298121, 13.7523920154058, 13.6338828877502, 13.5166275243011, 13.4010162018517, 13.287439196213, 13.1762867819084, 13.067949231876, 12.9628168171604, 12.8612798065662, 12.7637284662286, 12.6705530590423, 12.5821445951711, 12.4988972792911, 12.4212143181735, 12.3495134275351, 12.2842323292957, 12.2258333769758, 12.1748075757951, 12.1316789178634, 12.0970071580089, 12.071391063221, 12.0554697647906, 12.0499247120475, 16, 15.9951736371467, 15.9810849372382, 15.9581226936861, 15.9266756997948, 15.8871327487565, 15.8398826336509, 15.7853141474523, 15.7238160830451, 15.6557772332509, 15.5815863908702, 15.5016323487404, 15.4163038998125, 15.3259898372485, 15.2310789545395, 15.1319600456425, 15.0290219051324, 14.9226533283629, 14.8132431116267, 14.7011800523018, 14.5868529489714, 14.470650601501, 14.3529618110584, 14.2341753800666, 14.1146801120817, 13.994864811597, 13.8751182837792, 13.7558293341513, 13.6373867682384, 13.5201793911974, 13.4045960074469, 13.2910254203088, 13.1798564316669, 13.0714778416326, 12.9662784482009, 12.864647046862, 12.7669724301214, 12.6736433868618, 12.5850494975702, 12.5015838720262, 12.4236496335825, 12.351666124207, 12.2860750949495, 12.2273459229247, 12.1759801470068, 12.1325163582822, 12.0975333388405, 12.0716537319847, 12.055545578319, 12.0499245263373, 16, 15.9951849012441, 15.9811285176526, 15.9582181795705, 15.9268412172247, 15.8873849607181, 15.8402367400297, 15.7857838850215, 15.724413725456, 15.6565135910263, 15.5824708114012, 15.5026727162896, 15.4175066355252, 15.327359899174, 15.2326198376646, 15.1336737819394, 15.0309090636233, 14.9247130152009, 14.8154729701945, 14.7035762633262, 14.5894102306506, 14.4733622096411, 14.3558195392124, 14.2371695596691, 14.1177996125714, 13.9980970405187, 13.8784491868583, 13.759243395335, 13.6408670096995, 13.5237073732986, 13.4081518286654, 13.2945877171232, 13.1834023784074, 13.0749831502958, 12.9697173682278, 12.8679923648756, 12.7701954696139, 12.6767140078147, 12.5879361297995, 12.5042538409978, 12.4260701466263, 12.3538059959212, 12.2879071274191, 12.2288498800594, 12.1771462469995, 12.1333493236859, 12.0980568130506, 12.0719151193976, 12.0556210715757, 12.0499243930208, 16, 15.9951960547827, 15.9811716706349, 15.9583127295064, 15.9270051132176, 15.8876347034539, 15.8405873817646, 15.7862490295714, 15.7250055281868, 15.6572427588467, 15.5833466027604, 15.50370294118, 15.4186976554936, 15.3287166273427, 15.2341457387645, 15.1353708723577, 15.0327779114669, 14.9267527403772, 14.8176812445085, 14.7059493105943, 14.5919428268268, 14.4760476829518, 14.3586497702944, 14.240134981703, 14.1208892114027, 14.0012983547592, 13.8817483079601, 13.7626249676311, 13.6443142304076, 13.527201992486, 13.4116741491745, 13.2981165944599, 13.1869152205922, 13.0784559176809, 12.9731245732775, 12.8713070719064, 12.7733892944849, 12.6797571175519, 12.5907972649875, 12.5069006326593, 12.4284700773836, 12.355928101239, 12.289724353336, 12.2303420375635, 12.1783034870194, 12.1341761720368, 12.0985765751976, 12.0721747117856, 12.0556960431578, 12.0499242088201, 16, 15.9952070985515, 15.9812143992357, 15.958406350174, 15.9271673993479, 15.887881994592, 15.8409345835936, 15.7867096139015, 15.7255915329454, 15.6579647880722, 15.5842138265987, 15.5047230958882, 15.4198770434506, 15.3300601170701, 15.2356567649595, 15.1370514359402, 15.0346285796425, 14.9287726467168, 14.8198680890453, 14.7082993599355, 14.5944509142791, 14.4787072086549, 14.3614527013577, 14.2430718523375, 14.1239491230416, 14.0044689761576, 13.8850158752689, 13.7659742844371, 13.6477286677377, 13.530663488772, 13.4151632101802, 13.3016122931696, 13.1903951970644, 13.0818963788669, 12.976500292804, 12.8745913898186, 12.7765541169396, 12.6827729164457, 12.5936330894852, 12.5095244172057, 12.4308495780652, 12.3580325730982, 12.2915268858263, 12.2318224891444, 12.1794519428307, 12.1349969638367, 12.0990926744972, 12.0724325524112, 12.0557705371009, 12.0499240266823, 16, 15.9952180335452, 15.9812567073011, 15.9584990499957, 15.9273280902062, 15.8881268563519, 15.8412783766933, 15.7871656793414, 15.7261717922791, 15.6586797433991, 15.5850725605619, 15.5057332716772, 15.4210449048123, 15.331390488329, 15.2371530510508, 15.1387156224563, 15.036461232895, 14.9307729138161, 14.8220336979956, 14.7106266197463, 14.5969347150893, 14.4813410218649, 14.3642285797647, 14.2459804302667, 14.1269796164647, 14.0076091827929, 13.8882521746533, 13.769291637967, 13.6511106186723, 13.5340921621996, 13.418619312945, 13.3050751137623, 13.1938426054772, 13.0853048264136, 12.9798448119054, 12.8778455937476, 12.7796901995183, 12.685761651677, 12.5964438323053, 12.5121254027007, 12.4332088332802, 12.3601195706538, 12.293314857307, 12.2332913400911, 12.1805916932485, 12.1358117532453, 12.0996051435265, 12.0726886566563, 12.0558445573297, 12.0499238461796, 16, 15.995228872615, 15.9812986444617, 15.9585909375526, 15.9274873737385, 15.8883695747012, 15.8416191619525, 15.7876177568437, 15.7267469805888, 15.6593884543049, 15.5859237990743, 15.5067346360314, 15.4222025864787, 15.3327092720342, 15.2386363148093, 15.140365337617, 15.0382779642032, 14.9327558194914, 14.8241805298269, 14.7129337232022, 14.5993970294405, 14.483952080316, 14.3669805095879, 14.2488639529317, 14.129984047757, 14.0107224329121, 13.8914607482856, 13.7725806343246, 13.654463731498, 13.5374916797324, 13.4220461178483, 13.3085086830155, 13.1972610102315, 13.0886847318144, 12.9831614768793, 12.8810728707502, 12.7828005342334, 12.6887260826521, 12.5992319904108, 12.5147058016212, 12.4355497570156, 12.3621907036656, 12.2950895760453, 12.2347496085596, 12.1817234864928, 12.1366210476346, 12.1001142868939, 12.0729431735053, 12.055918153432, 12.0499236828334, 16, 15.9952396315279, 15.9813402717775, 15.9586821467314, 15.9276454822003, 15.8886105038147, 15.8419574370238, 15.7880665071057, 15.7273179391919, 15.6600919583104, 15.5867687894516, 15.5077286576612, 15.4233517881634, 15.3340184065181, 15.2401087388112, 15.1420030118756, 15.0400814535385, 14.9347242928824, 14.8263117605062, 14.7152240887647, 14.6018415119658, 14.4865442664988, 14.369712590871, 14.2517267256349, 14.1329669131944, 14.0138133974902, 13.8946464235747, 13.7758462370989, 13.6577930837394, 13.5408672085969, 13.425448855595, 13.3119182668984, 13.2006556823573, 13.0920413389658, 12.9864554703038, 12.8842783059097, 12.7858900705062, 12.6916709829709, 12.6020021207254, 12.517269912714, 12.4378763479292, 12.3642496283227, 12.2968543131107, 12.2362001377479, 12.182849695177, 12.1374267064695, 12.100621408578, 12.073196809383, 12.0559915570371, 12.0499235812452, 16, 15.9952503153545, 15.9813816087229, 15.9587727199445, 15.9278024886764, 15.8888497543843, 15.8422933563416, 15.78851213364, 15.7278849252155, 15.6607905698937, 15.5876079064602, 15.5087157737586, 15.4244930108219, 15.3353184570387, 15.2415709523554, 15.1436293375112, 15.0418724543003, 14.9366791458496, 14.8284282568956, 14.7174986340395, 14.6042691259569, 14.4891185835339, 14.372425859907, 14.2545698103862, 14.135929292249, 14.0168831644072, 13.8978102869555, 13.7790895206267, 13.6610997261834, 13.5442197637788, 13.4288284923183, 13.3153047688417, 13.2040274479324, 13.0953753811427, 12.9897274164009, 12.8874623973454, 12.7889591625027, 12.6945965441951, 12.6047542327549, 12.5198175432546, 12.4401882084348, 12.3662957570623, 12.2986083234911, 12.2376420754695, 12.1839694280496, 12.1382278854485, 12.1011258151986, 12.0734491437978, 12.0560645958075, 12.0499234456287, 16, 15.9952609059843, 15.9814225853014, 15.9588625039574, 15.9279581277661, 15.8890869223389, 15.8426263530838, 15.7889538852165, 15.728446983788, 15.6614831137325, 15.5884397399412, 15.5096943273666, 15.4256243411607, 15.3366072468515, 15.243020510556, 15.1452415992292, 15.0436479809418, 14.9386171251734, 14.8305265031057, 14.7197535878935, 14.6066758548854, 14.4916707817692, 14.3751158486143, 14.2573885377901, 14.1388663337497, 14.0199267226765, 13.9009471920076, 13.7823052298578, 13.6643783243751, 13.5475439630658, 13.4321796321182, 13.3186628157488, 13.2073709955779, 13.0986816500207, 12.9929722536608, 12.8906202765455, 12.7920031833172, 12.6974984320577, 12.6074843383292, 12.5223451070758, 12.4424821940008, 12.3683264105472, 12.300349400708, 12.2390736800323, 12.185081384529, 12.1390236859295, 12.1016269554701, 12.0736999028853, 12.0561371880508, 12.0499232859215, 16, 15.9952714430434, 15.9814633548562, 15.9589518348058, 15.9281129820566, 15.8893228955599, 15.8429576740527, 15.7893934160692, 15.7290062199696, 15.662172183991, 15.589267406325, 15.5106679852271, 15.426750019163, 15.3378896069939, 15.2444628482018, 15.1468458431515, 15.0454146933834, 14.9405455019231, 14.8326143735907, 14.7219974152861, 14.609070736223, 14.4942104480818, 14.377792665055, 14.2601935037616, 14.1417890830191, 14.0229555234716, 13.9040689470873, 13.785505476551, 13.6676412345853, 13.5508523432379, 13.4355149231692, 13.3220050929626, 13.2106989684656, 13.101972662148, 12.9962022824415, 12.8937639329964, 12.7950337117665, 12.7003877097909, 12.6102028750616, 12.5248623010632, 12.4447671408353, 12.3703494397301, 12.3020842814449, 12.2405004404457, 12.1861897600884, 12.139817051664, 12.1021266509634, 12.0739500033399, 12.056209650666, 12.0499232120881, 16, 15.9952818932124, 15.9815037884118, 15.9590404297846, 15.9282665613047, 15.8895569267216, 15.8432862695597, 15.7898293331303, 15.7295608605618, 15.662855594853, 15.5900882789542, 15.5116336558831, 15.4278664688776, 15.3391614615908, 15.2458933783276, 15.1484369643207, 15.0471669660377, 14.9424581315068, 14.8346852106424, 14.724222955545, 14.6114461207471, 14.4967294633751, 14.3804477431966, 14.2629757225313, 14.1446881660114, 14.025959840191, 13.9071655130182, 13.7886799531966, 13.6708779294718, 13.5541342098824, 13.4388235610103, 13.3253207472563, 13.214000530147, 13.1052376676603, 12.9994069135307, 12.896883016469, 12.7980407191998, 12.7032547571825, 12.6129007223054, 12.5273606043106, 12.4470352370903, 12.3723578603669, 12.3038069369071, 12.2419174203098, 12.1872907644546, 12.1406053090355, 12.1026232320992, 12.0741985838826, 12.056281651846, 12.0499230598857, 16, 15.9952922510384, 15.9815438649025, 15.9591282427964, 15.9284187857012, 15.8897888943634, 15.8436119692933, 15.7902614107778, 15.7301106189123, 15.6635329936556, 15.5909019349161, 15.512590842672, 15.4289731171321, 15.3404221589398, 15.2473113694215, 15.1500141508751, 15.0489039068927, 14.944354042702, 14.8367379655073, 14.7264290848044, 14.6138008126389, 14.4992265637757, 14.3830797557491, 14.2657338087702, 14.1475621454753, 14.0289381905175, 13.9102353700133, 13.791827110873, 13.6740868400533, 13.5573879837719, 13.4421039667217, 13.3286082113108, 13.2172741369364, 13.1084751592773, 13.0025846895662, 12.8999761337711, 12.8010228915877, 12.7060983550982, 12.6155767722945, 12.5298390324643, 12.4492856296642, 12.3743509544538, 12.3055167842291, 12.2433241682971, 12.1883840707374, 12.1413882451014, 12.1031165860874, 12.0744456148334, 12.0563532247683, 12.0499229019052, 16, 15.9953025173024, 15.9815835873484, 15.9592152804551, 15.9285696667062, 15.8900188159404, 15.8439347977492, 15.7906896814909, 15.7306555363232, 15.664204431261, 15.5917084352661, 15.513539617373, 15.430070046857, 15.3416717934473, 15.2487169275865, 15.151577520733, 15.0506256456974, 14.9462333770003, 14.8387727912287, 14.7286159673659, 14.616134987061, 14.5017019348072, 14.3856888979944, 14.2684679668123, 14.1504112339884, 14.0318907943606, 13.9132787442987, 13.7949471810051, 13.6772682017328, 13.5606139029639, 13.4453563795883, 13.3318677241089, 13.2205200258817, 13.1116853703767, 13.0057358384162, 12.9030435053199, 12.8039804398511, 12.708918702815, 12.618231210411, 12.5322977547103, 12.4515184694268, 12.37632885282, 12.3072139330616, 12.2447207724966, 12.189469745977, 12.1421659073755, 12.103606743529, 12.0746911136443, 12.0564243786833, 12.0499227453428, 16, 15.9953126928015, 15.9816229588323, 15.9593015495119, 15.9287192160168, 15.8902467092677, 15.8442547799276, 15.7911141784164, 15.7311956549441, 15.6648699595723, 15.5925078423065, 15.5144800532278, 15.4311573426681, 15.3429104614327, 15.2501101610701, 15.1531271941884, 15.0523323148059, 14.9480962787241, 14.8407898439005, 14.7307837707918, 14.6184488226367, 14.504155765641, 14.3882753690335, 14.271178404965, 14.1532356482354, 14.0348178758478, 13.9162958664059, 13.7980403993838, 13.6804222543104, 13.5638122099128, 13.4485810432587, 13.3350995289274, 13.2237384382173, 13.1148685383738, 13.0088605917959, 12.9060853551435, 12.8069135782389, 12.711716002605, 12.6208642246471, 12.5347369424061, 12.4537339089219, 12.3782916874044, 12.3088984935249, 12.2461073207393, 12.1905478561276, 12.1429383413422, 12.1040937319232, 12.0749350934469, 12.056495117141, 12.0499225901362, 16, 15.9953227783245, 15.9816619824038, 15.9593870566456, 15.9288674452046, 15.8904725919693, 15.8445719405605, 15.7915349343452, 15.7317310164723, 15.6655296299357, 15.5933002176709, 15.5154122226919, 15.4322350882732, 15.3441382581816, 15.2514911769577, 15.1546632902442, 15.0540240451516, 14.9499428906468, 14.8427892779406, 14.732932660846, 14.6207424960721, 14.5065882434178, 14.3908393658301, 14.2738653292991, 14.1560356025741, 14.0377196567003, 13.9192869643909, 13.8011069992675, 13.6835492350108, 13.5669831444687, 13.4517781987637, 13.3383038664294, 13.226929612585, 13.1180248981326, 13.0119591789297, 12.9091019048613, 12.8098225186957, 12.714490454564, 12.6234760009716, 12.5371567650644, 12.4559320990513, 12.3802395887269, 12.3105705745573, 12.2474838999174, 12.1916184664441, 12.1437055920126, 12.1045775784957, 12.0751775672613, 12.0565654436911, 12.0499224362713, 16, 15.9953327746519, 15.9817006610806, 15.9594718084645, 15.9290143657193, 15.8906964814841, 15.8448863041199, 15.7919519817238, 15.7322616621666, 15.6661834931576, 15.5940856223452, 15.5163361974592, 15.4333033664996, 15.3453552779779, 15.2528600812087, 15.1561859266516, 15.055700966291, 14.95177335404, 14.8447712461428, 14.735062801548, 14.6230161822137, 14.508999553309, 14.3933810832749, 14.2765289437162, 14.1588113091059, 14.0405963563046, 13.9222522639081, 13.8041472114579, 13.6866493785595, 13.5701269439545, 13.454948084594, 13.3414809747403, 13.23009378511, 13.1211546820387, 13.0150318266221, 12.9120933737517, 12.8127074709259, 12.717242256671, 12.6260667233838, 12.5395573904006, 12.4581131891147, 12.3821726859206, 12.312230283939, 12.2488505959988, 12.1926816414872, 12.1444677039187, 12.1050583101821, 12.0754185479685, 12.0566353618453, 12.0499222837337, 16, 15.9953426825558, 15.9817389978485, 15.9595558115078, 15.9291599888909, 15.890918395068, 15.8451978948211, 15.7923653526585, 15.7327876328535, 15.6668315995117, 15.5948641166757, 15.5172520484718, 15.4343622593067, 15.3465616141167, 15.2542169786713, 15.1576952199271, 15.0573632064218, 14.9535878086934, 14.8467358996982, 14.7371743551973, 14.625270054074, 14.5113898785429, 14.3959007142136, 14.2791694499781, 14.1615629777059, 14.0434481917443, 13.9251919882424, 13.8071612643329, 13.6897229172163, 13.5732438431995, 13.4580909367334, 13.3446310894824, 13.2332311894339, 13.1242581200328, 13.0180787592903, 12.9150599787836, 12.8155686424236, 12.7199716048165, 12.6286365739398, 12.5419389843567, 12.460277326832, 12.3840911067509, 12.3138777283076, 12.2502074940398, 12.1937374451329, 12.1452247211202, 12.1055359536324, 12.0756580483132, 12.0567048750781, 12.0499221325094, 16, 15.9953525028004, 15.9817769956625, 15.9596390722466, 15.9293043259309, 15.8911383497968, 15.8455067366268, 15.7927750789202, 15.7333089689327, 15.6674739987465, 15.5956357603781, 15.5181598459305, 15.4354118477967, 15.347757358918, 15.2555619730979, 15.159191285369, 15.0590108924012, 14.9553863929353, 14.8486833882168, 14.7392674823956, 14.6275042828557, 14.5137594004315, 14.3983984494743, 14.2817870477359, 14.1642908160531, 14.0462753778308, 13.9281063583418, 13.8101493838794, 13.6927700808091, 13.5763340745732, 13.4612069886938, 13.3477544438085, 13.236342056749, 13.127335439644, 13.0211001989965, 12.9180019346481, 12.8184062385028, 12.7226786928313, 12.6311857327793, 12.5443017111261, 12.4624246583647, 12.385994977634, 12.3155130131741, 12.2515546781973, 12.1947859405812, 12.1459766872104, 12.1060105352144, 12.0758960809051, 12.0567739868272, 12.0499219825846, 16, 15.9953622361419, 15.9818146574465, 15.9597215970843, 15.9294473879342, 15.8913563625683, 15.8458128532497, 15.7931811919485, 15.7338257103831, 15.6681107400921, 15.596400612546, 15.5190596593045, 15.4364522122271, 15.3489426037397, 15.2568951671595, 15.1606742370741, 15.0606441497643, 14.9571692436521, 14.850613859749, 14.7413423420705, 14.6297190379766, 14.516108298396, 14.4008744778949, 14.2843819345576, 14.1669950296597, 14.0490781271344, 13.9309955928482, 13.8131117937252, 13.6957910967661, 13.5793978680188, 13.4642964715474, 13.3508512684352, 13.239426615831, 13.1303868660222, 13.0240963654799, 12.9209194537887, 12.8212204623269, 12.7253637125138, 12.6337143781512, 12.5466457331768, 12.4645553283366, 12.3878844236551, 12.3171362429377, 12.2528922317415, 12.1958271903661, 12.1467236453232, 12.1064820810183, 12.076132658221, 12.0568427004942, 12.0499218339455, 16, 15.9953718833287, 15.9818519860941, 15.9598033923578, 15.9295891858802, 15.8915724501048, 15.8461162681564, 15.7935837228569, 15.7343378967685, 15.6687418722672, 15.597158731659, 15.5199515573415, 15.4374834320215, 15.3501174389905, 15.25821666246, 15.1621441879534, 15.0622631027417, 14.9589364963072, 14.8525274608062, 14.7433990914973, 14.6319144870929, 14.5184367499918, 14.4033289863498, 14.2869543059569, 14.1696758219005, 14.0518566500137, 13.9338599081287, 13.8160487151711, 13.6987861901482, 13.5824354510851, 13.4673596139603, 13.3539217916756, 13.2424850930715, 13.1334126219698, 13.0270674761875, 12.9238127464317, 12.8240115149374, 12.7280268536576, 12.6362226864391, 12.5489712112747, 12.466669479855, 12.3897595685867, 12.3187475209012, 12.2542202370671, 12.1968612563642, 12.1474656381387, 12.1069506168594, 12.0763677926063, 12.0569110194449, 12.0499216865786, 16, 15.9953814451014, 15.9818889844692, 15.9598844643387, 15.9297297306347, 15.8917866289555, 15.8464170045704, 15.7939827024364, 15.7348455672425, 15.669367443486, 15.5979101755911, 15.5208356080768, 15.4385055857805, 15.3512819541424, 15.2595265595512, 15.1636012497481, 15.0638678742765, 14.9606882849604, 14.8544243363816, 14.7454378863212, 14.6340907961232, 14.520744930934, 14.4057621597757, 14.2895043554201, 14.1723333940409, 14.0546111546458, 13.9366995183056, 13.8189603672215, 13.7017555836806, 13.5854470489591, 13.4703966422241, 13.3569662394714, 13.2455177125098, 13.1364129279734, 13.030013746305, 12.9266820206161, 12.8267795952826, 12.7306683040783, 12.6387108321865, 12.5512783045067, 12.468767254531, 12.3916205349057, 12.3203469492855, 12.2555387757059, 12.1978881998035, 12.14820270789, 12.1074161682828, 12.0766014962775, 12.0569789470098, 12.0499215404707, 16, 15.9953909221929, 15.9819256554057, 15.9599648192334, 15.9298690329515, 15.8919989154988, 15.8467150854754, 15.7943781611601, 15.7353487605549, 15.6699875014646, 15.5986550016185, 15.5217118788433, 15.4395187512933, 15.3524362377435, 15.2608249579458, 15.1650455330449, 15.0654585860419, 14.9624247422867, 14.8563046299701, 14.7474588805792, 14.6362481292713, 14.5230330151213, 14.4081741811978, 14.2920322744331, 14.1749679452655, 14.0573418470545, 13.9395146352867, 13.8218469666154, 13.704699497784, 13.5884328844969, 13.4734077802876, 13.3599848354244, 13.2485246958642, 13.1393880022345, 13.0329353887869, 12.9295274822224, 12.829524900245, 12.73328824964, 12.6411789881212, 12.5535671703028, 12.4708487924991, 12.3934674438115, 12.3219346292443, 12.2568479283376, 12.1989080812722, 12.1489348963684, 12.1078787605665, 12.0768337813228, 12.0570464864847, 12.0499213956085, 16, 15.9954003153286, 15.9819620017087, 15.9600444631849, 15.9300071034734, 15.8922093259443, 15.8470105336188, 15.7947701291875, 15.7358475150564, 15.6706020934282, 15.5993932664279, 15.5225804362804, 15.4405230055477, 15.3535803774298, 15.2621119561319, 15.1664771472919, 15.0670353584577, 14.9641459995939, 14.8581684835885, 14.7494622267213, 14.6383866490491, 14.5253011746605, 14.4105652317549, 14.294538252508, 14.1775796727053, 14.0600489311396, 13.9423054687945, 13.8247087278559, 13.7076181506049, 13.591393178255, 13.4763932497882, 13.3629778008279, 13.2515062625629, 13.1423380607, 13.0358326143863, 12.9323493350014, 12.8322476246693, 12.7358868742813, 12.6436273251796, 12.5558379644584, 12.4729142324376, 12.3953004152422, 12.3235106608781, 12.2581477748019, 12.1999209607272, 12.1496622449298, 12.1083384187249, 12.0770646597049, 12.057113641131, 12.0499212519792, 16, 15.9954096252267, 15.9819980261542, 15.9601234022727, 15.9301439527343, 15.8924178763354, 15.847303371514, 15.7951586363684, 15.7363418687038, 15.6712112661168, 15.6001250261237, 15.5234413463436, 15.4415184247413, 15.3547144599376, 15.2633876515861, 15.1678962008129, 15.0685983107069, 14.9658521868415, 14.8600160377946, 14.751448075631, 14.6405065162985, 14.5275495798899, 14.4129354907241, 14.2970224772092, 14.180168771465, 14.0627326087045, 13.9450722263946, 13.8275458632401, 13.7105117580457, 13.5943281485206, 13.4793532700819, 13.3659453546965, 13.2544626297743, 13.1452633170916, 13.0387056316835, 12.9351477806025, 12.8349479613893, 12.7384643600406, 12.6460560125304, 12.558090841156, 12.4749637115873, 12.397119567892, 12.3250751432484, 12.2594383941093, 12.2009268975026, 12.1503847945006, 12.1087951675126, 12.077294143262, 12.0571804141762, 12.0499211095699, 16, 15.9954188806895, 15.9820338402644, 15.9602018809981, 15.930280004817, 15.8926252132824, 15.8475945075876, 15.7955448885767, 15.7368333567932, 15.6718169125657, 15.6008525561408, 15.5242972878698, 15.4425081084593, 15.3558420192893, 15.2646560227998, 15.1693071229432, 15.0701523256873, 14.9675486395512, 14.8618530761401, 14.75342265064, 14.6426143822252, 14.5297852943277, 14.415292414721, 14.299492775379, 14.1827434120895, 14.0654013638185, 13.9478236718491, 13.8303673787374, 13.7133895271444, 13.597247158608, 13.4822973123141, 13.3688970239067, 13.2574033243518, 13.1481732388309, 13.0415637856043, 12.9379319747358, 12.8376348065224, 12.7410292694086, 12.6484732013446, 12.5603334589466, 12.4770043111699, 12.3989313177204, 12.3266337360587, 12.2607245957944, 12.2019297542485, 12.1511053614155, 12.1092507997231, 12.0775231463285, 12.0572471088519, 12.0499210501335, 16, 15.995428054692, 15.9820693393914, 15.9602796699171, 15.9304148617322, 15.8928307299253, 15.847883089207, 15.7959277539301, 15.7373205381385, 15.672417255656, 15.6015737202215, 15.5251457456816, 15.443489146247, 15.3569597368191, 15.2659133333868, 15.1707057534902, 15.0716928167376, 14.9692303453546, 14.8636741647332, 14.7553801039401, 14.6447039961345, 14.5320016788451, 14.4176289940559, 14.3019417880623, 14.1852959110747, 14.0680472165659, 13.9505515603885, 13.8331647997033, 13.7162427917807, 13.6001413927408, 13.4852164562924, 13.3718238325118, 13.2603193666771, 13.1510588981329, 13.0443982591235, 12.9406932734854, 12.8402997550358, 12.7435735054328, 12.6508711753733, 12.5625585583365, 12.4790293080829, 12.4007295613799, 12.3281810429393, 12.2620017816616, 12.2029258262131, 12.1518212337925, 12.109703574802, 12.0777507571492, 12.0573133787714, 12.0499209083464, 16, 15.9954371818, 15.9821046572548, 15.9603570619871, 15.9305490312545, 15.8930351999308, 15.8481702025023, 15.7963086730884, 15.737805245492, 15.6730145532897, 15.6022912299715, 15.5259899091372, 15.4444652247601, 15.3580718115208, 15.2671643052152, 15.1720973432288, 15.0732255650678, 14.9709036129213, 14.8654861322254, 14.7573277721835, 14.6467831861953, 14.5342070321414, 14.4199539724711, 14.3043786740556, 14.1878358077811, 14.0706800478809, 13.9532660710301, 13.8359485552468, 13.719082178664, 13.6030216182372, 13.4881215484515, 13.3747366400697, 13.2632215589365, 13.1539309648153, 13.0472195101912, 12.9434418389309, 12.8429525846307, 12.7461063684236, 12.6532586600156, 12.564774187837, 12.4810459677087, 12.4025206707989, 12.3297224281137, 12.2632742538401, 12.2039183590343, 12.1525346664517, 12.1101548825559, 12.0779776864866, 12.0573795018047, 12.0499208355186, 16, 15.9954462279426, 15.9821396620468, 15.9604337684325, 15.9306820128461, 15.8932378606406, 15.8484547767724, 15.7966862258217, 15.7382856720444, 15.673606579465, 15.6030024120184, 15.5268266337523, 15.4454327090966, 15.3591741032057, 15.2684042823759, 15.1734767145322, 15.0747448697714, 14.9725622209391, 14.8672822442068, 14.7592584196057, 14.6488442314664, 14.5363931687104, 14.4222587249405, 14.3067943982909, 14.1903536910101, 14.0732901087775, 13.955957159776, 13.8387083535662, 13.7218971998286, 13.6058772070394, 13.491001881146, 13.3776247242846, 13.2660992335548, 13.1567788998276, 13.0500172065203, 12.9461676282226, 12.8455836290056, 12.7486186601751, 12.6556270211479, 12.5669723778442, 12.4830470899852, 12.4042983251886, 12.3312525646181, 12.2645377344397, 12.2049041199076, 12.1532434085302, 12.1106033318184, 12.0782032215683, 12.0574452032425, 12.0499206956168, 16, 15.9954551934616, 15.9821743550881, 15.9605097921462, 15.9308138115198, 15.8934387196905, 15.8487368227337, 15.79706042634, 15.7387618358679, 15.6741933564386, 15.6037072930819, 15.5276559509428, 15.446391635557, 15.3602666532019, 15.2696333113234, 15.1748439190343, 15.0762507876705, 14.9742062313812, 14.8690625677206, 14.7611721181937, 14.6508872087073, 14.5385601698677, 14.4245433370748, 14.3091890503677, 14.1928496539992, 14.0758774957355, 13.9586249259073, 13.8414442962581, 13.724687958656, 13.6087082637384, 13.493857559556, 13.3804881902603, 13.2689524948488, 13.1596028059449, 13.0527914485438, 12.9488707386066, 12.8481929813292, 12.7511104688438, 12.6579763409346, 12.5691532035604, 12.4850327423842, 12.4060625839003, 12.3327715038321, 12.2657922676977, 12.2058831475563, 12.1539474957585, 12.1110489588134, 12.0784274036102, 12.0575105348355, 12.0499205575258, 16, 15.9954640871654, 15.9822087704225, 15.960585207653, 15.9309445563477, 15.8936379735855, 15.8490166160301, 15.7974316399513, 15.7392342012794, 15.6747754557018, 15.6044065588123, 15.5284786663222, 15.4473429343423, 15.3613505197421, 15.2708525805857, 15.1762002766423, 15.0777447699548, 14.975837225444, 14.8708288115132, 14.7630707006078, 14.6529140696757, 14.5407101004732, 14.4268099796605, 14.3115648986448, 14.1953260531449, 14.0784446424755, 13.9612718685764, 13.8441589348346, 13.7274570447666, 13.6115174006321, 13.4966912020471, 13.3833296446406, 13.2717839187714, 13.1624052082802, 13.0555446892062, 12.9515535283497, 12.8507828815016, 12.7535838910924, 12.6603085467501, 12.5713183958922, 12.4870044397449, 12.4078147338667, 12.3342803008596, 12.267038681027, 12.2068560540175, 12.154647345385, 12.1114920149287, 12.0786503554563, 12.0575755366149, 12.0499204326242, 16, 15.9954729148319, 15.9822429303848, 15.9606600638552, 15.9310743320399, 15.8938357513151, 15.8492943376322, 15.7978001065402, 15.7397030732408, 15.6753532526875, 15.6051006597379, 15.5292953093695, 15.4482872169683, 15.3624263986949, 15.2720628719316, 15.177546655803, 15.0792277717578, 14.9774562441866, 14.8725821010398, 14.7649553743999, 14.6549261009527, 14.5428443222996, 14.4290600850561, 14.3139234406914, 14.1977844450837, 14.0809931577889, 13.963899641048, 13.8468539585838, 13.7302061742533, 13.6143063506312, 13.4995045475912, 13.3861508209336, 13.2745952210732, 13.1651877917633, 13.0582785687843, 12.9542175784743, 12.8533548359195, 12.756040342552, 12.6626249465487, 12.5734691369998, 12.4889632240325, 12.4095556667778, 12.3357796919018, 12.2682775552926, 12.2078232707594, 12.155343251555, 12.1119326754569, 12.0788721585999, 12.0576402280276, 12.0499203168231, 16, 15.9954816769442, 15.9822768368431, 15.9607343648437, 15.9312031456849, 15.8940320636756, 15.8495700026911, 15.7981658461955, 15.7401684772982, 15.6759267788547, 15.6057896336226, 15.5301059244817, 15.4492245347289, 15.3634943484524, 15.2732642509879, 15.1788831294511, 15.0806998733314, 14.9790633751238, 14.87432253096, 14.7668262411928, 14.6569234108784, 14.5449629500954, 14.4312937740455, 14.3162648028902, 14.2002249612967, 14.0835231776909, 13.966508383244, 13.8495295106429, 13.7329354927135, 13.617075260974, 13.5022977441854, 13.388951866949, 13.2773865483663, 13.1679507007352, 13.0609932282107, 12.9568630253034, 12.8559089750318, 12.7584799464683, 12.6649256549808, 12.5756055315332, 12.4909091885188, 12.4112854633208, 12.337269744152, 12.2695089436986, 12.2087848370092, 12.1560352401162, 12.1123709541057, 12.0790928165271, 12.0577046049588, 12.0499202017362, 16, 15.9954903739473, 15.9823104915182, 15.9608081143874, 15.9313310038128, 15.8942269206135, 15.849843625166, 15.7985288774268, 15.7406304369902, 15.6764960631915, 15.6064735152654, 15.5309105525718, 15.4501549348958, 15.3645544228303, 15.2744567782417, 15.1802097648133, 15.082161148652, 14.980658698933, 14.8760501885443, 14.7686833946843, 14.6589060993534, 14.5470660896803, 14.4335111580257, 14.3185891018149, 14.2026477230752, 14.086034827673, 13.9690982242795, 13.8521857231155, 13.735645134546, 13.6198242676027, 13.5050709285043, 13.3917329192245, 13.2801580361237, 13.1706940686179, 13.063688797811, 12.9594899949625, 12.8584454196012, 12.7609028170204, 12.6672107783619, 12.5777276766595, 12.4928424199751, 12.4130041987998, 12.3387505206776, 12.2707328967189, 12.2097407907983, 12.1567233373898, 12.1128068668568, 12.079312336928, 12.0577686695548, 12.0499200874256, 16, 15.9954990062832, 15.9823438961194, 15.9608813162298, 15.9314579129103, 15.8944203320092, 15.8501152189231, 15.79888921862, 15.7410889756985, 15.6770611344925, 15.6071523392335, 15.5317092342802, 15.4510784644254, 15.3656066752855, 15.2756405137766, 15.181526628668, 15.0836116712022, 14.9822422957523, 14.8777651604801, 14.7705269279457, 14.6608742656094, 14.5491538461655, 14.4357123476474, 14.320896453258, 14.2050528508971, 14.0885282323841, 13.971669292402, 13.8548227272172, 13.7383352332453, 13.6225535055433, 13.5078242363002, 13.3944941133752, 13.2829098189015, 13.1734180279281, 13.0663654070245, 12.962098612717, 12.8609642895644, 12.7633090676031, 12.6694804222739, 12.579835668871, 12.4947630045652, 12.4147119479868, 12.3402220840945, 12.2719494644598, 12.2106911698722, 12.1574075694872, 12.1132404295469, 12.0795307273965, 12.0578324238932, 12.0499199738852, 16, 15.9955075743907, 15.9823770523437, 15.9609539740877, 15.9315838794177, 15.8946123076722, 15.850384797729, 15.7992468880293, 15.7415441166368, 15.6776220213457, 15.6078261398455, 15.5325020099553, 15.4519951699366, 15.3666511588908, 15.2768155172441, 15.1828337873131, 15.0850515139361, 14.9838142451438, 14.8794675328311, 14.7723569333785, 14.6628280081645, 14.5512263239056, 14.4378974527646, 14.3231869721776, 14.207440464372, 14.0910035155745, 13.9742217149341, 13.8574406532164, 13.7410059213415, 13.6252631088461, 13.5105578023438, 13.3972355840346, 13.2856420302807, 13.1761227102215, 13.0690231843506, 12.9646890029212, 12.8634657039842, 12.7656988107832, 12.671734691525, 12.5819296039505, 12.4966710278173, 12.4164087851004, 12.341684496554, 12.2731586966546, 12.2116360116948, 12.1580879623243, 12.1136716578945, 12.0797479954697, 12.0578958700364, 12.0499198611091, 16, 15.9955160787055, 15.9824099618762, 15.9610260916514, 15.931708909729, 15.8948028573415, 15.8506523752519, 15.7996019037778, 15.7419958828525, 15.6781787521342, 15.6084949511744, 15.5332889196564, 15.4529050977143, 15.3676879263382, 15.2779818478683, 15.1841313065713, 15.0864807492843, 14.9853746260983, 14.8811573910432, 14.774173502721, 14.6647674248287, 14.5532836265053, 14.4400665824418, 14.3254607727055, 14.2098106822493, 14.0934608001041, 13.9767556182815, 13.8600396304431, 13.7436573304097, 13.6279532105945, 13.5132717604329, 13.3999574648637, 13.2883548028767, 13.1788082461017, 13.0716622573574, 12.9672612890267, 12.8659497810573, 12.7680721583066, 12.6739736901573, 12.5840095769783, 12.49856657463, 12.4180947838112, 12.3431378197468, 12.274360642667, 12.212575353451, 12.1587645416238, 12.1141005675004, 12.0799641486287, 12.0579590100315, 12.0499197490916, 16, 15.9955245196604, 15.9824426263895, 15.9610976725845, 15.9318330101925, 15.8949919906867, 15.8509179650619, 15.7999542838592, 15.7424442972282, 15.678731355038, 15.609158807049, 15.5340700031557, 15.4538082937116, 15.3687170299423, 15.2791395644485, 15.1854192517933, 15.0878994491584, 14.9869235170406, 14.8828348199496, 14.7759767270532, 14.6666926127106, 14.5553258568258, 14.4422198449601, 14.3277179681536, 14.2121636224251, 14.0959002079497, 13.9792711279413, 13.8626197872969, 13.7462895910779, 13.6306239429135, 13.5159662434011, 13.4026598885591, 13.291048268347, 13.1814747652277, 13.0742827526893, 12.9698155935901, 12.868416638122, 12.7704292211061, 12.6761975214532, 12.586075682338, 12.5004497292775, 12.4197700172458, 12.344582114907, 12.2755553514942, 12.2135092320491, 12.1594373329168, 12.1145271738489, 12.0801791942982, 12.0580218459101, 12.0499196378273, 16, 15.9955329242188, 15.9824751501613, 15.9611689452835, 15.9319565765831, 15.8951803105751, 15.8511824132877, 15.8003051502868, 15.7428907867395, 15.6792815875274, 15.6098198174212, 15.5348477413281, 15.4547076246223, 15.3697417335661, 15.2802923358218, 15.1867017010503, 15.0893121015785, 14.9884658131097, 14.8845051154335, 14.7777722930835, 14.6686096358805, 14.5573594392925, 14.4443640045499, 14.3299656384634, 14.2145066529157, 14.0983293640235, 13.9817760910004, 13.8651891547759, 13.7489108764488, 13.6332835756618, 13.5186495689721, 13.4053511682755, 13.2937306792996, 13.1841304001394, 13.0768926197525, 12.9723596162732, 12.8708736549394, 12.7727769853391, 12.6784127007159, 12.5881338837313, 12.5023258196564, 12.4214390899662, 12.3460212120827, 12.2767458639545, 12.2144399209024, 12.1601079006438, 12.1149524274925, 12.080393600906, 12.0580845324304, 12.0499195735569, 16, 15.9955412659381, 15.982507430928, 15.961239685762, 15.9320792207661, 15.8953672257748, 15.8514448901273, 15.8006534026921, 15.7433339519318, 15.6798277260183, 15.6104759130104, 15.5356197011057, 15.4556002789773, 15.3707588362018, 15.2814365637806, 15.1879746547493, 15.0907143048574, 14.9899967132908, 14.8861630833949, 14.7795546233444, 14.6705125466963, 14.5593780727565, 14.4464924266971, 14.3321968393721, 14.2168325467993, 14.1007407893087, 13.984262810384, 13.8677398552575, 13.7515131693364, 13.6359239965475, 13.5213135776789, 13.4080231487758, 13.2963939396068, 13.186767172173, 13.0794840591763, 12.974885802304, 12.8733135901184, 12.7751085952549, 12.6806128335737, 12.5901783273942, 12.5041896153368, 12.4230974812026, 12.347451350053, 12.2779291919026, 12.2153651821855, 12.1607746983213, 12.1153753781397, 12.0806068830698, 12.0581468817301, 12.0499194624551, 16, 15.9955495450322, 15.9825394695175, 15.9613098958343, 15.9322009458865, 15.8955527410783, 15.8517054023096, 15.8009990500017, 15.7437738041626, 15.6803697845047, 15.6111271106251, 15.536385902262, 15.4564862796373, 15.3717683638916, 15.2825722776155, 15.1892381454689, 15.0921060948727, 14.991516256744, 14.8878087662324, 14.7813237634012, 14.6724013937901, 14.561381808789, 14.4486051657572, 14.3344116278364, 14.2191413634236, 14.1031345453051, 13.9867313494778, 13.8702719537199, 13.7540965359896, 13.6385452727406, 13.5239583372357, 13.4106758979138, 13.2990381168293, 13.1893851481355, 13.0820571365263, 12.9773942154907, 12.8757365051662, 12.7774241094886, 12.6827979751902, 12.5922090644449, 12.5060411628847, 12.4247452326609, 12.3488725656751, 12.279105367784, 12.2162850448829, 12.1614377530092, 12.1157960531016, 12.0808190712035, 12.0582089308774, 12.0499193525059, 16, 15.9955577619278, 15.9825712675799, 15.9613795791141, 15.9323217582061, 15.895736866023, 15.8519639632195, 15.801342109963, 15.7442103660013, 15.6809077907807, 15.6117734436307, 15.537146384024, 15.4573656719247, 15.3727703682316, 15.2836995353178, 15.1904922376604, 15.0934875425449, 14.993024520812, 14.8894422476073, 14.7830798030738, 14.6742762729248, 14.5633707488236, 14.4507023285062, 14.33661011559, 14.2214332190391, 14.1055107522831, 13.9891818320188, 13.872785576757, 13.7566611051933, 13.6411475344957, 13.5265839785885, 13.4133095464922, 13.3016633407361, 13.1919844558157, 13.0846119766077, 12.9798849765956, 12.8781425156868, 12.779723637314, 12.6849682272807, 12.5942261878089, 12.5078805452435, 12.4263824162797, 12.3502849191492, 12.2802744397221, 12.2171995451851, 12.1620970896626, 12.1162144674015, 12.0810301723464, 12.0582706815396, 12.0499192432938, 16, 15.9955659231743, 15.982602850418, 15.9614487909757, 15.932441753602, 15.8959197465347, 15.8522207774902, 15.8016828536901, 15.7446439819288, 15.6814421686947, 15.6124154203569, 15.53790174343, 15.4582391449284, 15.3737656328162, 15.284819216556, 15.1917379077495, 15.094859720853, 14.9945226739376, 14.8910647894503, 14.7848240949193, 14.6761386235356, 14.5653464145406, 14.4527855133494, 14.3387939713582, 14.2237098454, 14.1078711968493, 13.9916160904042, 13.8752825926086, 13.7592087701969, 13.6437326883521, 13.5291924089621, 13.4159259889311, 13.3042714785661, 13.1945669200087, 13.0871503456236, 12.9823597761953, 12.8805332187087, 12.7820086634036, 12.6871249424673, 12.596230903069, 12.5097088107179, 12.4280099177245, 12.3516891331362, 12.2814369721074, 12.218109099133, 12.1627529911478, 12.1166307912135, 12.0812402698032, 12.0583321613378, 12.0499191433123, 16, 15.9955740318159, 15.9826342297936, 15.9615175571608, 15.932560976647, 15.8961014504566, 15.8524759402643, 15.8020214072417, 15.7450748121266, 15.6819731153454, 15.6130532772034, 15.5386522581535, 15.4591070191564, 15.3747545221376, 15.2859317305456, 15.1929756100023, 15.0962231290304, 14.9960112598262, 14.892676979033, 14.7865572684581, 14.6779891156642, 14.5673095143629, 14.4548554645414, 14.3409639722659, 14.2259720491293, 14.1102167113417, 13.9940349784926, 13.8777638720495, 13.7617404136751, 13.6463016234583, 13.5317845181408, 13.4185261094017, 13.3068634022179, 13.1971333932696, 13.0896730693038, 12.9848194053009, 12.88290936222, 12.7842798840064, 12.689268756132, 12.5982237776172, 12.5115264536225, 12.4296281553053, 12.3530855492904, 12.2825932316637, 12.219013902706, 12.1634055894156, 12.1170451017554, 12.08144939797, 12.0583933763932, 12.049919047601, 16, 15.9955820881988, 15.9826654070463, 15.9615858806035, 15.9326794324255, 15.896281985534, 15.8527294624127, 15.8023577850341, 15.7455028749298, 15.6825006533155, 15.6136870412831, 15.5393979600751, 15.4599693314489, 15.3757370781424, 15.2870371244403, 15.1942053968349, 15.0975778247656, 14.9974903414034, 14.8942788844371, 14.7882793968017, 14.6798278272795, 14.5692601309, 14.4569122690689, 14.3431202093687, 14.228219924998, 14.1125473938475, 13.9964385972428, 13.8802295184194, 13.7642561408136, 13.6488544462643, 13.5343604132126, 13.4211100149583, 13.3094392179943, 13.1996839803873, 13.0921802501146, 12.9872639632021, 12.8852710414346, 12.7865373893159, 12.6913997524575, 12.6002048885895, 12.5133335429918, 12.4312371890055, 12.354474217811, 12.28374325839, 12.2199139856873, 12.1640549044854, 12.1174574102543, 12.0816575608064, 12.0584543254985, 12.0499189524718, 16, 15.9955901074632, 15.9826964407082, 15.9616538894701, 15.9327973429704, 15.8964616898887, 15.8529818183582, 15.8026926159933, 15.7459289699605, 15.6830257671049, 15.6143178941467, 15.540140237958, 15.4608276859344, 15.3767151264667, 15.2881374495161, 15.1954295472862, 15.0989263149731, 14.9989626515625, 14.8958734606283, 14.7899936510725, 14.6816581377358, 14.5712018418039, 14.4589596909392, 14.3452666190776, 14.2304575658606, 14.1148674756961, 13.9988312964824, 13.8826839780595, 13.7667604704732, 13.6513957221492, 13.5369246780645, 13.4236822779768, 13.3120034547328, 13.2022231326235, 13.0946762256957, 12.9896976358609, 12.8876222505703, 12.7887849397284, 12.6935214139303, 12.6021773944617, 12.5151328652041, 12.4328394017238, 12.3558571032541, 12.2848886002519, 12.220810497899, 12.1647017232408, 12.1178681926648, 12.0818649921828, 12.0585150861356, 12.049918881572, 16, 15.9955980744115, 15.9827272720255, 15.9617214551094, 15.9329144854094, 15.8966402241218, 15.8532325318881, 15.8030252688228, 15.746352294586, 15.6835474685116, 15.6149446498059, 15.5408776978301, 15.4616804724762, 15.3776868346465, 15.2892306468375, 15.1966457738219, 15.1002660834105, 15.0004254472612, 14.8974577416901, 14.7916968484227, 14.683476655214, 14.5731310562613, 14.460993952338, 14.347399250588, 14.2326808639486, 14.1171727101982, 14.0012087106606, 13.8851227886326, 13.7692488676219, 13.653920869494, 13.5394727126148, 13.4262383100534, 13.3145515678646, 13.2047463834193, 13.0971566436898, 12.9921162233308, 12.8899589823191, 12.7910187628207, 12.6956302472775, 12.6041381273968, 12.5169216262185, 12.4344324045533, 12.3572322362054, 12.2860277047558, 12.221702284307, 12.1653452517908, 12.1182769630926, 12.0820714442447, 12.0585755617356, 12.0499187860729, 16, 15.9956059892744, 15.98275790189, 15.9617885794756, 15.9330308631308, 15.8968175933969, 15.8534816102525, 15.8033557531415, 15.7467728610461, 15.6840657726178, 15.6155673263784, 15.5416103610066, 15.4625277157198, 15.3786522307607, 15.2903167479895, 15.1978541115766, 15.1015971687753, 15.0018787707435, 14.8990317733668, 14.7933890380209, 14.685283432201, 14.5750478299418, 14.4630151119523, 14.3495181654086, 14.2348898833679, 14.1194631638019, 14.0035709082828, 13.8875460203869, 13.7717214039069, 13.6564299609706, 13.5420045901561, 13.428778184668, 13.3170836305937, 13.2072538052091, 13.0996215752389, 12.9945197949086, 12.8922813035497, 12.793238922421, 12.6977263126444, 12.6060871431852, 12.5186998767957, 12.436016242672, 12.3585996559417, 12.287160605292, 12.2225893728463, 12.1659855135286, 12.1186837418321, 12.0822769361955, 12.058635773005, 12.0499186913746, 16, 15.9956138522345, 15.9827883310084, 15.9618552641158, 15.9331464788137, 15.8969938017934, 15.8537290591748, 15.8036840765351, 15.7471906789837, 15.6845806912937, 15.6161859381072, 15.5423382442249, 15.4633694349941, 15.3796113368019, 15.2913957776767, 15.1990545879905, 15.1029196012427, 15.0033226548947, 14.9005955912042, 14.7950702579992, 14.6870785093175, 14.5769522058317, 14.4650232149871, 14.3516234107919, 14.2370846732221, 14.121738887242, 14.0059179414704, 13.8899537265616, 13.7741781333916, 13.658923051149, 13.5445203654232, 13.4313019563533, 13.3195996968596, 13.2097454509244, 13.1020710718266, 12.9969084001659, 12.8945892614335, 12.7954454627872, 12.6998096508382, 12.6080244786215, 12.5204676492151, 12.4375909434664, 12.3599593847595, 12.288287319096, 12.2234717759793, 12.1666225167122, 12.1190885336185, 12.0824814700457, 12.0586957201481, 12.0499185969135, 16, 15.9956216636191, 15.9828185606461, 15.9619215118017, 15.9332613372622, 15.8971688566295, 15.8539748889264, 15.8040102526255, 15.7476057657244, 15.6850922458798, 15.6168005106152, 15.5430613776153, 15.4642056651185, 15.3805641924182, 15.292467780472, 15.2002472526144, 15.1042334353521, 15.0047571592099, 14.9021492595778, 14.7967405774958, 14.6888619603025, 14.5788442620669, 14.4670183437285, 14.3537150728839, 14.2392653231849, 14.123999973344, 14.0082499057825, 13.8923460049881, 13.7766191556753, 13.6614002408494, 13.5470201398668, 13.4338097265583, 13.322099867434, 13.2122214199407, 13.1045052306707, 12.9992821333585, 12.8968829464168, 12.7976384696664, 12.7018803419733, 12.6099502072115, 12.522225009383, 12.4391565643598, 12.3613114709338, 12.289407884944, 12.2243495230296, 12.1672562817212, 12.1194913509068, 12.0826850518934, 12.0587554050404, 12.0499185030544, 16, 15.9956294280691, 15.98284860874, 15.9619873617997, 15.9333755064833, 15.8973428614436, 15.8542192447462, 15.8043344738988, 15.7480183659273, 15.6856007375121, 15.6174114051985, 15.5437801856946, 15.4650368962705, 15.3815113552654, 15.293533382706, 15.2014328010288, 15.1055394358872, 15.0061831170083, 14.903693679053, 14.7984009624113, 14.6906348138601, 14.5807250870018, 14.4690016424063, 14.3557943473948, 14.2414330754299, 14.1262477051072, 14.0105681187851, 13.8947242009192, 13.779045836197, 13.6638629075748, 13.5495052943116, 13.4363028700643, 13.3245855010697, 13.2146830443756, 13.1069253460257, 13.0016422390281, 12.8991635408571, 12.7998190501388, 12.7039394041378, 12.6118652437137, 12.5239727583171, 12.4407137862657, 12.3626564730693, 12.2905227411833, 12.2252229384739, 12.1678870299492, 12.1198923272471, 12.0828877471679, 12.0588148492171, 12.0499184161787, 16, 15.9956371412674, 15.9828784586062, 15.9620527775896, 15.9334889232315, 15.8975157199554, 15.8544619915896, 15.8046565613969, 15.7484282521516, 15.6861058862778, 15.6180182860624, 15.5444942739576, 15.4658626729846, 15.3824523072486, 15.294592002565, 15.2026105871923, 15.1068368926492, 15.0075997545845, 14.905228013648, 14.8000505162977, 14.6923961154664, 14.5825936710064, 14.470972049834, 14.3578601257106, 14.2435867786243, 14.1284808937687, 14.0128713601531, 13.897087068915, 13.7814569114289, 13.6663097773165, 13.5519745524533, 13.4387801170383, 13.3270553437501, 13.2171290959544, 13.1093302258639, 13.0039875724792, 12.9014299590571, 12.8019861897504, 12.7059859069473, 12.6137687552199, 12.5257101697179, 12.4422619944665, 12.3639938889514, 12.2916314950642, 12.2260917321102, 12.1685145630083, 12.1202913415657, 12.0830894938776, 12.0588740278269, 12.0499183229322, 16, 15.9956448035163, 15.9829081114146, 15.9621177617347, 15.9336015919493, 15.8976874389331, 15.8547031389574, 15.8049765277206, 15.7488354404259, 15.6866077119217, 15.6186211769171, 15.5452036702885, 15.4666830274892, 15.3833870850704, 15.2956436813168, 15.2037806569883, 15.1081258561492, 15.009007127049, 14.9067523230056, 14.801689303223, 14.6941459334679, 14.5844500865197, 14.4729296423176, 14.359912487739, 14.2457265159734, 14.1306996254868, 14.0151597186143, 13.8994346998497, 13.7838524739291, 13.6687409438143, 13.5544280086722, 13.4412415619194, 13.3295094893526, 13.2195596673327, 13.1117199609195, 13.0063182217857, 12.9036822856508, 12.8041399688777, 12.7080199256625, 12.6156608109782, 12.5274373059138, 12.4438012435757, 12.3653237649042, 12.2927341843637, 12.226955933307, 12.1691389024597, 12.120688408729, 12.0832903018535, 12.0589329478909, 12.0499182303294, 16, 15.9956524151418, 15.9829375684262, 15.9621823169968, 15.9337135174228, 15.8978580256676, 15.8549426970833, 15.8052943864415, 15.749239948012, 15.6871062357053, 15.6192201032904, 15.5459084047058, 15.4674979944745, 15.3843157282315, 15.296688463368, 15.2049430597829, 15.1094063807227, 15.0104052936744, 14.90826667126, 14.8033173920654, 14.6958843413259, 14.5862944113827, 14.4748745018316, 14.3619515192996, 14.2478523768096, 14.1329039927327, 14.0174332893616, 13.9017671911784, 13.7862326229122, 13.6711565074968, 13.5568657640233, 13.4436873057583, 13.3319480382505, 13.2219748574899, 13.1140946480194, 13.0086342808199, 12.9059206107123, 12.8062804729089, 12.7100415400562, 12.6175414841726, 12.5291542325159, 12.445331590753, 12.3666461489735, 12.2938308476623, 12.2278155712182, 12.1697600685241, 12.1210835410231, 12.0834901769831, 12.0589916109939, 12.0499181383157, 16, 15.9956599764324, 15.9829668307563, 15.9622464458187, 15.9338247038851, 15.8980274866071, 15.8551806750175, 15.8056101495608, 15.7496417901735, 15.6876014764275, 15.6198150877522, 15.5466085037479, 15.4683076046069, 15.3852382716479, 15.2977263879682, 15.2060978392049, 15.1106785143859, 15.0117943068343, 14.9097711150746, 14.8049348436723, 14.6976114039285, 14.5881267143426, 14.4768067007633, 14.3639772961619, 14.2499644399903, 14.1350940771187, 14.0196921563916, 13.9040846288729, 13.7885974458792, 13.6735565569101, 13.5592879075751, 13.4461174375861, 13.3343710788393, 13.2243747535506, 13.1164543723431, 13.0109358321051, 12.9081450133589, 12.8084077767682, 12.7120508200339, 12.6194108388272, 12.5308610067958, 12.4468530857577, 12.3679610828651, 12.2949215183837, 12.228670671067, 12.1703780786784, 12.1214767490558, 12.0836891243392, 12.0590500184836, 12.0499180468111, 16, 15.9956674875307, 15.9829958989561, 15.9623101494074, 15.9339351534264, 15.898195824934, 15.855417077224, 15.8059238229946, 15.7500409744294, 15.6880934433433, 15.6204061414059, 15.5473039804605, 15.4691118729495, 15.3861547324557, 15.298757474363, 15.2072450166269, 15.1119422806369, 15.0131741921316, 14.9112656821171, 14.8065416877171, 14.6993271528766, 14.5899470288308, 14.4787262742579, 14.3659898550502, 14.2520627436637, 14.1372699180434, 14.0219363601605, 13.9063870542354, 13.7909469847468, 13.6759411343354, 13.5616944817046, 13.4485319995871, 13.3367786528031, 13.2267593963722, 13.1187991735758, 13.0132229137894, 12.9103555298177, 12.8105219143588, 12.7140477967529, 12.6212689029117, 12.5325576531683, 12.4483657492124, 12.3692685833485, 12.2960062095991, 12.2295212424605, 12.1709929394007, 12.1218680366248, 12.0838871456089, 12.0591081706322, 12.0499179554947, 16, 15.9956749487547, 15.9830247742557, 15.9623734304568, 15.9340448707156, 15.8983630477606, 15.8556519136857, 15.8062354199817, 15.7504375176186, 15.6885821571928, 15.6209932891537, 15.5479948641265, 15.4699108333424, 15.3870651491875, 15.2997817658709, 15.2083846402054, 15.1131977324797, 15.0145450073862, 14.9127504349498, 14.8081379913897, 14.7010316598311, 14.5917554307805, 14.4806333022809, 14.3679892796801, 14.2541473749725, 14.1394316057111, 14.0241659935273, 13.9086745623313, 13.7932813362968, 13.678310337739, 13.5640855849885, 13.4509310903335, 13.3391708580529, 13.2291288825056, 13.1211291461684, 13.0154956174415, 12.9125522479517, 12.8126229689723, 12.7160325480263, 12.6231157478121, 12.5342442356325, 12.4498696368748, 12.3705686972985, 12.2970849589631, 12.2303673138812, 12.171604670496, 12.122257415849, 12.0840842467461, 12.0591660692995, 12.0499178647625, 16, 15.9956823604235, 15.9830534578891, 15.9624362916704, 15.9341538604374, 15.8985291622234, 15.8558851944195, 15.8065449538062, 15.750831436637, 15.6890676387871, 15.6215765559829, 15.5486811841284, 15.4707045197412, 15.3879695605076, 15.3007993059586, 15.209516758261, 15.1144449230995, 15.0159068106159, 14.9142254363499, 14.8097238221109, 14.702724996699, 14.593551996386, 14.482527865073, 14.3699756540561, 14.2562184213603, 14.1415792306385, 14.0263811496734, 13.9109472485565, 13.7956005976481, 13.6806642654289, 13.566461316349, 13.4533148087441, 13.3415477928453, 13.2314833088443, 13.1234443849081, 13.0177540349583, 12.9147352559407, 12.8147110242035, 12.7180051519536, 12.6249514451803, 12.5359208184292, 12.4513648047157, 12.371861471767, 12.2981578042643, 12.2312089138913, 12.1722132917842, 12.1226448987836, 12.0842804335464, 12.0592237160745, 12.0499177746076, 16, 15.9956897228537, 15.9830819510811, 15.9624987357309, 15.9342621272408, 15.8986941754047, 15.8561169293661, 15.8068524376511, 15.7512227482523, 15.6895499087791, 15.6221559666906, 15.5493629696257, 15.4714929658437, 15.3888680047863, 15.3018101377626, 15.2106414187477, 15.1156839052776, 15.0172596593981, 14.9156907486175, 14.8112992467892, 14.7044072348411, 14.5953368012629, 14.4844100422656, 14.3719490615446, 14.2582759696063, 14.1437128826539, 14.0285819210715, 13.9132052075817, 13.7979048651808, 13.6830030149655, 13.5688217739555, 13.455683252985, 13.3439095546886, 13.2338227715434, 13.1257449838602, 13.019998257536, 12.9169046412921, 12.8167861630091, 12.7199656860376, 12.6267760661207, 12.537587465308, 12.4528513082772, 12.3731469534456, 12.2992247830013, 12.2320460708347, 12.1728188229336, 12.1230304973921, 12.0844757117624, 12.0592811125362, 12.0499176850257, 16, 15.9956970363596, 15.9831102550473, 15.9625607653007, 15.93436967574, 15.8988580943333, 15.8563471283915, 15.8071578846001, 15.7516114691054, 15.6900289876656, 15.6227315458871, 15.5500402495576, 15.4722762050928, 15.3897605201045, 15.3028143040931, 15.211758669257, 15.1169147313964, 15.0186036108747, 14.9171464335818, 14.8128643318272, 14.7060784450786, 14.5971099204548, 14.4862799128873, 14.373909584881, 14.2603201058331, 14.1458326509063, 14.0307683994948, 13.9154485333608, 13.8001942345456, 13.6853266831704, 13.5711670552339, 13.4580365204783, 13.3462562403521, 13.2361473660291, 13.128031036376, 13.0222283756787, 12.9190604908486, 12.8188484677151, 12.7219142271914, 12.6285896811955, 12.5392442395316, 12.454329202677, 12.3744251886685, 12.3002859323858, 12.2328788128378, 12.173421283462, 12.1234142235464, 12.0846700871026, 12.0593382602514, 12.0499175960122, 16, 15.995704330473, 15.9831384841023, 15.9626226309502, 15.9344769404539, 15.8990215813917, 15.8565767218763, 15.8074625293886, 15.7519991708633, 15.6905068128432, 15.6233056217167, 15.5507157640561, 15.4730574070685, 15.3906507191709, 15.3038158706906, 15.212873034684, 15.1181423878506, 15.0199441115063, 14.9185983925571, 14.8144254244033, 14.7077454076865, 14.5988785507885, 14.4881450699954, 14.3758651892552, 14.2623591394893, 14.147947157453, 14.0329494841839, 13.9176863631171, 13.8024780379719, 13.6876447505275, 13.5735067383947, 13.4603842328578, 13.3485974568132, 13.2384666227655, 13.1303119307722, 13.0244535661434, 12.9212116966165, 12.8209064686064, 12.7238588632264, 12.6303998512081, 12.5408980866063, 12.455804726191, 12.3757016130043, 12.3013457863423, 12.233710669854, 12.1740231854802, 12.1237976461734, 12.0848643484887, 12.0593954198352, 12.0499175800888, 16, 15.9957115764963, 15.9831665271582, 15.9626840891773, 15.9345834991132, 15.8991839928588, 15.8568048056343, 15.8077651720207, 15.7523843260465, 15.6909815013439, 15.623875931389, 15.5513868498436, 15.4738334910114, 15.3915350904196, 15.3048108855274, 15.2139801165537, 15.119362027402, 15.0212758666444, 14.9200408885069, 14.8159763537837, 14.709401530593, 14.6006356948817, 14.4899981305916, 14.3778081294148, 14.2643849900974, 14.150048017287, 14.0351165199646, 13.9199098095374, 13.8047471977021, 13.6899479941958, 13.5758315045413, 13.4627170278654, 13.3509238548136, 13.2407712655235, 13.132578527546, 13.0266648935199, 12.923349598314, 12.8229518552357, 12.7257917119076, 12.6321992041873, 12.5425422305327, 12.4572717882287, 12.3769709145037, 12.3023999086524, 12.2345381823966, 12.17462205905, 12.1241792095169, 12.085057690857, 12.0594522853332, 12.0499174907524, 16, 15.9957187742531, 15.983194383532, 15.9627451384854, 15.9346893491227, 15.8993453247796, 15.8570313741114, 15.8080658051269, 15.7527669252767, 15.6914530416102, 15.6244424610191, 15.5520534905826, 15.474604438029, 15.3924136123235, 15.3057993243848, 15.2150798879217, 15.120573620369, 15.0225988438819, 14.9214738863327, 14.8175170822352, 14.7110467735098, 14.6023813099932, 14.4918390496071, 14.3797383581114, 14.2663976083997, 14.1521351793352, 14.037269454164, 13.9221188185878, 13.8070016586033, 13.6922363582273, 13.5781412972178, 13.4650348488673, 13.353235377894, 13.2430612383934, 13.1348307717358, 13.0288623042152, 12.92547414416, 12.8249845781004, 12.7277127265002, 12.6339876966778, 12.5441766316994, 12.4587303537502, 12.3782330636923, 12.303448276755, 12.2353613365964, 12.1752179012657, 12.1245589244465, 12.0852501422363, 12.0595089059112, 12.0499174028871, 16, 15.995725924053, 15.9832220544213, 15.9628057814975, 15.9347944950282, 15.8995055840789, 15.8572564370271, 15.8083644415969, 15.7531469849479, 15.6919214538343, 15.6250052348506, 15.5527157147808, 15.475370281065, 15.3932863223937, 15.3067812294318, 15.2161723956653, 15.1217772183465, 15.0239130994998, 14.9228974469297, 14.8190476751553, 14.7126812061833, 14.6041154700246, 14.4936679048647, 14.3816559568138, 14.268397079196, 14.1542087313715, 14.0394083771339, 13.9243134827608, 13.8092415148304, 13.6945099379213, 13.5804362123085, 13.4673377917328, 13.3555321212689, 13.2453366352539, 13.1370687551627, 13.0310458872307, 12.9275854195338, 12.8270047181139, 12.7296219825676, 12.635765397968, 12.5458013521848, 12.4601804767893, 12.3794881059267, 12.3044909269877, 12.236180159797, 12.1758107309299, 12.1249368021524, 12.0854417076393, 12.0595652823662, 12.0499173155717, 16, 15.9957330262006, 15.9832495410041, 15.9628660207942, 15.9348989413017, 15.8996647775689, 15.8574800039431, 15.8086610941109, 15.7535245211883, 15.6923867578815, 15.6255642767352, 15.5533735504856, 15.476131052532, 15.3941532575371, 15.3077566421596, 15.2172576859091, 15.1229728721021, 15.0252186888788, 14.9243116302214, 14.8205681968996, 14.7143048972514, 14.6058382477062, 14.4954847729565, 14.3835610057064, 14.2703834859528, 14.1562687597954, 14.0415333778167, 13.9264938931122, 13.8114668590832, 13.6967688271118, 13.5827163442326, 13.4696259508773, 13.3578141787202, 13.2475975485846, 13.1392925682949, 13.0332157302743, 12.9296835085937, 12.8290123550564, 12.7315195546428, 12.6375323764353, 12.5474164532918, 12.4616222107564, 12.3807360861069, 12.3055278954119, 12.2369946792569, 12.1764005669594, 12.1253128541423, 12.0856323926018, 12.0596214162211, 12.0499172288073, 16, 15.9957400809983, 15.9832768444498, 15.9629258589367, 15.9350026923817, 15.8998229120115, 15.8577020843505, 15.8089557752555, 15.7538995500067, 15.6928489734699, 15.6261196103479, 15.5540270255366, 15.4768867846021, 15.3950144543873, 15.3087256037516, 15.2183358044358, 15.1241606320275, 15.026515666989, 14.9257164956868, 14.8220787113464, 14.7159179148429, 14.6075497152284, 14.4972897299066, 14.3854535843788, 14.2723569115177, 14.158315350365, 14.0436445444945, 13.9286601400216, 13.8136777833727, 13.6990131189359, 13.5849817867077, 13.471899420014, 13.3600816433324, 13.2498440701769, 13.1415023009269, 13.0353719204002, 12.9317684948708, 12.8310075681127, 12.7334055167022, 12.639288699945, 12.5490219958636, 12.4630556086599, 12.3819770487945, 12.3065592178167, 12.2378049220278, 12.1769874281265, 12.1256870918352, 12.0858222026146, 12.0596773089828, 12.0499171425897, 16, 15.9957470887461, 15.9833039659189, 15.9629852984674, 15.9351057526739, 15.8999799941181, 15.8579226876695, 15.8092484975235, 15.7542720872926, 15.6933081201708, 15.6266712591871, 15.5546761675659, 15.4776375092081, 15.3958699493048, 15.3096881550846, 15.219406796687, 15.1253405481385, 15.0278040883908, 14.9271121023613, 14.8235792818981, 14.7175203265787, 14.6092499442435, 14.499082851172, 14.3873337718268, 14.2743174381201, 14.1603485881987, 14.0457419647907, 13.9308123131941, 13.8158743790233, 13.7012429058351, 13.5872326327514, 13.474158292156, 13.3623346074942, 13.2520762911358, 13.1436980421817, 13.0375145440114, 12.9338404612705, 12.8329904358742, 12.735279942167, 12.641034435853, 12.5506180402855, 12.4644807231095, 12.3832110382155, 12.3075849297209, 12.2386109149573, 12.1775713330615, 12.1260595265633, 12.0860111431267, 12.0597329621473, 12.0499170569147, 16, 15.9957540497419, 15.9833309065636, 15.9630443419096, 15.9352081265514, 15.9001360305502, 15.8581418232502, 15.8095392733145, 15.7546421488173, 15.6937642174099, 15.6272192465769, 15.5553210040002, 15.478383258045, 15.3967197783798, 15.3106443367312, 15.2204707077664, 15.1265126700791, 15.0290840072388, 14.9284985088416, 14.8250699714853, 14.7191121995768, 14.6109390058707, 14.5008642116482, 14.3892016464585, 14.2762651473774, 14.1623685577813, 14.0478257256763, 13.932950501667, 13.8180567366791, 13.7034582795625, 13.5894689746884, 13.4764026596231, 13.3645731629054, 13.2542943018871, 13.1458798805171, 13.0396436868654, 12.9358994900786, 12.8349610363444, 12.7371429039087, 12.6427696510099, 12.5522046464898, 12.4658976063192, 12.3844380982628, 12.3086050663762, 12.2394126846908, 12.1781523002546, 12.1264301695737, 12.0861992195464, 12.0597883771989, 12.0499169717783, 16, 15.9957609642814, 15.9833576675272, 15.963102991768, 15.9353098183545, 15.90029102792, 15.8583595003737, 15.8098281149367, 15.7550097502354, 15.6942172844689, 15.6277635956681, 15.5559615620627, 15.4791240625729, 15.3975639774348, 15.3115941889631, 15.2215275824429, 15.1276770471249, 15.0303554772858, 14.9298757732891, 14.8265508425714, 14.7206936004565, 14.6126169707011, 14.5026338856748, 14.3910572860994, 14.2782001203007, 14.1643753429698, 14.0498959134761, 13.9350747938155, 13.8202249463104, 13.7056593311886, 13.5916909041563, 13.4786326140485, 13.3667974005836, 13.2564981921828, 13.1480479037322, 13.0417594340807, 12.9379456629675, 12.8369194469449, 12.7389944742545, 12.6444944117664, 12.5537818739597, 12.4673063101115, 12.3856582725, 12.3096196627691, 12.2402102576731, 12.1787303480567, 12.1267990320288, 12.0863864372411, 12.059843555611, 12.0499168871764, 16, 15.9957678326579, 15.9833842499448, 15.9631612505288, 15.9354108323917, 15.9004449927907, 15.858575728252, 15.8101150346067, 15.7553749070852, 15.6946673404867, 15.6283043294401, 15.5565978687752, 15.4798599540188, 15.3984025820267, 15.3125377517536, 15.2225774651538, 15.1288337281864, 15.031618551886, 14.9312439534346, 14.8280219571569, 14.7222645953438, 14.6142839088026, 14.50439194704, 14.3929007679983, 14.2801224373004, 14.1663690269995, 14.0519526138745, 13.9371852773595, 13.82237909722, 13.7078461511084, 13.5938985121129, 13.4808482463846, 13.36900741087, 13.2586880511086, 13.150202198973, 13.0438618701429, 12.9399790610017, 12.8388657445204, 12.7408347249923, 12.6462087839778, 12.5553497817338, 12.4687068859211, 12.3868716041642, 12.310628753624, 12.2410036601509, 12.1793054946811, 12.1271661250071, 12.0865728015379, 12.0598984988457, 12.0499168031051, 16, 15.9957746551629, 15.9834106549429, 15.9632191206597, 15.9355111729394, 15.9005979316771, 15.8587905160293, 15.810400044451, 15.7557376347905, 15.6951144044607, 15.6288414707025, 15.5572299509594, 15.4805909633789, 15.3992356274498, 15.3134750647806, 15.223620400008, 15.1299827618125, 15.0328732839995, 14.9326031065816, 14.829483376784, 14.7238252498754, 14.615939889725, 14.5061384689864, 14.3947321688324, 14.2820321781922, 14.1683496924895, 14.0539959119219, 13.9392820393695, 13.8245192780494, 13.7100188290473, 13.596091888842, 13.4830496469102, 13.3712032834364, 13.2608639670891, 13.1523428527394, 13.0459510789102, 12.9419997646434, 12.8408000053444, 12.7426637273759, 12.6479128330088, 12.5569084284102, 12.4700993847984, 12.3880781361692, 12.3116323734053, 12.2417929181741, 12.1798777582047, 12.1275314595043, 12.0867583177242, 12.0599532083545, 12.0499167195602, 16, 15.9957814320853, 15.9834368836399, 15.9632766046102, 15.9356108442427, 15.9007498510457, 15.8590038727822, 15.8106831565066, 15.7560979486612, 15.6955584952483, 15.6293750420967, 15.5578578352396, 15.4813171214208, 15.4000631487381, 15.3144061674293, 15.2246564307888, 15.1311241961939, 15.0341197261955, 14.9339532896113, 14.8309351625405, 14.7253756292036, 14.6175849825044, 14.5078735242159, 14.3965515647127, 14.2839294222021, 14.1703174214491, 14.0560258920404, 13.9413651662726, 13.8266455767852, 13.7121774540673, 13.5982711239599, 13.4852369052363, 13.3733851072911, 13.2630260278948, 13.1544699508907, 13.0480271436197, 12.9440078537585, 12.8427223051245, 12.7444815521299, 12.649606623738, 12.5584578721505, 12.4714838574131, 12.3892779111086, 12.3126305563201, 12.242578057598, 12.180447156569, 12.1278950464337, 12.0869429910475, 12.0600076855776, 12.049916636538, 16, 15.9957881637123, 15.9834629371458, 15.9633337048118, 15.9357098505152, 15.9009007573157, 15.8592158075206, 15.8109643827221, 15.7564558638946, 15.695999631568, 15.6299050660973, 15.5584815480438, 15.4820384586855, 15.4008851806676, 15.3153310987947, 15.2256856009572, 15.1322580791665, 15.035357930656, 14.9352945589853, 14.8323773750643, 14.7269157980009, 14.6192192556686, 14.5095971848944, 14.3983590311895, 14.2858142479724, 14.1722722952828, 14.0580426380295, 13.9434347438588, 13.8287580807649, 13.7143221145738, 13.6004363064215, 13.4874101103123, 13.3755529707851, 13.2651743206477, 13.1565835786515, 13.0500901468929, 12.9460034076218, 12.8446327190079, 12.7462882694544, 12.6512902205625, 12.5599981706844, 12.4728603540579, 12.3904709712586, 12.3136233363203, 12.2433591040852, 12.1810137075818, 12.1282568966272, 12.0871268267163, 12.0600619319448, 12.0499165540345, 16, 15.9957948503287, 15.9834888165626, 15.9633904236784, 15.9358081959399, 15.901050656859, 15.8594263291882, 15.8112437349582, 15.7568113955762, 15.6964378320008, 15.630431565014, 15.5591011156058, 15.4827550054897, 15.4017017577586, 15.3162498976848, 15.2267079536548, 15.1333844582144, 15.0365879491794, 14.9366269707507, 14.8338100745477, 14.7284458204642, 14.6208427772412, 14.5113095226576, 14.4001546432573, 14.2876867335666, 14.1742143947962, 14.0600462330723, 13.9454908572864, 13.8308568766831, 13.7164528983208, 13.6025875245269, 13.4895693504325, 13.3777069616185, 13.2673089318275, 13.158683820618, 13.0521401707418, 12.9479865049229, 12.8465313215862, 12.7480839490306, 12.6529636874022, 12.5615293813131, 12.4742289246522, 12.3916573585811, 12.3146107471052, 12.2441360831071, 12.1815774289183, 12.1286170208359, 12.0873098299005, 12.0601159488751, 12.0499164720457, 16, 15.9958014922174, 15.9835145229841, 15.9634467636058, 15.9359058846689, 15.9011995560009, 15.8596354466631, 15.8115212249886, 15.757164558681, 15.6968731149915, 15.6309545609928, 15.5597165639674, 15.4834667919278, 15.4025129142784, 15.3171626026227, 15.2277235317069, 15.1345033804736, 15.0378098331842, 14.9379505805431, 14.835233320741, 14.7299657603191, 14.6224556147469, 14.5130106086149, 14.40193847536, 14.2895469564755, 14.1761438002016, 14.062036759741, 13.9475335910884, 13.8329420505975, 13.7185698924179, 13.6047248659268, 13.4917147132421, 13.3798471668462, 13.2694299472777, 13.1607707607638, 13.0541772965742, 12.9499572237715, 12.8484181869009, 12.749868660025, 12.6546270877048, 12.5630515609139, 12.4755896187453, 12.3928371147269, 12.3155928221243, 12.2449090199458, 12.1821383381223, 12.1289754297312, 12.0874920057312, 12.060169737777, 12.0499163905681, 16, 15.9958080896591, 15.9835400574961, 15.9635027269725, 15.9360029208238, 15.9013474610201, 15.8598431687584, 15.8117968645009, 15.7575153680745, 15.69730549885, 15.6314740760175, 15.5603279189793, 15.4841738478737, 15.4033186842434, 15.3180692518498, 15.2287323776249, 15.1356148927348, 15.0390236337123, 14.9392654435907, 14.8366471729573, 14.7314756808249, 14.6240578352156, 14.5147005133552, 14.4037106013963, 14.2913949936219, 14.1780605911236, 14.0640143000023, 13.9495630291781, 13.8350136879349, 13.7206731833354, 13.606848417629, 13.4938462857428, 13.3819736728842, 13.2715374522114, 13.1628444824452, 13.0562016051996, 12.9519156417025, 12.8502933884485, 12.7516424710945, 12.6562804844496, 12.5645647659435, 12.4769424855198, 12.3940102810382, 12.3165695945786, 12.2456779396961, 12.1826964526074, 12.1293321339051, 12.0876733593016, 12.0602233000486, 12.0499163095976, 16, 15.9958146483718, 15.9835654422053, 15.9635583621854, 15.9360993882649, 15.9014944996245, 15.8600496746647, 15.812070891045, 15.757864125784, 15.6977353554398, 15.6319905563886, 15.56093570522, 15.4848767792666, 15.4041197572773, 15.3189706202393, 15.2297353523382, 15.1367199420314, 15.0402303831897, 14.9405726762426, 14.8380528292404, 14.7329768587336, 14.6256507903626, 14.5163806590534, 14.4054725087393, 14.2932323915565, 14.1799663665128, 14.0659804976704, 13.9515808519382, 13.8370734965942, 13.7227644966776, 13.608959912374, 13.495965796484, 13.3840881920047, 13.2736331297798, 13.1649066260899, 13.05821467996, 12.9538632698524, 12.8521583492805, 12.7534067005666, 12.6579250738418, 12.5660700523562, 12.478288428649, 12.3951776030681, 12.3175416523316, 12.2464432792984, 12.1832520715492, 12.1296873143587, 12.0878539794881, 12.0602766649667, 12.04991623782, 16, 15.9958211710862, 15.983590687671, 15.9636136923713, 15.9361953270654, 15.9016407328527, 15.860255050046, 15.8123434182102, 15.7582109762642, 15.6981628626618, 15.6325042156737, 15.5615401737856, 15.4855758762325, 15.404916463678, 15.3198670790433, 15.2307328684758, 15.1378189824318, 15.0414305768282, 14.9418728141977, 14.8394508647604, 14.7344699073115, 14.6272351298153, 14.5180517296041, 14.4072249130965, 14.2950598949876, 14.181861896905, 14.0679361455771, 13.9535878706056, 13.8391223019667, 13.7248446673803, 13.6110601896728, 13.4980740842233, 13.386191556524, 13.2757177998098, 13.1669579926282, 13.060217296123, 12.9558008506989, 12.8540137715985, 12.7551620025208, 12.6595614536326, 12.5675679526261, 12.4796279083832, 12.3963394643441, 12.3185093005305, 12.2472052670545, 12.1838053514186, 12.1300410644544, 12.088033909133, 12.0603298414099, 12.0499161707255, 16, 15.995827658001, 15.9836157946622, 15.9636687192146, 15.9362907401443, 15.9017861651518, 15.8604593011443, 15.8126144542747, 15.7585559300441, 15.6985880334851, 15.6330150694448, 15.5621413429877, 15.4862711599334, 15.4057088275425, 15.3207586553525, 15.2317249561546, 15.1389120470857, 15.0426242507906, 14.9431658965863, 14.8408413215439, 14.7359548713833, 14.6288109010731, 14.5197137750312, 14.4089678668411, 14.2968775584352, 14.1837472387396, 14.0698813018269, 13.9555841446699, 13.8411601646211, 13.7269137567594, 13.6131493112303, 13.5001712106705, 13.3882838277464, 13.2777915227644, 13.1689986412193, 13.0622095110553, 12.9577284393023, 12.8558597076156, 12.7569084257568, 12.6611896686151, 12.5690585069491, 12.4809609597531, 12.3974958942594, 12.3194725626179, 12.2479639203572, 12.1843563037165, 12.1303933902501, 12.0882131496135, 12.0603828271616, 12.0499161039205, 16, 15.9958341092941, 15.9836407638669, 15.9637234442222, 15.9363856301131, 15.9019308005002, 15.860662433544, 15.8128840066446, 15.7588989965446, 15.6990108795141, 15.6335231316361, 15.5627392292126, 15.4869626493073, 15.4064968704367, 15.3216453734136, 15.2327116423316, 15.1399991656671, 15.0438114374505, 14.9444519584417, 14.8422242372199, 14.7374317910872, 14.6303781466733, 14.521366840138, 14.4107014168855, 14.2986854307411, 14.1856224425846, 14.071816018488, 13.9575697274497, 13.8431871388535, 13.7289718197923, 13.6152273323861, 13.5022572311844, 13.3903650606843, 13.2798543529201, 13.1710286249916, 13.0641913763016, 12.9596460851645, 12.8576962043088, 12.7586460142205, 12.6628097591761, 12.57054175163, 12.4822876144901, 12.398646919581, 12.3204314601671, 12.2487192555705, 12.1849049398403, 12.1307442987086, 12.0883917043026, 12.0604356231764, 12.0499160374443, 16, 15.9958405251425, 15.9836655959698, 15.9637778688946, 15.9364799995723, 15.9020746428594, 15.860864452806, 15.8131520826949, 15.7592401851463, 15.6994314123036, 15.6340284161219, 15.5633338487766, 15.4876503632114, 15.4072806138345, 15.3225272573696, 15.2336929538486, 15.1410803677224, 15.0449921690426, 14.9457310346462, 14.8435996492555, 14.7389007063887, 14.63193690897, 14.5230109695344, 14.4124256099396, 14.3004835605361, 14.1874875587895, 14.073740347403, 13.9595446720323, 13.8452032787241, 13.7310189112172, 13.6172943082382, 13.5043322008819, 13.3924353101089, 13.2819063443152, 13.1730479968395, 13.0661629431784, 12.9615538375669, 12.8595233084443, 12.7603748116597, 12.6644217655178, 12.5720177228062, 12.4836079041769, 12.3997925669472, 12.3213860146437, 12.249471288972, 12.1854512711198, 12.1310937967415, 12.088569576533, 12.0604882303721, 12.0499159712949, 16, 15.9958469057225, 15.9836902916526, 15.9638319947245, 15.9365738511088, 15.9022176961708, 15.8610653644625, 15.8134186897628, 15.759579505182, 15.69984964335, 15.6345309367064, 15.5639252179134, 15.4883343204071, 15.4080600791006, 15.323404331241, 15.2346689174108, 15.1421556826481, 15.0461664776375, 14.9470031599052, 14.8449675949276, 14.74036165705, 14.6334872301019, 14.5246462076035, 14.4141404924757, 14.3022719962035, 14.1893426374475, 14.0756543401504, 13.9615090312344, 13.8472086380174, 13.7330550854932, 13.6193502936036, 13.5063961745984, 13.3944946305116, 13.2839475507111, 13.175056809386, 13.0681242627386, 12.9634517455379, 12.8613410665477, 12.7620948615965, 12.6660257276348, 12.5734864564269, 12.4849218602311, 12.4009328628571, 12.3223362474006, 12.2502200367536, 12.1859953088252, 12.1314418912235, 12.0887467696197, 12.0605406496617, 12.0499159054706, 16, 15.9958532781838, 15.9837149559791, 15.9638860519498, 15.93666758389, 15.9023605687823, 15.8612660227889, 15.8136849612927, 15.7599183990029, 15.7002673501441, 15.6350328287488, 15.5645158490741, 15.4890174261572, 15.408838576524, 15.3242803190536, 15.2356436759873, 15.1432296740584, 15.0473393456929, 14.948273730214, 14.8463338749605, 14.7418208362125, 14.6350356798126, 14.526279481374, 14.4158533259884, 14.3040583073829, 14.1911955265202, 14.0775660896904, 13.9634711061893, 13.8492116857138, 13.7350889356197, 13.621403958172, 13.5084578478829, 13.3965516889676, 13.285986552874, 13.1770634957497, 13.0700835556111, 12.9653477488694, 12.8631570657224, 12.763813323087, 12.6676282976696, 12.574954015375, 12.4862348704702, 12.402072430863, 12.3232859251871, 12.2509683765666, 12.1865390695144, 12.1317898259306, 12.0889239031826, 12.0605930854477, 12.0499158984046, 16, 15.9958596157689, 15.9837394854022, 15.9639398136545, 15.9367608045047, 15.9025026611132, 15.8614655858138, 15.8139497801548, 15.7602554450051, 15.700682780745, 15.6355319875617, 15.5651032658679, 15.4896968168631, 15.4096128432474, 15.3251515500923, 15.2366131458593, 15.1442978435373, 15.048505861854, 14.9495374264897, 14.8476927712052, 14.7432721387749, 14.6365757816134, 14.5279039619851, 14.4175569517106, 14.3058350313167, 14.1930384886259, 14.0794676168326, 13.965422712163, 13.8512040712502, 13.7371119883691, 13.6234467526652, 13.5105086454709, 13.3985979377407, 13.2880148875616, 13.1790597375987, 13.0720327122434, 12.9672340141102, 12.8649638193932, 12.7655231306623, 12.6692229089455, 12.5764144128959, 12.4875416126241, 12.4032067012126, 12.3242313223068, 12.2517134579443, 12.1870805487666, 12.132136352987, 12.0891003360975, 12.0606452932937, 12.0499158320242, 16, 15.9958659183145, 15.9837638792909, 15.9639932784568, 15.9368535105585, 15.902643969517, 15.8616640484205, 15.814213139565, 15.760590634562, 15.7010959245307, 15.636028400395, 15.5656874533067, 15.4903724752101, 15.4103828595617, 15.3260180022088, 15.2375773024148, 15.1453601640068, 15.0496659965958, 14.9507942168013, 14.849044249387, 14.7447155282028, 14.6381074968153, 14.5295196087206, 14.4192513270476, 14.307602123702, 14.194871477945, 14.0813588744539, 13.9673638009642, 13.8531857456233, 13.7391241942043, 13.625478627312, 13.5125485176781, 13.4006333275767, 13.2900325063136, 13.1810454876531, 13.073971686943, 12.9691104975844, 12.866761286352, 12.7672242460538, 12.6708095266277, 12.5778676181335, 12.4888420604355, 12.404335653009, 12.3251724241878, 12.2524552738583, 12.1876197486123, 12.1324814853257, 12.0892760943951, 12.0606973148871, 12.0499157666064, 16, 15.9958721859973, 15.9837881383279, 15.9640464478523, 15.9369457046434, 15.9027844979424, 15.8618614161512, 15.8144750468736, 15.7609239770231, 15.7015067930172, 15.6365220810766, 15.5662684276514, 15.4910444199903, 15.4111486468664, 15.3268796994614, 15.2385361724005, 15.1464166649076, 15.0508197820363, 14.9520441359034, 14.850388346834, 14.7461510443108, 14.6396308676105, 14.531126466017, 14.4209364985245, 14.3093596329736, 14.1966945446199, 14.0832399141793, 13.969294425452, 13.8551567626554, 13.7411256076159, 13.6274996369537, 13.5145775193562, 13.4026579129732, 13.2920394628871, 13.1830207985193, 13.0759005307326, 12.9709772482747, 12.8685495130618, 12.7689167127026, 12.6723881906094, 12.5793136669143, 12.4901362451758, 12.4054593125789, 12.3261092519797, 12.2531938402593, 12.1881566800328, 12.1328252294727, 12.0894511809646, 12.060749150619, 12.0499157015067, 16, 15.9958784189909, 15.9838122631851, 15.9640993233127, 15.9370373893098, 15.9029242502748, 15.8620576944602, 15.8147355093141, 15.7612554815891, 15.7019153975378, 15.6370130432147, 15.5668462049052, 15.4917126696992, 15.4119102262229, 15.3277366655297, 15.2394897821424, 15.1474673752188, 15.0519672497907, 14.9532872180081, 14.851725100293, 14.7475787262961, 14.6411459355381, 14.5327245776259, 14.4226125119519, 14.3111076068257, 14.1985077380298, 14.0851107868519, 13.9712146376895, 13.8571171753626, 13.7431162822842, 13.6295098356227, 13.5165957045546, 13.4046717476398, 13.2940358102714, 13.1849857220631, 13.0778192939291, 12.9728343145006, 12.8703285453735, 12.7706005734973, 12.6739589403001, 12.5807525946593, 12.4914241977985, 12.4065777060277, 12.3270418267167, 12.2539291730964, 12.1886913541293, 12.1331675922002, 12.0896255990729, 12.0608008013915, 12.0499156367274, 16, 15.995884617468, 15.9838362545309, 15.9641519063022, 15.9371285670955, 15.9030632303805, 15.8622528887743, 15.8149945340837, 15.7615851574147, 15.7023217493694, 15.63750130035, 15.5674208009916, 15.4923772427398, 15.4126676185879, 15.3285889239749, 15.2404381578356, 15.1485123237748, 15.0531084313165, 14.9545234971568, 14.8530545463274, 14.7489986131595, 14.64265274193, 14.5343139870798, 14.4242794129114, 14.3128460927134, 14.2003111073064, 14.0869715430598, 13.9731244894784, 13.8590670364954, 13.7450962716201, 13.63150927708, 13.5186031270516, 13.4066748850157, 13.2960216011886, 13.1869403098888, 13.0797280265952, 12.974681744337, 12.8720984289057, 12.7722758711082, 12.6755218149079, 12.5821844366074, 12.4927059490972, 12.4076908593254, 12.3279701693236, 12.254661288235, 12.1892237819436, 12.1335085802432, 12.0897993519672, 12.060852268099, 12.0499155722666, 16, 15.9958907816008, 15.9838601130306, 15.9642041982779, 15.9372192405256, 15.9032014421061, 15.862447004493, 15.8152521283435, 15.7619130136086, 15.7027258597316, 15.6379868659545, 15.5679922317536, 15.4930381574221, 15.4134208448119, 15.3294364982392, 15.2413813255422, 15.1495515392641, 15.0542433579118, 14.9557530072184, 14.8543767213155, 14.7504107437046, 14.6441513279084, 14.5358947376911, 14.4259372467535, 14.3145751378517, 14.2021047013325, 14.0888222331345, 13.975024032358, 13.8610063985363, 13.7470656287634, 13.6334980148134, 13.5205998403514, 13.4086673782682, 13.2979968880923, 13.1888846133373, 13.081626778538, 12.9765195856131, 12.8738592090427, 12.7739426479863, 12.6770768534391, 12.5836092278154, 12.4939815297058, 12.4087987983069, 12.3288943006155, 12.2553902014573, 12.1897539744594, 12.1338482003011, 12.0899724428777, 12.0609035516311, 12.0499155081227, 16, 15.9958969115603, 15.9838838393457, 15.9642562006893, 15.9373094121122, 15.9033388892788, 15.8626400469886, 15.8155082992182, 15.7622390592333, 15.7031277397876, 15.6384697534323, 15.5685605129544, 15.4936954319636, 15.4141699256401, 15.3302794116465, 15.2423193111931, 15.1505850502304, 15.0553720607169, 14.9569757818908, 14.8556916614517, 14.7518151565387, 14.6456417343877, 14.5374668725525, 14.4275860585989, 14.3162947892164, 14.2038885687431, 14.0906629071528, 13.9769133176059, 13.8629353137016, 13.7490244065838, 13.6354761020391, 13.5225858976867, 13.4106492802941, 13.2999617231692, 13.1908186834881, 13.0835155993101, 12.9783478859132, 12.8756109309369, 12.7756009463651, 12.678624094699, 12.585027003159, 12.4952509700995, 12.4099015486725, 12.329814241299, 12.2561159284629, 12.190281942603, 12.1341864590384, 12.0901448750177, 12.060954652873, 12.0499154442941, 16, 15.9959030075166, 15.9839074341348, 15.9643079149788, 15.9373990843548, 15.9034755757066, 15.8628320216061, 15.8157630537967, 15.7625633033056, 15.7035274006442, 15.6389499761198, 15.5691256602772, 15.4943490844899, 15.4149148817131, 15.3311176874025, 15.2432521405878, 15.151612885073, 15.0564945707143, 14.9581918547014, 14.8569994027471, 14.7532118900739, 14.6471240020752, 14.5390304345391, 14.4292258933402, 14.3180050935452, 14.2056627579269, 14.0924936149372, 13.9787923962399, 13.864853833943, 13.7509726576832, 13.6374435917029, 13.5245613520196, 13.4126206437213, 13.3019161583401, 13.1927425711603, 13.0853945382117, 12.980166692579, 12.8773536395093, 12.777250808261, 12.6801635772933, 12.5864377973338, 12.4965143005954, 12.410999135989, 12.3307300119726, 12.2568384848692, 12.1908076972431, 12.1345233630842, 12.0903166515832, 12.0610055727049, 12.0499153807791, 16, 15.9959090696392, 15.983930898053, 15.9643593425813, 15.9374882597405, 15.9036115051782, 15.8630229336637, 15.8160163991322, 15.762885754797, 15.7039248533522, 15.6394275472862, 15.5696876893264, 15.494999133035, 15.4156557335671, 15.3319513485963, 15.2441798393957, 15.1526350720478, 15.0576109187304, 14.9594012590083, 14.8582999810314, 14.7546009825281, 14.6485981714725, 14.540585466309, 14.430856795643, 14.3197060973396, 14.2074273170279, 14.0943144060584, 13.9806613190195, 13.8667620109486, 13.7529104343963, 13.6394005364822, 13.5265262560433, 13.4145815209102, 13.303860245262, 13.1946563269143, 13.0872636442916, 12.9819760527102, 12.8790873794513, 12.7788922754754, 12.6816953396292, 12.5878416448564, 12.4977715513535, 12.4120915856901, 12.3316416331275, 12.257557886212, 12.1913312491918, 12.1348589190331, 12.0904877757538, 12.0610563120025, 12.0499153175761, 16, 15.9959150980966, 15.983954231752, 15.9644104849246, 15.9375769407437, 15.9037466814632, 15.8632127884529, 15.8162683422421, 15.7632064226335, 15.7043201089066, 15.6399024801337, 15.5702466156277, 15.4956455955421, 15.4163925016349, 15.3327804182, 15.2451024331568, 15.1536516392681, 15.0587211354357, 14.9606040280012, 14.8595934319528, 14.7559824719262, 14.6500642828764, 14.5421320103047, 14.4324788099468, 14.321397846866, 14.2091822939462, 14.0961253298361, 13.982520136447, 13.8686598961448, 13.754837788793, 13.6413469887871, 13.5284806621835, 13.4165319639555, 13.3057940353292, 13.1965600010532, 13.0891229663486, 12.9837760131664, 12.8808121952258, 12.7805253895952, 12.6832194199165, 12.5892385800653, 12.4990227523778, 12.4131789230776, 12.3325491251481, 12.258274147946, 12.1918526092043, 12.135193133445, 12.0906582506921, 12.0611068716369, 12.0499152546834, 16, 15.995921097883, 15.9839774545332, 15.9644613842611, 15.9376652005418, 15.9038812159691, 15.8634017422467, 15.8165190902315, 15.7635255700489, 15.7047134912972, 15.6403751633661, 15.5708028958877, 15.4962889993401, 15.4171257858174, 15.3336055699674, 15.2460206700887, 15.1546634093575, 15.0598261171325, 14.9618011302644, 14.8608807943121, 14.7573574645505, 14.6515235066471, 14.5436712968911, 14.4340932218795, 14.323081677604, 14.2109290679343, 14.0979278025468, 13.9843702944058, 13.8705489569357, 13.7567562010428, 13.6432844321291, 13.5304260472006, 13.4184734321043, 13.3077189588452, 13.1984549828364, 13.0909738398283, 12.9855678421403, 12.8825292736641, 12.7821512413117, 12.6847367972577, 12.5906294594456, 12.5002686309512, 12.4142617441547, 12.3334529552442, 12.2589876155861, 12.1923720128508, 12.1355261483756, 12.0908281460702, 12.0611572747383, 12.0499151992484, 16, 15.9959270911899, 15.9840006522445, 15.9645122286666, 15.937753365118, 15.9040156053729, 15.8635904923093, 15.8167695679525, 15.7638443735909, 15.7051064499825, 15.6408473376749, 15.5713585774597, 15.4969317109806, 15.4178582815081, 15.3344298348845, 15.2469379206283, 15.1556740931693, 15.0609299131635, 14.9629969488114, 14.8621667770826, 14.7587309847315, 14.6529811689782, 14.5452089377399, 14.4357059093148, 14.3247637114631, 14.2126739798795, 14.0997283561084, 13.9862184850067, 13.872436011897, 13.7586725795681, 13.6452198252683, 13.5323693777934, 13.4204128547037, 13.309641859623, 13.2003479794694, 13.0928227813633, 12.9873578088325, 12.8842445767824, 12.7837754228095, 12.6862526284628, 12.5920189365961, 12.5015132673446, 12.4153434835267, 12.3343558774101, 12.2597003650175, 12.1928908978819, 12.1358588409102, 12.0909978932814, 12.0612076594887, 12.0499151862294, 16, 15.9959330566191, 15.9840237421041, 15.9645628367775, 15.9378411201146, 15.9041493706975, 15.8637783662054, 15.8170188834593, 15.7641616985381, 15.7054975869864, 15.6413173241372, 15.5719116855689, 15.4975714477178, 15.4185873886584, 15.3352502890542, 15.2478509332705, 15.1566801106181, 15.0620286166766, 14.9641872546224, 14.8634468364624, 14.7600981840558, 14.6544321298009, 14.5467395168679, 14.437311198881, 14.3264380389932, 14.2144109083486, 14.1015206839833, 13.9880582462708, 13.8743144760556, 13.7605802516332, 13.6471464457224, 13.5343039225327, 13.422343534963, 13.3115561218812, 13.2022325053362, 13.0946634874444, 12.98913984657, 12.88595233226, 12.785392516425, 12.6877619136193, 12.5934024952409, 12.5027526975829, 12.4164208010004, 12.3352552096268, 12.2604103697195, 12.1934078535677, 12.1361903393961, 12.0911670460529, 12.0612578543316, 12.0499151311645, 16, 15.9959389940861, 15.9840467237858, 15.9646132078798, 15.9379284642958, 15.9042825100622, 15.8639653612984, 15.8172670332599, 15.7644775404546, 15.7058868968531, 15.641785116212, 15.5724622125356, 15.4982082006917, 15.4193130971972, 15.3360669211758, 15.2487596954781, 15.157681447934, 15.0631222126848, 14.9653720315213, 14.8647209551247, 14.7614590440965, 14.6558763696503, 14.5482630138458, 14.4389090692694, 14.328104638103, 14.2161398305756, 14.1033047628505, 13.9898895544535, 13.8761843253863, 13.7624791930864, 13.6490642693787, 13.5362296575228, 13.4242654493923, 13.3134617227359, 13.2041085383708, 13.0964959370477, 12.9909139356058, 12.8876525218734, 12.7870025057165, 12.6892646383373, 12.594780123323, 12.5039869122493, 12.4174936901942, 12.3361509490842, 12.2611176311797, 12.1939228866474, 12.1365206570355, 12.0913356255394, 12.0613078901538, 12.0499150767504, 16, 15.9959449037191, 15.9840695977855, 15.9646633430598, 15.9380153995444, 15.904415026336, 15.8641514816162, 15.8175140226969, 15.7647919061376, 15.7062743879562, 15.6422507239558, 15.5730101701885, 15.4988419835756, 15.4200354226984, 15.336879748763, 15.2496642267269, 15.1586781265607, 15.0642107245894, 14.9665513048387, 14.8659891602854, 14.7628135938941, 14.6573139193136, 14.5497794611132, 14.440499554461, 14.3297635441871, 14.2178607832245, 14.1050806304827, 13.991712448258, 13.8780455993283, 13.764369443892, 13.6509733364991, 13.5381466230784, 13.426178638098, 13.3153587018078, 13.2059761174134, 13.0983201679218, 12.9926801122687, 12.8893451801876, 12.7886054231236, 12.6907608325531, 12.5961518478807, 12.5052159350875, 12.4185621712191, 12.3370431120365, 12.2618221617322, 12.1944360056709, 12.1368497989581, 12.0915036340627, 12.061357767343, 12.0499150225802, 16, 15.9959507856443, 15.9840923645914, 15.9647132433877, 15.9381019277154, 15.9045469223452, 15.8643367311268, 15.8177598570338, 15.765104802283, 15.7066600685456, 15.6427141572768, 15.5735555701819, 15.4994728098414, 15.4207543805071, 15.3376887890724, 15.2505645462075, 15.159670167629, 15.0652941754502, 14.9677250995369, 14.8672514787659, 14.764161862069, 14.6587448091342, 14.5512888906436, 14.4420826879506, 14.331414792136, 14.2195738024395, 14.106848324119, 13.993526965844, 13.8798983367708, 13.766251043461, 13.6528736867922, 13.5400548589655, 13.4280831406466, 13.3172470981901, 13.207835280795, 13.1001362173286, 12.9944384124297, 12.8910303413429, 12.7902013007008, 12.6922505258632, 12.5975176956644, 12.5064397896116, 12.4196262640219, 12.3379317146447, 12.2625239736943, 12.1949472192518, 12.1371777704415, 12.0916710741789, 12.0614074866078, 12.0499149686552, 16, 15.9959566399874, 15.9841150246897, 15.964762909928, 15.938188050654, 15.9046782009015, 15.8645211137771, 15.8180045415063, 15.7654162355517, 15.7070439468277, 15.6431754260305, 15.5740984241082, 15.5001006928901, 15.4214699858872, 15.3384940592696, 15.2514606730094, 15.1606575921579, 15.0663725882056, 14.9688934404466, 14.8685079372461, 14.7655038770907, 14.6601690692952, 14.552791334242, 14.443658503056, 14.3330584166556, 14.2212789241735, 14.1086078808021, 13.9953331451698, 13.8817425763974, 13.7681240309958, 13.6547653597566, 13.5419544047395, 13.4299789963948, 13.3191269507692, 13.2096860666429, 13.1019441223323, 12.9961888717686, 12.8927080392978, 12.7917901703316, 12.6937337477065, 12.5988776932816, 12.5076584992099, 12.4206859884418, 12.3388167729823, 12.2632230793162, 12.1954565359565, 12.1375045767337, 12.0918379484289, 12.0614570486512, 12.0499149149738, 16, 15.9959624668732, 15.9841375785634, 15.9648123437396, 15.9382737701955, 15.9048088648012, 15.8647046334934, 15.818248081322, 15.7657262125692, 15.7074260309651, 15.6436345400201, 15.5746387434986, 15.5007256460512, 15.4221822540213, 15.3392955764289, 15.2523526261204, 15.1616404210545, 15.0674459856715, 14.9700563522661, 14.8697585622634, 14.7668396672769, 14.6615867298191, 14.5542868235435, 14.4452270329175, 14.334694452267, 14.2229761841879, 14.1103593373768, 13.997131023991, 13.8835783566852, 13.7699884454897, 13.6566483946799, 13.5438452997445, 13.431866244489, 13.3209982982235, 13.2115285128807, 13.103743919799, 12.9979315257745, 12.8943783078292, 12.7933720637288, 12.6952105273633, 12.6002318671963, 12.5088720871444, 12.421741364211, 12.3396983030362, 12.2639194907819, 12.1959639643051, 12.1378302230542, 12.0920042593397, 12.0615064541727, 12.0499148615349, 16, 15.9959682788331, 15.9841600746757, 15.96486165097, 15.9383592702776, 15.9049391942299, 15.8648876835197, 15.8184909979466, 15.7660353965379, 15.707807137765, 15.6440924798783, 15.5751776813836, 15.5013490016786, 15.4228927018647, 15.340095045737, 15.2532423009418, 15.1626207402707, 15.0685166430385, 14.9712162964658, 14.8710059969627, 14.7681720511939, 14.6630007767945, 14.5557785026134, 14.4467915683844, 14.3363263237652, 14.2246691267384, 14.1121063414287, 13.998924335446, 13.8854094769026, 13.7718481312716, 13.6585266582362, 13.5457314086379, 13.4337487215619, 13.3228649215057, 13.2133663154796, 13.1055391897686, 12.9996698059595, 12.8960443956762, 12.7949500109651, 12.6966836386973, 12.6015826958698, 12.510082695644, 12.4227941734156, 12.3405777198129, 12.2646142660985, 12.1964702324345, 12.1381551518739, 12.0921702250095, 12.0615557752875, 12.0499148299612, 16, 15.9959740633739, 15.9841824647114, 15.964910725796, 15.9384443675246, 15.9050689098587, 15.8650698718146, 15.8187327715101, 15.7663431262855, 15.7081864529218, 15.6445482679774, 15.5757140882677, 15.5019694315055, 15.4235998171184, 15.3408907672446, 15.2541278078979, 15.1635964702705, 15.0695822921196, 14.9723708191586, 14.8722476063495, 14.769498218975, 14.6644082333589, 14.5572632371117, 14.4483488287992, 14.3379506169761, 14.2263542185769, 14.1138452567192, 14.0007093580301, 13.8872321496445, 13.7736992560432, 13.6603962958822, 13.5476088789213, 13.4356226030907, 13.3247230516418, 13.2151957902292, 13.1073263636517, 13.0014002918553, 12.8977030646345, 12.796520991887, 12.6981503170369, 12.6029277091889, 12.5112881898754, 12.423842640017, 12.3414536124152, 12.2653063487288, 12.1969746102917, 12.1384789146796, 12.0923356164727, 12.061604923552, 12.0499147762783, 16, 15.9959798204272, 15.9842047484057, 15.9649595676376, 15.9385290609327, 15.9051980101597, 15.8652511962359, 15.8189733991746, 15.7666493982066, 15.7085639719998, 15.6450018989982, 15.5762479579041, 15.5025869283232, 15.4243035915861, 15.3416827317516, 15.2550091367784, 15.1645675998361, 15.0706429207009, 14.9735199071557, 14.8734833762907, 14.7708181555827, 14.6658090836198, 14.5587410103489, 14.4498987967432, 14.3395673138288, 14.2280314410665, 14.1155760641411, 14.0024860722709, 13.8890463551876, 13.7755417999538, 13.6622572877726, 13.5494776908967, 13.4374878696764, 13.3265726696927, 13.21701691882, 13.1091054239482, 13.0031229669595, 12.8993542993979, 12.7980849925916, 12.699610550099, 12.6042668967163, 12.5124885614979, 12.4248867581053, 12.3423259776653, 12.2659957385411, 12.1974771011541, 12.1388015185995, 12.0925004452475, 12.0616539155241, 12.0499147228502, 16, 15.9959855500586, 15.9842269260127, 15.9650081770514, 15.9386133514664, 15.9053264966019, 15.8654316588452, 15.8192128836737, 15.7669542157775, 15.7089396992801, 15.64545337808, 15.5767792963353, 15.5032014991129, 15.4250040332156, 15.3424709481912, 15.2558862975117, 15.1655341398925, 15.0716985406972, 14.9746635733457, 14.8747133206245, 14.7721318757711, 14.6672033432053, 14.5602118387771, 14.451441489433, 14.3411764322368, 14.2297008127412, 14.1172987827637, 14.0042544976794, 13.8908521133819, 13.7773757830814, 13.6641096540936, 13.5513378647304, 13.4393445413285, 13.3284137953649, 13.2188297205019, 13.1108763892878, 13.0048378491104, 12.9009981168325, 12.7996420287841, 12.7010643522304, 12.605600271234, 12.5136838215643, 12.425926536908, 12.3431948229224, 12.2666824410532, 12.1979777088084, 12.1391229658902, 12.0926647123583, 12.0617027513933, 12.0499146695284, 16, 15.9959912562042, 15.9842490127497, 15.9650565873592, 15.9386972968522, 15.9054544570951, 15.8656113829914, 15.8194513885292, 15.7672577869043, 15.7093138907425, 15.6459030124429, 15.5773084646658, 15.5038135609862, 15.4257016167252, 15.343255949966, 15.25675988274, 15.1664967423548, 15.0727498628067, 14.9758025861992, 14.8759382640596, 14.773440258432, 14.6685919426124, 14.5616767013987, 14.452977930755, 14.3427790368266, 14.2313634343021, 14.1190145441753, 14.0060157910218, 13.8926505999406, 13.7792023933329, 13.6659545876713, 13.5531905903704, 13.4411937967978, 13.3302475873715, 13.2206353245866, 13.112640349696, 13.0065459786389, 12.9026354966447, 12.8011930080933, 12.7025125470063, 12.6069285597643, 12.5148745922537, 12.4269624897391, 12.3440605529352, 12.267366757115, 12.1984766392748, 12.1394433812417, 12.0928284791124, 12.0617514514908, 12.0499146225402, 16, 15.9959969349868, 15.9842709936277, 15.9651047657401, 15.9387808402329, 15.9055818050562, 15.8657902471911, 15.8196887526978, 15.7675599068393, 15.7096862943053, 15.646350499557, 15.5778351073188, 15.5044227032347, 15.4263958747059, 15.3440372119122, 15.2576293090059, 15.1674547654476, 15.0737961874276, 14.976936189293, 14.8771573948728, 14.7747424385776, 14.6699739661392, 14.5631346348629, 14.4545071132892, 14.3443740802041, 14.2330182229901, 14.1207222353759, 14.0077688146955, 13.8944406588118, 13.7810204628753, 13.6677909160735, 13.5550346984829, 13.443034478061, 13.3320729077264, 13.222432622367, 13.1143962355012, 13.0082463351814, 12.9042654785658, 12.8027370416478, 12.703954328771, 12.6082510522018, 12.5160602669031, 12.4279941168835, 12.3449227741072, 12.2680483941276, 12.1989736915752, 12.1397626416913, 12.0929916827491, 12.0617999912485, 12.0499145693107, 16, 15.9960025865056, 15.9842928690302, 15.9651527130347, 15.9388639830661, 15.9057085427066, 15.8659682545638, 15.8199249803186, 15.7678605808501, 15.7100569164603, 15.6467958472217, 15.5783592334711, 15.5050289364706, 15.4270868192501, 15.3448147476346, 15.2584945914456, 15.1684082258451, 15.0748375327655, 14.9780644023454, 14.8783707342632, 14.7760384388431, 14.6713494377998, 14.5645856644923, 14.4560290635842, 14.3459615900476, 14.2346652075053, 14.122421885966, 14.0095135990675, 13.8962223209821, 13.782830023155, 13.6696186710347, 13.5568702209053, 13.4448666168606, 13.3338897878665, 13.2242216447513, 13.1161440768466, 13.0099389478671, 12.9058880904494, 12.8042741557514, 12.7053897219912, 12.6095677708758, 12.517240865408, 12.4290214355706, 12.3457815008857, 12.2687273638032, 12.1994688749329, 12.1400807544477, 12.0931543291835, 12.0618483762685, 12.0499145163745, 16, 15.9960082108855, 15.9843146394409, 15.9652004303027, 15.9389467271883, 15.9058346728446, 15.8661454090379, 15.8201600766024, 15.7681598155658, 15.7104257653748, 15.6472390652456, 15.5788808546599, 15.5056322740305, 15.4277744655481, 15.3455885742154, 15.2593557490554, 15.1693571444634, 15.0758739216458, 14.9791872500644, 14.879578308778, 14.7773282875556, 14.6727183876254, 14.5660298219307, 14.4575438147878, 14.3475416008849, 14.2363044236142, 14.1241135327939, 14.0112501818951, 13.8979956249281, 13.7846311131624, 13.6714378918367, 13.5586971969726, 13.4466902523301, 13.3356982664532, 13.2260024296415, 13.1178839105719, 13.0116238521533, 12.9075033660345, 12.8058043820727, 12.7068187558963, 12.6108787421919, 12.5184164109658, 12.4300444654645, 12.3466367491897, 12.2694036782621, 12.1999621978105, 12.1403977246796, 12.0933164208969, 12.061896607205, 12.0499144636793, 16, 15.9960138082508, 15.9843363053401, 15.9652479185965, 15.939029074424, 15.90596019825, 15.8663217145162, 15.8203940467261, 15.7684576175721, 15.7107928491624, 15.6476801633729, 15.5793999823467, 15.5062327291633, 15.4284588286907, 15.3463587086253, 15.2602128007076, 15.1703015420822, 15.076905376745, 14.9803047569965, 14.8807801447912, 14.7786120128577, 14.6740808454521, 14.5674671386159, 14.4590513998324, 14.3491141470195, 14.2379359068517, 14.1257972124701, 14.0129786006916, 13.8997606088782, 13.7864237716365, 13.6732486175087, 13.5605156657673, 13.4485054233529, 13.3374983819014, 13.227775014699, 13.1196157732832, 13.0133010832738, 12.9091113388489, 12.8073277520834, 12.7082414595362, 12.6121839923956, 12.5195869266361, 12.4310632261161, 12.3474885348514, 12.2700773495648, 12.200453668638, 12.1407135575498, 12.0934779603879, 12.0619446847495, 12.0499144112242, 16, 15.996019396949, 15.9843579377905, 15.9652953337531, 15.9391112951351, 15.906085531253, 15.8664977504314, 15.8206276600515, 15.7687549666784, 15.7111593762897, 15.6481205946291, 15.5799183277091, 15.5068322824842, 15.4291421677076, 15.3471276949773, 15.2610685799594, 15.1712445437555, 15.0779353143592, 14.9814206281172, 14.8819802310874, 14.7798938801655, 14.6754413438434, 14.5689024024681, 14.4605568478971, 14.350684482485, 14.2395651173963, 14.1274785703017, 14.0147046625716, 13.9015232161264, 13.7882140501172, 13.675056977597, 13.5623318022966, 13.4503183155447, 13.3392962932773, 13.2295454929747, 13.1213456502433, 13.0149764746225, 12.9107176440283, 12.8088496539626, 12.7096629231248, 12.6134882604161, 12.5207567444464, 12.4320815847954, 12.3483402003359, 12.2707511331732, 12.2009453915532, 12.1410296394434, 12.0936396727691, 12.0619928522207, 12.049914422946, 16, 15.9960249594231, 15.9843794687892, 15.9653425266418, 15.9391931305887, 15.9062102772501, 15.8666729622485, 15.8208601802578, 15.7690509251308, 15.7115241901294, 15.6485589682803, 15.5804342528804, 15.5074290381739, 15.4298223202142, 15.347893097916, 15.2619203742854, 15.172183157796, 15.078960463853, 14.9825313162638, 14.8831747486035, 14.7811698053486, 14.6767955426396, 14.5703310285424, 14.4620553427011, 14.3522475753193, 14.2411868254637, 14.1291521987465, 14.0164228045032, 13.9032777526247, 13.7899961502181, 13.6768570982596, 13.5641396883508, 13.4521229996209, 13.341086095719, 13.2313080217336, 13.1230678007541, 13.0166444296544, 12.9123168735046, 12.8103649146504, 12.7110782573506, 12.6147869916402, 12.52192169763, 12.43309581796, 12.3491885229654, 12.2714223672033, 12.2014353277086, 12.1413446191304, 12.0938008361897, 12.0620408360128, 12.0499143695253, 16, 15.9960304951417, 15.9844008962794, 15.9653894927537, 15.9392745729642, 15.9063344243172, 15.866847333216, 15.8210915851091, 15.7693454646198, 15.7118872557768, 15.6489952423722, 15.5809477084698, 15.5080229390862, 15.4304992210574, 15.348654844097, 15.2627681020336, 15.1731172941944, 15.0799807268785, 14.9836367148355, 14.8843635826392, 14.7824396658278, 14.6781433116713, 14.5717528794347, 14.4635467400289, 14.3538032749863, 14.2428008747553, 14.1308179363689, 14.018132860607, 13.9050240488101, 13.7917698995211, 13.6786488051185, 13.5659391485545, 13.453919300239, 13.3428676150151, 13.2330624290601, 13.1247820564288, 13.0183047848118, 12.9139088699168, 12.8118733844183, 12.7124873216202, 12.61608005618, 12.523081668658, 12.4341058222349, 12.350033415505, 12.272090982783, 12.2019234290892, 12.1416584722461, 12.0939614530479, 12.0620886687312, 12.0499143175595, 16, 15.9960360042306, 15.9844222207473, 15.9654362331538, 15.9393556241076, 15.9064579752672, 15.8670208672822, 15.8213218798424, 15.7696385918074, 15.7122485814389, 15.6494294267605, 15.5814587060692, 15.5086139986197, 15.4311728854968, 15.3494129506791, 15.2636117822834, 15.1740469739564, 15.0809961263565, 14.9847368486405, 14.885546759846, 14.7837034900377, 14.6794846810795, 14.5731679868993, 14.4650310731384, 14.3553516161219, 14.2444073011424, 14.1324758201171, 14.0198348687331, 13.9067621432433, 13.7935353370893, 13.6804321375151, 13.5677302222868, 13.4557072565592, 13.344640889833, 13.2348087528397, 13.1264884540643, 13.0199575754806, 12.915493666901, 12.8133750947967, 12.713890144987, 12.6173674802237, 12.5242366804654, 12.4351116169717, 12.3508748935029, 12.2727569915908, 12.2024097036273, 12.1419712033178, 12.0941215250431, 12.0621363500731, 12.0499142658226, 16, 15.9960414868112, 15.9844434426627, 15.9654827488714, 15.9394362858028, 15.9065809328179, 15.867193568263, 15.8215510695194, 15.7699303131331, 15.7126081750491, 15.649861530973, 15.5819672568852, 15.5092022297291, 15.4318433282881, 15.350167434256, 15.2644514334879, 15.1749722173999, 15.0820066844593, 14.9858317416799, 14.8867243060119, 14.7849613054954, 14.6808196800368, 14.5745763816752, 14.4665083742303, 14.3568926322669, 14.2460061393697, 14.1341258857872, 14.0215288655607, 13.9084920733025, 13.7952925008001, 13.6822071336104, 13.5695129477612, 13.4574869065995, 13.3464059577328, 13.2365470298954, 13.128187029452, 13.0216028361102, 12.9170712972381, 12.8148700765563, 12.715286755853, 12.6186492894311, 12.5253867555969, 12.436113221285, 12.3517129724387, 12.2734204054202, 12.2028941595684, 12.142282817397, 12.094281054623, 12.0621838807199, 12.0499142143206, 16, 15.9960469430043, 15.9844645624929, 15.9655290409304, 15.9395165598247, 15.9067032996738, 15.8673654399552, 15.8217791591759, 15.7702206350034, 15.7129660445006, 15.6502915644893, 15.5824733720679, 15.509787645303, 15.4325105641115, 15.3509183113366, 15.265287074006, 15.1758930447394, 15.0830124232468, 14.9869214178327, 14.8878962467936, 14.786213139578, 14.6821483375675, 14.575978094345, 14.4679786753407, 14.3584263567912, 14.2475974240049, 14.1357681689927, 14.0232148875817, 13.9102138761751, 13.7970414283375, 13.6839738313704, 13.5712873629951, 13.4592582881834, 13.3481628560819, 13.238277296861, 13.1298778181993, 13.0232406009724, 12.9186417935398, 12.8163583603081, 12.7166771824729, 12.6199255093284, 12.526531916479, 12.4371106541888, 12.3525476677098, 12.274081236001, 12.2033768051116, 12.142593319505, 12.0944400442178, 12.0622312613438, 12.049914163052, 16, 15.9960523729302, 15.9844855807029, 15.9655751103494, 15.9395964479388, 15.9068250785249, 15.8675364861351, 15.8220061538215, 15.7705095637916, 15.7133221976448, 15.6507195367387, 15.5829770627084, 15.5103702581626, 15.4331746075704, 15.3516655983433, 15.2661187221002, 15.1768094760828, 15.0840133646624, 14.9880059008521, 14.8890626077125, 14.787459019518, 14.6834706825427, 14.57737315533, 14.4694420083373, 14.359952822889, 14.2491811894332, 14.1374027051593, 14.0248929710957, 13.9119275888522, 13.7987821571865, 13.6857322685606, 13.5730535058055, 13.4610214389344, 13.3499116220502, 13.2399995901769, 13.1315608557252, 13.0248709041577, 12.9202051882452, 12.8178399765012, 12.7180614529513, 12.621196165306, 12.527672185419, 12.4381039345956, 12.3533789946314, 12.2747394950003, 12.2038576484126, 12.1429027146362, 12.0945984962449, 12.0622784926135, 12.0499141120156, 16, 15.9960577767082, 15.9845064977551, 15.9656209581416, 15.9396759519014, 15.906946272047, 15.8677067105597, 15.8222320584393, 15.7707971058369, 15.7136766422922, 15.6511454571013, 15.5834783398397, 15.5109500810614, 15.4338354731912, 15.3524093116118, 15.2669463959366, 15.1777215314324, 15.0850095305342, 14.9890852143664, 14.8902234141559, 14.7886989724049, 14.6847867436817, 14.5787615948916, 14.4708984049197, 14.3614720635795, 14.250757469859, 14.1390295295261, 14.026563152211, 13.9136332481303, 13.8005147246348, 13.6874824827476, 13.57481141381, 13.4627763962779, 13.3516522926118, 13.2417139460913, 13.1332361772618, 13.0264937795766, 12.9217615136219, 12.8193149554236, 12.7194395952442, 12.6224612826197, 12.5288075846054, 12.4390930813173, 12.354206968437, 12.2753951940229, 12.2043366975833, 12.1432110077587, 12.0947564131087, 12.062325575194, 12.0499140612102, 16, 15.9960631544574, 15.9845273141096, 15.9656665853149, 15.9397550734593, 15.9070668829022, 15.8678761169659, 15.8224568779863, 15.7710832674457, 15.714029386212, 15.6515693349078, 15.5839772144367, 15.5115271266861, 15.4344931754239, 15.3531494673923, 15.2677701135864, 15.1786292306855, 15.0860009425758, 14.99015938188, 14.8913786913778, 14.7899330251861, 14.6860965495532, 14.5801434431321, 14.4723478966215, 14.3629841117087, 14.2523262993068, 14.1406486771472, 14.0282254668464, 13.9153308906124, 13.802239167774, 13.6892245113004, 13.5765611244285, 13.4645231974423, 13.3533849045458, 13.2434204006612, 13.1349038178557, 13.0281092609607, 12.9233108017671, 12.820783327203, 12.7208116371593, 12.6237208863914, 12.5299381361091, 12.4400781130656, 12.3550316042789, 12.2760483446117, 12.2048139606922, 12.1435182038136, 12.0949137972008, 12.0623725097469, 12.0499140106346, 16, 15.9960685062961, 15.9845480302241, 15.9657119928721, 15.9398338143506, 15.9071869137384, 15.8680447090712, 15.8226806173935, 15.7713680548912, 15.7143804371327, 15.65199117944, 15.5844736974169, 15.5121014076568, 15.4351477286432, 15.3538860818498, 15.2685898930259, 15.1795325936351, 15.086987622387, 14.9912284267738, 14.8925284644999, 14.7911612046675, 14.6874001285758, 14.581518729996, 14.4737905148105, 14.3644889999501, 14.2538877116227, 14.1422601828927, 14.0298799507319, 13.9170205527091, 13.8039555235009, 13.6909583913917, 13.578302674884, 13.46626187946, 13.3551094944382, 13.2451189897541, 13.1365638123686, 13.029717381864, 12.924853084609, 12.8222451218084, 12.7221776063577, 12.6249750016099, 12.5310638618839, 12.4410590484531, 12.3558529172291, 12.2766989582484, 12.2052894457653, 12.143824307716, 12.0950706509, 12.0624192969301, 12.0499139602876, 16, 15.9960738323419, 15.9845686465537, 15.9657571818103, 15.939912176304, 15.9073063671896, 15.8682124905737, 15.822903281566, 15.7716514744138, 15.7147298027427, 15.6524109999311, 15.5849677996408, 15.5126729365277, 15.4357991471483, 15.3546191710646, 15.269405752137, 15.1804316399706, 15.0879695914542, 14.9922923723064, 14.8936727585121, 14.7923835375145, 14.6886975090194, 14.582887485271, 14.4752262906902, 14.3659867608061, 14.2554417404755, 14.1438640814497, 14.0315266394101, 13.9187022706405, 13.8056638285188, 13.6926841599991, 13.5800361022042, 13.4679924791694, 13.3568260986828, 13.2468097490491, 13.1382161954793, 13.031318175664, 12.9263883939075, 12.8237003690508, 12.7235375303545, 12.6262236531323, 12.5321847837674, 12.4420359059935, 12.3566709222793, 12.2773470463534, 12.2057631607853, 12.1441293243547, 12.0952269765723, 12.0624659373982, 12.0499139101678, 16, 15.9960791327118, 15.9845891635513, 15.9658021531219, 15.9399901610392, 15.9074252458762, 15.8683794651519, 15.8231248753836, 15.7719335322211, 15.7150774906899, 15.6528288055663, 15.5854595319119, 15.5132417257872, 15.4364474451635, 15.3553487510329, 15.2702177087087, 15.1813263892784, 15.0889468711518, 14.9933512416149, 14.8948115982737, 14.7936000502533, 14.6899887190059, 14.5842497385889, 14.4766552553011, 14.3674774266091, 14.2569884193577, 14.145460407324, 14.0331655682379, 13.9203760804367, 13.8073641193386, 13.6944018539067, 13.581761443223, 13.4697150332155, 13.3585347534823, 13.2484927140379, 13.1398610016845, 13.0329116755627, 12.9279167612556, 12.8251490985843, 12.7248914365197, 12.6274668656842, 12.5333009234818, 12.4430087041026, 12.3574856343419, 12.2779926202866, 12.2062351136931, 12.1444332585926, 12.0953827765715, 12.0625124318021, 12.0499138602741, 16, 15.9960844075224, 15.9846095816675, 15.9658469077938, 15.9400677702671, 15.9075435524048, 15.8685456364655, 15.8233454037002, 15.7722142344886, 15.7154235085823, 15.6532446054826, 15.5859489049773, 15.5138077878588, 15.4370926368392, 15.3560748376677, 15.2710257804366, 15.1822168610426, 15.0899194827425, 14.9944050577155, 14.8959450085144, 14.7948107692715, 14.6912737865104, 14.5856055194266, 14.4780774395211, 14.3689610295222, 14.2585277815866, 14.1470491948409, 14.034796772387, 13.9220420179394, 13.8090564322804, 13.6961115097058, 13.5834787345811, 13.4714295780517, 13.3602354948501, 13.2501679200263, 13.1414982652999, 13.0344979145882, 12.9294382180807, 12.8265913399071, 12.7262393520795, 12.6287046638611, 12.5344123026347, 12.4439774610989, 12.3582970682502, 12.2786356913478, 12.206705312387, 12.1447361152667, 12.0955380532386, 12.0625587807894, 12.0499138106054, 16, 15.9960896568895, 15.9846299013504, 15.9658914468079, 15.9401450056893, 15.9076612893685, 15.8687110081547, 15.8235648713448, 15.7724935873594, 15.7157678639883, 15.6536584087694, 15.5864359295284, 15.5143711351008, 15.4377347362517, 15.3567974467986, 15.2718299849243, 15.1831030746458, 15.090887447378, 14.9954538435042, 14.8970730138345, 14.7960157208188, 14.6925527393621, 14.5869548571073, 14.4794928740673, 14.370437601541, 14.2600598603057, 14.1486304781464, 14.0364202868455, 13.9237001188032, 13.8107408034745, 13.6978131637968, 13.5851880127281, 13.4731361499405, 13.3619283586111, 13.2518354021354, 13.1431280204616, 13.0360769255953, 12.9309527956449, 12.8280271223628, 12.7275813041168, 12.6299370721288, 12.5355189427195, 12.4449421952038, 12.3591052387593, 12.2792762707769, 12.2071737647237, 12.1450378991884, 12.0956928089022, 12.0626049850041, 12.0499137611603, 16, 15.9960948809283, 15.9846501230458, 15.9659357711409, 15.9402218689991, 15.9077784593469, 15.8688755838412, 15.823783283121, 15.7727715969449, 15.716110564437, 15.6540702244688, 15.5869206162007, 15.5149317798077, 15.4383737574043, 15.357516594173, 15.2726303396836, 15.1839850493696, 15.0918507861, 14.9964976217578, 14.8981956387066, 14.7972149310083, 14.693825605245, 14.5882977808015, 14.4809015894966, 14.3719071744942, 14.2615846884859, 14.1502042912088, 14.0380361464192, 13.9253504184967, 13.8124172688628, 13.69950685239, 13.586889313923, 13.4748347849552, 13.3636133804029, 13.2534951953028, 13.1447503011272, 13.037648741267, 12.9324605250471, 12.8294564751409, 12.7289173195726, 12.6311641148248, 12.5366208651166, 12.4459029245432, 12.3599101605461, 12.2799143697542, 12.2076404785184, 12.1453386151436, 12.0958470458787, 12.0626510450871, 12.0499137119378, 16, 15.9961000797535, 15.9846702471972, 15.9659798817645, 15.9402983618805, 15.9078950649062, 15.8690393671275, 15.8240006438075, 15.7730482693243, 15.7164516174183, 15.6544800615761, 15.5874029755743, 15.5154897342095, 15.4390097142273, 15.3582322954566, 15.2734268621354, 15.1848628043953, 15.0928095198406, 14.9975364151349, 14.8993129074755, 14.7984084258175, 14.6950924116993, 14.5896343195277, 14.4823036162069, 14.3733697800447, 14.2631022989263, 14.1517706678191, 14.0396443857325, 13.9269929523038, 13.8140858641997, 13.701192611507, 13.5885826742361, 13.476525518981, 13.3652905956775, 13.2551473342836, 13.146365141077, 13.0392133941156, 12.9339614372234, 12.8308794272785, 12.7302474252466, 12.6323858161586, 12.5377180910941, 12.4468596671469, 12.3607118482104, 12.2805499994014, 12.2081054615447, 12.1456382678931, 12.0960007664721, 12.0626969616756, 12.0499136629366, 16, 15.996105253479, 15.9846902742459, 15.9660237796454, 15.940374486009, 15.9080111085992, 15.8692023615977, 15.8242169581583, 15.7733236105455, 15.7167910303832, 15.6548879290395, 15.5878830181746, 15.5160450104731, 15.4396426205787, 15.3589445662333, 15.27421956961, 15.1857363588047, 15.0937636694232, 14.9985702461761, 14.90042484436, 14.7995962310885, 14.6963531861219, 14.5909645021536, 14.483698984438, 14.374825449691, 14.2646127242553, 14.1533296415929, 14.0412450392297, 13.9286277553247, 13.8157466250538, 13.7028704769819, 13.5902681295496, 13.4782083877162, 13.366960039702, 13.2567918536519, 13.1479725739152, 13.0407709164836, 12.9354555629481, 12.8322960076605, 12.7315716477981, 12.6336022002129, 12.5388106418082, 12.4478124409504, 12.3615103162748, 12.2811831707811, 12.2085687215356, 12.1459368621723, 12.0961539729744, 12.0627427354035, 12.0499136141556, 16, 15.9961104022185, 15.9847102046308, 15.9660674657451, 15.9404502430515, 15.9081265929655, 15.869364570817, 15.8244322309025, 15.7735976266252, 15.717128810744, 15.6552938357612, 15.5883607544722, 15.5165976207023, 15.4402724902447, 15.3596534220065, 15.2750084793479, 15.1866057315804, 15.0947132555633, 14.999599137305, 14.9015314734528, 14.8007783725296, 14.6976079557677, 14.5922883573973, 14.4850877242729, 14.376274214768, 14.2661159969322, 14.154881245971, 14.0428381411762, 13.9302548624775, 13.8173995868087, 13.7045404844626, 13.5919457155594, 13.4798834266735, 13.36862174756, 13.2584287878017, 13.1495726330709, 13.0423213405452, 12.9369429328354, 12.8337062450212, 12.7328900137474, 12.6348132909443, 12.5398985383043, 12.4487612637946, 12.3623055791857, 12.2818138948981, 12.2090302661831, 12.1462344026918, 12.0963066676654, 12.0627883669015, 12.0499135655937, 16, 15.9961155260846, 15.9847300387884, 15.9661109410202, 15.9405256346659, 15.9082415205317, 15.8695259983324, 15.824646466745, 15.7738703235486, 15.7174649658747, 15.655697790597, 15.5888361948838, 15.5171475769379, 15.4408993369399, 15.3603588781993, 15.2757936085, 15.187470941607, 15.095658298869, 15.0006231108294, 14.9026328187222, 14.8019548757156, 14.69885674775, 14.5936059138278, 14.4864698656385, 14.3777161064481, 14.2676121492477, 14.1564255142211, 14.0444237256598, 13.9318743084988, 13.8190447846646, 13.706202669412, 13.5936154677758, 13.481550671181, 13.3702757541528, 13.2600581709483, 13.1511653517992, 13.0438646983067, 12.9384235773398, 12.8351101679453, 12.734202549476, 12.6360191121841, 12.5409818015175, 12.4497061534271, 12.3630976513136, 12.282442182699, 12.2094901031387, 12.1465308941373, 12.0964588528129, 12.0628338567969, 12.0499135172496, 16, 15.9961206251898, 15.9847497771533, 15.9661542064226, 15.940600662502, 15.908355893811, 15.8696866476724, 15.8248596703663, 15.7741417072701, 15.7177995031111, 15.6560998023571, 15.5893093497719, 15.5176948911587, 15.4415231743083, 15.3610609501548, 15.276574974129, 15.1883320076709, 15.0965988198417, 15.0016421889412, 14.9037289040121, 14.8031257660893, 14.7000995890422, 14.5949171998664, 14.4878454383068, 14.3791511557423, 14.2691012133255, 14.1579624794381, 14.0460018265914, 13.9334861279454, 13.8206822536389, 13.7078570671089, 13.5952774215251, 13.4832101563835, 13.3719220942007, 13.2616800371292, 13.1527507631827, 13.0454010216085, 12.9398975267575, 12.8365078048682, 12.735509281228, 12.6372196876392, 12.5420604522733, 12.4506471275024, 12.3638865469537, 12.283068045073, 12.2099482400138, 12.14682634117, 12.0966105306729, 12.0628792057136, 12.0499134691222, 16, 15.9961256996457, 15.9847694201575, 15.9661972628989, 15.9406753282008, 15.9084697153039, 15.8698465223475, 15.8250718464226, 15.7744117837135, 15.7181324297513, 15.6564998798062, 15.5897802294456, 15.5182395752817, 15.442144015923, 15.361759653137, 15.2773525932089, 15.1891889484619, 15.097534838877, 15.002656393718, 14.9048197530434, 14.8042910689617, 14.701336506478, 14.5962222437872, 14.4892144718958, 14.3805793935013, 14.270583221123, 14.1594921745461, 14.0475724777068, 13.9350903551953, 13.8223120285681, 13.7095037126498, 13.5969316119507, 13.484861917244, 13.3735608022439, 13.2632944202057, 13.1543289001323, 13.0469303421255, 12.9413648112271, 12.8378991840778, 12.736810235111, 12.638415040893, 12.5431345112887, 12.4515842035826, 12.3646722803261, 12.2836914928523, 12.2104046843799, 12.1471207484264, 12.0967617034893, 12.0629244142723, 12.0499134212104, 16, 15.9961307495635, 15.9847889682309, 15.966240111391, 15.9407496333948, 15.9085829874981, 15.8700056258498, 15.8252829995461, 15.7746805587718, 15.7184637530555, 15.6568980316635, 15.5902488441608, 15.518781641162, 15.4427618752874, 15.3624550023312, 15.2781264826264, 15.1900417825731, 15.0984663762651, 15.0036657471231, 14.9059053894143, 14.8054508095132, 14.7025675267525, 14.5975210737186, 14.4905769958707, 14.3820008504162, 14.2720582044325, 14.1610146322988, 14.0491357125672, 13.9366870244487, 13.8239341441083, 13.7111426409494, 13.5985780740141, 13.4865059885442, 13.3751919126439, 13.2649013538635, 13.1558997953882, 13.0484526913682, 12.9428254607311, 12.839284333715, 12.7381054370967, 12.6396051954058, 12.5442039991724, 12.4525173991381, 12.3654548655768, 12.2843125368124, 12.2108594437687, 12.1474141205189, 12.0969123734944, 12.0629694830905, 12.0499133735131, 16, 15.9961357750203, 15.984808421672, 15.9662827525525, 15.9408235792165, 15.9086957121185, 15.8701639606009, 15.8254931329481, 15.7749480365294, 15.7187934780543, 15.6572942639691, 15.5907152010199, 15.5193210970073, 15.443376761747, 15.3631470082433, 15.2788966540607, 15.190890522859, 15.099393446028, 15.0046702643285, 14.9069858294185, 14.8066050051209, 14.7037926682784, 14.5988137090501, 14.4919330305296, 14.3834155476154, 14.2735261851236, 14.1625298752084, 14.0506915542182, 13.9382761591657, 13.825548624005, 13.7127738758994, 13.6002168316036, 13.4881423940098, 13.376815448794, 13.2665008609837, 13.1574634711298, 13.0499680906143, 12.9442794954348, 12.8406632726129, 12.7393949044556, 12.640790166645, 12.5452689293542, 12.4534467253847, 12.3662343116349, 12.2849311836674, 12.2113125228218, 12.147706460255, 12.0970625420131, 12.0630144124862, 12.0499133259461, 16, 15.9961407760594, 15.9848277806485, 15.9663251867506, 15.9408971663021, 15.9088078901336, 15.8703215279588, 15.8257022484284, 15.7752142192737, 15.7191216075631, 15.6576885801004, 15.591179303991, 15.519857947399, 15.4439886805135, 15.3638356767263, 15.2796631140111, 15.1917351764648, 15.1003160559505, 15.0056699537458, 14.9080610820767, 14.8077536653909, 14.705011941217, 14.6001001604628, 14.4932825870321, 14.3848234966896, 14.2749871751652, 14.164037915563, 14.0522400152028, 13.9398577720734, 13.8271554810933, 13.7143974303604, 13.6018478975178, 13.4897711462834, 13.3784314230811, 13.2680929535924, 13.1590199389106, 13.0514765508277, 12.9457269255901, 12.8420360101825, 12.7406786456232, 12.6419699619302, 12.5463293079526, 12.4543721872187, 12.3670106222216, 12.2855474360799, 12.2117639232861, 12.1479977686313, 12.0972122094767, 12.0630592025262, 12.0499132784266, 16, 15.9961457527896, 15.9848470455803, 15.9663674149054, 15.9409703962462, 15.9089195239732, 15.8704783313348, 15.8259103505118, 15.7754791127611, 15.7194481486736, 15.6580809885746, 15.591641163092, 15.5203922039175, 15.4445976447767, 15.3645210226129, 15.280425878972, 15.1925757615517, 15.1012342258512, 15.0066648368281, 14.9091311704387, 14.8088968149179, 14.7062253716423, 14.6013804554304, 14.4946256941572, 14.386224727615, 14.2764412056086, 14.1655387853527, 14.053781128299, 13.9414318965735, 13.8287547492196, 13.7160133384308, 13.6034713058997, 13.4913922793317, 13.3800398690603, 13.2696776645835, 13.1605692307003, 13.052978102776, 12.9471677804704, 12.843402573897, 12.7419566859523, 12.6431446041597, 12.5473851550799, 12.455293801688, 12.3677838111417, 12.2861613045705, 12.2122136525279, 12.1482880501845, 12.0973613781293, 12.0631038539219, 12.049913231121, 16, 15.9961507053205, 15.9848662168924, 15.9664094379479, 15.9410432706626, 15.9090306160961, 15.8706343741811, 15.8261174437775, 15.7757427228171, 15.719773108563, 15.6584714980111, 15.5921007884612, 15.520923878282, 15.4452036678849, 15.365203060914, 15.2811849656366, 15.1934122964998, 15.102147975788, 15.0076549352871, 14.9101961178323, 14.8100344785937, 14.7074329859438, 14.6026546217588, 14.4959623810327, 14.3876192707317, 14.2778883078824, 14.1670325169566, 14.0553149266844, 13.9429985664753, 13.8303464626441, 13.7176216346266, 13.6050870913119, 13.4930058275398, 13.3816408207015, 13.2712550272594, 13.1621113788667, 13.0544727776118, 12.9486020897181, 12.8447629915787, 12.7432290511217, 12.6443141165302, 12.5484364911141, 12.4562115860684, 12.3685538923843, 12.286772799796, 12.2126617179964, 12.1485773094764, 12.0975100501785, 12.0631483672834, 12.0499131840274, 16, 15.9961556337616, 15.9848852950077, 15.9664512568045, 15.9411157911569, 15.9091411689489, 15.8707896599321, 15.8263235327809, 15.7760050552373, 15.7200964943713, 15.6588601169847, 15.5925581901847, 15.5214529821516, 15.445806763118, 15.3658818065635, 15.2819403906119, 15.1942447995943, 15.1030573257151, 15.0086402707228, 14.9112559474655, 14.8111666811823, 14.7086348103751, 14.6039226871112, 14.4972926766363, 14.3890071562235, 14.2793285132534, 14.1685191425872, 14.0568414433657, 13.944557815414, 13.8319306554507, 13.7192223532862, 13.6066952881388, 13.4946118251159, 13.3832343117995, 13.2728250747505, 13.163646415611, 13.0559606063273, 12.9500298828223, 12.8461172909063, 12.744495766677, 12.6454785221181, 12.5494833363276, 12.4571255575464, 12.3693208798665, 12.2873819323581, 12.2131081271023, 12.1488655510454, 12.097658227821, 12.0631927432183, 12.0499131371449, 16, 15.9961605382214, 15.9849042803466, 15.9664928723967, 15.9411879593265, 15.9092511849651, 15.8709441920045, 15.8265286220541, 15.7762661157872, 15.7204183132017, 15.6592468540265, 15.5930133782966, 15.5219795271253, 15.4464069436873, 15.3665572744183, 15.2826921704194, 15.1950732890266, 15.1039622954843, 15.0096208646239, 14.9123106824264, 14.8122934473197, 14.7098308710543, 14.6051846790079, 14.4986166097964, 14.3903884141184, 14.280761852827, 14.1699986942908, 14.0583607111793, 13.9461096768513, 13.8335073615472, 13.7208155285706, 13.6082959305873, 13.4962103060912, 13.3848203759745, 13.2743878400162, 13.1651743729676, 13.0574416197539, 12.9514511891197, 12.847465499415, 12.7457568580313, 12.6466378438797, 12.550525710887, 12.4580357332185, 12.3700847874323, 12.2879887128031, 12.2135528872175, 12.1491527794063, 12.0978059132418, 12.0632369823312, 12.0499130904722, 16, 15.9961654188083, 15.9849231733278, 15.9665342856412, 15.9412597767603, 15.9093606665661, 15.8710979737974, 15.826732716106, 15.7765259102029, 15.7207385721212, 15.6596317176233, 15.5934663627794, 15.5225035247425, 15.447004222736, 15.3672294792589, 15.2834403214958, 15.1958977828943, 15.1048629048449, 15.0105967383685, 14.9133603456846, 14.8134148015154, 14.7110211939654, 14.6064406248277, 14.499934209193, 14.3917630742902, 14.2821883575486, 14.1714712039487, 14.0598727627925, 13.9476541840764, 13.835076614667, 13.7224011944648, 13.609889052688, 13.4978013043216, 13.3863990466732, 13.2759433558456, 13.1666952828054, 13.0589158485641, 12.9528660377951, 12.8488076444973, 12.7470123504662, 12.6477921046524, 12.5515636348545, 12.4589421300924, 12.3708456288537, 12.288593151622, 12.2139960056754, 12.1494389990501, 12.0979531086147, 12.0632810852233, 12.0499130440084, 16, 15.9961702756298, 15.9849419743675, 15.9665754974502, 15.9413312450392, 15.9094696161606, 15.8712510086926, 15.8269358194221, 15.7767844441909, 15.7210572781601, 15.6600147162185, 15.5939171535644, 15.5230249864832, 15.44759861334, 15.3678984357896, 15.2841848601931, 15.1967182992018, 15.1057591734452, 15.011567913225, 14.9144049600915, 14.8145307681528, 14.7122058049587, 14.6076905518085, 14.5012455033587, 14.3931311664586, 14.2836080582044, 14.172936703278, 14.0613776307043, 13.9491913702072, 13.8366384483694, 13.7239793847788, 13.6114746882961, 13.4993848534884, 13.3879703571698, 13.2774916548587, 13.1682091768293, 13.0603833232718, 12.9542744578827, 12.8501437534043, 12.7482622691323, 12.6489413271551, 12.5525971281877, 12.4598447650875, 12.3716034178311, 12.2891952592516, 12.2144374897714, 12.1497242144446, 12.0980998161021, 12.0633250524927, 12.0499129977522, 16, 15.9961751087929, 15.9849606838799, 15.966616508731, 15.9414023657362, 15.909578036145, 15.8714033000544, 15.8271379364651, 15.7770417234286, 15.7213744383129, 15.6603958582124, 15.594365760532, 15.5235439237688, 15.4481901285082, 15.3685641586398, 15.2849258027797, 15.1975348558616, 15.1066511208322, 15.0125344103524, 14.9154445483812, 14.8156413714901, 14.7133847297517, 14.6089344870485, 14.5025505206796, 14.3944927201911, 14.2850209854224, 14.1743952238332, 14.0628753472471, 13.9507212681917, 13.8381928960417, 13.7255501331489, 13.6130528710928, 13.5009609870998, 13.3895343405675, 13.2790327695077, 13.1697160865804, 13.0618440742338, 12.9556764782669, 12.8514738532463, 12.7495066390502, 12.6500855339891, 12.553626210741, 12.460743655035, 12.3723581679936, 12.289795046074, 12.2148773467626, 12.1500084300341, 12.098246037855, 12.0633688847344, 12.0499129517027, 16, 15.9961799184042, 15.984979302277, 15.9666573203864, 15.9414731404158, 15.9096859289035, 15.8715548512299, 15.8273390716746, 15.7772977535642, 15.7216900595382, 15.6607751519617, 15.5948121935117, 15.5240603479617, 15.4487787811825, 15.3692266623634, 15.2856631654403, 15.198347470694, 15.1075387664529, 15.0134962508015, 14.9164791331713, 14.8167466356613, 14.7145579939301, 14.6101724575068, 14.503849289396, 14.3958477649033, 14.2864271696735, 14.1758467970067, 14.0643659445871, 13.9522439108083, 13.8397399908994, 13.7271134730382, 13.6146236345863, 13.5025297384917, 13.3910910297993, 13.2805667320779, 13.1712160434379, 13.0632981316504, 12.9570721276832, 12.8527979709937, 12.7507454851113, 12.6512247476387, 12.5546509022657, 12.4616388166789, 12.3731098928993, 12.2903925224174, 12.2153155838685, 12.1502916502399, 12.0983917760133, 12.0634125825405, 12.0499129058587, 16, 15.9961847045697, 15.9849978299687, 15.9666979333145, 15.941543570635, 15.909793296808, 15.8717056655491, 15.8275392294679, 15.7775525402169, 15.722004148759, 15.661152605781, 15.5952564622831, 15.5245742703665, 15.4493645842389, 15.3698859614401, 15.2863969642769, 15.1991561614283, 15.1084221296547, 15.0144534555151, 14.9175087369636, 14.8178465846766, 14.7157256229486, 14.6114044900045, 14.5051418376036, 14.39719632986, 14.2878266412726, 14.17729145403, 14.0658494547257, 13.9537593306677, 13.8412797659878, 13.7286694377388, 13.6161870121127, 13.5040911408289, 13.3926404576288, 13.2820935746886, 13.1727090786195, 13.0647455255669, 12.9584614347192, 12.8541161334782, 12.7519788320786, 12.6523589904723, 12.5556712224113, 12.4625302666766, 12.3738586060362, 12.2909876985565, 12.215752208271, 12.1505738794603, 12.0985370327058, 12.0634561464997, 12.0499128602192, 16, 15.9961894673948, 15.985016267363, 15.9667383484089, 15.9416136579423, 15.9099001422184, 15.8718557463249, 15.8277384142392, 15.7778060889774, 15.7223167128628, 15.6615282279419, 15.5956985765754, 15.52508570223, 15.4499475504874, 15.3705420702754, 15.2871272153093, 15.1999609457029, 15.1093012296862, 15.015406045329, 14.9185333821448, 14.8189412424235, 14.7168876421316, 14.6126306112256, 14.5064281932546, 14.3985384441765, 14.2892194303792, 14.1787292259746, 14.0673259095004, 13.9552675602133, 13.842812254183, 13.7302180603718, 13.6177430368375, 13.5056452271063, 13.394182656652, 13.2836133292944, 13.1741952231827, 13.0661862858739, 12.9598444278156, 12.8554283673933, 12.7532067045876, 12.6534882847427, 12.5566871907253, 12.4634180215992, 12.3746043208225, 12.2915805847126, 12.2161872271148, 12.1508551220707, 12.0986818100502, 12.0634995771979, 12.0499128147831, 16, 15.9961942069842, 15.9850346148656, 15.9667785665585, 15.9416834038788, 15.9100064674825, 15.8720050968536, 15.8279366303607, 15.7780584054076, 15.7226277587021, 15.6619020266739, 15.5961385460685, 15.5255946547415, 15.4505276926726, 15.3711950032015, 15.2878539344752, 15.2007618410664, 15.1101760856975, 15.0163540409725, 14.9195530909871, 14.8200306326674, 14.7180440766741, 14.6138508477174, 14.5077083841581, 14.3998741368191, 14.2906055669988, 14.1801601437536, 14.068795340586, 13.956768631723, 13.8443374881929, 13.7317593738889, 13.6192917417564, 13.5071920301497, 13.3957176592977, 13.2851260276863, 13.1756745080258, 13.0676204423091, 12.9612211352673, 12.8567346992954, 12.7544291271472, 12.6546126525882, 12.5576988266548, 12.4643020979322, 12.3753470506067, 12.2921711910541, 12.2166206475076, 12.1511353824239, 12.0988261101532, 12.0635428752177, 12.0499127695494, 16, 15.9961989237036, 15.9850528738897, 15.966818590859, 15.941752813809, 15.9101122807725, 15.8721537286056, 15.8281338930445, 15.778309508856, 15.7229373101087, 15.6622740305915, 15.5965764044104, 15.5261011667862, 15.4511050550722, 15.371844809996, 15.2885771771121, 15.2015589084273, 15.1110467641323, 15.0172975143402, 14.920567940704, 14.8211148377609, 14.7191950138399, 14.6150652913792, 14.5089825065253, 14.4012035079395, 14.2919851548042, 14.1815843140936, 14.0702578572483, 13.9582626564385, 13.8458555806244, 13.7332934916038, 13.6208332401829, 13.5087316625184, 13.3972455765684, 13.2866317784599, 13.1771470384394, 13.0690480959117, 12.9625916528686, 12.8580352186919, 12.7556461818879, 12.6557321676246, 12.5587061941306, 12.4651825491569, 12.3760868381048, 12.2927595497017, 12.2170524916615, 12.1514146740502, 12.0989699396464, 12.0635860426416, 12.049912724972, 16, 15.9962036217788, 15.9850710607804, 15.9668584571133, 15.9418219497783, 15.910217676607, 15.8723017742492, 15.8283303782302, 15.7785596231022, 15.7232456427159, 15.6626445706413, 15.5970125407668, 15.5266056881, 15.4516801497898, 15.3724920663732, 15.2892975832338, 15.2023528522342, 15.1119140334545, 15.0182372969382, 14.9215788243167, 14.8221948101588, 14.7203414628826, 14.6162750050746, 14.5102516730867, 14.4025277158392, 14.2933593928175, 14.1830029713335, 14.0717147231854, 13.9597509209061, 13.8473678338072, 13.7348217240106, 13.6223688426035, 13.5102654259649, 13.3987676922028, 13.2881318375057, 13.1786140320781, 13.0704704151582, 12.9639570884207, 12.859330960658, 12.7568588185529, 12.6568476811021, 12.5597100318784, 12.4660599925722, 12.376824175748, 12.2933460305243, 12.2174830151819, 12.1516931527746, 12.0991133753777, 12.0636291045519, 12.0499126880333, 16, 15.9962083013108, 15.9850891759278, 15.9668981661759, 15.9418908132679, 15.9103226572424, 15.8724492369514, 15.8285260901181, 15.7788087534884, 15.7235527631038, 15.6630136547241, 15.5974469644285, 15.52710822942, 15.4522529890516, 15.3731367860782, 15.2900151681209, 15.2031436893063, 15.112777912012, 15.0191734086201, 14.9225857631478, 14.8232705726033, 14.7214834479013, 14.6174800141832, 14.5115159104138, 14.4038467881783, 14.2947283096724, 14.1844161449516, 14.0731659685779, 13.9612334558532, 13.8488742788472, 13.7363441024123, 13.6238985803229, 13.5117933515878, 13.4002840368715, 13.2896262348323, 13.1800755180403, 13.0718874279757, 12.9653174684054, 12.8606219499423, 12.7580670598571, 12.6579592133878, 12.5607103576041, 12.4669344429206, 12.3775590750594, 12.2939306416449, 12.2179122227106, 12.1519708197949, 12.0992564152685, 12.0636720558981, 12.0499126511534, 16, 15.9962129623651, 15.9851072195856, 15.9669377186027, 15.941959405241, 15.9104272241462, 15.8725961187728, 15.8287210314415, 15.7790569034921, 15.7238586755569, 15.6633812879856, 15.5978796814483, 15.5276087977434, 15.452823580828, 15.3737789780746, 15.290729941742, 15.2039314306203, 15.1136384117845, 15.0201058623544, 14.9235887711326, 14.8243421399655, 14.7226209846631, 14.6186803353208, 14.512775235914, 14.4051607430914, 14.2960919241567, 14.1858238543068, 14.0746116132656, 13.9627102815017, 13.8503749362405, 13.7378606474628, 13.6254224740287, 13.513315459975, 13.4017946309215, 13.2911149903952, 13.1815315157313, 13.0732991530522, 12.9666728106178, 12.8619082032627, 12.7592709212483, 12.6590667784583, 12.561707183619, 12.4678059106751, 12.3782915445527, 12.2945133895785, 12.2183401188282, 12.1522476779426, 12.0993990607206, 12.063714897113, 12.0499126144027, 16, 15.9962176050072, 15.9851251920073, 15.9669771149492, 15.9420277266608, 15.9105313787863, 15.8727424217738, 15.8289152049336, 15.7793040765906, 15.7241633843596, 15.6637474755714, 15.5983106978787, 15.5281074000669, 15.4533919330886, 15.3744186513255, 15.2914419140649, 15.2047160871522, 15.1144955447506, 15.0210346711086, 14.9245878622047, 14.8254095271144, 14.7237540889331, 14.6198759851, 14.5140296669914, 14.406469598709, 14.2974502550537, 14.1872261187534, 14.0760516770829, 13.964181418067, 13.8518698264759, 13.7393713798084, 13.6269405444, 13.5148317717049, 13.403299494689, 13.292598124138, 13.1829820445437, 13.0747056090619, 12.9680231328378, 12.8631897373206, 12.7604704181564, 12.6601703902705, 12.5627005222134, 12.4686744062854, 12.3790215927166, 12.2950942808119, 12.2187667080826, 12.1525237300109, 12.0995413130895, 12.0637576285727, 12.0499125777802, 16, 15.9962222293026, 15.9851430934458, 15.9670163557693, 15.9420957784871, 15.9106351226249, 15.8728881480078, 15.8291086133181, 15.779550276249, 15.724466893781, 15.664112222609, 15.5987400197511, 15.5286040433629, 15.4539580537753, 15.3750558147622, 15.2921510950226, 15.2054976698394, 15.1153493228466, 15.0219598478042, 14.9255830502488, 14.8264727488666, 14.7248827764206, 14.6210669800753, 14.5152792209891, 14.4077733730978, 14.2988033210807, 14.1886229575774, 14.0774861797945, 13.9656468856934, 13.8533589699702, 13.7408763200227, 13.6284528120426, 13.5163423072834, 13.4047986484382, 13.2940756559342, 13.1844271238015, 13.076106814613, 12.9693684527822, 12.864466568758, 12.7616655659563, 12.6612700627316, 12.5636903856336, 12.4695399401641, 12.3797492280092, 12.2956733218088, 12.2191919950058, 12.1527989787831, 12.099683173726, 12.063800250652, 12.0499125412856, 16, 15.9962268353162, 15.9851609241529, 15.9670554416147, 15.9421635616764, 15.9107384571197, 15.8730332995209, 15.8293012593092, 15.7797955059206, 15.7247692080755, 15.6644755342079, 15.5991676530758, 15.5290987345793, 15.4545219508023, 15.3756904772854, 15.2928574945133, 15.206276189581, 15.1161997579675, 15.0228814053179, 14.926574349101, 14.8275318199872, 14.7260070627804, 14.6222533367434, 14.5165239151896, 14.4090720842617, 14.3001511408898, 14.1900143899976, 14.0789151410957, 13.9671067044547, 13.8548423870688, 13.7423754886071, 13.6299592974905, 13.5178470871444, 13.4062921123627, 13.2955476055872, 13.1858667727609, 13.0775027882478, 12.9707087881055, 12.8657387141581, 12.7628563799686, 12.6623658096994, 12.5646767860822, 12.4704025226862, 12.3804744588581, 12.2962505190092, 12.2196159841131, 12.1530734270323, 12.0998246439761, 12.0638427637245, 12.0499125049182, 16, 15.996231423113, 15.9851786843796, 15.9670943730353, 15.9422310771818, 15.9108413837229, 15.8731778783522, 15.8294931456116, 15.7800397690463, 15.7250703314828, 15.66483741546, 15.5995936038422, 15.5295914806399, 15.4550836320563, 15.3763226477643, 15.2935611224007, 15.2070516572383, 15.1170468619667, 15.0237993564817, 14.9275617725494, 14.8285867551899, 14.7271269636125, 14.6234350715433, 14.5177637668152, 14.4103657501417, 14.3014937330679, 14.1914004351656, 14.0803385806134, 13.9685608943547, 13.8563200980459, 13.7438689059915, 13.6314600212058, 13.5193461316505, 13.4077799065851, 13.2970139928313, 13.1873010106105, 13.078893548444, 12.9720441564002, 12.8670061900458, 12.7640428754598, 12.6634576449828, 12.5656597357184, 12.4712621641897, 12.3811972936608, 12.2968258788303, 12.2200386799036, 12.1533470775217, 12.0999657251809, 12.0638851681625, 12.0499124686777, 16, 15.9962359927576, 15.9851963743759, 15.9671331505792, 15.9422983259533, 15.9109439038819, 15.8733218865335, 15.8296842749207, 15.7802830690554, 15.7253702682278, 15.6651978714395, 15.6000178780188, 15.5300822884444, 15.4556431053963, 15.3769523350376, 15.2942619885145, 15.2078240836348, 15.1178906466564, 15.0247137140826, 14.928545334334, 14.8296375691369, 14.7282424944627, 14.624612200857, 14.518998793028, 14.4116543886161, 14.3028311161371, 14.1927811121664, 14.0817565179059, 13.9700094753274, 13.8577921231051, 13.7453565925344, 13.6329550035789, 13.5208394610929, 13.4092620511576, 13.2984748373315, 13.1887298564715, 13.0802791136142, 12.9733745751966, 12.8682690128876, 12.7652250676424, 12.6645455823415, 12.5666392466583, 12.472118874976, 12.3819177407847, 12.2973994076662, 12.2204600868602, 12.1536199330046, 12.1001064186765, 12.0639274643367, 12.0499124325636, 16, 15.9962405500143, 15.9852140164796, 15.9671718232535, 15.9423653930506, 15.9110461473787, 15.8734655065258, 15.8298748896197, 15.7805257147832, 15.725669399415, 15.6655573606239, 15.6004410158466, 15.5305717836747, 15.4562010849093, 15.377580343848, 15.2949609897909, 15.2085944587254, 15.1187321951213, 15.0256256537342, 14.9295263012826, 14.8306856178431, 14.7293550977929, 14.6257862501406, 14.520230598113, 14.412939677921, 14.3041650366939, 14.1941582296537, 14.0831708166691, 13.9714543583832, 13.8592604121309, 13.746840527842, 13.6344462440724, 13.5223290842128, 13.4107405528098, 13.2999321318027, 13.1901552763283, 13.0816614095829, 12.9747019160177, 12.8695289850492, 12.7664046741552, 12.6656312384042, 12.5676168175384, 12.4729740180206, 12.3826370092196, 12.2979721415651, 12.2208810485246, 12.1538926243533, 12.1002471219129, 12.063969794927, 12.0499124270556, 16, 15.9962450900759, 15.9852315920607, 15.9672103501834, 15.9424322075254, 15.9111480059567, 15.873608586123, 15.8300647875052, 15.7807674485755, 15.7259674070792, 15.6659155004703, 15.600862566532, 15.531059444207, 15.4567569746556, 15.3782060025482, 15.2956573775765, 15.2093619561453, 15.1195706031744, 15.0265341939089, 14.930503615603, 14.8317297689206, 14.7304635688816, 14.6269559451945, 14.5214578418415, 14.41422021584, 14.3054940351692, 14.1955302759341, 14.0845799189057, 13.9728939456347, 13.8607233343529, 13.7483190558606, 13.6359320695426, 13.5238133195622, 13.4122137311688, 13.3013842069195, 13.1915756224688, 13.0830388214108, 12.9760246084496, 12.8707845929891, 12.76758025127, 12.6667132527913, 12.5685911854629, 12.473826442651, 12.3833540758842, 12.2985432010545, 12.2213008457162, 12.1541646100448, 12.1003874890109, 12.0640120283186, 12.0499123894845, 16, 15.9962496121266, 15.9852490979581, 15.9672487244337, 15.9424987573408, 15.9112494612507, 15.8737510995059, 15.8302539342795, 15.7810082267322, 15.7262642372949, 15.6662722261063, 15.6012824536352, 15.5315451815142, 15.4573106736023, 15.3788291972813, 15.2963510249738, 15.2101264358407, 15.1204057175907, 15.0274391682968, 14.9314770980873, 14.8327698305515, 14.7315677036902, 14.6281210702492, 14.5226802973038, 14.4154957650149, 14.3068178645492, 14.1968969952312, 14.0859835610715, 13.9743279668652, 13.8621806140778, 13.7497918967174, 13.637412197335, 13.5252918832041, 13.4136813026145, 13.3028307810794, 13.1929906171096, 13.0844110770363, 12.9773423881563, 12.8720355822011, 12.7687515565163, 12.6677913973746, 12.5695621391033, 12.4746759569913, 12.3840687712001, 12.2991124418857, 12.2217193627282, 12.1544358062965, 12.1005274716444, 12.0640541553183, 12.0499123536088, 16, 15.9962541162346, 15.9852665344355, 15.9672869465822, 15.9425650434981, 15.9113505147862, 15.8738930488158, 15.8304423327825, 15.7812480528656, 15.726559894512, 15.666627542875, 15.6017006834395, 15.5320290028584, 15.4578621900189, 15.3794499373451, 15.29704194232, 15.2108879091909, 15.1212375507848, 15.0283405903325, 14.9324467631658, 14.8338058181287, 14.7326675185318, 14.6292816424871, 14.5238979824914, 14.4167663441779, 14.3081365442284, 14.1982584075154, 14.0873817636169, 13.9757564429005, 13.8636322723937, 13.7512590716402, 13.6388866486857, 13.5267647962427, 13.41514328797, 13.3042718746666, 13.1944002800289, 13.0857781954557, 12.9786552731671, 12.873281969554, 12.7699186053996, 12.6688656860846, 12.5705296906115, 12.4755225712323, 12.3847811032671, 12.2996798700152, 12.2221366034215, 12.1547062150368, 12.1006670701006, 12.064096174998, 12.0499123178495, 16, 15.9962586024638, 15.9852839017397, 15.9673250171694, 15.9426310669343, 15.9114511679908, 15.874034436057, 15.8306299856728, 15.7814869303581, 15.7268543828977, 15.6669814557815, 15.6021172618324, 15.5325109150452, 15.458411531658, 15.380068231458, 15.2977301393111, 15.2116463868722, 15.1220661144084, 15.0292384726295, 14.933412624392, 14.8348377461155, 14.7337630287412, 14.6304376780678, 14.5251109143338, 14.4180319709648, 14.3094500924778, 14.1996145316129, 14.0887745458354, 13.9771793934051, 13.8650783292309, 13.7527206007126, 13.6403554437103, 13.5282320786957, 13.4165997070178, 13.3057075070817, 13.1958046300915, 13.0871401948349, 12.9799632807782, 12.874523771295, 12.7710814129305, 12.6699361324994, 12.5714938519447, 12.4763662955416, 12.3854910803454, 12.300245491757, 12.2225525722246, 12.1549758389882, 12.1008062857044, 12.0641380877309, 12.0499122822152, 16, 15.996263091528, 15.9853012800762, 15.9673631120429, 15.9426971326619, 15.9115518859371, 15.8741759146298, 15.8308177603187, 15.7817259635587, 15.7271490641666, 15.6673356016634, 15.6025341159042, 15.5329931479204, 15.4589612409947, 15.3806869419725, 15.2984188027964, 15.2124053822236, 15.1228952476556, 15.0301369769756, 14.9343791602593, 14.8358704011965, 14.7348593180533, 14.6315945440099, 14.5263247267411, 14.4192985271595, 14.310764617312, 14.2009716775012, 14.0901683927743, 13.978603448978, 13.866525528598, 13.7541833065843, 13.6418254463066, 13.5297005956908, 13.4180573834704, 13.3071444153517, 13.197210269741, 13.0885034925097, 12.981272590065, 12.8757668724576, 12.7722455116892, 12.6710078557036, 12.5724592650313, 12.477211228424, 12.3862021886681, 12.3008121096645, 12.2229693140583, 12.1552459807307, 12.1009457832845, 12.0641801144389, 12.049912306811, 16, 15.99626756319, 15.9853185910841, 15.9674010593973, 15.9427629426761, 15.9116522142324, 15.874316846131, 15.8310048092496, 15.7819640734385, 15.7274426078069, 15.6676883811673, 15.6029493626672, 15.533473522635, 15.4595088336586, 15.3813032719014, 15.2991048186433, 15.2131614620037, 15.1237211987783, 15.0310320362838, 14.9353419940744, 14.8368991053698, 14.7359514180201, 14.6327469948458, 14.5275339132171, 14.4205602637918, 14.3120741484054, 14.2023236771811, 14.0915569650064, 13.980022127573, 13.8679672772015, 13.7556405186509, 13.6432899450589, 13.5311636340641, 13.4195096440439, 13.3085760102654, 13.1986107405965, 13.0898618102532, 12.9825771548441, 12.877005513359, 12.7734054855187, 12.6720758426606, 12.5734213821037, 12.4780533520669, 12.3869110076121, 12.3013769700964, 12.2233848146238, 12.1555153482748, 12.1010848866944, 12.0642219989681, 12.0499122702515, 16, 15.9962720170319, 15.9853358331462, 15.967438855689, 15.9428284908333, 15.9117521435134, 15.8744572174115, 15.8311911150188, 15.7822012377949, 15.7277349864559, 15.6680397614199, 15.6033629634412, 15.5339519944593, 15.4600542586813, 15.3819171639031, 15.2997881230556, 15.2139145559343, 15.1245438910433, 15.031923567446, 14.9363010364892, 14.8379237632349, 14.7370392274308, 14.6338949238505, 14.5287383618718, 14.4218170642106, 14.3133785648028, 14.2036704059045, 14.0929401345554, 13.9814352986046, 13.8694034425193, 13.7570921031797, 13.644748805804, 13.5326210600563, 13.4209563562707, 13.3100021615882, 13.2000059156523, 13.0912150253377, 12.9838768577692, 12.8782395831912, 12.7745612313607, 12.6731399993269, 12.5743801194666, 12.4788925945387, 12.3876174785361, 12.3019400293664, 12.2237990470146, 12.1557839334967, 12.1012236087859, 12.0642637775372, 12.0499122347183, 16, 15.99627645312, 15.9853530065187, 15.9674765014788, 15.9428937781055, 15.9118516752607, 15.87459703055, 15.8313766803834, 15.7824374601355, 15.7280262044347, 15.6683897476105, 15.6037749243295, 15.5344285704479, 15.4605975240974, 15.3825286270122, 15.3004687260793, 15.214664675076, 15.1253633365195, 15.0328115835254, 14.9372563015372, 14.8389443897647, 14.738122762157, 14.6350383477453, 14.5299380902189, 14.4230689466554, 14.3146778853949, 14.2050118831298, 14.0943179213555, 13.9828429823815, 13.8708340451255, 13.7585380808924, 13.6462020492846, 13.5340728942957, 13.4223975405207, 13.3114228892793, 13.2013958142959, 13.0925631564089, 12.9851717165662, 12.8794690985734, 12.7757127645317, 12.6742003395119, 12.5753354892255, 12.4797289660628, 12.3883216096546, 12.3025012936302, 12.2242120153772, 12.1560517386998, 12.1013619503145, 12.0643054497848, 12.0499121993041, 16, 15.9962808715174, 15.9853701114463, 15.9675139973028, 15.9429588054219, 15.9119508108904, 15.8747362875346, 15.8315615079803, 15.782672743815, 15.7283162658766, 15.6687383447032, 15.6041852511712, 15.5349032573508, 15.461138637596, 15.3831376698757, 15.301146637331, 15.2154118300177, 15.1261795467632, 15.0336960970319, 14.9382078026609, 14.8399609993039, 14.739202037408, 14.6361772825575, 14.5311331150491, 14.4243159286177, 14.315972128303, 14.2063481275288, 14.0956903445414, 13.9842451984062, 13.8722591047865, 13.7599784717071, 13.6476496954502, 13.5355191566347, 13.4238332164127, 13.312838212579, 13.2027804552355, 13.0939062214822, 12.9864617483874, 12.8806940756172, 12.7768600999166, 12.6752568766795, 12.5762875032362, 12.4805624767203, 12.3890234091573, 12.3030607691475, 12.224623724102, 12.1563187665822, 12.1014999125917, 12.0643470160782, 12.0499121640136, 16, 15.9962852722872, 15.9853871481727, 15.9675513436954, 15.9430235737087, 15.9120495518139, 15.8748749903465, 15.8317456004381, 15.7829070921775, 15.7286051749016, 15.6690855576463, 15.6045939497868, 15.5353760618966, 15.4616776068409, 15.3837443011128, 15.3018218663961, 15.2161560313141, 15.1269925332932, 15.0345771204352, 14.9391555532592, 14.8409736061511, 14.7402770683435, 14.6373117442621, 14.5323234530984, 14.4255580275319, 14.3172613115891, 14.2076791577125, 14.097057423186, 13.9856419661179, 13.8736786412041, 13.7614132954767, 13.649091764185, 13.5369598668608, 13.4252634035011, 13.314248150664, 13.2041598571177, 13.0952442385128, 12.987746970328, 12.8819145303804, 12.7780032523502, 12.6763096242479, 12.5772361733141, 12.481393136557, 12.389722885205, 12.3036184621552, 12.2250341775622, 12.15658501983, 12.1016374969216, 12.0643884767795, 12.0499121288465, 16, 15.9962896554923, 15.9854041169411, 15.967588541189, 15.9430880838891, 15.9121478994375, 15.8750131409605, 15.831928960376, 15.7831405085553, 15.7288929356153, 15.6694313913705, 15.6050010259763, 15.5358469907901, 15.4622144394695, 15.3843485293126, 15.3024944228267, 15.2168972894833, 15.1278023075884, 15.0354546661615, 14.9400995666843, 14.8419822245544, 14.7413478700704, 14.6384417487784, 14.5335091210445, 14.4267952607718, 14.3185454532525, 14.2090049922267, 14.0984191762951, 13.9870333048875, 13.8750926740112, 13.7628425719848, 13.6505282753037, 13.538395044692, 13.4266881212716, 13.3156527226438, 13.2055340385235, 13.0965772253931, 12.9890273994232, 12.883130478864, 12.7791422366148, 12.6773585955877, 12.5781815112322, 12.4822209555829, 12.3904200459291, 12.3041743788676, 12.2254433801153, 12.1568505011199, 12.1017747046034, 12.0644298322492, 12.0499120938023, 16, 15.9962940211952, 15.9854210179936, 15.9676255903144, 15.9431523368827, 15.9122458551628, 15.8751507413443, 15.8321115904041, 15.7833729962691, 15.7291795521089, 15.6697758507897, 15.6054064855196, 15.536316050713, 15.4627491430925, 15.3849503630342, 15.3031643161414, 15.2176356150064, 15.1286088810873, 15.0363287465937, 14.9410398562415, 14.8429868687126, 14.7424144576428, 14.6395673119702, 14.5346901355067, 14.4280276456501, 14.3198245712293, 14.2103256495527, 14.0997756228082, 13.9884192340181, 13.8765012227721, 13.7642663209456, 13.6519592485514, 13.5398247097774, 13.4281073891415, 13.3170519475606, 13.2069030179686, 13.0979051999522, 12.9903030526477, 12.8843419370127, 12.7802770674405, 12.678403804022, 12.579123528722, 12.4830459437722, 12.3911148994319, 12.3047285254769, 12.2258513361033, 12.1571152131186, 12.1019115369314, 12.0644710828467, 12.0499120588806, 16, 15.9962983723749, 15.9854378628469, 15.9676625162893, 15.9432163763769, 15.9123434855192, 15.8752878848467, 15.8322936142729, 15.7836047126577, 15.729465218101, 15.6701191683979, 15.605810601687, 15.5367835573171, 15.4632820769532, 15.3855502059267, 15.3038319948143, 15.2183715012065, 15.1294127915906, 15.0371999432431, 14.9419770459913, 14.8439882036778, 14.7434775351522, 14.640689174621, 14.5358672712179, 14.4292559877114, 14.3210994983431, 14.2116419858651, 14.1011276379286, 13.9898006430238, 13.8779051861982, 13.7656854447604, 13.6533855841165, 13.5412497537938, 13.4295220835833, 13.3184466795935, 13.2082676198548, 13.0992289489356, 12.9915746708155, 12.8855495910383, 12.781408367371, 12.6794457989637, 12.5800626958313, 12.4838684888137, 12.3918077513188, 12.3052811290773, 12.2262582009973, 12.157379249896, 12.102048040139, 12.0645122438837, 12.0499120287399, 16, 15.9963027093775, 15.9854546528399, 15.9676993220459, 15.9432802074514, 15.9124407982429, 15.8754245823235, 15.8324750463748, 15.7838356760211, 15.7297499561242, 15.6704613712401, 15.6062134062693, 15.5372495473266, 15.463813282851, 15.3861481049607, 15.3044975110376, 15.2191050055013, 15.1302141016997, 15.0380683238077, 14.9429112085946, 14.8449863068946, 14.744537184602, 14.6418074230221, 14.5370406184404, 14.4304803808268, 14.3223703316649, 14.212954100981, 14.1024753237192, 13.9911776356674, 13.879304669161, 13.7671000487715, 13.6548073871283, 13.5426702809289, 13.4309323070674, 13.3198370186752, 13.20962794071, 13.1005485645536, 12.9928423408613, 12.8867535215952, 12.7825362097298, 12.6804846453095, 12.5809990682365, 12.4846886366815, 12.3924986377203, 12.3058322161781, 12.2266639922948, 12.1576426209482, 12.102184217146, 12.064553313549, 12.0499119991072, 16, 15.9963070322493, 15.9854713881511, 15.9677360079751, 15.9433438307841, 15.912537794367, 15.875560835225, 15.8326558886336, 15.7840658888073, 15.7300337691954, 15.6708024629403, 15.6066149035299, 15.5377140256709, 15.4643427664021, 15.3867440664538, 15.3051608718383, 15.2198361356303, 15.1310128198634, 15.0389338974359, 14.9438423538845, 14.8459811888597, 14.745593417125, 14.6429220689092, 14.5382101894742, 14.4317008378148, 14.3236370844813, 14.2142620085979, 14.1038186942252, 13.9925502262731, 13.8806996861886, 13.7685101476301, 13.6562246722746, 13.544086305814, 13.4323380740702, 13.3212229790222, 13.2109839943803, 13.1018640601653, 12.9941060755341, 12.8879537406942, 12.7836606056549, 12.681520353184, 12.5819326549022, 12.4855063950353, 12.3931875648757, 12.3063817915385, 12.2270687132906, 12.1579053282135, 12.1023200687452, 12.0645942918117, 12.0499119695639, 16, 15.9963113410345, 15.9854880689516, 15.9677725744518, 15.9434072470249, 15.912634474882, 15.8756966449423, 15.832836142895, 15.7842953533649, 15.7303166602085, 15.6711424469748, 15.6070150975591, 15.5381769970798, 15.4648705329951, 15.3873380964676, 15.30582208396, 15.2205648990213, 15.1318089541908, 15.0397966729094, 14.9447704913006, 14.8469728596505, 14.7466462434107, 14.6440331235523, 14.5393759961322, 14.4329173709886, 14.3248997695569, 14.2155657218771, 14.1051577629451, 13.9939184286103, 13.8820902512499, 13.7699157554274, 13.6576374536858, 13.5454978425301, 13.4337393985287, 13.3226045743277, 13.2123357942091, 13.103175448653, 12.9953658871379, 12.8891502599378, 12.7847815659186, 12.6825529323949, 12.5828634645319, 12.4863217713353, 12.3938745388939, 12.306929859863, 12.227472367307, 12.1581673737464, 12.1024555959411, 12.0646351789547, 12.0499119401128, 16, 15.996315635777, 15.9855046954118, 15.9678090218498, 15.9434704568216, 15.9127308407752, 15.8758320128616, 15.8330158109983, 15.7845240720342, 15.7305986320477, 15.6714813268084, 15.6074139924333, 15.5386384662666, 15.4653965880004, 15.3879302010435, 15.3064811541231, 15.2212913030769, 15.1326025127632, 15.0406566589798, 14.9456956302505, 14.8479613293103, 14.7476956741123, 14.645140598183, 14.5405380501872, 14.4341299926195, 14.3261583996127, 14.2168652539355, 14.1064925433311, 13.9952822564014, 13.883476378266, 13.7713168862062, 13.6590457454438, 13.5469049051097, 13.4351362943323, 13.3239818182378, 13.2136833534941, 13.1044827428543, 12.9966217879338, 12.890343090888, 12.7858991012556, 12.6835823927157, 12.5837915057977, 12.4871347730148, 12.3945595658614, 12.3074764258383, 12.2278749576533, 12.1584287595926, 12.1025907997327, 12.0646759752569, 12.0499119107537, 16, 15.9963199165209, 15.9855212677017, 15.9678453505413, 15.9435334608198, 15.9128268930301, 15.8759669403642, 15.8331948947759, 15.7847520471472, 15.7308796875867, 15.6718191058932, 15.607811592214, 15.5390984379278, 15.4659209367689, 15.388520386201, 15.3071380890241, 15.2220153551728, 15.133393503633, 15.0415138643673, 14.9466177801075, 14.8489466078458, 14.7487417198443, 14.6462445039922, 14.5416963633695, 14.4353387149343, 14.3274129873237, 14.2181606178421, 14.1078230487869, 13.996641723319, 13.8848580811076, 13.7727135539585, 13.6604495615795, 13.5483075075346, 13.4365287753196, 13.3253547243489, 13.2150266854842, 13.1057859555604, 12.9978737901382, 12.8915322450646, 12.7870132223614, 12.6846087438839, 12.5847167873404, 12.48794540748, 12.3952426518424, 12.3080214941337, 12.2282764876263, 12.1586894877901, 12.1027256811152, 12.0647166809965, 12.0499118814862, 16, 15.9963241833099, 15.9855377859905, 15.9678815608972, 15.9435962596624, 15.9129226326269, 15.8761014288263, 15.833373396054, 15.7849792810275, 15.7311598296889, 15.672155787669, 15.6082079009484, 15.5395569167429, 15.4664435846323, 15.3891086579378, 15.3077928953351, 15.2227370626582, 15.1341819348233, 15.0423682977603, 14.9475369502115, 14.849928705228, 14.7497843911831, 14.6473448521304, 14.5428509473669, 14.4365435501155, 14.3286635453192, 14.2194518266189, 14.1091492926676, 13.9979968429865, 13.8862353735952, 13.7741057726256, 13.6618489160729, 13.5497056637358, 13.4379168552795, 13.3267233062084, 13.2163658033807, 13.1070850995158, 12.9991219059235, 12.8927177339458, 12.7881239398926, 12.6856319956018, 12.585639317769, 12.4887536821097, 12.3959238028788, 12.3085650694015, 12.2286769605111, 12.1589495603695, 12.1028602410801, 12.0647572964505, 12.04991185231, 16, 15.9963284361875, 15.9855542504469, 15.9679176532873, 15.9436588539903, 15.9130180605423, 15.8762354796194, 15.8335513166518, 15.7852057759903, 15.7314390612073, 15.672491375563, 15.6086029226687, 15.5400139073747, 15.466964536903, 15.3896950222301, 15.3084455797041, 15.2234564328559, 15.1349678143286, 15.0432199678162, 14.9484531498684, 14.8509076313917, 14.7508236986667, 14.648441653708, 14.5440018138251, 14.4377445103019, 14.3299100861827, 14.2207388932408, 14.1104712882802, 13.9993476289778, 13.8876082694993, 13.7754935560986, 13.6632438228537, 13.5510993875941, 13.4393005479507, 13.3280875773145, 13.2177007203369, 13.1083801874191, 13.0003661474175, 12.8938995689677, 12.789231264467, 12.6866521575361, 12.5865591056611, 12.4895596042561, 12.3966030249903, 12.3091071562769, 12.2290763795803, 12.1592089793538, 12.1029944806155, 12.064797821895, 12.0499118232247, 16, 15.9963326751972, 15.9855706612391, 15.9679536280797, 15.9437212444421, 15.9131131777492, 15.8763690941098, 15.8337286583824, 15.7854315343425, 15.7317173849847, 15.6728258729903, 15.6089966613928, 15.5404694144688, 15.4674837988744, 15.3902794850324, 15.3090961487553, 15.224173473062, 15.1357511501141, 15.0440688831611, 14.9493663883506, 14.8518833962357, 14.7518596527953, 14.649534919795, 14.5451489743478, 14.4389416075883, 14.3311526224525, 14.222021830636, 14.1117890488835, 14.0006940948179, 13.888976782541, 13.7768769182182, 13.664634295801, 13.5524886929401, 13.4406798670224, 13.3294475511166, 13.2190314494585, 13.1096712319228, 13.0016065267045, 12.8950777615255, 12.7903352066639, 12.6876692393185, 12.5874761595632, 12.4903631812442, 12.3972803241747, 12.3096477593781, 12.2294747480948, 12.1594677467587, 12.1031284007054, 12.064838257605, 12.04991179423, 16, 15.9963369003822, 15.9855870185344, 15.9679894856416, 15.9437834316539, 15.9132079852173, 15.876502273659, 15.8339054230519, 15.7856565583826, 15.7319948038536, 15.6731592833536, 15.6093891211243, 15.5409234426546, 15.4680013758207, 15.390862052278, 15.309744609089, 15.2248881905467, 15.1365319501169, 15.0449150523898, 14.9502766748971, 14.8528560096235, 14.7528922640312, 14.650624661422, 14.5462924404969, 14.4401348540261, 14.3323911666217, 14.2233006516859, 14.1131025876888, 14.0020362539832, 13.8903409263915, 13.7782558727753, 13.666020348744, 13.5538735935543, 13.4420548261343, 13.3308032410155, 13.2203580038039, 13.1109582456335, 13.0028430558247, 12.8962523229727, 12.7914357770242, 12.6886832505456, 12.5883904879905, 12.4911644203724, 12.3979557064078, 12.3101868833064, 12.2298720693034, 12.1597258645925, 12.1032620023307, 12.0648786038544, 12.0499117653255, 16, 15.9963411117858, 15.9856033224997, 15.9680252263384, 15.9438454162597, 15.9133024839126, 15.8766350196236, 15.8340816124604, 15.7858808504008, 15.7322713206364, 15.6734916100433, 15.609780305852, 15.5413759965444, 15.4685172729972, 15.3914427298785, 15.3103909672816, 15.2256005925537, 15.137310222245, 15.0457584840666, 14.9511840187138, 14.853825481383, 14.7539215427991, 14.6517108895796, 14.5474322237927, 14.4413242616233, 14.3336257311383, 14.2245753692257, 14.1144119178595, 14.0033741199014, 13.891700714673, 13.7796304335112, 13.667401995462, 13.5552541031678, 13.4434254388769, 13.3321546603637, 13.2216803963843, 13.1122412411125, 13.004075746775, 12.8974232646217, 12.7925329860507, 12.6896942007793, 12.5893020994272, 12.4919633289126, 12.3986291776434, 12.3107245326462, 12.2302683464429, 12.1599833348559, 12.1033952864683, 12.0649188609163, 12.049911736511, 16, 15.9963453094508, 15.9856195733013, 15.9680608505347, 15.943907198891, 15.9133966747978, 15.8767673333553, 15.8342572284011, 15.7861044126794, 15.7325469381453, 15.6738228564377, 15.6101702195508, 15.5418270807343, 15.4690314956403, 15.3920215237248, 15.3110352298863, 15.2263106863011, 15.1380859743783, 15.0465991867246, 14.9520884289734, 14.8547918213067, 14.7549474994861, 14.652793615219, 14.5485683357141, 14.4425098423445, 14.3348563284057, 14.2258459960445, 14.1157170525119, 14.004707705952, 13.8930561609586, 13.7810006141174, 13.6687792496848, 13.556630235462, 13.4447917187918, 13.3335018224656, 13.222998640164, 13.1135202308756, 13.0053046115088, 12.8985905977441, 12.7936268442079, 12.6907020995468, 12.5902110023268, 12.49275991411, 12.3993007438139, 12.3112607119651, 12.2306635827386, 12.1602401595427, 12.1035282540917, 12.0649590290626, 12.0499117077861, 16, 15.9963494934201, 15.9856357711048, 15.9680963585933, 15.9439687801773, 15.913490558832, 15.876899216201, 15.8344322726611, 15.7863272474921, 15.7328216591824, 15.6741530259029, 15.6105588661811, 15.5422766998036, 15.4695440489676, 15.3925984396861, 15.3116774034323, 15.2270184789807, 15.1388592143684, 15.0474371688667, 14.9529899148158, 14.8557550391519, 14.7559701444423, 14.6538728492519, 14.5497007876986, 14.4436916081116, 14.3360829707827, 14.2271125448851, 14.117018004715, 14.0060370254661, 13.8944072787727, 13.7823664282365, 13.6701521250926, 13.5580020040691, 13.4461536793718, 13.3348447405775, 13.2243127480605, 13.1147952273936, 13.0065296619364, 12.8997543335709, 12.7947173619227, 12.6917069563405, 12.5911172051121, 12.4935541831834, 12.3999704108298, 12.3117954258142, 12.2310577814035, 12.1604963406389, 12.1036609061709, 12.0649991085644, 12.0499116791504, 16, 15.9963536637363, 15.9856519160754, 15.968131750876, 15.9440301607457, 15.913584136971, 15.8770306695027, 15.8346067470208, 15.7865493571047, 15.7330954865398, 15.6744821217931, 15.610946249689, 15.5427248583154, 15.4700549381781, 15.3931734836109, 15.3123174944257, 15.2277239777587, 15.1396299500388, 15.0482724389651, 14.9538884853479, 14.8567151446412, 14.7569894879804, 14.6549486025511, 14.5508295911429, 14.4448695708036, 14.3373056705836, 14.2283750284449, 14.118314787491, 14.0073620917274, 13.8957540815909, 13.783727889462, 13.6715206353165, 13.5593694225724, 13.4475113340611, 13.3361834279081, 13.2256227329448, 13.116066243092, 13.0077509099252, 12.9009144832924, 12.7958045495843, 12.6927087806189, 12.5920207161751, 12.4943461433257, 12.4006381845801, 12.3123286787278, 12.2314509456393, 12.1607518801236, 12.1037932436721, 12.0650390996918, 12.0499116506037, 16, 15.996357840691, 15.9856680867605, 15.9681671995549, 15.9440916391652, 15.9136778643572, 15.877162332557, 15.8347814999154, 15.7867718214794, 15.7333697514991, 15.6748117439055, 15.6113342529878, 15.5431737343028, 15.470566645833, 15.3937494494011, 15.3129586123251, 15.2284306092711, 15.1404019242277, 15.04910905249, 14.9547885025066, 14.8576767974171, 14.7580104760937, 14.6560260935108, 14.5519602202982, 14.4460494413908, 14.3385303537662, 14.2296395633438, 14.119613681203, 14.0086893193299, 13.8971030861326, 13.7850915819387, 13.6728913946336, 13.5607390954934, 13.4488712351438, 13.337524339427, 13.2269349048, 13.1173393926994, 13.0089742220842, 12.9020766099364, 12.7968936085788, 12.6937123514662, 12.5929258290365, 12.4951395366344, 12.4013071873069, 12.3128629021041, 12.2318448060815, 12.1610078590552, 12.1039258103476, 12.0650791822396, 12.0499116724053, 16, 15.9963620042883, 15.9856842057567, 15.9682025349643, 15.9441529212108, 15.9137712924666, 15.8772935753581, 15.8349556952323, 15.7869935763289, 15.7336431420885, 15.6751403156307, 15.6117210204352, 15.543621181253, 15.4710767252684, 15.394323583518, 15.3135976925515, 15.2291349962896, 15.1411714480057, 15.0499430123157, 14.9556856670312, 14.8586354047019, 14.7590282336612, 14.6571001783966, 14.5530872791019, 14.4472255903232, 14.3397511786889, 14.2309001197996, 14.1209084944341, 14.0100123842828, 13.8984478674484, 13.7864510139298, 13.6742578812454, 13.5621045102538, 13.4502269210989, 13.3388611090647, 13.228243039958, 13.1186086444568, 13.0101938106293, 12.9032352243174, 12.7979794055036, 12.6947129510076, 12.5938283036572, 12.49593066576, 12.4019743317564, 12.3133956887522, 12.2322376443106, 12.1612631952167, 12.1040580463681, 12.0651191437196, 12.0499116431367, 16, 15.9963661542357, 15.9857002719323, 15.9682377546246, 15.9442140025848, 15.9138644147512, 15.8774243887139, 15.8351293207796, 15.7872146061442, 15.7339156392018, 15.6754678140248, 15.6121065250465, 15.5440671679754, 15.4715851409612, 15.3948958460178, 15.3142346906897, 15.2298370899159, 15.1419384680173, 15.0507742606938, 14.9565799168827, 14.8595909003069, 14.7600426905231, 14.6581707832945, 14.5542106901411, 14.4483979369821, 14.3409680618586, 14.2321566118145, 14.1221991390893, 14.0113311968397, 13.8997883346249, 13.7878060938766, 13.6756200035087, 13.5634655757241, 13.4515783019477, 13.3401936486674, 13.2295470528034, 13.1198739160382, 13.0114095973131, 12.9043902530946, 12.7990618727901, 12.6957105183507, 12.5947280867637, 12.4967194860351, 12.4026395829276, 12.3139270144936, 12.2326294482423, 12.1615178900215, 12.1041899681912, 12.0651590173302, 12.0499116145895, 16, 15.9963702905777, 15.985716285459, 15.9682728589126, 15.9442748839403, 15.9139572322062, 15.8775547740216, 15.8353023784108, 15.7874349132835, 15.734187245745, 15.6757942425781, 15.6124907709276, 15.5445116992171, 15.4720918983192, 15.3954662429831, 15.3148696135054, 15.2305368976007, 15.1427029923952, 15.0516028064296, 14.9574712615246, 14.8605432943326, 14.7610538573908, 14.6592379194945, 14.5553304652465, 14.4495664936952, 14.3421810160509, 14.2334090525562, 14.123485628668, 14.0126457707648, 13.9011245016186, 13.7891568358499, 13.6769777755242, 13.5648223059454, 13.4529253915758, 13.3415219718646, 13.2308469566022, 13.1211352202336, 13.0126215943311, 12.9055417077445, 12.8001410210655, 12.6967050631382, 12.5956251868718, 12.4975060047093, 12.4033029466925, 12.314456883764, 12.2330202208899, 12.1617719451628, 12.1043215763905, 12.0651988028322, 12.0499115861272, 16, 15.9963744133566, 15.9857322465009, 15.9683078481875, 15.9443355659002, 15.9140497457807, 15.8776847326142, 15.8354748698944, 15.7876544999971, 15.7344579644913, 15.6761196046221, 15.6128737619979, 15.5449547795101, 15.4725970025062, 15.3960347802226, 15.3155024674603, 15.2312344264615, 15.1434650289095, 15.052428657938, 14.9583597100019, 14.8614925964354, 14.7620617445071, 14.6603015977956, 14.5564466157374, 14.4507312722611, 14.3433900534965, 14.234657454636, 14.124767976104, 14.0139561192515, 13.9024563818137, 13.7905032533508, 13.6783312108306, 13.5661747144089, 13.4542682033367, 13.3428460917757, 13.2321427641385, 13.1223925693846, 13.0138298134703, 12.9066895993817, 12.8012168606489, 12.6976965947642, 12.5965196123172, 12.498290228927, 12.4039644289009, 12.3149853010681, 12.2334099654346, 12.1620253626077, 12.1044528719281, 12.0652385004966, 12.0499115577533, 16, 15.9963785226147, 15.9857481552214, 15.9683427228074, 15.9443960490852, 15.914141956421, 15.8778142658203, 15.8356467969931, 15.7878733685281, 15.7347277982045, 15.676443903477, 15.6132555021642, 15.5453964133716, 15.4731004586688, 15.3966014635259, 15.3161332589951, 15.2319296835926, 15.1442245853053, 15.0532518236059, 14.9592452713303, 14.86243881624, 14.7630663620811, 14.6613618289611, 14.5575591528957, 14.4518922844392, 14.344595186386, 14.2359018306233, 14.1260461942882, 14.0152622554494, 13.9037839885503, 13.7918453598358, 13.6796803229216, 13.5675228145608, 13.4556067505387, 13.3441660214758, 13.2334344881532, 13.1236459757915, 13.015034266478, 12.9078339390831, 12.802289401824, 12.6986851225911, 12.5974113714065, 12.4990721658074, 12.4046240353819, 12.3155122708939, 12.2337986850451, 12.1622781443149, 12.1045838557602, 12.0652781105908, 12.0499115294674, 16, 15.9963826183939, 15.9857640117832, 15.9683774831291, 15.9444563341139, 15.9142338650697, 15.8779433749636, 15.8358181614632, 15.7880915211113, 15.7349967496391, 15.6767671424515, 15.613635995319, 15.5458366053028, 15.4736022719354, 15.3971662986622, 15.3167619945274, 15.2326226760627, 15.1449816692994, 15.0540723117903, 14.9601279544929, 14.8633819633366, 14.7640677202854, 14.6624186237159, 14.5586680879632, 14.4530495419469, 14.3457964268663, 14.2371421930427, 14.1273202960657, 14.0165641924613, 13.9051073351206, 13.7931831687134, 13.6810251252427, 13.5688666197992, 13.456941046443, 13.3454817739936, 13.2347221413417, 13.1248954517103, 13.0162349650594, 12.908974737886, 12.8033586548376, 12.6996706559472, 12.5983004724165, 12.4998518224441, 12.4052817719433, 12.3160377977131, 12.2341863828785, 12.1625302922358, 12.1047145288399, 12.0653176333809, 12.0499115012693, 16, 15.9963867007363, 15.9857798163488, 15.9684121295082, 15.9445164216029, 15.9143254726664, 15.8780720613632, 15.8359889650548, 15.788308959974, 15.7352648215393, 15.6770893248424, 15.6140152453412, 15.5462753597886, 15.474102447416, 15.3977292913797, 15.317388680452, 15.2333134109156, 15.1457362885817, 15.0548901308188, 14.9610077684412, 14.8643220472814, 14.7650658292563, 14.6634719927467, 14.5597734321415, 14.4542030564601, 14.346993787041, 14.2383785543741, 14.1285902942357, 14.0178619433431, 13.9064264347696, 13.794516693344, 13.6823656311914, 13.5702061434745, 13.4582711042631, 13.3467933623111, 13.236005736354, 13.1261410093532, 13.0174319208778, 12.9101120067881, 12.8044246298996, 12.7006532041274, 12.599186923594, 12.500629205905, 12.405937644372, 12.3165618859813, 12.2345730620806, 12.162781808315, 12.1048448921165, 12.0653570691321, 12.0499114731585, 16, 15.9963907896453, 15.9857956463194, 15.9684468315492, 15.9445766055748, 15.9144172272781, 15.8782009541672, 15.8361600424434, 15.7885267471758, 15.7355333226169, 15.6774120226911, 15.6143951016902, 15.5467148152049, 15.474603421312, 15.3982931820248, 15.3180163649902, 15.234005245388, 15.1464921079561, 15.0557092490249, 14.9618889784122, 14.8652636210001, 14.7660655178052, 14.664527026359, 14.5608805202512, 14.455358387748, 14.3481930294738, 14.2396168552343, 14.1298622801394, 14.0191617202446, 13.9077475879527, 13.7958522873983, 13.6837082099754, 13.5715477300656, 13.4596032008951, 13.3481069502988, 13.2372912760033, 13.1273884398547, 13.0186306601774, 12.9112509513407, 12.8054921534739, 12.7016371535193, 12.6000746076665, 12.5014076338835, 12.4065943461871, 12.31708658759, 12.234960157175, 12.1630335756798, 12.1049753850062, 12.0653965629428, 12.0499114870144
10, 10, 10, 10, 10, 10, 10, 10, 10, 10, 10, 10, 10, 10, 10, 10, 10, 10, 10, 10, 10, 10, 10, 10, 10, 10, 10, 10, 10, 10, 10, 10, 10, 10, 10, 10, 10, 10, 10, 10, 10, 10, 10, 10, 10, 10, 10, 10, 10, 10, 10, 9.9966049937578, 9.9866982950423, 9.97055704078709, 9.94845836792128, 9.92067941336957, 9.88749731405236, 9.84918920688597, 9.80603222878285, 9.75830351665194, 9.70628020739897, 9.65023943792689, 9.59045834513623, 9.52721406592537, 9.46078373719081, 9.39144449582717, 9.31947347872705, 9.24514782278054, 9.16874466487453, 9.09054114189158, 9.01081439070858, 8.92984154819511, 8.84789975121175, 8.76526613660832, 8.68221784122233, 8.59903200187774, 8.51598575538412, 8.43335623853639, 8.35142058811499, 8.27045594088649, 8.19073943360449, 8.11254820301059, 8.03615938583513, 7.96185011879755, 7.88989753860606, 7.82057878195649, 7.75417098553, 7.69095128598956, 7.63119681997497, 7.57518472409606, 7.52319213492368, 7.47549618897778, 7.43237402271138, 7.39410277248879, 7.36095957455496, 7.33322156499104, 7.31116587964716, 7.29506965403617, 7.28521002315599, 7.2818641211724, 10, 9.99660863589554, 9.98671231592963, 9.97058763532295, 9.94851118928944, 9.92075957303666, 9.88760938176648, 9.84933721067626, 9.80621965496046, 9.75853330981291, 9.70655477042977, 9.65056063201323, 9.59082748977591, 9.52763193894605, 9.46125057477338, 9.39195999253533, 9.32003678754348, 9.2457575551498, 9.16939889075218, 9.09123738979866, 9.01154964778998, 8.93061226027969, 8.84870182287163, 8.76609493121439, 8.68306818099297, 8.59989816791775, 8.51686148771143, 8.43423473609465, 8.35229450877093, 8.27131740141178, 8.19158000964238, 8.11335892902795, 8.03693075506069, 7.96257208314641, 7.89055950858997, 7.82116962657758, 7.75467903215408, 7.69136432019201, 7.63150204334428, 7.57536891993018, 7.52324210569908, 7.47539942689188, 7.43211963763268, 7.39368259782343, 7.36036950178919, 7.33246298638949, 7.31024731509703, 7.29400854012992, 7.28403463672737, 7.28061544813368, 10, 9.99661291732198, 9.98672888010488, 9.97062392694482, 9.94857409642702, 9.92085542712591, 9.88774395760582, 9.84951572642232, 9.80644677212447, 9.75881313325811, 9.70689084837037, 9.65095595601568, 9.59128449476317, 9.5281525032058, 9.46183601997076, 9.39261108373136, 9.32075373321947, 9.24654000723834, 9.1702459446746, 9.09214758450856, 9.01252096582168, 8.93164212780002, 8.84978710973266, 8.76723195100452, 8.68425269108325, 8.60112536950045, 8.5181260258281, 8.43553069965144, 8.35361543053959, 8.27265625801576, 8.19292922152783, 8.11471036042023, 8.03827571390703, 7.96390132104506, 7.89186322070546, 7.82243745154048, 7.75590005194156, 7.69252705998298, 7.63259443001675, 7.57637844608464, 7.52415626580956, 7.47620638708878, 7.43280916350518, 7.39424716088044, 7.36080561548657, 7.3327726511794, 7.31043964873106, 7.29410157138201, 7.28405723480747, 7.28060919815001, 10, 9.99662152592886, 9.986762186042, 9.97069690031826, 9.94870058871716, 9.92104817117856, 9.8880145676232, 9.84987469795454, 9.80690348206211, 9.75937583982688, 9.70756669112899, 9.65175095585827, 9.59220355392778, 9.52919940529061, 9.46301342995982, 9.39392054803127, 9.32219567970851, 9.24811374532859, 9.17194966538727, 9.09397836056147, 9.01447475172674, 8.93371375996737, 8.85197030657698, 8.7695193130479, 8.68663570104868, 8.60359439238976, 8.52067030897884, 8.43813837276815, 8.3562735056965, 8.27535062962929, 8.19564466629897, 8.11743053724775, 8.04098316377276, 7.96657746687206, 7.8944883671883, 7.82499078494426, 7.75835963986243, 7.6948698510575, 7.63479617291753, 7.57841401414973, 7.52600053680512, 7.47783560047592, 7.43420280440526, 7.39539020975872, 7.36169126701332, 7.33340525703715, 7.31083803957519, 7.29430271359336, 7.28412016551758, 7.2806188516077, 10, 9.99663013256741, 9.98679548466904, 9.97076985822252, 9.94882705511772, 9.92124087721595, 9.88828512635045, 9.8502336043286, 9.80736011293645, 9.75993845394618, 9.70824242912698, 9.65254584026015, 9.5931224891587, 9.53024617769192, 9.46419070781477, 9.39522988160174, 9.32363750128403, 9.24968736928859, 9.17365328827634, 9.09580906117682, 9.01642849121575, 8.93578538193175, 8.85415353717909, 8.77180676111371, 8.68901885816125, 8.60606363296733, 8.52321489033176, 8.44074643513027, 8.35893207222794, 8.27804560638907, 8.19836084218755, 8.12015158392029, 8.04369163552454, 7.9692548004968, 7.89711488180854, 7.82754568181056, 7.76082100211403, 7.69721464343196, 7.63700016816168, 7.58045209735094, 7.52784756443562, 7.47946773838894, 7.43559939281259, 7.39653599616419, 7.3625791096844, 7.33403905530705, 7.31123604542417, 7.29450118048229, 7.28417727797566, 7.28061854855965, 10, 9.99663865347715, 9.98682845180794, 9.97084209017442, 9.9489522637226, 9.92143166756109, 9.88855299676154, 9.85058894636128, 9.807812211369, 9.7604954867742, 9.70891146756131, 9.65333284872922, 9.59403232531698, 9.53128259243596, 9.46535634530865, 9.39652627931343, 9.32506509003398, 9.25124547331128, 9.17534012529485, 9.09762174248944, 9.01836302179255, 8.93783666051774, 8.85631535639951, 8.77407180757598, 8.69137871254766, 8.60850877011227, 8.52573467927825, 8.44332913916105, 8.3615648488683, 8.28071450737984, 8.2010508134282, 8.1228464653832, 8.04637416114162, 7.97190659801921, 7.89971647263893, 7.83007648080424, 7.76325931734221, 7.69953767589429, 7.63918394559836, 7.58247175835463, 7.52967819685019, 7.48108569809852, 7.43698414978311, 7.39767235067011, 7.36345988042931, 7.33466799726069, 7.31163115108112, 7.29469832087335, 7.28423412700079, 7.28061840362837, 10, 9.99664709019589, 9.98686109340104, 9.9709136091807, 9.94907623705577, 9.92162057650109, 9.88881822694569, 9.85094078777592, 9.80825985834224, 9.76104703797067, 9.70957392598007, 9.65411212170614, 9.59493322453304, 9.53230883393317, 9.46651054951525, 9.39780997107987, 9.32647869868107, 9.25278833269107, 9.17701047386452, 9.09941672339708, 9.02027868297275, 8.9398679547938, 8.85845614158767, 8.77631484658645, 8.69371567347639, 8.61093022631756, 8.52823010943666, 8.44588692729834, 8.36417228436226, 8.28335778493359, 8.20371503301397, 8.12551563215747, 8.04903118533291, 7.97453329478933, 7.90229356191683, 7.83258358708932, 7.76567496946989, 7.70183930675158, 7.64134783324735, 7.58447329020038, 7.53149268766662, 7.48268968985862, 7.43835723899621, 7.39879938809905, 7.36433364403156, 7.33529209769067, 7.31202332272635, 7.29489405511223, 7.28429059132102, 7.28061825959599, 10, 9.99665489030229, 9.9868912753391, 9.97097974506858, 9.94919088939691, 9.92179529817616, 9.88906356120442, 9.85126626822935, 9.80867400895596, 9.76155737306001, 9.71018695020813, 9.65483333008595, 9.59576710243524, 9.53325885710079, 9.46757918408698, 9.39899867362344, 9.32778791623784, 9.2542175028326, 9.17855802476111, 9.10108007389742, 9.02205424269285, 8.94175112421206, 8.86044131214207, 8.7783954007688, 8.69588398491816, 8.61317765986182, 8.53054702119097, 8.44826266466452, 8.36659518604016, 8.28581518089761, 8.2061932444621, 8.12799997143387, 8.05150595582508, 7.9769817908007, 7.9046980685141, 7.83492537992155, 7.76793431455295, 7.70399546020662, 7.64337898967238, 7.58635632663133, 7.53320396146599, 7.48420631990933, 7.43965891461526, 7.39987055250422, 7.36516615235282, 7.33588811036681, 7.31239858654009, 7.29508152890435, 7.28434436007542, 7.2806173498157, 10, 9.99666263634538, 9.9869212481358, 9.97104542277186, 9.94930474759456, 9.92196880988279, 9.8893071968534, 9.85158949566507, 9.80908529342715, 9.76206417721493, 9.71079573409263, 9.65554955114562, 9.59659521552306, 9.53420231449171, 9.46864043550115, 9.40017916625928, 9.32908809481636, 9.25563680965353, 9.18009489977097, 9.10273195476867, 9.02381756491214, 8.94362132117469, 8.86241281524846, 8.7804616395181, 8.69803738699354, 8.61540965120187, 8.53284802604227, 8.45062210561118, 8.36900148400763, 8.28825575512933, 8.20865451246897, 8.13046734891733, 8.05396385657507, 7.97941362656915, 7.90708624886332, 7.83725131204464, 7.77017840305981, 7.70613710686422, 7.64539654927616, 7.58822685796295, 7.5349040056683, 7.4857131634762, 7.4409523803062, 7.40093516688498, 7.36599378913403, 7.33648087184158, 7.31277207468589, 7.29526846354444, 7.28439848787318, 7.28061725704158, 10, 9.9966704000484, 9.98695128940033, 9.97111125074482, 9.94941886670373, 9.92214271982875, 9.88955139260143, 9.85191346743741, 9.80949752669635, 9.76257215269898, 9.71140592775301, 9.65626743418948, 9.59742525441086, 9.5351479709519, 9.46970416655333, 9.40136242424747, 9.33039132745333, 9.25705946007713, 9.18163540661233, 9.10438775223151, 9.02558508286128, 8.9454959852307, 8.8643890468844, 8.78253285615338, 8.7001960020794, 8.61764707429301, 8.53515466284955, 8.45298735803128, 8.37141375012694, 8.29070242920059, 8.21112198486063, 8.13294100603656, 8.05642808076549, 7.98185179598409, 7.90948073731392, 7.83958348881994, 7.77242863271222, 7.70828474894943, 7.64741992163567, 7.59010299459726, 7.53660941581402, 7.48722507658711, 7.44225051914834, 7.4020038992993, 7.36682475682278, 7.33707607495368, 7.31314713312851, 7.29545622754732, 7.28445294187049, 7.28061732980105, 10, 9.99667811396239, 9.98698113803897, 9.97117665668022, 9.94953225426195, 9.92231551508181, 9.88979402335925, 9.85223536324013, 9.80990711880767, 9.76307687410138, 9.71201221314582, 9.65698071999099, 9.59824997876596, 9.53608757374662, 9.47076108943792, 9.40253811066938, 9.33168622270128, 9.25847301133708, 9.18316606303523, 9.10603296501211, 9.02734130532605, 8.94735867293189, 8.86635265769614, 8.78459085036492, 8.70234084248006, 8.61987022624338, 8.5374465943338, 8.45533753968671, 8.3738106552478, 8.29313353371486, 8.2135737672798, 8.13539894737909, 8.05887666445523, 7.98427450772437, 7.91186006493668, 7.84190092210692, 7.77466466318196, 7.71041886959875, 7.64943059749638, 7.59196742739451, 7.53830428391006, 7.48872776210797, 7.44354086340446, 7.4030663389002, 7.36765093803053, 7.3376679255482, 7.31352011392313, 7.29564293549141, 7.28450700888873, 7.28061723032193, 10, 9.9966857773874, 9.98701079134426, 9.97124163464716, 9.9496448999905, 9.92248717998264, 9.89003506714569, 9.85255515392056, 9.81031403267891, 9.76357829574394, 9.71261453542195, 9.65768934404684, 9.5990693140391, 9.53702103798054, 9.47181110870492, 9.40370611940332, 9.33297266374144, 9.25987733598365, 9.18468673111667, 9.10766744496346, 9.02908607427622, 8.94920921679712, 8.86830347127547, 8.78663543743285, 8.7044717158709, 8.62207890792197, 8.53972361544756, 8.45767244059492, 8.37619198552545, 8.29554885212961, 8.21600964174207, 8.13784095486604, 8.0613093909099, 7.98668154793057, 7.91422402236914, 7.84420340875372, 7.7768862993329, 7.71253928358863, 7.6514284034499, 7.59381999659203, 7.5399884658114, 7.490221093731, 7.44482330725438, 7.40412240359365, 7.36847227835346, 7.33825640171376, 7.31389103337329, 7.29582864859546, 7.28456080277669, 7.28061713383204, 10, 9.99669339074911, 9.98704025096283, 9.9713061882529, 9.94975681014141, 9.92265772405652, 9.89027453733221, 9.85287285721368, 9.81071829087034, 9.76407644541835, 9.7132129279551, 9.65839334560769, 9.59988330559731, 9.53794841532085, 9.47285428244989, 9.40486651504589, 9.33425072168843, 9.26127251161098, 9.18619749483624, 9.10929128230086, 9.03081948595758, 8.95104771884186, 8.87024159509121, 8.78866672990737, 8.70658873945604, 8.62427324070385, 8.54198585119826, 8.45999218880165, 8.37855787139431, 8.29794851656278, 8.21842974128817, 8.14026716164471, 8.06372639251152, 7.98907304729209, 7.91657273762516, 7.84649107306013, 7.77909366065667, 7.71464610445279, 7.65341344581607, 7.59566079988938, 7.54166204921978, 7.49170514791158, 7.44609791494026, 7.40517214485359, 7.36928881646784, 7.33884152991742, 7.3142599070096, 7.29601337345635, 7.28461432395775, 7.28061703811077, 10, 9.99670095454173, 9.98706951880675, 9.97137032168672, 9.94986799197625, 9.9228271583682, 9.89051244945334, 9.85318849372616, 9.81111991959881, 9.7645713554255, 9.71380742953979, 9.65909277030702, 9.6006920061941, 9.53886976585789, 9.47389067825256, 9.4060193727545, 9.33552047930145, 9.26265862853985, 9.18769845197182, 9.11090458209071, 9.03254165249212, 8.9528742979466, 8.87216715442098, 8.79068485903773, 8.70869204996661, 8.62645336624805, 8.54423344755472, 8.46229693390313, 8.38090846533151, 8.30033268156164, 8.22083422166062, 8.14267772371367, 8.06612782451141, 7.99144915924537, 7.91890636119451, 7.8487640613732, 7.78128688809728, 7.71673946640762, 7.65538585061082, 7.59748995340456, 7.54332513864262, 7.49318001600925, 7.44736476349172, 7.40621562470744, 7.37010059937126, 7.33942334285454, 7.31462675478812, 7.29619711974489, 7.2846675751963, 7.28061694333501, 10, 9.99670846925361, 9.98709859676539, 9.97143403908819, 9.94997845267049, 9.92299549385124, 9.89074881885946, 9.85350208382041, 9.81151894477053, 9.76506305768366, 9.71439807851108, 9.65978766323797, 9.60149546795844, 9.53978514897078, 9.47492036289302, 9.40716476679754, 9.33678201836103, 9.26403577602329, 9.18918969914588, 9.1125074481583, 9.03425268467793, 8.95468907158874, 8.87408027306455, 8.79268995452569, 8.7107817825225, 8.62861942454537, 8.54646654876794, 8.46458682373646, 8.38324391802269, 8.30270149985938, 8.22322323677571, 8.14507279524449, 8.06851384034509, 7.99381003543516, 7.92122504181293, 7.85102251833794, 7.78346612096386, 7.71881950211769, 7.65734574239855, 7.59930757192365, 7.54497783739357, 7.49464578834333, 7.44862392906197, 7.40725290447314, 7.37090767351332, 7.34000187281872, 7.3149915963835, 7.29637989693344, 7.2847205590923, 7.28061684949014, 10, 9.99671592772542, 9.98712745719519, 9.97149727998942, 9.95008808757652, 9.92316257130769, 9.89098342241639, 9.85381333202491, 9.81191499116028, 9.76555109078232, 9.71498432182639, 9.66047737526383, 9.60229294218228, 9.54069371388759, 9.47594238202767, 9.40830163873666, 9.33803417679561, 9.26540268980278, 9.19066987234366, 9.11409842014786, 9.03595103021792, 8.95649040091383, 8.8759792319784, 8.79468022449109, 8.71285608074355, 8.63076950403629, 8.54868319840377, 8.46685986828165, 8.38556221813485, 8.30505295206699, 8.22559477342956, 8.14745038444384, 8.07088248583954, 7.99615377650304, 7.92352695311553, 7.85326470974683, 7.78562973735507, 7.72088472312201, 7.65929178214739, 7.60111247661175, 7.5466191325865, 7.49610161889831, 7.4498747287742, 7.40828345617838, 7.37170965322253, 7.34057685957538, 7.31535427595389, 7.29656162840458, 7.28477324899514, 7.28061674656077, 10, 9.99672338511272, 9.98715631333501, 9.97156051132252, 9.95019770561193, 9.92332962261498, 9.89121798861791, 9.85412452978835, 9.81231097219228, 9.76603904182378, 9.71557046465063, 9.66116696667867, 9.60309027403736, 9.54160211308848, 9.4769642105581, 9.40943829369043, 9.33928609041918, 9.26676932954932, 9.19214974093853, 9.11568905566478, 9.03764900616389, 8.95829132632007, 8.87787775149317, 8.79667001846987, 8.7149298653311, 8.63291903123548, 8.5508992561262, 8.46913228037616, 8.38787984439134, 8.30740368819398, 8.22796555100573, 8.14982717084408, 8.07325028413689, 7.99849662534705, 7.92582792658652, 7.85550591718321, 7.78779232314755, 7.72294886646392, 7.66123669678056, 7.60291621476218, 7.54825921434357, 7.49755622410486, 7.45112435004255, 7.40931294422021, 7.37251074731872, 7.34115118533815, 7.3157165396681, 7.29674317646779, 7.28482593718233, 7.2806167322669, 10, 9.99673078528637, 9.98718494818781, 9.97162325793643, 9.95030648363811, 9.92349539426617, 9.89145075866069, 9.85443334553576, 9.81270392349747, 9.76652326107541, 9.716152126771, 9.66185128912577, 9.60388151681218, 9.54250357874895, 9.47797824424122, 9.41056628314388, 9.34052846604361, 9.26812556445195, 9.19361835099818, 9.1172675996074, 9.0393340856469, 8.96007858602253, 8.87976187920801, 8.79864474519328, 8.71698796534407, 8.63505232217204, 8.55309859902375, 8.47138757970381, 8.39018004805363, 8.30973678750879, 8.23031858065608, 8.15218620880491, 8.07560045157771, 8.00082208651132, 7.92811188864704, 7.85773063007083, 7.78993907934698, 7.72499800076611, 7.66316758603096, 7.60470708809465, 7.54988776462611, 7.49900078176452, 7.45236551956164, 7.41033563480902, 7.37330668981704, 7.34172191796354, 7.31607659307235, 7.29692362606902, 7.28487826762154, 7.2806166271466, 10, 9.99673812835364, 9.98721336216999, 9.97168552074586, 9.95041442324469, 9.92365988868973, 9.89168173596333, 9.85473978381459, 9.81309385087823, 9.76700375570791, 9.71672931682733, 9.66253035280228, 9.60466668233674, 9.5433981243948, 9.47898449834889, 9.41168562415259, 9.34176132253321, 9.26947141519615, 9.19507572502902, 9.11883407629023, 9.04100629476408, 8.96185220786292, 8.88163164465845, 8.80060443582737, 8.71903041350306, 8.63716941103262, 8.55528126264795, 8.47362580306719, 8.39246286704903, 8.31205228892439, 8.23265390212767, 8.15452753874324, 8.07793302907193, 8.00313020120933, 7.93037888061206, 7.85993888961143, 7.79207004681462, 7.72703216630937, 7.66508448934636, 7.60648513491993, 7.55150482036964, 7.50043532743289, 7.45359827188544, 7.41135156238596, 7.37409751655716, 7.34228909691513, 7.31643448225979, 7.29710303376294, 7.28493031201559, 7.2806165236058, 10, 9.99674548821446, 9.98724184117025, 9.97174792609131, 9.95052261006096, 9.92382476001479, 9.89191324273979, 9.85504692488236, 9.81348467296818, 9.76748535343734, 9.71730783269805, 9.66321097720271, 9.60545365354914, 9.54429472860915, 9.47999306968487, 9.41280754469105, 9.3429970223582, 9.27082037244826, 9.19653646596998, 9.12040417537812, 9.04268237473715, 8.96362993982932, 8.8835057481879, 8.80256867904017, 8.72107761315113, 8.63929143256748, 8.55746902027074, 8.47586925975691, 8.39475103456635, 8.31437322778962, 8.23499472157301, 8.15687439663989, 8.08027113183342, 8.00544380367155, 7.93265128588955, 7.86215244892707, 7.79420615929667, 7.72907127874524, 7.66700609593278, 7.6082675999551, 7.55312595425019, 7.50187352486065, 7.45483411577632, 7.41236996080445, 7.37489019284137, 7.34285755163906, 7.31679315989758, 7.29728286091482, 7.2849825523014, 7.2806165624183, 10, 9.99675279187156, 9.98727010278918, 9.97180985527194, 9.95062997169119, 9.92398837426296, 9.89214298504706, 9.85535172595548, 9.81387251877319, 9.76796328519499, 9.71788194688203, 9.66388642554161, 9.6062346430337, 9.54518452150598, 9.48099398355833, 9.4139209524344, 9.34422335223537, 9.27215910814671, 9.19798614666493, 9.12196239580706, 9.04434578528309, 8.96539424660983, 8.8853657131461, 8.80451812003307, 8.72310940403006, 8.6413975032456, 8.55964035677269, 8.47809590424688, 8.39702208535185, 8.31667683929974, 8.23731810431097, 8.15920381711084, 8.08259191244845, 8.00774032262877, 7.93490697703146, 7.86434980157159, 7.79632671803583, 7.73109564320091, 7.66891392050916, 7.6100374226956, 7.55473575529461, 7.50330184702098, 7.45606165231159, 7.41338167691689, 7.37567780248458, 7.34342246769823, 7.31714965173605, 7.29746158560615, 7.28503440478223, 7.28061645776631, 10, 9.99676003935092, 9.98729814712742, 9.9718713085085, 9.9507365085183, 9.92415073201822, 9.89237096370584, 9.85565418812369, 9.81425738968108, 9.76843755269263, 9.71845166143745, 9.6645567002429, 9.60700965359605, 9.54606750628542, 9.48198724357332, 9.41502585139683, 9.34544031659197, 9.27348762713155, 9.19942477236305, 9.12350874322853, 9.04599653244554, 8.96714513462687, 8.88721154631761, 8.80645276593282, 8.72512579358565, 8.64348763080535, 8.56179528015504, 8.48030574476823, 8.39927602783036, 8.31896313203373, 8.23962405903195, 8.16151580891185, 8.08489537968891, 8.01001976681641, 7.93714596268092, 7.86653095603679, 7.79843173131022, 7.73310526767513, 7.67080797072606, 7.61179461049785, 7.55633423092312, 7.50472030223556, 7.4572808921886, 7.41438672605023, 7.37646036859375, 7.34398388012379, 7.31750400993918, 7.29763928345674, 7.28508597600233, 7.28061635574926, 10, 9.99676723121474, 9.98732597635924, 9.97193229056328, 9.95084222879476, 9.9243118458514, 9.89259719635961, 9.85595433478359, 9.81463931544813, 9.76890819257883, 9.71901702036405, 9.66522185304229, 9.60777874501892, 9.54694375101428, 9.48297292624401, 9.41612232662923, 9.34664800903108, 9.27480603149961, 9.2008524535227, 9.12504333625626, 9.04763474271365, 8.96888273789115, 8.88904338880699, 8.80837276443636, 8.72712693553181, 8.64556197432849, 8.56393395414438, 8.48249894889554, 8.40151303255378, 8.32123227857639, 8.24191275933535, 8.16381054556481, 8.08718170583315, 8.01228230602953, 7.939368408836, 7.86869607313615, 7.80052135328729, 7.73510029815401, 7.67268838277892, 7.61353928802521, 7.55792149257798, 7.50612898726829, 7.45849191642724, 7.41538517295236, 7.37723793977358, 7.34454182226195, 7.31785625430713, 7.29781596331097, 7.28513726734875, 7.28061625471691, 10, 9.99677436801302, 9.98735359261174, 9.97199280609535, 9.95094714059421, 9.92447172806113, 9.89282170027015, 9.85625218882599, 9.81501832518784, 9.76937524071126, 9.71957806671274, 9.66588193456094, 9.60854197579839, 9.54781332229606, 9.4839511064415, 9.41721046135827, 9.34784652115069, 9.27611442116373, 9.20226929824286, 9.12656629097444, 9.04926053988367, 8.97060718756563, 8.89086137872638, 8.81027826011524, 8.7291129803376, 8.64762068954746, 8.56605653903024, 8.48467568069699, 8.4037332665183, 8.32348444792907, 8.24418437523267, 8.16608819702416, 8.08945105963921, 8.01452810661809, 7.9415744781548, 7.8708453104799, 7.80259573510107, 7.73708087779481, 7.67455529027539, 7.61527157763289, 7.55949764971115, 7.50752799724634, 7.45969480479539, 7.41637708152877, 7.37801056421319, 7.34509632747857, 7.31820640509382, 7.29799163488996, 7.28518828148664, 7.28061615466647, 10, 9.9967814502887, 9.98738099798473, 9.97205285970402, 9.95105125188678, 9.92463039078834, 9.89304449247786, 9.85654777284816, 9.8153944476404, 9.76983873248775, 9.72013484298248, 9.66653699477105, 9.60929940368069, 9.54867628588049, 9.48492185807723, 9.41829033774397, 9.34903594337499, 9.27741289475653, 9.20367541323752, 9.12807772198015, 9.05087404616612, 8.97231861313344, 8.89266565241934, 8.81216939569005, 8.73108407654597, 8.6496639302016, 8.56816319305119, 8.48683610214194, 8.40593689458438, 8.3257198069324, 8.2464390745625, 8.16834893107302, 8.09170360771, 8.01675733280883, 7.94376433122057, 7.87297882366917, 7.80465502596069, 7.73904714793342, 7.67640882512548, 7.61699160012382, 7.56106281038842, 7.50891742609425, 7.46088963605419, 7.41736251487943, 7.37877828949451, 7.34564742871833, 7.31855448229556, 7.29816630778757, 7.28523902104025, 7.2806160555855, 10, 9.99678847857774, 9.98740819455104, 9.97211245592952, 9.95115457054022, 9.92478784601803, 9.89326558980433, 9.85684110915721, 9.81576771117702, 9.77029870285173, 9.7206873911267, 9.66718708300335, 9.61005108567087, 9.5495327066735, 9.48588525411417, 9.41936203689214, 9.35021636496802, 9.27870154964529, 9.20507090385188, 9.12957774240071, 9.05247538220441, 8.97401714241757, 8.89445634448165, 8.81404631205216, 8.73304037079637, 8.65169184806063, 8.57025407241902, 8.48898037312573, 8.40812407950208, 8.32793852029196, 8.24867702301647, 8.17059291334918, 8.09393951451921, 8.01897014673079, 7.94593812656676, 7.87509676632051, 7.80669937317405, 7.74099924810691, 7.6782491175629, 7.61869947476852, 7.56261708130746, 7.5102973665501, 7.46207648797217, 7.418341535311, 7.37954116260267, 7.3461951585137, 7.318900505659, 7.2983399914782, 7.28528948860126, 7.28061595746174, 10, 9.99679545340925, 9.98743518435698, 9.97217159925397, 9.95125710432156, 9.92494410558177, 9.89348500885584, 9.85713221977475, 9.81613814380577, 9.77075518629943, 9.72123575256189, 9.66783224795735, 9.61079707804459, 9.55038264875059, 9.4868413665819, 9.42042563887113, 9.35138787405213, 9.27998048195212, 9.20645587408405, 9.13106646391712, 9.05406466709969, 8.97570290160722, 8.89623358778899, 8.81590914829276, 8.73498200785501, 8.6537045929559, 8.57232933135091, 8.49110865150262, 8.41029498194454, 8.33014075061219, 8.25089838417322, 8.172820307379, 8.09615894244505, 8.02116670844858, 7.94809602070951, 7.87719929009724, 7.80872892217783, 7.74293731608198, 7.68007629617141, 7.6203953193291, 7.56416056781928, 7.51166791018407, 7.46325543734077, 7.4193142043492, 7.38029922993536, 7.34673954899137, 7.31924449468513, 7.29851269531867, 7.28533968672933, 7.28061586028319, 10, 9.99680237530557, 9.98746196942274, 9.97223029410224, 9.95135886089868, 9.92509918116013, 9.89370276602669, 9.85742112644132, 9.81650577317729, 9.77120821688685, 9.72177996817614, 9.66847253771122, 9.61153743635957, 9.55122617536994, 9.48779026659126, 9.42148122272813, 9.35255055762591, 9.2812497865735, 9.20783042660631, 9.1325439967867, 9.05564201843512, 8.97737601528354, 8.89799751352408, 8.81775804173117, 8.73690913064433, 8.6557023128109, 8.57438912210079, 8.49322109311784, 8.41244976054062, 8.33232665842935, 8.25310331953165, 8.17503127461069, 8.09836205180311, 8.02334717599475, 7.9502381681793, 7.87928654474012, 7.81074381656681, 7.74486148788258, 7.68189048791065, 7.62207925008288, 7.56569337394922, 7.51302914741661, 7.46442655998952, 7.42028058275094, 7.3810525373119, 7.34728063187852, 7.31958646863297, 7.29868442854997, 7.28538961795254, 7.28061576403798, 10, 9.9968092447824, 9.98748855174276, 9.97228854484293, 9.95145984784189, 9.92525308428505, 9.89391887750262, 9.85770785062088, 9.81687062659049, 9.77165782823682, 9.72232007833741, 9.66910799973163, 9.612272215467, 9.55206334898527, 9.48873202434889, 9.42252886650531, 9.35370450158198, 9.28250955719966, 9.20919466278597, 9.13401044986563, 9.05720755229979, 8.97903660644491, 8.89974825120329, 8.81959312794274, 8.73882188027199, 8.65768515367125, 8.57643359499023, 8.49531785183921, 8.41458857190706, 8.33449640224403, 8.25529198854354, 8.17722597444684, 8.10054900087875, 8.02551170540164, 7.95236472155199, 7.88135867809739, 7.81274419812271, 7.74677189781721, 7.68369181814147, 7.6237513818455, 7.56721560241758, 7.5143811675363, 7.46558993080094, 7.42124073051616, 7.3818011299821, 7.34781843850894, 7.31992644652333, 7.29885520029906, 7.28543928476786, 7.28061566871446, 10, 9.99681606234891, 9.98751493328623, 9.97234635578919, 9.95156007262548, 9.92540582634216, 9.89413335926402, 9.8579924135051, 9.81723273099798, 9.7721040535457, 9.72285612290175, 9.66973868088333, 9.61300146952252, 9.55289423125847, 9.48966670917137, 9.42356864725554, 9.35484979072424, 9.28375988633343, 9.21054868270582, 9.13546593063085, 9.05876138331213, 8.98068479653177, 8.90148592870277, 8.82141454078617, 8.74072039605931, 8.6596532597341, 8.57846289843866, 8.49739907958809, 8.41671157067992, 8.33665013855306, 8.25746454864562, 8.17940456427648, 8.10271994595882, 8.02766045073269, 7.95447583147947, 7.88341583615437, 7.81473020684242, 7.74866867850563, 7.68548041065084, 7.62541182799361, 7.56872735465984, 7.51572405871737, 7.46674562372515, 7.42219470689951, 7.38254505263512, 7.3483529998291, 7.32026444714244, 7.29902501958062, 7.28548868964163, 7.28061557430114, 10, 9.99682282850779, 9.98754111599738, 9.97240373119961, 9.95165954262916, 9.9255574185731, 9.89434622708918, 9.85827483601768, 9.81759211301158, 9.7725469255901, 9.72338814122123, 9.67036462743856, 9.61372525199717, 9.55371888307199, 9.49059438949917, 9.4246006410579, 9.35598650878496, 9.28500086530884, 9.21189258518422, 9.13691054520163, 9.06030362464291, 8.98232070545097, 8.90321067228404, 8.82322241243035, 8.74260481556917, 8.66160677337708, 8.58047717899316, 8.49946492636977, 8.41881890954556, 8.33878802188069, 8.25962115529098, 8.18156719950644, 8.10487504136287, 8.02979356411307, 7.95657164671952, 7.88545816306242, 7.81670198096581, 7.75055196090509, 7.68725638767622, 7.62706070048721, 7.57022873084658, 7.5170579080369, 7.46789371179429, 7.42314257042189, 7.38328434940802, 7.34888434640409, 7.32060048904556, 7.29919389529877, 7.28553783501009, 7.28061548078672, 10, 9.99682954375542, 9.98756710179595, 9.97246067527908, 9.95175826513959, 9.92570787207774, 9.89455749655745, 9.85855513881849, 9.81794879890755, 9.77298647673341, 9.7239161721519, 9.6709858850863, 9.61444361568803, 9.55453736454096, 9.49151513291027, 9.42562492303282, 9.35711473844144, 9.28623258430932, 9.21322646779481, 9.13834439836073, 9.06183438803777, 8.98394445159965, 8.90492260661921, 8.82501687338065, 8.74447527463339, 8.6635458351865, 8.58247658135749, 8.50151554030328, 8.42091073927092, 8.34091020480934, 8.26176196197991, 8.18371403359216, 8.10701443947361, 8.03191119575978, 7.95865231416522, 7.88748580116734, 7.81865965700288, 7.75242187433603, 7.68901986992952, 7.62869810989143, 7.57171982990287, 7.51838280149166, 7.46903426713654, 7.42408437888155, 7.3840190638942, 7.3494125084234, 7.32093459056048, 7.29936183624873, 7.28558672327973, 7.28061538816007, 10, 9.99683620858194, 9.98759289257753, 9.9725171921796, 9.95185624735181, 9.92585719781639, 9.89476718305228, 9.85883334230766, 9.81830281463188, 9.77342273893223, 9.7244402540614, 9.67160249894135, 9.61515661272872, 9.5553497350252, 9.49242900613363, 9.42664156735704, 9.35823456133248, 9.28745513238562, 9.21455042688587, 9.13976759357519, 9.0633537838394, 8.98555615188872, 8.90662185481562, 8.82679805250476, 8.74633190737965, 8.6654705839853, 8.58446124842081, 8.50355106765067, 8.42298720873334, 8.34301683800969, 8.26388712029018, 8.18584521806795, 8.109138290767, 8.03401349401121, 7.96071797887384, 7.88949889103738, 7.82060336976055, 7.7542785465074, 7.69077097662063, 7.63032416539808, 7.5732007495275, 7.51969882401475, 7.47016736099001, 7.42502018936527, 7.38474923915171, 7.34993751570668, 7.32126676979099, 7.29952885111849, 7.28563535682786, 7.28061529641023, 10, 9.99684282347133, 9.98761849021392, 9.97257328600113, 9.95195349637066, 9.92600540661197, 9.89497530176432, 9.85910946662965, 9.81865418580536, 9.77385574374269, 9.7249604248366, 9.67221451355316, 9.61586429459965, 9.55615605314079, 9.49333607506226, 9.42765064727815, 9.35934605807434, 9.28866859747328, 9.21586455759925, 9.14118023301666, 9.06486192100923, 8.9871559217658, 8.90830853844007, 8.82856607705804, 8.74817484625779, 8.6673811568602, 8.58643132128566, 8.50557165284571, 8.42504846494973, 8.3451080702702, 8.26599677990674, 8.18796090257665, 8.11124674384166, 8.03610060535612, 7.96276878409513, 7.89149757149055, 7.82253325236884, 7.7561221035414, 7.69250982548049, 7.63193897484667, 7.5746715862117, 7.52100605949176, 7.47129306371628, 7.42595005825907, 7.38547491771134, 7.35045939770931, 7.32159704462025, 7.29969494849039, 7.28568373800291, 7.28061520552639, 10, 9.99684938890593, 9.98764389657062, 9.97262896082978, 9.95205001927705, 9.92615250925103, 9.89518186783331, 9.8593835318616, 9.81900293796345, 9.77428552261614, 9.72547672223904, 9.67282197332445, 9.61656671261228, 9.55695637731231, 9.49423640537484, 9.42865223580663, 9.36044930902371, 9.28987306722627, 9.21716895477398, 9.14258241853371, 9.06635890816657, 8.98874387631888, 8.90998277868379, 8.8303210739064, 8.75000422331642, 8.66927769048737, 8.58838694063731, 8.50757743990109, 8.42709465451522, 8.34718404996025, 8.2680910901017, 8.19006123635835, 8.11333994690763, 8.0381726759132, 7.96480487273178, 7.89348198102566, 7.82444943767143, 7.75795267131196, 7.69423653403539, 7.63354264592185, 7.57613243634647, 7.52230459176426, 7.47241144568568, 7.4268740420007, 7.38619614218105, 7.35097818396311, 7.32192543299136, 7.29986013698429, 7.28573186917204, 7.28061511551077, 10, 9.99685590526799, 9.98766911312585, 9.97268421990314, 9.95214582168096, 9.92629851427871, 9.89538689325191, 9.85965555390577, 9.81934909132972, 9.77471210045886, 9.72598917616875, 9.67342491340967, 9.61726390738592, 9.55775075378396, 9.49513004905018, 9.42964639071528, 9.36154437775643, 9.29106861098219, 9.21846369341783, 9.1439742306624, 9.0678448311835, 8.99032010651353, 8.91164467131305, 8.83206314327358, 8.75182014284337, 8.67116029277499, 8.59032821751026, 8.50956854243329, 8.42912589303369, 8.34924489402621, 8.27017016846874, 8.19214633690854, 8.11541801656643, 8.04022982054385, 7.96682635700871, 7.89545222828435, 7.82635202972961, 7.7597703482526, 7.69595119399323, 7.63513526243939, 7.57758337474306, 7.52359448569905, 7.47352256115677, 7.42779218394587, 7.38691294516187, 7.3514938969645, 7.32225194848982, 7.30002442303928, 7.28577975197874, 7.28061502615464, 10, 9.99686238395082, 9.9876941840287, 9.97273916007629, 9.95224107168148, 9.92644367816373, 9.89559073857193, 9.85992601169817, 9.81969325611321, 9.77513623022944, 9.72649869239808, 9.67402440104686, 9.6179571148639, 9.55854059303166, 9.49601859551191, 9.43063488337834, 9.36263321918816, 9.29225736737686, 9.21975109465358, 9.14535817036748, 9.06932236681011, 8.99188745941699, 8.9132972268327, 8.83379545081135, 8.75362591593552, 8.6730324091523, 8.59225871914256, 8.51154863555486, 8.43114594814713, 8.35129444588365, 8.2722379160304, 8.19422014327919, 8.11748490891088, 8.042275989982, 7.9688371584897, 7.89741218043745, 7.82824481468643, 7.76157881143147, 7.69765734388742, 7.63672019347338, 7.5790275687802, 7.5248786735813, 7.4746290728937, 7.42870684196778, 7.38762734342185, 7.35200817539815, 7.32257781402851, 7.30018857542931, 7.28582766201768, 7.28061499614044, 10, 9.99686881596619, 9.98771907444339, 9.97279370491449, 9.95233563660133, 9.92658779845072, 9.89579311913215, 9.86019452705194, 9.82003495038955, 9.77555731716206, 9.72700455532375, 9.67461959290721, 9.61864535821172, 9.55932478004302, 9.49690078800534, 9.43161631284232, 9.36371428681783, 9.29343764412063, 9.22102932126965, 9.14673225748954, 9.07078939502076, 8.99344367932626, 8.91493805915843, 8.83551548645721, 8.7554189160622, 8.67489130523738, 8.5941756130247, 8.51351479945903, 8.43315182468851, 8.35332964804905, 8.27429122713709, 8.1962795169119, 8.11953746883792, 8.0443080300511, 7.97083414250316, 7.89935874200406, 7.83012475704508, 7.76337510723719, 7.69935213500151, 7.63829471929709, 7.58046245300831, 7.52615477082246, 7.47572880514098, 7.42961607853597, 7.38833766853501, 7.35251965236608, 7.32290199824771, 7.3003519339647, 7.28587534755407, 7.28061490497537, 10, 9.99687520008589, 9.9877437796081, 9.97284784396664, 9.95242949829423, 9.92673084744198, 9.89599399597701, 9.86046104819697, 9.8203741081671, 9.77597527978632, 9.72750666688914, 9.67521037339014, 9.61932850347685, 9.5601031618553, 9.49777645404904, 9.43259048674831, 9.36478736820001, 9.2946092086222, 9.22229812061921, 9.14809621956631, 9.07224562392745, 8.99498845546703, 8.91656683931862, 8.83722290388087, 8.75719878052275, 8.67673660309704, 8.59607850727837, 8.51546662975938, 8.43514310734991, 8.3553500760291, 8.27632966999584, 8.19832402074934, 8.12157525621076, 8.04632549986944, 7.97281686990656, 7.90129147821469, 7.83199142919265, 7.7651588181466, 7.70103516298516, 7.63985845191297, 7.58188765920978, 7.52742243280573, 7.47682144122841, 7.43051960991744, 7.38904367544024, 7.35302812804129, 7.32322435400495, 7.30051441257038, 7.2859227929247, 7.28061481773277, 10, 9.99688103484451, 9.98776636153551, 9.97289733493139, 9.95251530961758, 9.92686163989187, 9.89617767976196, 9.86070478296026, 9.82068430298176, 9.7763575931515, 9.72796600672859, 9.67575089705382, 9.61995361774669, 9.56081552295616, 9.49857796766614, 9.4334823080522, 9.36576990187999, 9.29568210892873, 9.22346029141535, 9.14934581438764, 9.07358004604902, 8.99640435797506, 8.91806012518402, 8.83878872603067, 8.75883154190553, 8.67842995673798, 8.5978253563204, 8.51725912748694, 8.4369726571935, 8.35720733154931, 8.27820453484692, 8.20020564862291, 8.12345205076049, 8.04818511461733, 7.97464620813046, 7.90307669281485, 7.83371792253276, 7.7668112418609, 7.70259741779504, 7.64131362678694, 7.58321776275079, 7.52860921043351, 7.47784768470317, 7.43137101107152, 7.38971107111677, 7.35351024405642, 7.32353080243066, 7.30066909911771, 7.28596768255435, 7.28061398785067, 10, 9.99688683950856, 9.98778882701832, 9.97294657074542, 9.95260067862736, 9.92699175830803, 9.89636041713514, 9.86094726217538, 9.82099290025297, 9.77673793801857, 9.72842298205546, 9.67628863903015, 9.62057551589358, 9.56152422013708, 9.49937536010427, 9.43436954535527, 9.36674738707351, 9.29674949849815, 9.2246164953573, 9.1505889962695, 9.0749076230755, 8.99781300105958, 8.91954575902177, 8.84034652916975, 8.76045594681197, 8.68011464985062, 8.59956327809167, 8.51904247240668, 8.43879287379334, 8.35905512238692, 8.28006985646971, 8.20207771151205, 8.12531931925599, 8.05003530682488, 7.97646629580949, 7.90485290124584, 7.83543573035906, 7.76845538089694, 7.70415187284419, 7.64276158044112, 7.58454133199596, 7.52979024964175, 7.47886908206713, 7.43221852959569, 7.39037558250426, 7.35399046277495, 7.32383627525586, 7.30082360647501, 7.28601299996976, 7.28061393676475, 10, 9.99689261715613, 9.98781118794694, 9.97299557742749, 9.9526856503686, 9.9271212712415, 9.89654230421522, 9.861188613172, 9.82130006174667, 9.77711651339685, 9.72887783151132, 9.6768238795637, 9.62119452131769, 9.56222962108826, 9.50016904405993, 9.43525265665844, 9.3677203269659, 9.29781192516216, 9.22576732396695, 9.15182639904974, 9.07622902936849, 8.99921509739572, 8.92102448919242, 8.84189709429799, 8.76207280541738, 8.68179151790383, 8.60129312905503, 8.52081753725785, 8.44060464102979, 8.36089433801012, 8.28192652394913, 8.20394109172936, 8.12717793043056, 8.05187692442102, 7.97827795242506, 7.90662088648021, 7.83714559065568, 7.77009191935246, 7.70569914902747, 7.6442028607827, 7.58585883156691, 7.53096592107513, 7.47988589901082, 7.43306231506128, 7.39103723178295, 7.35446866767439, 7.32414050595123, 7.30097750684072, 7.28605814488447, 7.28061388054086, 10, 9.99689836796463, 9.98783344500809, 9.97304435648295, 9.95277022745191, 9.92725018267213, 9.8967233465926, 9.86142884336978, 9.82160579690775, 9.77749333092983, 9.729330569089, 9.67735663512468, 9.62181065307201, 9.5629317475282, 9.50095904397724, 9.43613166916887, 9.36868875154218, 9.29886942167575, 9.22691281273875, 9.15305806090914, 9.07754430571929, 9.00061069028685, 8.92249636139031, 8.84344046935701, 8.76368216774427, 8.68346061281204, 8.60301496280517, 8.52258437708119, 8.44240801513271, 8.36272503555843, 8.28377459503216, 8.20579584730451, 8.12902794224913, 8.05371002493586, 7.98008123467977, 7.90838070397768, 7.83884755720146, 7.77172090886475, 7.70723929535728, 7.64563751364236, 7.58717030343643, 7.5321362621704, 7.48089816786035, 7.43390239430938, 7.39169604021529, 7.35494487469327, 7.32444350578336, 7.3011308078936, 7.28610312292709, 7.28061382475914, 10, 9.99690409212687, 9.987855598948, 9.97309290954722, 9.95285441271283, 9.92737849692176, 9.89690355033675, 9.86166796082233, 9.82191011598572, 9.77786840324978, 9.72978120996562, 9.67788692357233, 9.62242393181032, 9.56363062299291, 9.50174538633722, 9.43700661235066, 9.36965269326269, 9.29992202348391, 9.22805300006594, 9.15428402312792, 9.07885349620913, 9.00199982650437, 8.92396142494138, 8.84497670606687, 8.76528408772163, 8.68512199050315, 8.60472883703411, 8.52434305107324, 8.44420305651879, 8.3645472763595, 8.28561413162348, 8.20764204036046, 8.13086941666936, 8.05553466975345, 7.9818762029509, 7.91013241265081, 7.84054168696146, 7.77334240394377, 7.70877236335608, 7.64706558694736, 7.58847579120821, 7.53330131147467, 7.48190592147314, 7.43473879407038, 7.39235202824268, 7.35541909816438, 7.32474528354774, 7.30128351388871, 7.28614793525584, 7.28061376938136, 10, 9.99690978983348, 9.98787765050449, 9.97314123823728, 9.95293820895505, 9.92750621826369, 9.89708292144899, 9.86190597349288, 9.82221302911504, 9.77824174284724, 9.73022976914806, 9.67841476256562, 9.62303437795494, 9.56432627075469, 9.50252809732435, 9.43787751533803, 9.37061218422455, 9.3009697656352, 9.22918792391254, 9.15550432652515, 9.08015664442703, 9.00338255229776, 8.92541972862155, 8.84650585557135, 8.76687861867801, 8.68677570628293, 8.60643480879272, 8.52609361777339, 8.44598982493484, 8.36636112106192, 8.28744519494336, 8.20947973233449, 8.13270241496641, 8.05735091958312, 7.98366291695376, 7.91187607076819, 7.84222803628027, 7.77495645850837, 7.7102984039906, 7.64848712811141, 7.58977533802234, 7.53446110712901, 7.48290919236463, 7.43557154080097, 7.39300521610255, 7.35589135228431, 7.32504584796557, 7.30143562905876, 7.28619258304419, 7.2806137144036, 10, 9.99691546127308, 9.98789960040753, 9.97318934415295, 9.95302161895239, 9.9276333509257, 9.89726146586675, 9.86214288925989, 9.82251454632233, 9.77861336207984, 9.73067626148356, 9.67894016957571, 9.623642011711, 9.56501871383844, 9.50330720284477, 9.43874440695567, 9.3715672561839, 9.30201268280595, 9.23031762183955, 9.15671901148663, 9.08145379349957, 9.00475891342603, 8.92687132068967, 8.8480279684723, 8.7684658133772, 8.68842181487173, 8.60813293452838, 8.52783613510219, 8.4477683794965, 8.36816662967414, 8.28926784556642, 8.21130898401662, 8.13452699777063, 8.05915883449625, 7.98544143577716, 7.91361173598818, 7.84390666091373, 7.77656312591542, 7.71181746769812, 7.64990218405756, 7.5910689865744, 7.53561568688331, 7.48390801271828, 7.43640066068896, 7.39365562382759, 7.35636165110662, 7.32534520767054, 7.3015871575941, 7.28623706745382, 7.28061365982178, 10, 9.99692110663227, 9.98792144937931, 9.97323722887701, 9.95310464544918, 9.92775989909066, 9.89743918946438, 9.86237871591814, 9.82281467752773, 9.77898327317401, 9.73112070166175, 9.67946316188836, 9.62424685306925, 9.56570797502478, 9.50408272852989, 9.43960731572259, 9.37251794056028, 9.30305080930505, 9.23144213101005, 9.15792811797049, 9.08274498609678, 9.00612895516397, 8.92831624889411, 8.84954309483658, 8.77004572402539, 8.69006037041198, 8.60982327009263, 8.52957066036921, 8.44953877869629, 8.36996386157254, 8.29108214342991, 8.21312985555789, 8.1363432250758, 8.06095847393432, 7.98721181789126, 7.9153394653666, 7.84557761603626, 7.77816245896691, 7.71332960439308, 7.65131080122439, 7.592356779121, 7.53676508810108, 7.48490241438969, 7.43722617965663, 7.39430327124827, 7.35683000854363, 7.32564337120989, 7.30173810364326, 7.28628138963487, 7.28061360563185, 10, 9.99692672607866, 9.98794319806856, 9.97328489383129, 9.95318729091086, 9.92788586651655, 9.89761609751984, 9.8626134604715, 9.82311343164548, 9.77935148711723, 9.73156310288474, 9.67998375504014, 9.62484891999911, 9.56639407479283, 9.50485469742383, 9.44046626728173, 9.3734642656077, 9.30408417598842, 9.2325614848511, 9.15913168192271, 9.08403026060982, 9.00749271825265, 8.92975455620915, 8.85105127973336, 8.77161839762693, 8.69169142166196, 8.61150586579491, 8.53129724521085, 8.45130107525183, 8.37175287028874, 8.29288814259069, 8.21494240123019, 8.13815115103713, 8.06274989158263, 7.98897411613672, 7.91705931050324, 7.847240951589, 7.77975450550605, 7.71483485935998, 7.65271302180646, 7.59363875412117, 7.53790934485709, 7.48589242649276, 7.43804812144458, 7.39494817656052, 7.35729643738086, 7.32594034644564, 7.3018884710178, 7.28632555062812, 7.28061355180017, 10, 9.99693231972835, 9.98796484692456, 9.97333234000033, 9.95326955704435, 9.92801125580477, 9.89779219368615, 9.86284712776676, 9.82341081484323, 9.77971801151021, 9.73200347428345, 9.6805019597744, 9.62544822492352, 9.5670770272973, 9.50562312545029, 9.44132127934803, 9.37440625083959, 9.30511280416018, 9.23367570643482, 9.16032972814568, 9.08530964351863, 9.0088502307819, 8.93118627225182, 8.85255255420928, 8.7731838665454, 8.69331500217461, 8.61318075623499, 8.53301592511611, 8.45305530536885, 8.3735336925577, 8.29468588011051, 8.21674665820459, 8.1399508127026, 8.06453312411867, 7.99072836655814, 7.91877130653242, 7.84889670150365, 7.78133929795458, 7.71633326318824, 7.65410887420249, 7.59491493737094, 7.53904847996375, 7.48687806850068, 7.43886650192527, 7.39559035192551, 7.35776094615617, 7.32623613861276, 7.30203826222676, 7.28636955106466, 7.28061349820567, 10, 9.99693788776142, 9.98798639664427, 9.97337956891162, 9.95335144649811, 9.9281360709921, 9.89796748363256, 9.86307972532664, 9.82370683669501, 9.78008285815294, 9.73244183003536, 9.68101779277445, 9.62604478713681, 9.56775685452559, 9.50638803734861, 9.44217237944845, 9.37534392658308, 9.30613672693704, 9.23478483163374, 9.16152229521083, 9.08658317601347, 9.0102015364576, 8.93261144311726, 8.8540469665992, 8.77474218118279, 8.69493116422322, 8.61484799533853, 8.53472675542096, 8.45480152552843, 8.37530638571727, 8.29647541387247, 8.21854268457485, 8.14174226801882, 8.06630822896099, 7.99247462564195, 7.92047550858124, 7.85054491909759, 7.78291688734657, 7.71782486413189, 7.65549840331816, 7.59618536974393, 7.54018252957328, 7.48785937124755, 7.4396813462015, 7.39622981656091, 7.3582235483713, 7.32653075603586, 7.3021874813592, 7.28641339216277, 7.28061344499382, 10, 9.99694343035697, 9.98800784792082, 9.97342658208425, 9.95343296190609, 9.9282603160932, 9.89814197299725, 9.86331126063259, 9.82400150672233, 9.78044603878072, 9.73287818424024, 9.68153127063215, 9.62663862582759, 9.56843357834463, 9.50714945772257, 9.44301959495916, 9.37627732299923, 9.30715597725441, 9.23588889612404, 9.16270942147851, 9.08785089905929, 9.01154667874662, 8.93403011464861, 8.85553456497389, 8.77629339166576, 8.69653995979567, 8.6165076367369, 8.53642979115957, 8.45653979190377, 8.37707100679292, 8.29825680144459, 8.22033053811875, 8.14352557461756, 8.06807526321652, 7.9942129495684, 7.9221719714784, 7.85218565740007, 7.78448732444093, 7.71930971018552, 7.65688165381843, 7.5974500918953, 7.54131152964474, 7.48883636540143, 7.44049267923697, 7.39686658956946, 7.35868425743156, 7.32682420695252, 7.30233613241381, 7.28645707503045, 7.28061339215926, 10, 9.99694894374844, 9.98802918620455, 9.9734733476807, 9.95351404815002, 9.92838390722799, 9.89831554416914, 9.86354157788521, 9.82429462699196, 9.78080730989282, 9.73331224490811, 9.68204205045836, 9.62722934530944, 9.56910674888452, 9.50790688164442, 9.44386236553198, 9.37720582446865, 9.3081698848827, 9.23698717623866, 9.16389033152867, 9.08911198767911, 9.01288478582284, 8.93544137138993, 8.85701439397844, 8.77783650698284, 8.69814036697781, 8.61815863287859, 8.53812396491985, 8.45826902351048, 8.37882646802775, 8.3000289556087, 8.2221091399797, 8.14529967033826, 8.0698331902669, 7.99594233661928, 7.92385973827561, 7.8538180146145, 7.78604977348661, 7.72078704304981, 7.65825795315976, 7.59870852219569, 7.54243499158405, 7.48980865458415, 7.44130019319942, 7.39750044521925, 7.35914292054781, 7.32711639969322, 7.30248417038583, 7.28650058426203, 7.28061333422925, 10, 9.99695442642327, 9.98805040565337, 9.9735198529187, 9.95359468310306, 9.92850681072696, 9.89848814994423, 9.86377061456049, 9.82458611808062, 9.78116657379379, 9.73374389490463, 9.68254999471954, 9.62781678689555, 9.56977618575736, 9.50866010668367, 9.44470046655861, 9.37812918427626, 9.30917818127733, 9.23807938208709, 9.16506471481462, 9.09036611156606, 9.01421550872137, 8.93684484702667, 8.8584860714632, 8.77937113086994, 8.6997319773179, 8.61980056525722, 8.53980885047987, 8.45998878895633, 8.38057233561059, 8.30179144309223, 8.22387806058742, 8.14706413268289, 8.07158159826248, 7.99766238937568, 7.92553842997343, 7.85544163435594, 7.78760390511464, 7.72225656497962, 7.65962703847821, 7.59996043453351, 7.54355272662099, 7.49077608676693, 7.44210377109885, 7.39813129882565, 7.3595994816373, 7.32740730214791, 7.30263158161471, 7.28654391824915, 7.28061327438553, 10, 9.99695987859892, 9.98807150710861, 9.97356609964154, 9.95367486996027, 9.92862903145846, 9.89865979715741, 9.86399837972477, 9.82487599152279, 9.78152384469458, 9.73417315129733, 9.68305512349151, 9.62840097379355, 9.5704419153978, 9.50940916256887, 9.4455339311001, 9.37904743882596, 9.3101809061671, 9.23916555667675, 9.16623261754787, 9.09161332003295, 9.01553889972525, 8.93824059665276, 8.8599496551453, 8.78089732345154, 8.70131485310363, 8.62143349805122, 8.54148451360811, 8.46169915527089, 8.38230867747484, 8.30354433234696, 8.22563736849833, 8.14881902987043, 8.07332055461448, 7.9993731739425, 7.92720811084355, 7.85705657850771, 7.78914977823648, 7.72371833130281, 7.66098896087793, 7.60120587508859, 7.54466477535166, 7.49173869643485, 7.44290344099835, 7.39875917200528, 7.36005395619121, 7.32769692439182, 7.30277837188843, 7.28658708005916, 7.2806132149887, 10, 9.99696534689039, 9.98809267084687, 9.97361248270532, 9.95375529294638, 9.92875161167616, 9.89883194862272, 9.86422681315502, 9.82516671433191, 9.78188216098972, 9.73460366187745, 9.68356172584886, 9.62898686211908, 9.57110958059138, 9.51016039225565, 9.44636980965383, 9.37996834740027, 9.31118652273515, 9.24025485607942, 9.16740387154979, 9.09286409738514, 9.01686606623225, 8.93964031524138, 8.86141738593154, 8.78242782380175, 8.70290217768615, 8.62307099887483, 8.54316484004437, 8.46341425405839, 8.38404979270432, 8.3053020054273, 8.22740143810388, 8.15057863187061, 8.07506412198617, 8.00108843666481, 7.92888209577306, 7.85867560922976, 7.79069947488482, 7.72518361039166, 7.66235403540216, 7.60245405973553, 7.54577910255265, 7.49270310851598, 7.443704462497, 7.39938799686932, 7.36050905004184, 7.32798691058247, 7.3029253517017, 7.28663033794433, 7.28061323687714, 10, 9.99697078464886, 9.98811371646046, 9.97365860696636, 9.95383526733759, 9.92887350836501, 9.89900314045579, 9.8644539736526, 9.82545581768332, 9.78223848204988, 9.73503177616556, 9.68406550954987, 9.62956949208897, 9.57177353436746, 9.51090744807271, 9.4472010464674, 9.38088414491768, 9.312186561455, 9.24133811733946, 9.16856863758264, 9.0941079513806, 9.01818589240405, 8.94103229889551, 8.86287701353283, 8.78394988303472, 8.70448075750634, 8.62469948954702, 8.54483593316485, 8.46511994255916, 8.38578137083841, 8.30705006873482, 8.22915588335979, 8.15232865701468, 8.07679822603587, 8.00279441961074, 7.93054705845487, 7.86028595318834, 7.79224090218298, 7.72664112344754, 7.66371193709095, 7.60369576320816, 7.54688773453225, 7.49366268877414, 7.44450156473495, 7.40001382595326, 7.36096203528328, 7.32827558472037, 7.30307166552886, 7.28667336166796, 7.28061317617874, 10, 9.99697624036561, 9.98813483171288, 9.97370488409271, 9.95391550719016, 9.9289958103045, 9.89917490234561, 9.86468189185349, 9.82574588704861, 9.78259599592211, 9.7354613263751, 9.68457098641639, 9.6301540844268, 9.57243972949585, 9.51165703183208, 9.44803510324267, 9.38180305766942, 9.31319001175906, 9.24242508543498, 9.16973740242802, 9.09535609071597, 9.01951028281828, 8.94242911589483, 8.86434173160762, 8.78547727572059, 8.7060648974357, 8.62633374848746, 8.54651298204151, 8.46683175145906, 8.38751920899562, 8.30880450449664, 8.23091678413422, 8.15408518920027, 8.07853885493439, 8.00450690932223, 7.93221847175326, 7.86190265137318, 7.79378854489962, 7.72810466851984, 7.66507564062221, 7.60494299397138, 7.54800156460656, 7.49462706043553, 7.44530293997591, 7.40064325380981, 7.36141773617063, 7.32856603854022, 7.30321892084816, 7.28671673310695, 7.28061325819398, 10, 9.99698166648393, 9.98815583245862, 9.97375091034729, 9.95399531220206, 9.92911744968366, 9.89934573405777, 9.86490857621479, 9.82603438672096, 9.78295157590976, 9.7358885540233, 9.68507373141284, 9.630735518807, 9.57310232765325, 9.51240257053432, 9.44886466165471, 9.38271701738457, 9.31418805683834, 9.24350620245493, 9.17089988053629, 9.09659752169352, 9.020827561146, 8.94381843882178, 8.86579859921745, 8.78699649099235, 8.70764056629506, 8.62795927984496, 8.54818108781481, 8.46853444657719, 8.38924781138439, 8.31054963504487, 8.23266836664162, 8.15583245030768, 8.08027032403688, 8.00621041846483, 7.93388115550725, 7.86351094668866, 7.7953281909267, 7.72956070644262, 7.66643241376134, 7.60618396667978, 7.54910990031095, 7.49558677600421, 7.44610054393517, 7.4012698038173, 7.36187141445946, 7.32885523245303, 7.30336552649054, 7.28675984888505, 7.28061319635245, 10, 9.99698706209485, 9.98817671517985, 9.97379667802057, 9.95407466900622, 9.92923840612905, 9.89951560698065, 9.86513398877199, 9.82632126838518, 9.78330516246627, 9.73631338756853, 9.68557366035587, 9.63131369787483, 9.57376121790098, 9.51314393936118, 9.44968958282714, 9.38362587106705, 9.31518052963252, 9.24458128744717, 9.17205587735296, 9.09783203656281, 9.02213750696417, 8.94520003522107, 8.86724737263207, 8.78850727471895, 8.70920750054375, 8.62957581177727, 8.54983997156585, 8.47022774325995, 8.39096688907515, 8.31228516874973, 8.23441033824467, 8.15757014850161, 8.08199234423665, 8.007904662704, 7.93553483231496, 7.86511057094309, 7.79685958367733, 7.73100899474552, 7.66778203078329, 7.60741847506765, 7.55021255773597, 7.49654167710035, 7.44689424729385, 7.4018933796753, 7.36232301130928, 7.32914315004912, 7.30351151400867, 7.2868027946302, 7.28061313706509, 10, 9.99699242755455, 9.9881974812539, 9.97384219012901, 9.95415358282924, 9.92935868760146, 9.89968453228631, 9.86535814433847, 9.82660655087914, 9.78365677879014, 9.73673585485909, 9.68607080598577, 9.63188865945784, 9.57441644330204, 9.51388118671243, 9.45050992055079, 9.38452967790609, 9.31616749468962, 9.2456504102319, 9.17320546783686, 9.0990597152408, 9.02344020492045, 8.94657399419661, 8.86868814509031, 8.79000972390589, 8.71076580053867, 8.63118344753055, 8.55148973892098, 8.47191174895784, 8.39267655073962, 8.31401121485426, 8.23614280806087, 8.15929839203025, 8.08370502212185, 8.00958974613012, 7.93717960288437, 7.86670162053044, 7.79838281425282, 7.73244961821152, 7.66912456908009, 7.60864658811968, 7.55130959659636, 7.49749181355314, 7.44768408970837, 7.40251401097634, 7.36277254681099, 7.32942980297799, 7.30365688819878, 7.28684557041968, 7.28061307837969, 10, 9.99699776308932, 9.9882181315561, 9.97388744859018, 9.95423205699457, 9.92947829916432, 9.8998525170827, 9.86558105234168, 9.82689024619521, 9.78400643965448, 9.73715597363518, 9.68656518916658, 9.63246042767107, 9.57506803132013, 9.51461434346848, 9.45132570916134, 9.3854284757016, 9.31714899325319, 9.24671361544623, 9.17434869993895, 9.10028060888308, 9.02473570923629, 8.94794037286745, 8.87012097641095, 8.79150390084431, 8.71231553078644, 8.63278225354046, 8.55313045792893, 8.47358653298715, 8.39437686658663, 8.31572784405529, 8.23786584684095, 8.16101725123462, 8.08540842713062, 8.01126573675576, 7.93881553325018, 7.8682841589257, 7.7998979429571, 7.73388263333252, 7.67046008066105, 7.60986835264785, 7.55240105784075, 7.49843721991936, 7.44847009903021, 7.40313171883275, 7.36322003563818, 7.32971520015172, 7.30380165329392, 7.28688817731276, 7.28061302011823, 10, 9.99700306891584, 9.98823866692473, 9.9739324552406, 9.9543100946854, 9.92959724566766, 9.90001956817859, 9.86580272181284, 9.82717236582248, 9.7843541592135, 9.73757376089506, 9.68705682989133, 9.6330290256248, 9.57571600827703, 9.51534343922861, 9.45213698157332, 9.38632230069288, 9.31812506486856, 9.24777094589456, 9.17548561964752, 9.10149476655842, 9.0260240719293, 8.94929922604013, 8.8715459240014, 8.79298986532616, 8.71385675321901, 8.63437229360619, 8.5547621939552, 8.47525216195048, 8.39606790409851, 8.31743512432922, 8.23957952264158, 8.16272679380958, 8.08710262612571, 8.01293270011304, 7.94044268708714, 7.86985824739125, 7.8014050280569, 7.73530809476812, 7.67178861593885, 7.61108381411769, 7.55348698132277, 7.49937792990318, 7.44925230248377, 7.40374652393295, 7.36366549221757, 7.32999935038418, 7.30394581354816, 7.28693061647911, 7.28061296227259, 10, 9.9970083452488, 9.98825908819028, 9.97397721189973, 9.95438769905532, 9.9297155319164, 9.90018569231947, 9.86602316169925, 9.82745292114332, 9.78469995148992, 9.73798923347911, 9.68754574796739, 9.63359447621474, 9.57636040025014, 9.51606850331734, 9.45294377039575, 9.3872111887829, 9.31909574871415, 9.24882244398422, 9.17661627252436, 9.10270223688062, 9.02730534453487, 8.95065060801329, 8.87296304473721, 8.79446767658961, 8.71538952919495, 8.63595363093653, 8.55638501176059, 8.47690870183463, 8.39774973013394, 8.31913312302465, 8.24128390289128, 8.16442708682568, 8.08878768535379, 8.01459070113091, 7.94206112748465, 7.87142394662714, 7.80290412728514, 7.7367260566783, 7.67311022486672, 7.61229301758193, 7.5545674065358, 7.50031397690583, 7.45003072705054, 7.40435844678262, 7.3641089308504, 7.33028226241482, 7.30408937318228, 7.28697288908262, 7.28061290483891, 10, 9.99701364990106, 9.98827961907683, 9.97402220883936, 9.95446572009842, 9.92983445333949, 9.90035270861966, 9.86624478558901, 9.8277349835459, 9.78504760153603, 9.73840693850558, 9.68803729351863, 9.63416296604793, 9.57700825634518, 9.51679746589265, 9.45375489793095, 9.3881048580491, 9.3200716548124, 9.24987960039225, 9.17775301115092, 9.10391620812626, 9.02859351735708, 8.95200926999322, 8.87438780214461, 8.7959534544423, 8.71693057130899, 8.63754349996361, 8.55801658920987, 8.47857418807701, 8.39944064438785, 8.32084030332318, 8.24299750603133, 8.16613658829983, 8.09048187926557, 8.01625770009292, 7.94368836249783, 7.87299816693679, 7.80441140020641, 7.7381517674354, 7.67443907670199, 7.61350887775483, 7.55565381080642, 7.50125521068719, 7.45081339747791, 7.40497361813156, 7.36455464784794, 7.33056658621144, 7.30423365244956, 7.28701543080977, 7.2806129725931, 10, 9.99701892573784, 9.98830003848245, 9.97406696153049, 9.95454331777122, 9.92995272966416, 9.90051881923498, 9.86646520809706, 9.82801551750755, 9.78539336846764, 9.73882238187767, 9.68852617875732, 9.63472838054008, 9.57765260944833, 9.51752248895072, 9.45456164429677, 9.38899370311453, 9.32104229604663, 9.2509310573882, 9.17888362567934, 9.10512364419617, 9.02987476128052, 8.95336063045165, 8.87580491025349, 8.79743126381024, 8.71846335808762, 8.63912486288483, 8.55963944960756, 8.48023078989132, 8.40112255415102, 8.32253841012693, 8.24470202147626, 8.16783704642774, 8.09216713647514, 8.01791593503847, 7.94530707596925, 7.87456418171642, 7.80591086089542, 7.73957014029433, 7.67576114976131, 7.61471861120759, 7.55673482952198, 7.50219187343789, 7.45159235822707, 7.40558595130462, 7.36499836312002, 7.33084965719288, 7.30437728245135, 7.28705771990846, 7.28061291370504, 10, 9.99702417225143, 9.98832034444394, 9.97411146567373, 9.95462048462448, 9.93007034954475, 9.90068400824377, 9.86668440811329, 9.8282944961843, 9.78573721922857, 9.73923552391569, 9.68901235703601, 9.63529066579884, 9.57829339821222, 9.51824350354611, 9.45536393287368, 9.38987763967666, 9.32200758048938, 9.25197671554485, 9.18000800937484, 9.1063244313072, 9.03114895579995, 8.95470456255453, 8.87721423636126, 8.79890096664958, 8.71998774674008, 8.64069757282383, 8.56125344272002, 8.48187835448192, 8.40279530492816, 8.32422728817029, 8.2463972941865, 8.16952830745924, 8.09384330565215, 8.01956525825448, 7.94691712506758, 7.87612185434796, 7.80740238034605, 7.74098105532666, 7.67707633472684, 7.61592212080139, 7.55781037941926, 7.5031238976838, 7.45236755982097, 7.40619541739335, 7.36544007131699, 7.33113149702056, 7.3045203158041, 7.28709984440526, 7.28061285658917, 10, 9.99702938965643, 9.98834053779142, 9.97415572308762, 9.95469722381012, 9.93018731778346, 9.90084828238746, 9.86690239457926, 9.82857193095077, 9.78607916783143, 9.73964638144716, 9.68949584814606, 9.63584984470031, 9.57893064869061, 9.51896053897512, 9.45616179623748, 9.39075670359969, 9.32296754727417, 9.25301661721798, 9.18112620774036, 9.10751861800644, 9.03241615237555, 8.95604112051607, 8.87861583724918, 8.80036262209366, 8.7215037985088, 8.64226169286117, 8.56285863316704, 8.48351694768094, 8.40445896340887, 8.32590700461747, 8.24808339139006, 8.17121043824729, 8.09551045280773, 8.02120573441544, 7.94851857260792, 7.87767124523632, 7.80888601597423, 7.7423845663525, 7.67838468118804, 7.61711945120114, 7.55888049957791, 7.50405131637997, 7.45313902874919, 7.4068020363481, 7.36587978609785, 7.33141211367426, 7.3046627558135, 7.2871418043475, 7.28061279986947, 10, 9.99703457816127, 9.98836061933126, 9.97419973553885, 9.95477353839025, 9.93030363904586, 9.90101164821592, 9.86711917618284, 9.82884783285935, 9.78641922789246, 9.74005497082435, 9.68997667132082, 9.63640593947679, 9.57956438620545, 9.5196736237129, 9.45695526605289, 9.39163092974713, 9.32392223444538, 9.25405080358771, 9.18223826501956, 9.10870625150163, 9.03367640105261, 8.95737035706544, 8.88000976814945, 8.8018162876697, 8.72301157298089, 8.64381728438163, 8.56445508384163, 8.48514663357311, 8.4061135945259, 8.32757762487842, 8.24976037857611, 8.17288350393522, 8.09716864228708, 8.02283742658903, 7.95011147987383, 7.87921241334727, 7.81036182386697, 7.74378072599207, 7.67968623768302, 7.61831064618964, 7.55994522838542, 7.50497416199934, 7.45390679124806, 7.40740582811165, 7.36631752137411, 7.33169151565813, 7.30480460659025, 7.28718360087391, 7.28061274355032, 10, 9.99703973797249, 9.98838058986242, 9.97424350477773, 9.95484943139868, 9.9304193179544, 9.90117411221847, 9.86733476153157, 9.82912221286021, 9.786757412902, 9.7404613082484, 9.69045484561588, 9.63695897215509, 9.58019463584465, 9.52038278597144, 9.45774437369202, 9.39250035266033, 9.32487167969585, 9.2550793154537, 9.1833442250473, 9.10988737856443, 9.03492975141417, 8.95869232444479, 8.88139608378416, 8.8032620203737, 8.72451112919331, 8.64536440820329, 8.56604285705628, 8.4867674756517, 8.40775926261283, 8.32923921375965, 8.25142832062984, 8.17454756906571, 8.09881793784231, 8.02446039726182, 7.95169590758448, 7.88074541710375, 7.81182985959535, 7.74516958638191, 7.68098105230423, 7.61949574914812, 7.56100460387757, 7.50589246671753, 7.45467087331354, 7.40800681244351, 7.36675329092833, 7.33196971139554, 7.30494587220289, 7.28722523510653, 7.28061268762802, 10, 9.99704486929287, 9.98840045016943, 9.97428703252308, 9.95492490581458, 9.93053435904823, 9.90133568076751, 9.86754915907785, 9.82939508170614, 9.78709373610713, 9.74086540962817, 9.69093038974298, 9.63750896436448, 9.5808214222432, 9.52108805345321, 9.45852914996015, 9.39336500625636, 9.32581592003686, 9.25610219287757, 9.18444413086519, 9.1110620451196, 9.03617625214499, 8.96000707394928, 8.88277483788283, 8.80469987616711, 8.72600252511064, 8.64690312403857, 8.5676220139896, 8.48837953625348, 8.40939603083009, 8.33089183488441, 8.25308728124999, 8.17620269699928, 8.10045840205565, 8.02607470777119, 7.95327191533945, 7.88227031384814, 7.81329017769868, 7.74655119868602, 7.68226917224162, 7.62067480263686, 7.56205866336202, 7.50680626208528, 7.45543130042867, 7.40860500870868, 7.36718710826517, 7.33224670913822, 7.30508655663528, 7.28726670814143, 7.28061263209446, 10, 9.99704997226086, 9.98842020078768, 9.97433031994762, 9.95499996367022, 9.93064876542333, 9.90149635820863, 9.86776237458475, 9.82966644672732, 9.78742820653672, 9.74126728580456, 9.69140331645029, 9.63805593083749, 9.58144476217696, 9.52178944501821, 9.45930961582411, 9.39422491361334, 9.32675498064429, 9.25711946310112, 9.1855380117311, 9.11223028237308, 9.03741593631289, 8.96131464040431, 8.88414606690603, 8.8061298930051, 8.72748580002393, 8.64843347233763, 8.56919259605594, 8.48998285754388, 8.41102394186302, 8.33253553120859, 8.25473730339557, 8.17784893041252, 8.10209007701748, 8.02768039929949, 7.95483954307302, 7.88378714190855, 7.8147428145226, 7.74792559687309, 7.68355062867434, 7.62184783461713, 7.56310743119505, 7.50771556856109, 7.45618808900068, 7.40920042928703, 7.36761898195157, 7.33252251406621, 7.3052266623313, 7.28730802056916, 7.28061257680502, 10, 9.99705504707626, 9.98843984249019, 9.97437336874494, 9.95507460790109, 9.93076254155232, 9.90165615082086, 9.86797441638085, 9.82993631851909, 9.78776083724392, 9.74166695245369, 9.69187364417591, 9.63859989288721, 9.58206467992095, 9.52248698796433, 9.46008580163952, 9.39508010815353, 9.32768889798981, 9.25813116560227, 9.1866259100599, 9.11339213558143, 9.03864885189484, 8.96261507435991, 8.88550982380353, 8.80755212603782, 8.72896101105834, 8.64995551194923, 8.57075466355024, 8.49157750096062, 8.41264305796268, 8.33417036544114, 8.25637844985195, 8.17948633175968, 8.10371302441746, 8.0292775323122, 7.95639884954096, 7.88529595781938, 7.81618782384249, 7.74929283139576, 7.68482546814249, 7.6230148870708, 7.56415094418661, 7.50862041728557, 7.45694126419327, 7.40979309331343, 7.36804892534901, 7.33279713437141, 7.30536619329313, 7.28734917357519, 7.28061252190316, 10, 9.99706009393878, 9.98845937604953, 9.97441618060758, 9.95514884144082, 9.93087569190502, 9.90181506487928, 9.86818529278957, 9.83020470767019, 9.78809164127386, 9.742064425242, 9.69234139134659, 9.63914087181363, 9.58268119973534, 9.52318070957282, 9.46085773774364, 9.39593062327902, 9.32861770852321, 9.25913733983534, 9.1877078682413, 9.11454764997453, 9.0398750468397, 8.96390842633677, 8.88686616149461, 8.80896663038395, 8.73042821530677, 8.65146930168928, 8.57230827673423, 8.49316352790805, 8.41425344134687, 8.33579640025811, 8.25801078337225, 8.18111496346378, 8.10532730591528, 8.03086616724651, 7.95794989347271, 7.88679681809108, 7.81762525941252, 7.75065295268863, 7.68609373717172, 7.62417600196909, 7.56518923913924, 7.50952083939374, 7.45769085116386, 7.41038301991176, 7.36847695179791, 7.33307057820774, 7.30550515345949, 7.28739016824583, 7.28061246738533, 10, 9.99706511304628, 9.98847880223109, 9.97445875721241, 9.95522266719588, 9.93098822090987, 9.90197310660085, 9.8683950120572, 9.83047162467129, 9.7884206315508, 9.74245971969084, 9.69280657621843, 9.63967888871952, 9.58329434565572, 9.52387063687241, 9.4616254541929, 9.39677649208274, 9.32954144835697, 9.26013802488957, 9.18878392827279, 9.11569687036386, 9.04109456865288, 8.96519474638836, 8.88821513240925, 8.81037346065265, 8.73188746933442, 8.65297489983021, 8.57385349531294, 8.49474099922345, 8.41585515365897, 8.33741369775714, 8.25963436613071, 8.18273488737224, 8.10693298260242, 8.03244636398299, 7.95949273305722, 7.8882897787145, 7.81905517449318, 7.75200601072376, 7.68735548186179, 7.62533122089979, 7.56622235252016, 7.51041686573773, 7.45843687484191, 7.41097022803321, 7.36890307451865, 7.333342853656, 7.30564354673397, 7.28743100565779, 7.28061241324801, 10, 9.99707010459476, 9.98849812179318, 9.97450110022076, 9.95529608804582, 9.9311001329543, 9.90213028214501, 9.86860358235374, 9.830737079916, 9.78874782087946, 9.74285285117798, 9.69326921687868, 9.64021396451249, 9.58390414149536, 9.52455679664187, 9.4623889807658, 9.39761774735169, 9.33046015326971, 9.26113325949292, 9.18985413176375, 9.11683984114681, 9.04230746440083, 8.96647408410578, 8.88955678849319, 8.81177267094878, 8.73333882918428, 8.65447236410657, 8.57539037844044, 8.49630997518284, 8.41744825597387, 8.33902231946335, 8.26124925972857, 8.1843461647628, 8.1085301150079, 8.03401818185125, 7.96102742594845, 7.88977489516617, 7.82047762185624, 7.75335205501524, 7.68861074789068, 7.62648058507101, 7.56725032046438, 7.51130852688932, 7.45917935993103, 7.41155473645772, 7.36932730661247, 7.33361396872438, 7.30578137698517, 7.2874716868782, 7.28061235948774, 10, 9.99707506877844, 9.98851733548711, 9.97454321127863, 9.95536910684362, 9.93121143238524, 9.90228659761432, 9.86881101177379, 9.83100108370199, 9.78907322194637, 9.74324383493927, 9.69372933124767, 9.6407461199072, 9.58451061084782, 9.52523921541289, 9.46314834696614, 9.39845442157039, 9.33137385871006, 9.26212308201614, 9.19091851993985, 9.11797660631141, 9.04351378071613, 8.96774648862301, 8.89089118121344, 8.81316431487868, 8.73478235038306, 8.65596175172117, 8.57691898472614, 8.49787051550739, 8.41903280880442, 8.34062232633591, 8.26285552520066, 8.18594885634998, 8.1101187631047, 8.03558167963621, 7.96255402927144, 7.8912522224141, 7.82189265379024, 7.7546911346244, 7.6898595805194, 7.62762413531546, 7.56827317877853, 7.5121958531432, 7.45991833091147, 7.41213656379593, 7.36974966106284, 7.33388393134927, 7.30591864804711, 7.28751221296465, 7.28061230610111, 10, 9.99708000578975, 9.98853644405727, 9.97458509201685, 9.95544172641598, 9.93132212350957, 9.90244205905514, 9.86901730833736, 9.83126364623207, 9.78939684732119, 9.74363268607023, 9.69418693708069, 9.64127537542756, 9.58511377708941, 9.52591791947289, 9.46390358202609, 9.39928654692434, 9.33228259980037, 9.26310753047688, 9.19197713364739, 9.11910720944096, 9.04471356380234, 8.96901200862211, 8.89221836156369, 8.81454844555579, 8.736218087947, 8.6574431193511, 8.5784393722409, 8.49942267936969, 8.42060887210778, 8.34221377877438, 8.26445322302171, 8.1875430222914, 8.11169898631602, 8.03713691558424, 7.96407259962826, 7.89272181492353, 7.82330032210596, 7.75602329816488, 7.69110202459665, 7.62876191209463, 7.56929096294446, 7.51307887451995, 7.46065381204264, 7.41271572849102, 7.37017015073671, 7.33415274939605, 7.30605536371962, 7.28755258496537, 7.28061225308475, 10, 9.99708491581932, 9.9885554482412, 9.97462674405126, 9.95551394956358, 9.93143221059459, 9.90259667245824, 9.86922247999073, 9.83152477761529, 9.78971870945807, 9.74401941952763, 9.69464205196985, 9.64180175140888, 9.58571366338164, 9.52659293486778, 9.46465471490928, 9.40011415530341, 9.33318641134039, 9.26408664254363, 9.19303001335762, 9.12023169371864, 9.04590685943893, 8.97027069233832, 8.89353838006968, 8.81592511560626, 8.73764609638771, 8.65891652315367, 8.57995159852318, 8.50096652539994, 8.42217650529173, 8.34379673662509, 8.26604241311276, 8.18912872219417, 8.11327084352152, 8.03868394740924, 7.96558319310389, 7.89418372666257, 7.8247006781418, 7.75734859380766, 7.69233812456346, 7.62989395550298, 7.57030370812292, 7.51395762076917, 7.4613858273655, 7.41329224882058, 7.37058878838583, 7.33442043065984, 7.30619152776862, 7.28759280391923, 7.28061220043529, 10, 9.99708979905607, 9.98857434876967, 9.97466816898288, 9.95558577906143, 9.93154169786844, 9.90275044375942, 9.86942653460734, 9.83178448786795, 9.79003882069694, 9.74440405013113, 9.69509469334599, 9.64232526800003, 9.5863102926737, 9.5272642874047, 9.46540177431387, 9.40093727830519, 9.334085327811, 9.26506045553975, 9.19407719917101, 9.12135010193204, 9.04709371298602, 8.97152258756516, 8.89485128679456, 8.81729437717447, 8.73906642971787, 8.66038201877232, 8.58145572058506, 8.50250211169215, 8.42373576722089, 8.34537125918738, 8.2676231548474, 8.19070601512103, 8.11483439306345, 8.04022283229868, 7.96708586527215, 7.89563801110784, 7.82609377276912, 7.75866706928609, 7.69356792445778, 7.63102030527206, 7.57131144915712, 7.5148321213725, 7.46211440070509, 7.41386614289849, 7.37100558664805, 7.33468698286634, 7.30632714392665, 7.28763287085595, 7.28061214814946, 10, 9.99709465568715, 9.98859314636677, 9.97470936839806, 9.95565721765914, 9.93165058952055, 9.90290337884017, 9.86962947998852, 9.83204278691472, 9.79035719326481, 9.74478659256474, 9.69554487848042, 9.64284594516555, 9.58690368770485, 9.52793200265475, 9.46614478867553, 9.40175594723832, 9.33497938337775, 9.26602900644734, 9.19511873082142, 9.12246247647764, 9.04827416938919, 8.97276774165942, 8.89615713134404, 8.81865628192846, 8.74047914145686, 8.66183966134241, 8.58295179491816, 8.50402949581014, 8.42528671622284, 8.3469374052198, 8.26919550705795, 8.19227495959655, 8.11638969275269, 8.04175362691948, 7.96858067120134, 7.89708472125, 7.82747965639744, 7.75997877190074, 7.69479146791899, 7.63214100077453, 7.5723142205763, 7.51570240554658, 7.46283955567286, 7.41443742867665, 7.37142055804852, 7.33495241367253, 7.3064622158931, 7.28767278679612, 7.28061209622397, 10, 9.99709948589804, 9.98861184174998, 9.97475034386867, 9.95572826808121, 9.93175888970213, 9.90305548352828, 9.86983132386439, 9.83229968458962, 9.79067383927704, 9.74516706137843, 9.69599262448681, 9.6433638026877, 9.58749387100674, 9.5285961059556, 9.4668837861704, 9.40257019312567, 9.33586861189443, 9.26699233191105, 9.19615464768021, 9.12356885936518, 9.04944827318411, 8.97400620154603, 8.89745596287159, 8.82001088106531, 8.74188428463632, 8.66328950549696, 8.58443987749954, 8.50554873479353, 8.42682941009417, 8.34849523294613, 8.27075952804152, 8.19383561361312, 8.11793679987473, 8.0432763874239, 7.97006766545998, 7.89852390959917, 7.82885837897967, 7.76128374852429, 7.69600879819233, 7.63325608102821, 7.57331205659921, 7.51656850224599, 7.46356131566905, 7.41500612394688, 7.37183371500099, 7.33521673066749, 7.30659674733464, 7.28771255275134, 7.28061204465559, 10, 9.99710428987249, 9.98863043563021, 9.97479109695225, 9.95579893302729, 9.9318666025265, 9.9032067635984, 9.87003207389461, 9.83255519063706, 9.79098877073861, 9.74554547098959, 9.69643794832287, 9.64387886016855, 9.5880808649058, 9.52925662241415, 9.46761879471802, 9.40338004670765, 9.33675304690659, 9.26795046824195, 9.19718498876036, 9.12466929222206, 9.05061606850112, 8.97523801372297, 8.89874783008349, 8.82135822531641, 8.7432819118056, 8.66473160537223, 8.58592002379743, 8.50705988516362, 8.4283639061064, 8.35004480006143, 8.27231527556603, 8.19538803463695, 8.11947577119558, 8.04479116945528, 7.97154690212238, 7.8999556281903, 7.83022999001715, 7.76258204560626, 7.69721995813333, 7.63436558469998, 7.57430499113756, 7.51743044016616, 7.46427970388503, 7.41557224634258, 7.372245069809, 7.33547994137307, 7.30673074188558, 7.28775216972432, 7.28061199344113, 10, 9.99710906779262, 9.98864892871194, 9.97483162919217, 9.95586921517247, 9.9319737320696, 9.90335722477267, 9.87023173766919, 9.83280931471285, 9.79130199954532, 9.74592183568451, 9.69688086679218, 9.64439113703196, 9.58866469152553, 9.52991357690911, 9.4683498419842, 9.40418553844534, 9.33763272165499, 9.2689034514212, 9.19820979272047, 9.12576381629759, 9.05177759906986, 8.97646322426603, 8.90003278124389, 8.82269836495271, 8.74467207503723, 8.66616601461338, 8.58739228877696, 8.50856300292918, 8.42989026101194, 8.35158616373795, 8.27386280687615, 8.19693227961398, 8.12100666296755, 8.04629802815375, 7.97301843477417, 7.90137992858852, 7.83159453856476, 7.76387370917776, 7.6984249902121, 7.63546955010971, 7.57529305779941, 7.51828824774628, 7.4649947433056, 7.41613581334054, 7.3726546346671, 7.33574205324471, 7.3068642031482, 7.28779163870897, 7.28061194257743, 10, 9.99711381983887, 9.98866732169324, 9.9748719421178, 9.9559391171676, 9.93208028237038, 9.90350687272133, 9.87043032270927, 9.83306206638521, 9.79161353748509, 9.74629616961993, 9.6973213965459, 9.64490065252565, 9.58924537278878, 9.5305669940936, 9.46907695538389, 9.40498669852361, 9.33850766907904, 9.26985131710384, 9.19922909786876, 9.12685247246728, 9.05293290822368, 8.97768187883356, 8.90131086417972, 8.82403134978986, 8.74605482593221, 8.66759278637992, 8.5888567269058, 8.51005814359223, 8.43140853104984, 8.353119380631, 8.27540217869915, 8.19846840497563, 8.12252953093499, 8.0477970181618, 7.97448231651774, 7.90279686189434, 7.83295207323581, 7.76515878485613, 7.69962393651766, 7.63656801523411, 7.57627628989255, 7.51914195317203, 7.46570645671128, 7.41669684226263, 7.37306242166205, 7.33600307367211, 7.30699713469311, 7.28783096069047, 7.28061189206138, 10, 9.99711854619005, 9.98868561526584, 9.97491203724466, 9.95600864163949, 9.93218625743122, 9.90365571306324, 9.87062783646791, 9.83331345513568, 9.79192339623906, 9.74666848682438, 9.69775955408443, 9.64540742572306, 9.58982293041998, 9.53121689839759, 9.46980016208395, 9.40578355685422, 9.33937792182012, 9.27079410062231, 9.20024294216692, 9.12793530123692, 9.05408203890413, 8.9788940226711, 8.9025821262856, 8.82535722919329, 8.74743021562528, 8.6690119733511, 8.59031339215969, 8.51154536215365, 8.4329187719515, 8.35464450688463, 8.27693344725059, 8.19999646664458, 8.12404443033995, 8.04928819362988, 7.97593859997763, 7.90420647874879, 7.83430264220699, 7.76643731784951, 7.7008168387621, 7.63766101771046, 7.57725472042776, 7.51999158437844, 7.46641486668051, 7.41725535027751, 7.37346844277399, 7.33626300997994, 7.30712954005959, 7.28787013664538, 7.28061184188985, 10, 9.99712281035239, 9.98870212193161, 9.97494821951537, 9.95607138737296, 9.93228190923718, 9.90379006829892, 9.87080614723381, 9.8335404282719, 9.79220319332262, 9.74700472416814, 9.69815530273824, 9.64586521147793, 9.59034473381603, 9.53180415473677, 9.4704537614482, 9.40650384412985, 9.34016469672875, 9.27164661775851, 9.20115991104203, 9.12891488632813, 9.05512185970709, 8.97999115375403, 8.90373309734197, 8.8265580250903, 8.74867627644488, 8.67029819442097, 8.59163412407168, 8.51289441076819, 8.4342893983872, 8.35602942749287, 8.27832483357561, 8.20138594536981, 8.12542308322085, 8.05064655741321, 7.97726666630559, 7.90549369404479, 7.83553790753712, 7.76760898880663, 7.70191272563176, 7.63866832173877, 7.57815975444317, 7.52078061044093, 7.46707544758284, 7.41777827650338, 7.37385007966982, 7.33650818269046, 7.30725469360829, 7.28790692859331, 7.28061109447654, 10, 9.99712705820423, 9.98871856547813, 9.97498426346415, 9.95613389329226, 9.93237719555151, 9.90392391028465, 9.87098377701498, 9.83376653481653, 9.7924819224401, 9.74733967850811, 9.69854954179175, 9.64632125158157, 9.59086454815987, 9.53238917337703, 9.47110487132533, 9.40722138909281, 9.34094847756587, 9.27249589223492, 9.20207339394335, 9.12989074950931, 9.05615773214491, 8.98108412160088, 8.90487970397843, 8.82775427117334, 8.74991761994883, 8.67157955066828, 8.59294986575135, 8.51423836794018, 8.43565485847202, 8.35740913524631, 8.27971099104904, 8.20277021185665, 8.12679657518974, 8.05199984842755, 7.97858978692814, 7.90677613172381, 7.83676860646849, 7.76877634981857, 7.70300460635158, 7.63967197690696, 7.57906156024414, 7.52156689222612, 7.46773382232027, 7.41829957113161, 7.37423067093707, 7.33675287576157, 7.30737987745408, 7.28794416531909, 7.28061106948497, 10, 9.99713129274726, 9.9887349575035, 9.97502019447525, 9.95619620335245, 9.93247218327978, 9.90405733285121, 9.87116085013707, 9.83399193275478, 9.79275977799586, 9.74767358302243, 9.69894254514645, 9.6467758622034, 9.59138273302843, 9.53297235803736, 9.47175393990599, 9.40793668433002, 9.34172980083429, 9.27334250358497, 9.20298401214474, 9.13086355209976, 9.05719035548241, 8.98217366091736, 8.9060227134321, 8.82894676389682, 8.75115506808987, 8.67285688542054, 8.59426147737267, 8.51557810575704, 8.43701603086914, 8.35878450964146, 8.28109279385347, 8.20415012842173, 8.12816574974033, 8.0533488839819, 7.97990874520263, 7.90805453301965, 7.83799542953413, 7.76994003173507, 7.70409304270005, 7.64067246610205, 7.57996053155027, 7.52235072361475, 7.46839017392081, 7.4188192950282, 7.37461014371167, 7.3369968708002, 7.30750471566147, 7.28798130112235, 7.28061103901142, 10, 9.99713551402901, 9.98875129819192, 9.97505601295286, 9.9562583182552, 9.93256687349277, 9.90419033750429, 9.87133736860065, 9.8342166246362, 9.79303676313678, 9.74800644149771, 9.69933431726533, 9.64722904851356, 9.59189929432395, 9.53355371537121, 9.47240097460807, 9.40864973803126, 9.34250867549727, 9.27418646154117, 9.2038917761379, 9.13183330533442, 9.05821974167604, 8.98325978435382, 8.90716213901386, 8.83013551719284, 8.75238863537631, 8.67413021371132, 8.59556897443776, 8.51691364012685, 8.4383729318242, 8.3601555671873, 8.28247025868112, 8.20552571185463, 8.12953062366788, 8.05469368077955, 7.98122355763707, 7.90932891413573, 7.83921839251787, 7.77110004979944, 7.70517804925316, 7.64166980307236, 7.5808566810634, 7.5231321160439, 7.46904451239114, 7.41933745670316, 7.37498850507739, 7.33724017370073, 7.3076292133589, 7.28801834098828, 7.28061100872599, 10, 9.99713972211411, 9.98876758779367, 9.97509171944562, 9.95632023895209, 9.93266126764131, 9.90432292628207, 9.87151333511111, 9.83444061390508, 9.79331288210943, 9.74833825903806, 9.69972486415699, 9.64768081746394, 9.5924142399721, 9.53413325430038, 9.47304598536361, 9.40936056114468, 9.34328511351675, 9.27502777906867, 9.20479669987239, 9.13280002412029, 9.059245906555, 8.98434250861826, 8.90829799825883, 8.83132054936383, 8.75361834080977, 8.67539955516513, 8.59687237710953, 8.51824499165822, 8.43972558229055, 8.36152232907274, 8.28384340683917, 8.20689698345519, 8.13089121813107, 8.05603425969606, 7.98253424467362, 7.91059929492241, 7.84043751451152, 7.77225642217009, 7.7062596430528, 7.64266400352426, 7.5817500228749, 7.5239110817085, 7.46969684779808, 7.41985406395975, 7.37536576057174, 7.33748278789548, 7.30775337221691, 7.28805528536434, 7.28061097859323, 10, 9.99714391706659, 9.98878382655665, 9.97512731449705, 9.95638196638578, 9.93275536716265, 9.90445510120365, 9.87168875234858, 9.83466390397352, 9.79358813912077, 9.74866904069998, 9.70011419177404, 9.64813117594166, 9.59292757782484, 9.53471098366378, 9.47368898201246, 9.41006916451691, 9.34405912674384, 9.27586646901263, 9.20569879716887, 9.13376372322678, 9.06026886580265, 8.98542185026496, 8.90943030854108, 8.83250187854437, 8.75484420321794, 8.67666492922729, 8.5981717053672, 8.51957218077245, 8.44107400303167, 8.36288481629538, 8.28521225944308, 8.2082639643324, 8.13224755409993, 8.05737064142186, 7.98384082657435, 7.91186569505649, 7.84165281444158, 7.77340916684998, 7.70733784099704, 7.643655083034, 7.58264057096211, 7.52468763270794, 7.47034719013337, 7.42036912454782, 7.37574191570075, 7.33772471680633, 7.30787719391449, 7.28809213472191, 7.2806109486122, 10, 9.99714809893114, 9.98880001465389, 9.97516279848653, 9.9564435012144, 9.93284917306038, 9.90458686367917, 9.87186362218516, 9.83488649722542, 9.79386253711061, 9.74899879001769, 9.70050230427799, 9.64858012876271, 9.59343931337418, 9.53528690964535, 9.47432997144079, 9.41077555574096, 9.34483072347737, 9.27670254037103, 9.20659807771215, 9.13472441300762, 9.06128863041798, 8.98649782090896, 8.91055908205685, 8.83367951747135, 8.7560662358322, 8.67792634957184, 8.59946697327007, 8.52089522185103, 8.44241820868249, 8.36424304366923, 8.28657683140593, 8.20962666941277, 8.13359964642313, 8.05870284063084, 7.98514331773581, 7.91312812854892, 7.84286430581956, 7.77455829673167, 7.70841265523433, 7.64464305284778, 7.58352833545361, 7.52546177783815, 7.47099554669668, 7.42088264415993, 7.37611697452833, 7.33796596296554, 7.30800067968756, 7.28812888938657, 7.28061091874095, 10, 9.9971522677617, 9.98881615229408, 9.97519817187128, 9.95650484423044, 9.93294268654199, 9.90471821540383, 9.87203794686942, 9.83510839652134, 9.79413607960314, 9.74932751122361, 9.70088920664704, 9.64902768168162, 9.5939494531745, 9.53586103961582, 9.47496896184511, 9.41147974384158, 9.34559991356574, 9.27753600380434, 9.20749455295611, 9.1356821056844, 9.06230521335767, 8.98757043420231, 8.9116843331068, 8.83485348104035, 8.75728445408228, 8.67918383209487, 8.60075819710577, 8.5222141314913, 8.44375821606122, 8.3655970281375, 8.28793713969307, 8.21098511557388, 8.13494751177353, 8.06003087366721, 7.98644173404257, 7.91438661068665, 7.84407200318974, 7.77570382546472, 7.7094840983604, 7.64562792434279, 7.58441332634059, 7.52623352556464, 7.47164192434177, 7.42139462801771, 7.37649094070592, 7.33820652861134, 7.30812383062125, 7.2881655496581, 7.28061088897135, 10, 9.99715642362048, 9.9888322397181, 9.97523343517937, 9.95656599634981, 9.93303590900394, 9.90484915833942, 9.87221172900541, 9.83532960517657, 9.79440877068596, 9.74965520923082, 9.70127490466498, 9.64947384139025, 9.59445800485516, 9.53643338216356, 9.47560596278642, 9.41218173935811, 9.3463667085244, 9.27836687179397, 9.20838823633012, 9.13663681560856, 9.06331862986133, 8.98863970623106, 8.91280607857378, 8.83602378687342, 8.758498876264, 8.68043739569259, 8.60204539628964, 8.52352892953857, 8.44509404534607, 8.36694679010633, 8.28929320482567, 8.21233932333114, 8.13629117053211, 8.0613547606409, 7.98773609518901, 7.9156411605961, 7.84527592495026, 7.77684577055073, 7.71055218680416, 7.64660971266422, 7.58529555721452, 7.52700288765318, 7.4722863327851, 7.42190508365803, 7.37686381959008, 7.33844641707761, 7.30824664836248, 7.28820211602257, 7.28061085935133, 10, 9.99716056656968, 9.98884827716672, 9.97526858893868, 9.95662695848805, 9.93312884184211, 9.90497969444699, 9.8723849711962, 9.83555012650517, 9.79468061444518, 9.74998188895062, 9.7016594041136, 9.6499186145782, 9.59496497604299, 9.53700394587419, 9.47624098382276, 9.4128815528267, 9.34713111986549, 9.27919515681795, 9.20927914126012, 9.13758855712803, 9.06432889516513, 8.98970565307792, 8.91392433533747, 8.83719045258971, 8.75970952067059, 8.68168705925905, 8.60332859023537, 8.52483963583708, 8.44642571671485, 8.36829234998222, 8.29064504732617, 8.21368931320227, 8.13763064308327, 8.06267452166654, 7.98902642087562, 7.91689179741133, 7.84647608950855, 7.77798414950242, 7.71161693700761, 7.64758843297229, 7.58617504168357, 7.52776987588712, 7.47292878176032, 7.42241401863268, 7.37723561654743, 7.33868563170024, 7.3083691345481, 7.2882385889391, 7.28061082987912, 10, 9.997164696671, 9.9888642648789, 9.97530363367303, 9.95668773155373, 9.9332214864418, 9.90510982567267, 9.87255767602502, 9.83576996379595, 9.7949516149358, 9.75030755525696, 9.70204271073067, 9.65036200788415, 9.59547037430684, 9.53757273926807, 9.47687403443954, 9.41357919470352, 9.34789315901373, 9.2800208712596, 9.21016728107018, 9.13853734448195, 9.06533602438975, 8.99076829070375, 8.91503912014969, 8.83835349567502, 8.7609164054569, 8.68293284154545, 8.60460779820995, 8.52614627008123, 8.44775325019315, 8.3696337280179, 8.29199268756252, 8.21503510555069, 8.13896594965836, 8.06399017670797, 7.99031273065544, 7.91813854012351, 7.84767251513495, 7.77911897970249, 7.71267836529117, 7.64856410031569, 7.58705179325629, 7.52853450196409, 7.47356928093069, 7.42292144043919, 7.37760633690638, 7.33892417579164, 7.3084912908038, 7.28827496886413, 7.28061080055364, 10, 9.9971688139857, 9.98888020309175, 9.97533856990231, 9.95674831644851, 9.93331384417776, 9.90523955394779, 9.87272984605555, 9.83598912031282, 9.79522177618209, 9.75063221298685, 9.70242483021052, 9.65080402789654, 9.59597420715822, 9.53813977080104, 9.47750512405035, 9.41427467536557, 9.34865283730741, 9.28084402740856, 9.2110526689836, 9.1394831918018, 9.06634003254161, 8.99182763494887, 8.91615044963583, 8.83951293348317, 8.76211954864086, 8.68417476116164, 8.60588303933525, 8.52744885181719, 8.44907666565595, 8.3709709443139, 8.29333614574976, 8.21637672058714, 8.14029711033719, 8.06530174557971, 7.99159504393558, 7.91938140758232, 7.84886521996402, 7.78025027840486, 7.71373648785479, 7.6495367296325, 7.58792582534249, 7.52929677749662, 7.47420783988956, 7.42342735652117, 7.37797598595717, 7.33916205264061, 7.30861311874371, 7.28831125625087, 7.28061077137385, 10, 9.99717291857454, 9.98889609204061, 9.97537339814244, 9.95680871406724, 9.93340591641434, 9.90536888118909, 9.87290148383202, 9.83620759929495, 9.79549110217786, 9.75095586694069, 9.7028057682044, 9.65124468115395, 9.59647648205187, 9.53870504886504, 9.47813426199767, 9.41496800511148, 9.3494101659992, 9.28166463746172, 9.21193531812391, 9.14042611311251, 9.06734093451398, 8.99288370153417, 8.91725834029599, 8.84066878323731, 8.76331896810478, 8.68541283657752, 8.6071543325894, 8.5287474004443, 8.45039598282907, 8.37230401882002, 8.2946754419515, 8.21771417837113, 8.14162414504955, 8.06660924794847, 7.99287337997855, 7.92062041849735, 7.85005422199585, 7.78137806273589, 7.7147913207791, 7.65050633575128, 7.58879715125412, 7.53005671401298, 7.47484446816104, 7.42393177426874, 7.37834456895227, 7.33939926551259, 7.30873461997055, 7.28834745154933, 7.28061074233866, 10, 9.99717701049786, 9.98891193195904, 9.97540811890544, 9.95686892529801, 9.9334977045056, 9.90549780929884, 9.87307259187948, 9.83642540395708, 9.7957595968868, 9.75127852188267, 9.7031855303209, 9.65168397414565, 9.59697720638629, 9.53926858178871, 9.47876145755353, 9.41565919416224, 9.35016515625698, 9.28248271352407, 9.21281524151581, 9.14136612233336, 9.06833874508804, 8.99393650606231, 8.91836280850623, 8.84182106203118, 8.76451468159668, 8.68664708612432, 8.60842169680815, 8.53004193521648, 8.45171122129055, 8.37363297133675, 8.29601059608135, 8.21904749881235, 8.14294707357655, 8.06791270333445, 7.99414775790369, 7.92185559143936, 7.85123953909733, 7.78250234969556, 7.71584288002652, 7.65147293339206, 7.58966578420619, 7.53081432295791, 7.47547917520059, 7.42443470101907, 7.37871209110666, 7.33963581764983, 7.30885579607574, 7.28838355520639, 7.28061071344705, 10, 9.99718108981552, 9.98892772307882, 9.97544273269949, 9.95692895102221, 9.93358920979536, 9.90562634016493, 9.87324317270394, 9.83664253748973, 9.79602726424269, 9.75160018254109, 9.7035641221264, 9.65212191331204, 9.59747638750429, 9.53983037783802, 9.47938671992022, 9.41634825266198, 9.35091781916464, 9.28329826760961, 9.21369245208612, 9.14230323327911, 9.06933347893398, 8.99498606401883, 8.91946387051973, 8.8429697868303, 8.76570670673151, 8.68787752799596, 8.60968515068628, 8.53133247524362, 8.4530224004721, 8.37495782151673, 8.29734162790431, 8.22037670167211, 8.14426591555208, 8.0692121311128, 7.99541819668845, 7.9230869448416, 7.85242118900334, 7.78362315615863, 7.71689118144234, 7.65243653716735, 7.59053173731765, 7.53156961569339, 7.47611197039567, 7.42493614405683, 7.37907855759823, 7.33987171227161, 7.30897664863943, 7.28841956766576, 7.28061068469798, 10, 9.99718515658694, 9.98894346563, 9.97547724002892, 9.95698879211457, 9.93368043361736, 9.90575447566108, 9.87341322879254, 9.83685900305939, 9.79629410814977, 9.75192085360866, 9.70394154914539, 9.65255850504511, 9.59797403269349, 9.54039044521683, 9.48001005823087, 9.41703519067863, 9.35166816572286, 9.28411131164215, 9.21456696266466, 9.14323745966091, 9.07032515061202, 8.99603239077323, 8.92056154246795, 8.8441149744732, 8.76689506099247, 8.68910418025029, 8.61094471277881, 8.53261903949289, 8.45432953966043, 8.37627858886605, 8.29866855703821, 8.22170180656471, 8.14558069046416, 8.07050755051491, 7.99668471516974, 7.92431449700106, 7.853599189318, 7.78474049887584, 7.71793624075577, 7.65339716158307, 7.59139502361225, 7.53232260349937, 7.47674286306632, 7.42543611061464, 7.37944397356803, 7.34010695257443, 7.30909717923069, 7.28845548936807, 7.28061065609041, 10, 9.99718921087108, 9.98895915984091, 9.97551164139431, 9.9570484494433, 9.93377137729531, 9.90588221764693, 9.87358276261378, 9.8370748038088, 9.79656013248295, 9.75224053974295, 9.70431781686096, 9.65299375568894, 9.59847014918689, 9.54094879206752, 9.4806314815502, 9.41772001820473, 9.35241620684996, 9.28492185745629, 9.21543878598527, 9.14416881508734, 9.07131377457349, 8.99707550158012, 8.92165584036179, 8.84525664167264, 8.76807976173223, 8.69032706081047, 8.61220040150246, 8.53390164679016, 8.45563265799866, 8.37759529274573, 8.29999140295509, 8.22302283295887, 8.14689141765631, 8.07179898062982, 7.99794733204527, 7.92553826607982, 7.85477355751591, 7.78585439447502, 7.71897807358108, 7.6543548210396, 7.59225565601941, 7.53307329757456, 7.47737186246579, 7.42593460787355, 7.37980834412065, 7.34034154173225, 7.30921738940754, 7.28849132075085, 7.28061062762333, 10, 9.99719324962182, 9.98897479393971, 9.97554591102755, 9.95710787838249, 9.93386197289297, 9.90600947083237, 9.87375164788913, 9.83728977924554, 9.7968251397194, 9.75255900398323, 9.70469264687608, 9.65342734382072, 9.5989643713555, 9.54150500778348, 9.48125053393156, 9.41840223400007, 9.35316139646766, 9.28572931500008, 9.21630728929563, 9.14509662578787, 9.07229863812064, 8.99811464731429, 8.92274598155714, 8.84639397558286, 8.76925996962934, 8.69154530801406, 8.61345133739712, 8.53517940482969, 8.45693085569621, 8.37890703164977, 8.3013092686118, 8.22433889486131, 8.14819722918106, 8.07308557896066, 7.99920523808263, 7.92675748433282, 7.85594357597153, 7.78696418449152, 7.72001609006551, 7.65530900087523, 7.59311319875243, 7.53382134185027, 7.47799869029346, 7.42643143060105, 7.38017152967674, 7.34057539571709, 7.30933723792447, 7.28852704792755, 7.28061059469724, 10, 9.99719727252614, 9.98899036671716, 9.97558004628232, 9.95716707435028, 9.93395221343683, 9.90613622543858, 9.87391987166318, 9.83750391290871, 9.79708910960622, 9.75287622204049, 9.70506601066388, 9.65385923651639, 9.59945666176112, 9.54205905033781, 9.48186716872715, 9.41908178680619, 9.35390367875945, 9.28653362399391, 9.21717240799039, 9.14602082301113, 9.0732796685782, 8.99914975164102, 8.92383188636666, 8.84752689351308, 8.77043559938115, 8.69275883438042, 8.61469743128047, 8.53645222324611, 8.45822404176559, 8.38021371457196, 8.30262206362907, 8.22564990320783, 8.14949803801973, 8.07436726130711, 8.00045835271506, 7.92797207568453, 7.85710917400055, 7.78806980457479, 7.72105023317712, 7.65625965201521, 7.59396761096848, 7.53456670367778, 7.47862332177444, 7.42692656133407, 7.38053351931389, 7.34080850919315, 7.30945672391316, 7.28856267322439, 7.2806105614117, 10, 9.99720127961214, 9.98900587828199, 9.97561404739689, 9.95722603775973, 9.93404209955641, 9.9062624823495, 9.87408743510865, 9.83771720629051, 9.79735204398218, 9.75319219612351, 9.70543791082296, 9.65428943678055, 9.59994702382688, 9.54261092358105, 9.4824813902202, 9.41975868134065, 9.35464305887517, 9.28733479001429, 9.21803414806344, 9.14694141315546, 9.07425687273238, 9.00018082171424, 8.92491356228817, 8.84865540327757, 8.77160665908729, 8.69396764825983, 8.61593869171506, 8.53772011077224, 8.45951222506431, 8.38151535044523, 8.30392979696239, 8.22695586691992, 8.15079385299964, 8.07564403633855, 8.00170668438661, 7.92918204828255, 7.85827035937946, 7.78917126205184, 7.72208050971149, 7.65720678063804, 7.5948188981434, 7.53530938777559, 7.47924576081736, 7.42742000314425, 7.38089431528343, 7.3410408836663, 7.30957584827656, 7.28859819715718, 7.28061052818711, 10, 9.99720527096134, 9.98902132894958, 9.97564791506234, 9.95728476980889, 9.93413163307748, 9.90638824412882, 9.87425434162682, 9.83792966371892, 9.79761394818056, 9.75350693263888, 9.70580835489073, 9.65471795332836, 9.60043546748208, 9.54316063868256, 9.48309321083543, 9.42043293128827, 9.35537955175402, 9.2881328292385, 9.2188925269033, 9.14785841478327, 9.07523027027158, 9.00120787828989, 8.92599103107615, 8.84977952754986, 8.77277317225026, 8.6951717738832, 8.61717514354911, 8.53898309275198, 8.46079543129975, 8.38281196519774, 8.30523249460746, 8.22825681189706, 8.15208469974973, 8.07691592922855, 8.00295025762005, 7.93038742579298, 7.85942715470118, 7.79026857821538, 7.72310693942355, 7.65815040471277, 7.59566707618492, 7.53604940773787, 7.47986601851809, 7.42791176455189, 7.38125392359246, 7.3412725228582, 7.30969461286152, 7.28863362030265, 7.28061049513425, 10, 9.99720924665549, 9.98903671903634, 9.97568164997202, 9.9573432716998, 9.93422081583187, 9.90651351334876, 9.87442059463026, 9.83814128953628, 9.79787482755228, 9.75382043801437, 9.70617735042947, 9.65514479490373, 9.60092200268881, 9.54370820684848, 9.48370264303843, 9.42110455037892, 9.35611317238435, 9.28892775789697, 9.21974756195559, 9.14877184651782, 9.07619988094864, 9.00223094219171, 8.92706431455608, 8.85089928907732, 8.77393516244902, 8.69637123556011, 8.61840681171133, 8.5402411946111, 8.46207368626214, 8.38410358484095, 8.30653018264322, 8.22955276412132, 8.15337060398033, 8.07818296523017, 8.00418909701514, 7.93158823195562, 7.86057958262835, 7.79136177442311, 7.72412954212766, 7.65909054226142, 7.5965121610463, 7.53678677719562, 7.48048410599886, 7.42840185409082, 7.38161235024573, 7.34150343046846, 7.3098130194686, 7.28866894316129, 7.280610462251, 10, 9.99721320677581, 9.98905204885651, 9.97571525281451, 9.9574015446262, 9.93430964963879, 9.90663829256378, 9.87458619750799, 9.83835208805499, 9.79813468741139, 9.75413271863349, 9.70654490494941, 9.65556997019038, 9.60140663934054, 9.54425363920784, 9.48430969920904, 9.42177355224798, 9.35684393565135, 9.28971959210848, 9.22059927054588, 9.1496817268543, 9.07716572438057, 9.00325003410033, 8.9281334344034, 8.85201471045102, 8.77509265310051, 8.69756605743317, 8.61963372095926, 8.54149444160088, 8.46334701556476, 8.38539023520797, 8.30782288696987, 8.2308437493968, 8.15465159122573, 8.07944516942371, 8.00542322700349, 7.93278449034818, 7.86172766566907, 7.79245087188729, 7.72514833750349, 7.66002721118382, 7.59735416857302, 7.53752150968809, 7.48110003430733, 7.42889028023796, 7.38196960120827, 7.34173361017258, 7.30993106988697, 7.28870416623105, 7.28061042953622, 10, 9.99721715140296, 9.9890673187222, 9.97574872427371, 9.95745958977367, 9.93439813630502, 9.90676258431092, 9.87475115362594, 9.83856206355802, 9.79839353303568, 9.75444378083613, 9.70691102590948, 9.65599348781274, 9.60188938726319, 9.54479694681367, 9.48491439164254, 9.42243995043774, 9.35757185633859, 9.29050834788178, 9.22144766988154, 9.15058807416166, 9.07812782005054, 9.00426517455526, 8.92919841214574, 8.853125814108, 8.77624566746205, 8.69875626348044, 8.62085589588177, 8.54274285880057, 8.46461544464646, 8.386671941956, 8.30911063331133, 8.23212979335208, 8.15592768684664, 8.08070256671907, 8.00665267185082, 7.93397622438841, 7.86287142617889, 7.7935358916766, 7.72616334509777, 7.66096042925916, 7.59819311450403, 7.53825361866374, 7.48171381441735, 7.4293770514138, 7.38232568240552, 7.3419630656217, 7.31004876589404, 7.28873929000659, 7.28061039698879, 10, 9.99722108061703, 9.98908252894334, 9.97578206502881, 9.95751740831969, 9.934486277625, 9.90688639110988, 9.87491546632701, 9.83877122029907, 9.79865136966688, 9.75475363091895, 9.70727572071772, 9.65641535633638, 9.60237025621569, 9.54533814064362, 9.48551673255038, 9.42310375839815, 9.35829694912889, 9.29129404111648, 9.22229277705265, 9.1514909066837, 9.07908618730898, 9.00527638395613, 8.93025926916411, 8.85423262233249, 8.77739422863261, 8.69994187751678, 8.62207336090037, 8.54398647111882, 8.46587899877309, 8.38794873056785, 8.31039344721675, 8.23341092144165, 8.15719891603158, 8.08195518185714, 8.00787745565837, 7.93516345733548, 7.86401088636213, 7.79461685471739, 7.72717458432535, 7.66189021414694, 7.59902901447259, 7.53898311748105, 7.48232545722957, 7.42986217598283, 7.38268059972363, 7.34219180044287, 7.3101661092555, 7.28877431497935, 7.28061036460759, 10, 9.99722499448622, 9.98909767978384, 9.97581527565814, 9.95757500126694, 9.93457407512686, 9.90700971510658, 9.87507913845845, 9.83897956190146, 9.79890820177032, 9.7550622742464, 9.70763899568609, 9.65683558306029, 9.60284925451479, 9.54587723005422, 9.48611673234204, 9.42376498759596, 9.35901922654184, 9.29207668537184, 9.22313460663607, 9.15239023998413, 9.0800408426668, 9.00628367971268, 8.9313160237099, 8.8553351541516, 8.77853835634022, 8.70112291988761, 8.62328613688556, 8.54522529985006, 8.46713769955312, 8.38922062284732, 8.31167135055777, 8.23468715546874, 8.15846530037031, 8.08320303606035, 8.00909759911853, 7.93634620918034, 7.86514606532807, 7.7956937790482, 7.72818207195619, 7.66281658114188, 7.59986188206617, 7.53971001779486, 7.4829349722905, 7.43034566129601, 7.38303435835065, 7.3424198178387, 7.31028310152797, 7.28880924157212, 7.2806103323717, 10, 9.99722889302285, 9.9891127712915, 9.97584835626658, 9.95763236879755, 9.93466152908862, 9.90713255669208, 9.87524217053999, 9.83918708902774, 9.79916403016402, 9.75536971180315, 9.70800085197555, 9.6572541693299, 9.60332638369708, 9.54641421677833, 9.48671439295029, 9.42442364016609, 9.35973869091517, 9.29285628318755, 9.22397316137117, 9.15328607699812, 9.08099178924972, 9.00728706513434, 8.93236867926796, 8.85643341321573, 8.77967805438962, 8.70229939453916, 8.62449422791077, 8.54645934917914, 8.46839155126555, 8.39048762314878, 8.31294434774387, 8.23595849987614, 8.15972684431567, 8.08444613376682, 8.01031310662849, 7.93752448425145, 7.86627696730719, 7.79676666877078, 7.72918581193106, 7.66373953399, 7.60069172079549, 7.54043432278907, 7.48354236234789, 7.43082750956772, 7.38338695990625, 7.34264711882793, 7.31039974319102, 7.28884406986292, 7.28061030017503, 10, 9.99723281420544, 9.98912795039013, 9.9758816287436, 9.95769006884038, 9.93474948960578, 9.9072561093091, 9.87540614559557, 9.83939581557035, 9.79942133594949, 9.75567892329366, 9.70836479434068, 9.65767516645044, 9.60380625817234, 9.54695428993774, 9.48731548487012, 9.4250860696917, 9.36046227568943, 9.29364033968528, 9.22481650493931, 9.1541870219007, 9.0819481487161, 9.00829615140875, 8.93342730365785, 8.85753788613615, 8.78082418540089, 8.70348249237525, 8.62570910049626, 8.54770030363328, 8.46965239389278, 8.39176165941549, 8.31422438224191, 8.23723683627365, 8.16099528529559, 8.08569598095299, 8.01153516049789, 7.93870904402953, 7.86741383084112, 7.79784513242786, 7.7301946707822, 7.66466708024705, 7.60152555729903, 7.54116195131265, 7.4841523765656, 7.43131130340672, 7.38374088860905, 7.34287522244923, 7.31051678635867, 7.2888790483346, 7.28061034119666, 10, 9.99723672018994, 9.98914307067539, 9.97591477233652, 9.95774754543475, 9.93483710957826, 9.90737918371517, 9.87556948616571, 9.83960373470667, 9.79967764672328, 9.75598693944445, 9.70872733027722, 9.65809453725453, 9.60428427960611, 9.54749227845523, 9.48791425763384, 9.42574594459491, 9.36118307138436, 9.29442137561747, 9.22565660138761, 9.15508450002207, 9.08290083059364, 9.00930136010106, 8.93448186324719, 8.85863812177265, 8.78196592334005, 8.70466106000624, 8.62691932635878, 8.5489365174217, 8.4709084264466, 8.39303084269624, 8.31549954929684, 8.23851032118669, 8.16225892312624, 8.08694110766259, 8.01275261286228, 7.93988915953484, 7.86854644755747, 7.79891958890845, 7.73119980624758, 7.66559123302369, 7.60235638148301, 7.5418869964191, 7.48476027198028, 7.43179345916259, 7.38409364998441, 7.34310258782777, 7.31063344276779, 7.28891387495846, 7.28061030788693, 10, 9.9972406107448, 9.98915813125234, 9.9759477850862, 9.95780479518746, 9.93492438383999, 9.90750177266355, 9.87573218264618, 9.83981083422915, 9.79993294745975, 9.75629374222795, 9.7090884386029, 9.65851225728342, 9.60476042017238, 9.5480281510777, 9.48851067653253, 9.42640322671317, 9.36190103641701, 9.29519934604498, 9.22649340251596, 9.15597846002733, 9.08384978056987, 9.01030263410942, 8.9355322983639, 8.85973405813305, 8.78310320417598, 8.70583503167417, 8.62812483835667, 8.55016792239305, 8.47215958017102, 8.39429510406646, 8.3167697802825, 8.23977888678558, 8.16351769130333, 8.08818144927676, 8.01396540157923, 7.94106477172336, 7.86967476216368, 7.79998998735549, 7.73220117262077, 7.66651195251024, 7.60318416027113, 7.54260943274078, 7.48536603209193, 7.43227397058424, 7.38444524966469, 7.34332923439233, 7.31074974785231, 7.28894860368963, 7.28061027555228, 10, 9.99724448597095, 9.98917313251142, 9.97598066784803, 9.95786181958113, 9.9350113146499, 9.90762387932542, 9.87589423924321, 9.84001711948869, 9.8001872447509, 9.75659933956059, 9.7094481286287, 9.65892833729961, 9.60523469212896, 9.54856192158895, 9.48910475689346, 9.42705793292154, 9.36261618920138, 9.29597427089878, 9.22732692973715, 9.1568689247628, 9.08479502286315, 9.0112999989496, 8.93657863573344, 8.86082572305158, 8.78423605673759, 8.70700443707542, 8.62932566691338, 8.55139454954435, 8.47340588646999, 8.39555447515718, 8.31803510686403, 8.24104256456342, 8.16477162092871, 8.08941703627361, 8.01517355625752, 7.94223590907581, 7.87079880174044, 7.8010563531646, 7.733198793314, 7.66742925982412, 7.60400891217557, 7.54332927592007, 7.48596966949652, 7.4327528471684, 7.38479569414713, 7.34355516591604, 7.31086570312815, 7.28898323445488, 7.28061024340461, 10, 9.9972483459472, 9.98918807475761, 9.9760134212903, 9.95791861977431, 9.93509790377359, 9.90774550617999, 9.87605565924597, 9.84022259467063, 9.80044054375425, 9.75690373763784, 9.70980640764364, 9.65934278573108, 9.60570710507803, 9.54909360079036, 9.48969651073201, 9.42771007645407, 9.36332854418467, 9.29674616582344, 9.22815719986717, 9.15775591217977, 9.08573657651377, 9.01229347469441, 8.93762089639439, 8.86191313845576, 8.78536450375426, 8.708169299644, 8.63052183606012, 8.5526164233864, 8.47464737020608, 8.39680898104478, 8.31929555418348, 8.24230137956956, 8.16602073679045, 8.09064789300125, 8.01637710061638, 7.94340259448338, 7.87191858814165, 7.80211870693282, 7.73419268743777, 7.66834317234937, 7.60483065258681, 7.54404653910729, 7.48657119492307, 7.43323009714504, 7.38514498921916, 7.34378038595923, 7.31098131031964, 7.28901776772007, 7.28061021142035, 10, 9.99725219075177, 9.98920295829361, 9.97604604607628, 9.95797519691688, 9.93518415296343, 9.9078666556879, 9.87621644591908, 9.84042726392905, 9.80069284958878, 9.75720694260889, 9.71016328288233, 9.65975561094292, 9.60617766855012, 9.54962319940277, 9.49028594997408, 9.42835967044631, 9.36403811570654, 9.29751504634715, 9.22898422959701, 9.1586394400962, 9.0866744604207, 9.01328308126775, 8.93865910122945, 8.86299632611076, 8.78648856778729, 8.70932964264081, 8.63171336965081, 8.55383356824945, 8.47588405605904, 8.39805864662158, 8.32055114719869, 8.24355535667023, 8.16726506349597, 8.09187404363086, 8.01757605820329, 7.94456485067228, 7.87303414306449, 7.80317706911051, 7.73518287396764, 7.66925370734864, 7.60564939678946, 7.5447612353643, 7.48717061903077, 7.43370572869372, 7.38549314063701, 7.34400489806901, 7.31109657115368, 7.28905220396594, 7.28061017959858, 10, 9.99725602046237, 9.98921778342005, 9.9760785428648, 9.95803155215098, 9.93527006396001, 9.90798733029324, 9.8763766025051, 9.84063113139003, 9.80094416733896, 9.75750896058151, 9.71051876153063, 9.6601668212439, 9.60664639201161, 9.55015072807483, 9.49087308646523, 9.42900672794532, 9.36474491801011, 9.29828092789356, 9.22980803550532, 9.15951952621013, 9.08760869335572, 9.01426883845949, 8.93969327098083, 8.8640753076354, 8.78760827124627, 8.7104854891704, 8.63290029137906, 8.55504600830023, 8.4771159685428, 8.3993034966127, 8.32180191069994, 8.24480452056482, 8.16850462548757, 8.09309551217157, 8.01877045240797, 7.94572270021655, 7.87414548806104, 7.80423146001141, 7.73616937175259, 7.67016088196968, 7.60646515996665, 7.54547337766638, 7.48776795240841, 7.43417974994006, 7.38584015411903, 7.34422870576919, 7.31121148734581, 7.28908654367001, 7.28061014793821, 10, 9.99725983515756, 9.98923255044096, 9.97611091232206, 9.9580876866316, 9.93535563852349, 9.90810753246764, 9.87653613228326, 9.84083420122633, 9.80119450214688, 9.75780979773276, 9.71087285085609, 9.66057642503733, 9.60711328503681, 9.55067619757684, 9.49145793218663, 9.42965126214785, 9.36544896550229, 9.29904382606413, 9.23062863436235, 9.1603961884247, 9.08853929430884, 9.01525076629027, 8.94072342663349, 8.86515010490245, 8.78872363680515, 8.7116368626111, 8.63408262522067, 8.55625376799494, 8.47834313246669, 8.40054355604326, 8.32304786978063, 8.24604889625728, 8.16973944751201, 8.09431232293491, 8.01996030691862, 7.9468761659828, 7.87525264496788, 7.80528190022345, 7.73715219990316, 7.67106471360668, 7.60727795753037, 7.54618297919734, 7.48836320582939, 7.43465216916614, 7.38618603550642, 7.34445181266621, 7.31132606065563, 7.28912078732522, 7.28061011644308, 10, 9.99726363488667, 9.98924725954721, 9.97614315486622, 9.95814360108351, 9.93544087775819, 9.90822726376144, 9.87669503730998, 9.84103647605404, 9.80144385723558, 9.75810945793335, 9.71122555541145, 9.66098442758596, 9.60757835361989, 9.55119961464956, 9.49204049463422, 9.43029328130726, 9.3661502671896, 9.29980375060797, 9.23144603664274, 9.16126943791661, 9.08946627512892, 9.0162288772448, 8.94174958126522, 8.86622073153361, 8.78983467857396, 8.71278377749928, 8.63526038606989, 8.55745686251086, 8.4795655632098, 8.40177884040645, 8.3242890399539, 8.24728849918023, 8.1709695448144, 8.09552449086513, 8.02114563625882, 7.94802526194769, 7.87635562708208, 7.80632840222506, 7.73813136993357, 7.67196521265772, 7.60808779860825, 7.54689004768375, 7.4889563855356, 7.43512299111082, 7.38653078809493, 7.34467422075981, 7.31144029202626, 7.2891549351516, 7.28061008503826, 10, 9.99726741972474, 9.98926191102912, 9.97617527113345, 9.95819929660962, 9.93552578334489, 9.90834652653474, 9.87685332071643, 9.84123795985748, 9.80169223751481, 9.75840794708116, 9.71157688213562, 9.66139083691292, 9.60804160690182, 9.55172098957552, 9.49262078524626, 9.43093279802194, 9.36684883682532, 9.3005607164182, 9.23226025835478, 9.16213929177493, 9.0903896539417, 9.0172031904317, 8.94277175490407, 8.86728720840318, 8.79094141819037, 8.71392625614339, 8.63643359680371, 8.55865531518157, 8.4807832844406, 8.40300937357428, 8.3255254451543, 8.24852335318, 8.17219494099239, 8.09673203914106, 8.02232646300872, 7.94917000990317, 7.87745445520814, 7.80737098562429, 7.7391069000368, 7.67286239567229, 7.60889469785211, 7.54759459564558, 7.48954750174378, 7.43559222361553, 7.38687441740736, 7.34489593346318, 7.31155418313859, 7.28918898765353, 7.28061005379103, 10, 9.99727118974762, 9.98927650518023, 9.97620726176699, 9.95825477432502, 9.93561035698297, 9.90846532317378, 9.87701098566847, 9.8414386566651, 9.80193964794877, 9.75870527113945, 9.71192683804448, 9.66179566113045, 9.60850305412505, 9.55224033275154, 9.49319881558823, 9.43156982503049, 9.36754468831584, 9.30131473855391, 9.23307131568531, 9.16300576727949, 9.09130944907547, 9.0181737251734, 8.94378996780239, 8.8683495566195, 8.79204387753496, 8.7150643211027, 8.63760228055672, 8.5598491496038, 8.48199632009505, 8.40423517968917, 8.32675710958813, 8.24975348237438, 8.17341565991312, 8.09793499120721, 8.02350281000845, 7.95031043189336, 7.87854915039276, 7.80840967025924, 7.74007880862126, 7.67375627939825, 7.609698670092, 7.54829663575724, 7.49013656479782, 7.43605987461846, 7.38721692903049, 7.34511695421935, 7.31166773566918, 7.28922294529829, 7.28061002270152, 10, 9.99727494503067, 9.98929104229213, 9.97623912740582, 9.95831003533752, 9.93569460036067, 9.90858365604916, 9.87716803531123, 9.84163857047897, 9.80218609346914, 9.75900143603246, 9.71227543010798, 9.66219890829767, 9.60896270447156, 9.55275765450639, 9.49377459714988, 9.43220437498814, 9.36823783547657, 9.30206583197565, 9.23387922471525, 9.16386888159709, 9.09222567873864, 9.0191405006659, 8.9448042400801, 8.86940779715293, 8.7931420783453, 8.71619799478905, 8.63876646031236, 8.5610383892202, 8.48320469395281, 8.40545628273593, 8.32798405730372, 8.25097891072388, 8.17463172528818, 8.0991333703554, 8.02467469994945, 7.95144654981901, 7.87963973354593, 7.80944447583929, 7.74104711397616, 7.6746468804753, 7.61049973006238, 7.54899618061175, 7.4907235849754, 7.43652595200716, 7.38755832851551, 7.34533728644938, 7.31178095128366, 7.28925680854951, 7.28060999176865, 10, 9.99727868564874, 9.98930552265449, 9.9762708686847, 9.95836508074751, 9.93577851515497, 9.90870152751565, 9.87732447276883, 9.8418377052744, 9.80243157897466, 9.75929644764482, 9.7126226652495, 9.66260058641983, 9.60942056706197, 9.55327296509985, 9.49434814134424, 9.4328364604656, 9.36892829203066, 9.30281401154407, 9.23468400141815, 9.16472865177991, 9.09313836101807, 9.02010353597713, 8.94581459172287, 8.87046195083389, 8.79423604221395, 8.71732729946481, 8.63992615890083, 8.56222305731712, 8.4844084296351, 8.40667270653962, 8.32920631218931, 8.25219966202957, 8.17584316067143, 8.10032719972259, 8.02584215537241, 7.95257838543549, 7.88072622543897, 7.81047542194327, 7.74201183426973, 7.67553421543327, 7.61129789240071, 7.54969324271943, 7.49130857248695, 7.43699046361772, 7.38789862137754, 7.34555693355215, 7.3118938316369, 7.28929057786785, 7.28060996099139, 10, 9.99728241167621, 9.98931994655505, 9.9763024862341, 9.95841991164804, 9.93586210303162, 9.90881893991229, 9.87748030114451, 9.84203606500021, 9.80267610933135, 9.75959031182191, 9.71296855034623, 9.6630007034488, 9.60987665095606, 9.55378627472324, 9.49491945950823, 9.43346609394975, 9.36961607160975, 9.30355929202076, 9.23548566166112, 9.16558509476651, 9.09404751388012, 9.02106285004796, 8.94682104258323, 8.87151203835409, 8.79532579058969, 8.71845225724416, 8.6410813990004, 8.56340317702602, 8.48560755060601, 8.40788447476687, 8.33042389797434, 8.25341575993435, 8.17704998946029, 8.10151650229218, 8.02700519866853, 7.95370596035401, 7.88180864670567, 7.81150252802055, 7.74297298755027, 7.6764183006931, 7.61209317164826, 7.55038783450862, 7.49189153747616, 7.4374534172352, 7.38823781309589, 7.34577589890458, 7.31200637837311, 7.28932425371104, 7.28060993036873, 10, 9.99728612318691, 9.9893343142796, 9.97633398068033, 9.95847452912487, 9.93594536564529, 9.90893589556253, 9.87763552352087, 9.84223365357886, 9.80291968937283, 9.75988303437015, 9.71331309222954, 9.66339926728348, 9.61033096515327, 9.55429759350003, 9.49548856290324, 9.43409328784433, 9.37030118775472, 9.30430168806903, 9.23628422120561, 9.16643822738267, 9.09495315517155, 9.02201846169323, 8.94782361238162, 8.8725580802676, 8.79641134477868, 8.71957289009423, 8.64223220313856, 8.56457877132459, 8.48680208017375, 8.40909161092714, 8.3316368382307, 8.25462722792424, 8.17825223489702, 8.10270130089521, 8.02816385208066, 7.9548292960427, 7.88288701784338, 7.81252581339205, 7.74393059174704, 7.67729915256764, 7.61288558225081, 7.55107996832627, 7.49247249002051, 7.43791482059396, 7.38857590911431, 7.34599418586173, 7.3121185931259, 7.28935783653386, 7.28060989989967, 10, 9.99728982025423, 9.98934862611206, 9.97636535264551, 9.95852893425654, 9.93602830463966, 9.90905239677439, 9.87779014295997, 9.84243047490676, 9.80316232390059, 9.76017462105737, 9.71365629768539, 9.66379628577023, 9.61078351859321, 9.55480693148638, 9.49605546271583, 9.43471805447061, 9.37098365391646, 9.30504121425474, 9.23707969570836, 9.16728806634241, 9.09585530262057, 9.02297038960281, 8.94882232070754, 8.873600096992, 8.79749272594559, 8.72068921983637, 8.64337859369333, 8.56574986303811, 8.48799204149193, 8.41029413837399, 8.33284515637408, 8.25583408932965, 8.17944992006994, 8.10388161821161, 8.02931813770454, 7.95594841382783, 7.88396135921411, 7.81354529725125, 7.74488466467127, 7.67817678726256, 7.61367513855943, 7.55176965643863, 7.49305144013178, 7.43837468137815, 7.38891291484129, 7.34621179775699, 7.31223047751834, 7.28939132678816, 7.28060986958319, 10, 9.99729350295105, 9.98936288233445, 9.97639660274764, 9.95858312811444, 9.93611092164746, 9.90916844584052, 9.87794416250355, 9.84262653285442, 9.80340401768419, 9.76046507761308, 9.71399817345465, 9.66419176670332, 9.61123432015613, 9.55531429867168, 9.49662017005829, 9.4353404060681, 9.37166348345657, 9.30577788504707, 9.23787210072219, 9.16813462824886, 9.09675397383782, 9.02391865234261, 8.94981718702056, 8.87463810880951, 8.79856995511485, 8.72180126814728, 8.64452059289448, 8.56691647484067, 8.48917745756088, 8.41149208030645, 8.33404887566521, 8.25703636732672, 8.18064306791479, 8.10505747677151, 8.03046807749008, 7.95706333489501, 7.88503169104571, 7.81456099866534, 7.74583522401712, 7.67905122087724, 7.61446185483134, 7.55245691103191, 7.49362839775665, 7.43883300722206, 7.38924883565038, 7.34642873790228, 7.3123420331631, 7.28942472492291, 7.28060983941831, 10, 9.99729717134976, 9.98937708322691, 9.9764277316006, 9.95863711176282, 9.9361932182906, 9.9092840450384, 9.87809758517317, 9.84282183126668, 9.80364477546158, 9.76075440972879, 9.71433872623351, 9.66458571782536, 9.6116833786634, 9.55581970497912, 9.49718269596924, 9.43596035479518, 9.37234068964813, 9.30651171481937, 9.23866145169693, 9.16897792959514, 9.09764918631726, 9.02486326835558, 8.95080823065142, 8.87567213586809, 8.79964305317169, 8.72290905656024, 8.64565822282467, 8.56807862925637, 8.49035835122879, 8.41268545977012, 8.33524801921113, 8.25823408493846, 8.18183170121583, 8.10622889895633, 8.03161369324237, 7.95817408029021, 7.88609803343284, 7.81557293657609, 7.74678228736257, 7.67992246940558, 7.61524574523054, 7.55314174421287, 7.49420337277711, 7.43928980571051, 7.38958367688038, 7.34664500958817, 7.31245326166246, 7.2894580313842, 7.28060980940401, 10, 9.99730082552229, 9.98939122906775, 9.97645873981423, 9.95869088625891, 9.93627519618025, 9.90939919663041, 9.8782504139704, 9.84301637396294, 9.80388460193938, 9.76104262305837, 9.71467796267384, 9.6649781468277, 9.61213070287803, 9.55632316026621, 9.49774305141429, 9.4365779127298, 9.37301528567639, 9.30724271784989, 9.23944776398019, 9.16981798676534, 9.0985409574372, 9.02580425596278, 8.9517954708031, 8.87670219818254, 8.80071204086338, 8.7240126064663, 8.64679150542076, 8.56923634866063, 8.49153474519309, 8.41387429965863, 8.33644260996646, 8.25942726503614, 8.18301584260725, 8.10739590700015, 8.03275500662308, 7.95928067092107, 7.88716040633819, 7.81658112980106, 7.74772587217049, 7.68079054873691, 7.61602682382866, 7.55382416800958, 7.49477637501115, 7.43974508437933, 7.38991744383574, 7.34686061608413, 7.3125641646085, 7.28949124661528, 7.28060977953935, 10, 9.99730446554007, 9.98940532013341, 9.97648962799433, 9.95874445265293, 9.93635685691695, 9.90951390286398, 9.87840265187695, 9.84321016473735, 9.80412350179303, 9.76132972321827, 9.71501588938355, 9.66536906135085, 9.61257630150512, 9.55682467432532, 9.49830124728658, 9.4371930918701, 9.37368728463952, 9.30797090832256, 9.24023105281823, 9.17065481603533, 9.0994293044612, 9.02674163336427, 8.95277892655178, 8.87772831563555, 8.80177693880025, 8.72511193911535, 8.6479204624749, 8.5703896552813, 8.49270666200157, 8.41505862271467, 8.33763267073464, 8.26061593034041, 8.18419551457421, 8.10855852299073, 8.03389203915143, 7.96038312755786, 7.88821882959342, 7.81758559703441, 7.74866599578943, 7.68165547465679, 7.61680510460564, 7.55450419437189, 7.49534741421307, 7.44019885071564, 7.39025014178672, 7.34707556063862, 7.31267474358306, 7.28952437105657, 7.28060974982333, 10, 9.99730809147408, 9.98941935669853, 9.97652039674268, 9.9587978119882, 9.93643820209063, 9.9096281659717, 9.87855430185484, 9.84340320735899, 9.80436147966717, 9.76161571578792, 9.71535251292693, 9.66575846898492, 9.6130201831923, 9.55732425688424, 9.49885729440738, 9.43780590413508, 9.37435669954928, 9.30869630032779, 9.24101133335676, 9.17148843357366, 9.10031424453901, 9.02767541864018, 8.95375861684798, 8.87875050797884, 8.8028377674569, 8.72620707561734, 8.64904511563575, 8.57153857119992, 8.49387412405364, 8.41623845153137, 8.3388182241691, 8.26180010342256, 8.18537073945419, 8.10971676887086, 8.03502481220545, 7.96148147083466, 7.88927332290031, 7.81858635684802, 7.74960267545463, 7.68251726284785, 7.61758060145052, 7.5551818351722, 7.49591650007413, 7.44065111215832, 7.39058177596973, 7.34728984647931, 7.31278500015791, 7.28955740514571, 7.280609720255, 10, 9.99731170339482, 9.98943333903592, 9.97655104665712, 9.95885096530111, 9.93651923328078, 9.90974198817144, 9.87870536684659, 9.84359550557212, 9.8045985401758, 9.76190060630994, 9.71568783982502, 9.66614637727, 9.61346235653027, 9.55782191760664, 9.4994112035267, 9.43841636136526, 9.37502354333176, 9.30941890786319, 9.24178862064181, 9.17231885544248, 9.10119579470752, 9.02860562975164, 8.95473456051749, 8.87976879483417, 8.80389454717323, 8.72729803694344, 8.65016548640966, 8.5726831183529, 8.49503715360152, 8.4174138085534, 8.33999929277458, 8.26297980670576, 8.1865415394381, 8.11087066643943, 8.03615334702312, 7.96257572125049, 7.89032390583177, 7.81958342769247, 7.7505359282889, 7.68337592889065, 7.61835332816214, 7.55585710220598, 7.49648364222304, 7.44110187609836, 7.39091235158758, 7.3475034768132, 7.31289493589478, 7.28959034931752, 7.28060969083341, 10, 9.99731530137234, 9.98944726741661, 9.97658157833155, 9.95890391362128, 9.93659995205647, 9.90985537166649, 9.87885584977535, 9.84378706309639, 9.80483468790257, 9.76218440029052, 9.71602187655597, 9.66653279369659, 9.61390283005322, 9.55831766609267, 9.49996298532386, 9.43902447532328, 9.37568782882805, 9.31013874483437, 9.24256292962046, 9.17314609759833, 9.10207397189164, 9.02953228454178, 8.95570677626242, 8.88078319569441, 8.80494729815558, 8.72838484392707, 8.65128159616179, 8.57382331853268, 8.49619577275146, 8.41858471607829, 8.34117589890824, 8.26415506246622, 8.18770793657153, 8.11202023735263, 8.03727766470345, 7.96366589917037, 7.89137059783289, 7.82057682789794, 7.75146577130353, 7.68423148826447, 7.61912329844984, 7.55653000719246, 7.49704885022638, 7.44155114987924, 7.39124187380973, 7.34771645482682, 7.31300455234547, 7.28962320400411, 7.28060966155761, 10, 9.9973188854762, 9.98946114210983, 9.97661199235595, 9.95895665797153, 9.93668035997647, 9.90996831864564, 9.87900575354505, 9.84397788362695, 9.80506992740102, 9.76246710319966, 9.71635462955536, 9.66691772570599, 9.61434161223924, 9.55881151187941, 9.50051265040802, 9.43963025769455, 9.37634956879494, 9.31085582505563, 9.24333427514172, 9.17397017589306, 9.10294879290521, 9.03045540073664, 8.95667528266223, 8.88179372992459, 8.80599604047776, 8.72946751726509, 8.65239346611727, 8.5749591933889, 8.49735000346487, 8.41975119625749, 8.34234806478089, 8.26532589283438, 8.18886995275583, 8.11316550312509, 8.03839778620763, 7.96475202482636, 7.89241341822196, 7.82156657567526, 7.75239222139919, 7.68508395634812, 7.61989052593421, 7.55720056177516, 7.49761213358916, 7.44199894079729, 7.39157034777258, 7.34792878368637, 7.31311385105189, 7.2896559696348, 7.28060963242663, 10, 9.99732245577554, 9.98947496338307, 9.97664228931644, 9.95900919936799, 9.93676045858931, 9.91008083128333, 9.87915508104057, 9.84416797083476, 9.80530426319481, 9.7627487204715, 9.71668610521658, 9.66730118069069, 9.61477871151089, 9.55930346444141, 9.50106020931881, 9.44023372008787, 9.37700877590559, 9.31157016225074, 9.24410267195725, 9.17479110607463, 9.10382027445192, 9.03137499594615, 8.95764009817465, 8.88280041676292, 8.80704079408221, 8.7305460775189, 8.65350111736232, 8.57609076442957, 8.49849986755954, 8.42091327109765, 8.34351581245818, 8.26649231979612, 8.19002760974941, 8.11430648513103, 8.03951373236017, 7.96583411831871, 7.89345238619151, 7.82255268911683, 7.75331529536681, 7.68593334842077, 7.62065502414781, 7.55786877752257, 7.49817350175531, 7.44244525610213, 7.39189777857971, 7.34814046653789, 7.31322283354619, 7.28968864663623, 7.28060960343958, 10, 9.99732601233902, 9.98948873150204, 9.9766724697953, 9.95906153882011, 9.9368402494334, 9.91019291173978, 9.87930383512793, 9.84435732836672, 9.80553769977801, 9.76302925750457, 9.71701630989116, 9.66768316599479, 9.61521413623556, 9.55979353319121, 9.50160567252687, 9.44083487403608, 9.37766546275023, 9.31228177005368, 9.24486813472223, 9.17560890378799, 9.10468843312623, 9.03229108766507, 8.95860124113675, 8.88380327532186, 8.80808157878095, 8.7316205451155, 8.65460457084541, 8.5772180530222, 8.49964538671079, 8.42207096246176, 8.34467916386177, 8.26765436519389, 8.19118092916875, 8.1154432046054, 8.04062552384994, 7.96691219961686, 7.89448752080928, 7.82353518619758, 7.75423500988846, 7.68677967966272, 7.62141680653583, 7.5585346659287, 7.49873296410813, 7.44289010299696, 7.39222417130216, 7.34835150650742, 7.31333150135078, 7.28972123543234, 7.2806095745955, 10, 9.99732955523486, 9.98950244673073, 9.97670253437101, 9.95911367733076, 9.93691973403708, 9.91030456216104, 9.87945201865436, 9.84454595984588, 9.80577024161525, 9.76330871966212, 9.71734524988907, 9.66806368891437, 9.61564789472594, 9.56028172747981, 9.5021490504344, 9.44143373099663, 9.37831964183683, 9.31299066200932, 9.24563067799608, 9.17642358457587, 9.10555328541417, 9.03320369327392, 8.95955872976583, 8.88480232458906, 8.80911841425673, 8.73269094034861, 8.65570384737831, 8.57834108039494, 8.50078658245258, 8.42322429207028, 8.34583814077047, 8.26881205072787, 8.19232993248964, 8.11657568264497, 8.04173318123131, 7.96798628856052, 7.89551884101929, 7.82451408477591, 7.75515138153824, 7.6876229651562, 7.62217588645682, 7.55919823841369, 7.4992905299708, 7.44333348863899, 7.39254953097867, 7.34856190670116, 7.31343985597847, 7.2897537364444, 7.2806095458935, 10, 9.99733308453084, 9.98951610933139, 9.97673248361825, 9.95916561589625, 9.93699891391868, 9.91041578467918, 9.87959963444853, 9.84473386887164, 9.80600189314204, 9.76358711227236, 9.71767293147911, 9.66844275669787, 9.61607999524045, 9.56076805659716, 9.50269035337569, 9.44203030235219, 9.3789713255917, 9.31369685157416, 9.24639031624321, 9.17723516387963, 9.10641484769425, 9.03411283003986, 8.96051258216046, 8.88579758342841, 8.81015132006398, 8.73375728337968, 8.65679896763722, 8.57945986763765, 8.50192347617868, 8.42437328150232, 8.34699276482138, 8.26996539795712, 8.19347464104827, 8.11770394020948, 8.04283672492518, 7.9690564048607, 7.89654636564273, 7.82548940259461, 7.7560644267831, 7.68846321988614, 7.62293227718334, 7.55985950632437, 7.49984620860683, 7.44377542013975, 7.39287386261592, 7.34877167020558, 7.31354789893246, 7.28978615009101, 7.28060951733264, 10, 9.99733660029429, 9.98952971956458, 9.97676231810797, 9.95921735550639, 9.93707779058667, 9.91052658141234, 9.87974668532064, 9.84492105901992, 9.80623265876497, 9.7638644406288, 9.71799936088922, 9.6688203765465, 9.6165104459837, 9.56125252977272, 9.50322959161772, 9.4426245994113, 9.37962052636025, 9.31440035211707, 9.24714706383386, 9.17804365704008, 9.10727313623836, 9.03501851511765, 8.96146281630135, 8.88678907058104, 8.81118031562994, 8.73481959423904, 8.65788995216387, 8.58057443570312, 8.50305608914381, 8.42551795219673, 8.34814305751108, 8.27111442830073, 8.19461507604234, 8.11882799812269, 8.04393617522012, 7.97012256810074, 7.89757011337906, 7.82646115728181, 7.75697416198375, 7.68930045874099, 7.62368599190272, 7.5605184809349, 7.50040000922057, 7.44421590456548, 7.39319717118885, 7.34898080008768, 7.31365563170653, 7.28981847678817, 7.28060948891204, 10, 9.997340145866, 9.9895434452005, 9.9767924055837, 9.95926953387725, 9.93715733618405, 9.91063831784008, 9.8798949834515, 9.84510983699259, 9.80646538198187, 9.76414412175515, 9.718328559854, 9.66920120054588, 9.61694454948761, 9.56174111453532, 9.50377340669243, 9.44322394117086, 9.38027523852232, 9.31510982577527, 9.24791023749401, 9.17885901666071, 9.10813871527426, 9.03593189456456, 8.96242112473961, 8.88778898421571, 8.81221805832489, 8.73589093754266, 8.6589902153245, 8.58169848567299, 8.5041983405706, 8.42667236740287, 8.34930314646106, 8.27227324855699, 8.19576523271014, 8.11996164378364, 8.04504500985343, 7.97119783898921, 7.8986026149952, 7.82744123120219, 7.75789169709199, 7.69014488969614, 7.62444620147805, 7.56118315532278, 7.50095860092327, 7.44466013539365, 7.39352315334408, 7.34919160549774, 7.31376421577334, 7.28985110061216, 7.28060956804021, 10, 9.99734367852557, 9.9895571208688, 9.97682238355931, 9.95932152240479, 9.93723659245057, 9.91074964797143, 9.88004274250885, 9.84529792896939, 9.80669725980171, 9.76442278727082, 9.71865656384844, 9.6695806427356, 9.61737707852923, 9.56222792803602, 9.50431525122487, 9.44382111229325, 9.38092758080385, 9.31581673282707, 9.24867065200523, 9.1796714304389, 9.10900116928873, 9.03684197899094, 8.96337597900331, 8.88878529703192, 8.8132520677325, 8.73695843092991, 8.66008652944439, 8.58281850664712, 8.50533650388085, 8.42782265787076, 8.35045909821518, 8.27342794498907, 8.19691130642012, 8.12109127651353, 8.04614993240876, 7.97226933114544, 7.89963150538428, 7.82841789722745, 7.75880606513184, 7.6909864335734, 7.62520384760586, 7.56184563058434, 7.50151538820219, 7.44510296998054, 7.39384813790996, 7.34940177442943, 7.31387245514071, 7.28988356762122, 7.2806095380676, 10, 9.99734719762474, 9.98957074406172, 9.97685224654092, 9.95937331156693, 9.93731554487844, 9.91086055143994, 9.88018993547919, 9.845485300586, 9.80692824989008, 9.76470038633666, 9.71898331307855, 9.6699586340013, 9.61780795439288, 9.56271288176141, 9.50485502679211, 9.44441600441871, 9.38157743496556, 9.3165209452955, 9.24942816987924, 9.18048075168596, 9.10986034278815, 9.03774860457818, 8.96432720751335, 8.88977783033902, 8.81428215878408, 8.73802188377204, 8.66117869923717, 8.58393429966851, 8.50647037751838, 8.42896862060099, 8.35161070957128, 8.27457831551705, 8.19805309762412, 8.12221670078995, 8.04725075296806, 7.97333686191894, 7.90065661091114, 7.82939099257015, 7.75971711608057, 7.69182495511657, 7.62595881186753, 7.562505807319, 7.50207029300251, 7.44554435412453, 7.39417209725343, 7.34961130876333, 7.3139803843928, 7.28991594854889, 7.28060950958622, 10, 9.9973507032344, 9.9895843150536, 9.97688199512956, 9.95942490240552, 9.93739419505521, 9.91097103047456, 9.88033656531932, 9.84567195560432, 9.80715835688211, 9.76497692451984, 9.71930881409319, 9.67033518191398, 9.61823718570292, 9.56319598541124, 9.5053927441821, 9.44500862942704, 9.38222481397345, 9.31722247721798, 9.25018280620088, 9.18128699650096, 9.11071625284337, 9.03865178931733, 8.96527482912013, 8.89076660377679, 8.81530835182955, 8.7390813170407, 8.66226674619861, 8.58504588665024, 8.50759998369758, 8.43011027798405, 8.35275800296152, 8.27572438247115, 8.19919062839761, 8.12333793827163, 8.0483474926021, 7.97440045161206, 7.90167795092006, 7.83036053541766, 7.7606248667606, 7.69266046956579, 7.62671110767952, 7.56316369689404, 7.50262332447071, 7.44598429466597, 7.39449503593759, 7.34982021094968, 7.31408800418147, 7.28994824272236, 7.28060948123624, 10, 9.99735419542093, 9.98959783410129, 9.97691162988812, 9.95947629589639, 9.93747254446802, 9.91108108716353, 9.88048263479981, 9.84585789754986, 9.80738758512224, 9.7652524070392, 9.7196330730325, 9.67071029357334, 9.61866478054834, 9.56367724808494, 9.50592841351723, 9.44559899846755, 9.3828697299992, 9.31792134177532, 9.25093457513834, 9.18209018000911, 9.11156891549772, 9.03955155012232, 8.96621886155213, 8.89175163582359, 8.81633066602394, 8.74013675048581, 8.66335069058312, 8.58615328825229, 8.50872534337648, 8.43124765115994, 8.3539009995832, 8.27686616697273, 8.2003239196442, 8.12445500949402, 8.04944017131921, 7.97546011953846, 7.90269554385391, 7.83132654315733, 7.76152933331043, 7.69349299160881, 7.62746074805345, 7.56381931043602, 7.50317449169341, 7.44642279858282, 7.3948169588772, 7.35002848402073, 7.31419531598682, 7.28998045055886, 7.28060945302479, 10, 9.99735767425032, 9.9896113014601, 9.97694115137604, 9.95952749300943, 9.93755059459497, 9.91119072358237, 9.88062814667429, 9.84604312992656, 9.80761593892837, 9.76552683908175, 9.71995609599913, 9.67108397603577, 9.61909074696879, 9.56415667882638, 9.50646204485813, 9.44618712262153, 9.38351219514016, 9.31861755206787, 9.25168349077329, 9.18289031724327, 9.11241834669654, 9.04044790380377, 8.96715932242951, 8.89273294484487, 8.8173491204052, 8.7411882037365, 8.66443055252125, 8.58725652500824, 8.50984647738484, 8.43238076113919, 8.35503972050376, 8.27800369001369, 8.20145299213929, 8.12556793486655, 8.05052880900483, 7.97651588489307, 7.90370940804204, 7.83228903306932, 7.76243053176891, 7.69432253584248, 7.62820774592017, 7.56447265900204, 7.50372380369983, 7.4468598728081, 7.39513787095401, 7.35023613098634, 7.31430232127489, 7.29001257246664, 7.2806094249509, 10, 9.99736113978812, 9.98962471738367, 9.97697056014914, 9.95957849470825, 9.93762834690457, 9.91129994179317, 9.88077310367864, 9.84622765621575, 9.80784342259053, 9.76580022580095, 9.72027788905631, 9.67145623631205, 9.61951509295195, 9.56463428662103, 9.50699364820038, 9.44677301289866, 9.38415222141555, 9.31931112111133, 9.25242956709646, 9.18368742313919, 9.1132645622822, 9.04134086706376, 8.96809622925867, 8.89371054908752, 8.81836373388842, 8.7422356962953, 8.66550635201369, 8.58835561731927, 8.51096340641814, 8.43350962879699, 8.35617418665495, 8.27913697245077, 8.2025778665246, 8.12667673466741, 8.05161342541663, 7.97756776674758, 7.90471956169622, 7.83324802232308, 7.76332847807227, 7.69514911677044, 7.62895211412815, 7.56512375357893, 7.50427126946205, 7.44729552423105, 7.39545777701907, 7.35044315483749, 7.31440902150261, 7.29004460885151, 7.28060939701372, 10, 9.99736459209944, 9.98963808212403, 9.97699985675968, 9.95962930195024, 9.93770580285589, 9.91140874384473, 9.88091750853102, 9.84641147987626, 9.80807004037103, 9.76607257231701, 9.72059845822811, 9.67182708136771, 9.61993782643394, 9.56511008039633, 9.50752323347511, 9.44735668023761, 9.38478982076704, 9.32000206183747, 9.25317281800834, 9.18448151253634, 9.11410757799493, 9.0422304564967, 8.96902959943321, 8.89468446668088, 8.81937452526685, 8.74327924753911, 8.66657810893235, 8.58945058545521, 8.51207615103868, 8.43463427487418, 8.35730441883387, 8.28026603500665, 8.2036985633092, 8.12778142904453, 8.05269404018545, 7.97861578405134, 7.90572602291152, 7.83420352797818, 7.76422318805492, 7.69597274880384, 7.62969386544412, 7.56577260508383, 7.50481689789537, 7.4477297596975, 7.39577668189293, 7.35064955854645, 7.31451541811779, 7.29007656011672, 7.2806093692124, 10, 9.99736803124899, 9.98965139593155, 9.97702904175633, 9.95967991568662, 9.93778296389855, 9.91151713177262, 9.88106136393213, 9.84659460434465, 9.80829579650474, 9.76634388371716, 9.72091780949983, 9.67219651812343, 9.62035895529978, 9.56558406902227, 9.50805081054948, 9.44793813550658, 9.38542500505944, 9.32069038709481, 9.25391325731995, 9.18527260017866, 9.11494740947368, 9.04311668859022, 8.96995945023479, 8.89565471563764, 8.82038151321283, 8.7443188767202, 8.66764584302135, 8.59054144955562, 8.51318473167662, 8.43575471997839, 8.35843043770409, 8.28139089827095, 8.20481510287058, 8.12888203801664, 8.05377067281631, 7.97965995563236, 7.90672880966725, 7.83515556698516, 7.7651146774502, 7.69679344626204, 7.63043301255369, 7.56641922436467, 7.50536069785876, 7.44816258601009, 7.39609459036584, 7.35085534506681, 7.3146215125592, 7.290108426663, 7.28060934154604, 10, 9.99737145730108, 9.98966465905502, 9.97705811568424, 9.95973033686249, 9.93785983147287, 9.91162510759933, 9.88120467256524, 9.84677703303535, 9.80852069519926, 9.76661416505588, 9.72123594881822, 9.67256455345533, 9.62077848738377, 9.56605626131175, 9.50857638922717, 9.44851738950392, 9.38605778608123, 9.32137610964925, 9.25465089875353, 9.18606070071533, 9.11578407225687, 9.04399957972601, 8.97088579883405, 8.89662131385482, 8.82138471627882, 8.74535460296728, 8.66870957389811, 8.5916282296308, 8.51428916863105, 8.43687098458508, 8.35955226379672, 8.28251158270139, 8.2059275054557, 8.12997858147435, 8.05484334268948, 7.98070030019832, 7.90772793982791, 7.83610415618645, 7.76600296189128, 7.6976112233734, 7.63116956806201, 7.5670636222008, 7.50590267815531, 7.44859400992876, 7.39641150719806, 7.35106051733379, 7.31472730625664, 7.29014020888862, 7.28060931401381, 10, 9.99737487031956, 9.98967787174162, 9.97708707908507, 9.95978056641688, 9.93793640700991, 9.91173267333434, 9.88134743709643, 9.84695876934089, 9.80874474063517, 9.76688342135521, 9.72155288209187, 9.67293119419541, 9.6211964304699, 9.56652666602112, 9.50909997924895, 9.44909445295862, 9.38668817554525, 9.32205924218474, 9.25538575594322, 9.1868458287015, 9.11661758178322, 9.04487914618065, 8.9718086622915, 8.8975842791146, 8.82238415289829, 8.74638644528637, 8.66976932105429, 8.59271094556283, 8.51538948207102, 8.43798308903856, 8.36066991751139, 8.28362810862473, 8.20703579118203, 8.13107107918107, 8.05591206906141, 7.98173683633744, 7.90872343114405, 7.83704931231719, 7.76688805691187, 7.69842609427592, 7.63190354449442, 7.56770580930348, 7.50644284753271, 7.44902403817097, 7.39672743712004, 7.35126507826423, 7.31483280063105, 7.29017190718938, 7.28060928661486, 10, 9.99737827036792, 9.98969103423692, 9.97711593249697, 9.95983060528278, 9.93801269193154, 9.91183983097425, 9.88148966017463, 9.84713981663198, 9.80896793696624, 9.76715165760493, 9.72186861519144, 9.67329644713182, 9.62161279229222, 9.56699529185053, 9.5096215902931, 9.44966933653089, 9.38731618508922, 9.32273979730393, 9.25611784243579, 9.18762799859905, 9.11744795339252, 9.04575540412645, 8.97272805755835, 8.89854362908533, 8.82337984138667, 8.74741442256184, 8.67082510385678, 8.59378961710657, 8.51648569203657, 8.43909105355306, 8.36178341911736, 8.28474049623787, 8.20813998003852, 8.13215955077407, 8.05697687106568, 7.98276958251948, 7.90971530125317, 7.83799105200606, 7.76776997794701, 7.69923807301798, 7.63263495429701, 7.5683457963164, 7.50698121468359, 7.44945267741206, 7.39704238483266, 7.35146903075682, 7.3149379970945, 7.2902035219586, 7.28060925934835, 10, 9.9973816575092, 9.98970414678497, 9.97714467645467, 9.95988045438722, 9.93808868765054, 9.91194658250286, 9.88163134443183, 9.8473201782578, 9.80919028831962, 9.76741887876291, 9.72218315395004, 9.67366031900927, 9.62202758053529, 9.56746214744446, 9.51014123197596, 9.45024205081271, 9.38794182627639, 9.32341778752884, 9.25684717169134, 9.18840722477737, 9.11827520232645, 9.04662836963227, 8.97364400147741, 8.89949938132235, 8.82437179994234, 8.74843855355736, 8.67187694154873, 8.59486426389066, 8.51757781843973, 8.44019489821376, 8.36289278875451, 8.28584876560886, 8.2092400918867, 8.13324401576549, 8.05803776771404, 7.98379855709664, 7.91070356768067, 7.83892939177614, 7.76864874033386, 7.70004717355907, 7.63336380983731, 7.56898359381621, 7.50751778824603, 7.4498799342856, 7.39735635500747, 7.35167237769221, 7.31504289705032, 7.2902350535872, 7.28060923221343, 10, 9.99738466019903, 9.98971577249498, 9.97717016377025, 9.95992466014589, 9.93815608693891, 9.91204126865355, 9.88175702902055, 9.84748019110072, 9.80938757747158, 9.76765601051662, 9.72246231283686, 9.67398330780212, 9.62239582025417, 9.56787667736531, 9.51060270964334, 9.45075075205679, 9.38849764523462, 9.32402023667219, 9.25749538185507, 9.18909994519539, 9.11901080066835, 9.0474048320413, 8.97445893260776, 8.90035000437343, 8.82525495668802, 8.74935070436826, 8.6728141654058, 8.59582225838906, 8.51855189978233, 8.4411800011942, 8.36388346673018, 8.2868391904642, 8.21022405398715, 8.13421492390201, 8.05898864903716, 7.98472205703789, 7.91159194985732, 7.83977453792875, 7.76944215055864, 7.70077996481737, 7.63402665366806, 7.56956642419622, 7.5080106716363, 7.45027448956413, 7.3976477973829, 7.35186202480264, 7.31514104482743, 7.29026436333266, 7.28060855753525, 10, 9.99738765398571, 9.98972736375007, 9.97719557557813, 9.95996873499067, 9.93822328670145, 9.91213567460834, 9.88188234183278, 9.84763973082375, 9.80958428354509, 9.7678924417658, 9.72274064747323, 9.67430534342639, 9.62276297386178, 9.56828998535526, 9.51106282783078, 9.45125795569004, 9.38905182901665, 9.32462091478694, 9.25814168799801, 9.18979063260779, 9.11974424217421, 9.04817902008526, 8.97527147929217, 8.9011981414926, 8.82613553575737, 8.7502601966465, 8.67374866190852, 8.59677746989259, 8.51952315681724, 8.44216225402847, 8.36487128534223, 8.28782676450631, 8.21120519273957, 8.13518305621765, 8.05993682327589, 7.98564294098816, 7.91247783064125, 7.84061732194004, 7.77023336369539, 7.70151075099233, 7.63468771535256, 7.57014773285445, 7.50850233108422, 7.45066814987284, 7.39793869317013, 7.35205147669644, 7.31523933179599, 7.29029410715248, 7.28060854810685, 10, 9.99739064187439, 9.98973893216498, 9.97722093730477, 9.96001272295971, 9.93829035398563, 9.91222989441945, 9.88200740751871, 9.84779895586595, 9.80978060155668, 9.76812840649087, 9.72301843278759, 9.67462674334043, 9.623129402526, 9.56870247706906, 9.5115220370551, 9.45176415706422, 9.38960491738002, 9.32522040520494, 9.25878671579273, 9.19047995339224, 9.12047623188907, 9.04895167503674, 8.97608241618905, 8.90204459748033, 8.82701436844719, 8.7511678841376, 8.67468130280156, 8.59773078329356, 8.52049248233098, 8.44314255174188, 8.36585713579733, 8.28881236866374, 8.21218437193285, 8.13614925209792, 8.06088309774636, 7.98656197612594, 7.91336192860259, 7.8414584048985, 7.77102297407494, 7.70224004997815, 7.63534742625313, 7.57072785409793, 7.5089929929185, 7.45106102226332, 7.39822901848939, 7.35224056656666, 7.31533743589179, 7.29032379506082, 7.28060853301261, 10, 9.9973936238652, 9.98975047774037, 9.97724624895212, 9.96005662405713, 9.93835728879894, 9.91232392809913, 9.88213222609695, 9.84795786625411, 9.8099765315435, 9.76836390474162, 9.7232956688449, 9.67494750762716, 9.62349510635074, 9.56911415263489, 9.51198033747218, 9.45226935636669, 9.39015691054746, 9.32581870818848, 9.25943046554554, 9.19116790790366, 9.12120677022135, 9.04972279736279, 8.97689174382939, 8.90288937293715, 8.82789145543338, 8.75207376759885, 8.67561208892988, 8.5986821995311, 8.52145987736361, 8.44412089548237, 8.36684101935851, 8.2897960043221, 8.2131615930828, 8.13711351319677, 8.06182747424881, 7.98747916440612, 7.91424424585949, 7.8422977890944, 7.77181098416874, 7.70296786443679, 7.63600578921731, 7.57130679092789, 7.50948266026266, 7.45145310997451, 7.39851877673318, 7.35242929805857, 7.31543536118401, 7.29035343180087, 7.28060851800251, 10, 9.99739659997586, 9.98976200054496, 9.97727151067089, 9.96010043854444, 9.93842409154025, 9.91241777620795, 9.88225679831191, 9.84811646293645, 9.81017207467518, 9.7685989379246, 9.72357235730192, 9.67526763820457, 9.623860087524, 9.56952501451736, 9.51243773182763, 9.4527735566262, 9.39070781183079, 9.32641582733017, 9.26007294112531, 9.19185450028049, 9.1219358615701, 9.05049239171191, 8.97769946709777, 8.9037324729681, 8.82876680202361, 8.75297785252052, 8.6765410259441, 8.59963172439172, 8.52242534781081, 8.44509729122589, 8.36782294205089, 8.29077767752229, 8.21413686221058, 8.13807584547779, 8.06276995864928, 7.98839451155497, 7.91512478795402, 7.84313547983891, 7.77259739900822, 7.70369419906879, 7.63666280854706, 7.57188454715059, 7.50997133632836, 7.45184441554631, 7.39880796973497, 7.35261767232272, 7.31553310823288, 7.29038301751125, 7.28060850304177, 10, 9.99739957022391, 9.98977350064668, 9.97729672261005, 9.96014416668013, 9.93849076260386, 9.9125114393001, 9.88238112489958, 9.8482747468504, 9.81036723210816, 9.76883350743056, 9.7238484997968, 9.67558713696912, 9.62422434820933, 9.56993506515361, 9.51289422283655, 9.45327676083792, 9.39125762450525, 9.32701176618308, 9.26071414635851, 9.19253973461596, 9.12266351028651, 9.05126046268224, 8.97850559082607, 8.90457390262342, 8.82964041346892, 8.75388014433467, 8.67746811943533, 8.60057936360143, 8.52338889950716, 8.44607174488707, 8.36880290983838, 8.2917573942446, 8.21511018527776, 8.13903625484654, 8.06371055675781, 7.98930802324532, 7.9160035603779, 7.84397148239661, 7.77338222358252, 7.70441905853741, 7.63731848851271, 7.5724611265473, 7.51045902430972, 7.45223494150938, 7.39909659932779, 7.35280569051837, 7.31563067761648, 7.2904125523572, 7.28060848813033, 10, 9.99740253462679, 9.9897849781131, 9.97732188491783, 9.9601878087214, 9.93855730238206, 9.91260491792694, 9.88250520659214, 9.8484327189286, 9.81056200499292, 9.76906761464305, 9.72412409795921, 9.67590600580751, 9.62458789055909, 9.5703443069682, 9.5133498132, 9.45377897198159, 9.39180635182917, 9.32760652828192, 9.26135408505183, 9.19322361498216, 9.12338972069931, 9.05202701484819, 8.97931011982128, 8.90541366692735, 8.8305122949933, 8.75478064844541, 8.67839337496592, 8.60152512285681, 8.52435053825726, 8.44704426235013, 8.36978092865429, 8.29273516043868, 8.21608156821537, 8.13999474717834, 8.06464927435474, 7.99021970512106, 7.91688056859493, 7.84480580200535, 7.77416546285551, 7.70514244748235, 7.63797283336316, 7.5730365328804, 7.51094572738501, 7.45262469038183, 7.39938466733564, 7.35299335379905, 7.31572806990999, 7.29044203650303, 7.28060847326796, 10, 9.99740549320187, 9.98979643301145, 9.97734699774166, 9.96023136492405, 9.93862371126506, 9.91269821263691, 9.88262904411794, 9.84859038009878, 9.81075639447391, 9.76930126093839, 9.72439915341032, 9.67622424659655, 9.62495071671441, 9.57075274237303, 9.51380450560495, 9.45428019302137, 9.39235399704389, 9.32820011714297, 9.26199276099212, 9.19390614542996, 9.12411449711467, 9.05279205276035, 8.98011305886533, 8.90625177087799, 8.8313824517936, 8.75567937022873, 8.67931679806935, 8.60246900782488, 8.52531026983562, 8.44801484946884, 8.37075700440123, 8.29371098202342, 8.21705101692385, 8.14095132831827, 8.06558611719068, 7.99112956279709, 7.91775581804088, 7.84563844387618, 7.7749471217658, 7.7058643705198, 7.63862584732587, 7.57361076989337, 7.51143144871659, 7.45301366466927, 7.39967217557348, 7.3531806633126, 7.31582528568578, 7.29047147011222, 7.28060845845441, 10, 9.99740844596639, 9.9898078654086, 9.97737206122821, 9.96027483554261, 9.93868998964106, 9.91279132397563, 9.88275263820154, 9.84874773128387, 9.81095040168963, 9.76953444768574, 9.72467366776289, 9.67654186120334, 9.62531282880531, 9.57116037376749, 9.51425830272443, 9.45478042690605, 9.39290056337392, 9.32879253626429, 9.26263017794662, 9.19458732998927, 9.12483784381648, 9.05355558094577, 8.98091441271546, 8.90708821944757, 8.83225088903978, 8.7565763150329, 8.6802383942505, 8.60341102414343, 8.52626809998697, 8.4489835120668, 8.37173114295142, 8.29468486488726, 8.21801853727332, 8.14190600408139, 8.06652109098678, 7.99203760185961, 7.91862931412381, 7.84646941319367, 7.77572720522692, 7.70658483224262, 7.63927753460705, 7.57418384131099, 7.51191619145114, 7.45340186686494, 7.39995912584738, 7.35336762020128, 7.31592232551341, 7.29050085334751, 7.28060844368942, 10, 9.99741139293767, 9.98981927537162, 9.97739707552457, 9.96031822083229, 9.93875613789939, 9.91288425249028, 9.88287598956964, 9.84890477340947, 9.81114402778192, 9.76976717625828, 9.72494764263436, 9.67685885150041, 9.62567422896803, 9.57156720355799, 9.51471120723933, 9.45527967659313, 9.39344605405332, 9.32938378915429, 9.26326633969374, 9.19526717270196, 9.12555976510139, 9.05431760394504, 8.98171418614314, 8.9079230176233, 8.83311761191742, 8.75747148822236, 8.68115816903104, 8.60435117746746, 8.5272240344737, 8.4499502559856, 8.37270335019536, 8.2956568149371, 8.21898413515241, 8.14285878030128, 8.06745420148259, 7.99294382791299, 7.91950106226961, 7.84729871515977, 7.77650571816924, 7.70730383725977, 7.63992789942819, 7.57475575087256, 7.51239995874908, 7.45378929947499, 7.4002455199751, 7.35355422561715, 7.31601918996942, 7.2905301863743, 7.28060842897352, 10, 9.99741436566459, 9.98983078509404, 9.9774223085968, 9.96036198569149, 9.93882286506261, 9.91297799455137, 9.88300042119635, 9.84906319134093, 9.81133935082679, 9.77000194529396, 9.72522402060782, 9.677178623431, 9.62603880195301, 9.57197760678123, 9.51516809198388, 9.455783316258, 9.39399634417489, 9.32998024743236, 9.26390810602181, 9.19595300920133, 9.12628805615768, 9.05508635624584, 8.98252102871482, 8.90876520186491, 8.83399201162964, 8.75837459962951, 8.68208611079458, 8.60529969068977, 8.52818848269168, 8.45092562515394, 8.37368424865982, 8.29663747339822, 8.21995840662, 8.14382014003955, 8.06839574694497, 7.99385827866444, 7.92038075989243, 7.84813562319244, 7.77729142234012, 7.70802954400014, 7.64058440126831, 7.57533315948243, 7.51288850933614, 7.45418071147123, 7.4005349856286, 7.35374287040425, 7.31611712984022, 7.29055988913218, 7.28060852492638, 10, 9.99741733364413, 9.98984227643132, 9.97744750135496, 9.96040568061583, 9.9388894855775, 9.91307158675727, 9.88312465386685, 9.84922135592027, 9.81153436142799, 9.77023633869808, 9.72549995626473, 9.67749788346223, 9.62640279115723, 9.57238735264295, 9.51562424468599, 9.45628614869858, 9.39454575198852, 9.33057574901609, 9.26454884256552, 9.1966377447216, 9.12701517753439, 9.05585387325969, 8.98332657408405, 8.9096060312792, 8.83486500377897, 8.75927625622616, 8.68301255658653, 8.60624667346456, 8.52915137326997, 8.45189941737286, 8.37466355934622, 8.29761654233249, 8.22093109649063, 8.14477993638837, 8.06933575810205, 7.99477123567055, 7.921259016405, 7.84897115542462, 7.77807582929468, 7.708754045983, 7.64123980795993, 7.57590960541227, 7.51337625183428, 7.45457148553338, 7.40082398706271, 7.35393121174053, 7.3162148938557, 7.29058948767008, 7.28060850794286, 10, 9.99742029576517, 9.98985374508212, 9.97747264437033, 9.96044928925382, 9.93895597451644, 9.91316499409266, 9.88324864110854, 9.84937920798987, 9.81172898665709, 9.77047026882746, 9.72577534644514, 9.67781651225724, 9.62676606054867, 9.57279628803968, 9.51607949493632, 9.45678798610705, 9.39509407233721, 9.33117007159053, 9.26518831018491, 9.19732112377275, 9.12774085800811, 9.05661986878827, 8.98413052197793, 8.91044519256075, 8.83573626321135, 8.76017612233518, 8.68393716167413, 8.60719177361257, 8.53011234833374, 8.45287127096457, 8.3756409188083, 8.29859365870144, 8.22190184445168, 8.14573781422082, 8.07027388761438, 7.99568236212295, 7.92213550841562, 7.8498050049088, 7.77885865169916, 7.70947707879997, 7.64189388145934, 7.5764848805371, 7.51386301173215, 7.45496148462204, 7.40111242875174, 7.35411919985486, 7.31631248245144, 7.29061903730276, 7.28060849311728, 10, 9.99742325205119, 9.98986519113728, 9.97749773784196, 9.96049281195059, 9.93902233240538, 9.91325821729616, 9.88337238390139, 9.84953674879681, 9.81192322805094, 9.77070373752838, 9.72605019332139, 9.67813451232802, 9.6271286129896, 9.57320441619145, 9.51653384631717, 9.45728883242949, 9.39564130952928, 9.33176321982164, 9.26582651389605, 9.19800315171027, 9.1284651032601, 9.05738434882193, 8.9849328786762, 8.91128269225597, 8.83660579671405, 8.76107420495596, 8.68485993323704, 8.60813499845891, 8.53107141531566, 8.45384119342847, 8.37661633456823, 8.29956883000304, 8.22287065792696, 8.14669378083358, 8.07121014259544, 7.9965916648929, 7.92301024249121, 7.85063717784245, 7.77963989531343, 7.71019864770216, 7.64254662642087, 7.57705898879752, 7.51434879213707, 7.45535071091206, 7.40140031187896, 7.35430683493531, 7.31640989488343, 7.29064853649068, 7.28060847832791, 10, 9.99742620251821, 9.98987661465892, 9.97752278190608, 9.96053624894252, 9.93908855960493, 9.91335125687458, 9.8834958829185, 9.84969397919845, 9.81211708666719, 9.77093674607279, 9.72632449839175, 9.67845188540918, 9.62749045045893, 9.57361173932749, 9.51698730131208, 9.45778869040574, 9.39618746656083, 9.33235519695979, 9.26646345719952, 9.19868383227895, 9.12918791727132, 9.0581473175678, 8.98573364860007, 8.91211853498613, 8.83747360909238, 8.7619705090598, 8.6857808763925, 8.6090763532447, 8.5320285795567, 8.4548091901793, 8.37758981208649, 8.30054206171346, 8.22383754237625, 8.14764784163598, 8.07214452836805, 7.99749914917864, 7.92388322366537, 7.85146767905243, 7.78041956471352, 7.71091875696868, 7.64319804676493, 7.57763193366556, 7.51483359598151, 7.45573916672629, 7.4016876381286, 7.3544941180498, 7.31650713168815, 7.29067798539304, 7.28060846358356, 10, 9.99742914718277, 9.9898880157109, 9.97754777670258, 9.96057960047201, 9.93915465648428, 9.91344411334604, 9.88361913884682, 9.8498509000684, 9.81231056358169, 9.77116929575218, 9.72659826317458, 9.678768633255, 9.62785157495374, 9.57401825969239, 9.51743986241568, 9.45828756278079, 9.39673254642541, 9.33294600624305, 9.26709914357172, 9.19936316918515, 9.12990930396756, 9.05890877915834, 8.98653283607383, 8.91295272525024, 8.83833970500085, 8.76286503943523, 8.68669999603951, 8.61001584295362, 8.53298384609725, 8.45577526628403, 8.3785613564243, 8.30151335885372, 8.22480250274369, 8.14860000145644, 8.07307704960391, 7.99840481945191, 7.92475445616451, 7.8522965124723, 7.7811976634904, 7.71163740979598, 7.64384814524771, 7.57820371742651, 7.51531742506969, 7.45612685340183, 7.4019744084105, 7.35468104974046, 7.31660419311832, 7.29070738406922, 7.28060844886305, 10, 9.99743208606159, 9.9898993943581, 9.97757272237373, 9.96062286678591, 9.93922062341995, 9.91353678723972, 9.88374215238913, 9.85000751230176, 9.81250365989858, 9.77140138789435, 9.72687148923383, 9.67908475767599, 9.62821198853941, 9.5744239796126, 9.51789153221961, 9.45878545241349, 9.397276552249, 9.33353565106236, 9.26773357666429, 9.20004116633483, 9.13062926750064, 9.05966873798069, 8.98733044570726, 8.91378526786599, 8.83920408944815, 8.76375780126309, 8.68761729750996, 8.61095347304549, 8.53393722049985, 8.4567394273806, 8.37953097326561, 8.30248272712222, 8.22576554470857, 8.14955026591941, 8.07400771183484, 7.99930868111205, 7.92562394521347, 7.85312368310828, 7.7819741963855, 7.7123546106124, 7.64449692592083, 7.57877434366452, 7.51580028242627, 7.45651377333279, 7.40226062445751, 7.35486763110332, 7.31670107972383, 7.29073673268639, 7.28060843419065, 10, 9.99743501917159, 9.98991075066598, 9.9775976190631, 9.96066604813332, 9.93928646079189, 9.91362927908966, 9.88386492425458, 9.85016381680184, 9.81269637673217, 9.77163302383936, 9.72714417814794, 9.6794002604995, 9.62857169330062, 9.57482890143643, 9.51834231333996, 9.45928236218983, 9.3978194871874, 9.33412413484118, 9.26836676016409, 9.20071782767187, 9.13134781206296, 9.06042719846515, 8.98812648215584, 8.91461616769921, 8.84006676749357, 8.76464879977701, 8.68853278619067, 8.61188924903707, 8.53488870838579, 8.45770167916734, 8.38049866835615, 8.3034501722804, 8.22672667401417, 8.1504986407141, 8.07493652065787, 8.00021073962373, 7.9264916961023, 7.85394919603141, 7.78274916820431, 7.71307036390928, 7.64514439289701, 7.57934381602139, 7.51628217112799, 7.45689992895741, 7.40254628803635, 7.35505386325594, 7.31679779206188, 7.29076603140353, 7.2806084195658, 10, 9.99743794652956, 9.98992208469965, 9.97762246691353, 9.96070914476209, 9.93935216897818, 9.9137215894272, 9.88398745514882, 9.85031981446745, 9.81288871519121, 9.77186420492058, 9.7274163314875, 9.67971514354379, 9.62893069131168, 9.5752330275005, 9.51879220837983, 9.4597782949814, 9.39836135438071, 9.33471146098597, 9.26899869773966, 9.20139315712056, 9.13206494182609, 9.06118416502005, 8.988920950052, 8.91544542959165, 8.84092774417132, 8.76553804018471, 8.68944646744184, 8.61282317641784, 8.53583831534858, 8.45866202731441, 8.38146444741331, 8.30441570006128, 8.2276858963755, 8.1514451315017, 8.07586348164257, 8.0011110004249, 7.92735771409523, 7.85477305628803, 7.78352258372901, 7.71378467415622, 7.6457905502692, 7.57991213812154, 7.51676309423703, 7.45728532270253, 7.40283140090561, 7.35523974731083, 7.31689433068735, 7.29079528037918, 7.28060840498821, 10, 9.99744086815225, 9.98993339652391, 9.97764726606712, 9.96075215691881, 9.93941774835493, 9.91381371878098, 9.88410974577387, 9.85047550619278, 9.81308067637879, 9.77209493246458, 9.72768795081507, 9.68002940861783, 9.62928898463627, 9.57563636012945, 9.519241219929, 9.46027325364517, 9.398902156953, 9.33529763288577, 9.26962939304083, 9.20206715858517, 9.13278066094036, 9.06193964203124, 8.98971385400453, 8.91627305836039, 8.84178702448998, 8.76642552766743, 8.6903583465964, 8.61375526064938, 8.53678604695333, 8.45962047746324, 8.38242831612549, 8.30537931616888, 8.22864321747867, 8.15238974391487, 8.07678860033042, 8.00200946892612, 7.92822200443006, 7.85559526889922, 7.7842944477179, 7.71449754580061, 7.64643540211009, 7.58047931357155, 7.51724305480059, 7.45766995698322, 7.4031159648154, 7.35542528437524, 7.31699069615253, 7.29082447977115, 7.28060839045769, 10, 9.99744378405628, 9.98994468620323, 9.97767201666526, 9.9607950848488, 9.93948319929634, 9.91390566767693, 9.88423179682817, 9.85063089286748, 9.81327226139236, 9.77232520779114, 9.72795903768521, 9.68034305752135, 9.62964657532757, 9.57603890163611, 9.51968935056403, 9.4607672410235, 9.39944189801241, 9.33588265391238, 9.27025884969881, 9.20273983595008, 9.13349497353493, 9.06269363386224, 8.99050519859878, 8.917099058798, 8.84264461343267, 8.76731126738006, 8.69126842896015, 8.61468550716553, 8.5377319087369, 8.46057703522663, 8.38339028015229, 8.30634102627832, 8.22959864298105, 8.15333248355779, 8.07771188223496, 8.00290615051072, 7.92908457231828, 7.85641583886088, 7.7850647649055, 7.71520898326769, 7.64707895247218, 7.5810453459602, 7.5177220558509, 7.45805383420272, 7.40339998150733, 7.35561047555102, 7.31708688900701, 7.29085362973652, 7.28060837597399, 10, 9.99744669425821, 9.98995595380174, 9.97769671884861, 9.96083792879613, 9.9395485221747, 9.91399743663829, 9.8843536090066, 9.85078597537665, 9.81346347132376, 9.77255503221332, 9.72822959364456, 9.68065609204488, 9.63000346542826, 9.57644065432147, 9.52013660284835, 9.46126025994427, 9.39998058065123, 9.33646652742039, 9.27088707132632, 9.20341119307986, 9.13420788371794, 9.06344614485434, 8.99129498839677, 8.91792343567268, 8.84350051595717, 8.76819526445129, 8.69217671981201, 8.61561392137258, 8.53867590620809, 8.46153170618896, 8.38435034512466, 8.30730083603605, 8.23055217851142, 8.15427335600638, 8.07863333284197, 8.00380105053497, 7.9299454229452, 7.8572347711439, 7.7858335400027, 7.71591899096072, 7.64772120538791, 7.5816102388586, 7.51820010040536, 7.45843695675261, 7.40368345271458, 7.35579532193474, 7.31718290979777, 7.29088273043158, 7.28060836153689, 10, 9.9974495968983, 9.9899671921297, 9.9777213568743, 9.96088066148867, 9.93961367545956, 9.91408896739431, 9.88447510506315, 9.85094065551117, 9.81365418525995, 9.77278426062044, 9.72849944813812, 9.68096831518948, 9.63035943074291, 9.57684136628813, 9.52058269692411, 9.46175200257778, 9.40051786930351, 9.3370488905902, 9.27151366857976, 9.20408081508348, 9.1349189522744, 9.06419671293909, 8.99208274019387, 8.9187456866079, 8.84435421272613, 8.76907698504096, 8.69308267351378, 8.61653994878599, 8.53961747923458, 8.46248392801552, 8.38530795019783, 8.3082581900265, 8.23150327826961, 8.15521182950908, 8.0795524391287, 8.0046936796323, 7.93080409577493, 7.85805163946479, 7.78660038664748, 7.71662722835571, 7.64836187000076, 7.5821737528078, 7.51867700005945, 7.45881918488867, 7.40396628292788, 7.35597976581056, 7.31727873015638, 7.29091177239192, 7.28060834414887, 10, 9.99745249181027, 9.9899784005445, 9.97774592933546, 9.96092328048967, 9.93967865544087, 9.91418025474044, 9.88459627809982, 9.85109492450283, 9.81384439240802, 9.77301288006254, 9.72876858594888, 9.68127970938324, 9.63071445127912, 9.57724101507979, 9.52102760784998, 9.46224244149872, 9.40105373408328, 9.3376297111207, 9.27213860681057, 9.20474866505489, 9.13562814015298, 9.06494529705422, 8.99286841107352, 8.91956576701157, 8.845205657673, 8.76995638183124, 8.69398624174181, 8.61746354034393, 8.5405565783062, 8.46343365105992, 8.38626304592343, 8.30921303935581, 8.23245189429499, 8.15614785743941, 8.08046915622602, 8.00558399513629, 7.93166055081139, 7.85886640698768, 7.78736527167632, 7.71733366649587, 7.64900092189249, 7.58273586804881, 7.5191527396471, 7.45920050780538, 7.40424846532195, 7.35616380381932, 7.31737434955205, 7.29094075716016, 7.28060832655688, 10, 9.99745537902061, 9.98998957914862, 9.97777043645677, 9.96096578618872, 9.9397434627125, 9.9142712995108, 9.88471712922354, 9.85124878376058, 9.81403409450471, 9.77324089262661, 9.72903700953302, 9.68159027746718, 9.63106853027493, 9.57763960434037, 9.5214713396812, 9.46273158117569, 9.40158817987112, 9.33820899429974, 9.27276189170573, 9.20541474906871, 9.13633545380098, 9.06569190400144, 8.99365200817011, 8.92038368432573, 8.84605485851895, 8.77083346279058, 8.69488743267658, 8.61838470440029, 8.54149321190821, 8.46438088389332, 8.38721564090977, 8.31016539261724, 8.23339803511017, 8.15708144819035, 8.08138349233489, 8.00647200499013, 7.93251479567083, 7.85967908092934, 7.78812820183056, 7.71803831156776, 7.64963836661214, 7.58329658939874, 7.51962732317126, 7.45958092864217, 7.40453000217435, 7.35634743744291, 7.31746976881211, 7.29096968513111, 7.28060830902937, 10, 9.99745825855678, 9.99000072804838, 9.97779487847118, 9.96100817898977, 9.93980809789019, 9.91436210257018, 9.8848376595819, 9.851402234745, 9.81422329335029, 9.77346830047574, 9.72930472143612, 9.68190002238546, 9.6314216710857, 9.57803713784546, 9.52191389661911, 9.46321942623783, 9.40212121172245, 9.33878674560394, 9.27338352915454, 9.20607907341476, 9.1370408998932, 9.06643654082135, 8.99443353886741, 8.92119944625108, 8.84690182325194, 8.77170823616099, 8.69578625477738, 8.61930344959135, 8.5424273888101, 8.46532563537113, 8.38816574404729, 8.3111152586819, 8.23434170950906, 8.15801261041719, 8.08229545590705, 8.00735771737354, 7.93336683818899, 7.86048966870598, 7.78888918402783, 7.71874116990786, 7.65027420982894, 7.58385592176165, 7.52010075468492, 7.45996045054765, 7.40481089572647, 7.3565306680769, 7.31756498862204, 7.29099855649643, 7.28060829156393, 10, 9.99746113044611, 9.99001184734952, 9.97781925561049, 9.96105045929477, 9.9398725615866, 9.91445266477903, 9.88495787031671, 9.85155527890935, 9.81441199073603, 9.77369510576225, 9.72957172419108, 9.6822089470676, 9.63177387705006, 9.57843361935185, 9.52235528284417, 9.46370598129123, 9.40265283466752, 9.33936297048271, 9.274003525017, 9.20674164435167, 9.13774448507129, 9.06717921451961, 8.99521301051255, 8.92201306045019, 8.8477465598204, 8.77258071014368, 8.69668271646165, 8.62021978451072, 8.54335911773805, 8.46626791430503, 8.38911336418261, 8.31206264637725, 8.23528292624235, 8.15894135273275, 8.08320505535285, 8.00824114042629, 7.9342166861634, 7.86129817769777, 7.78964822515231, 7.7194422478222, 7.65090845718508, 7.58441387001843, 7.52057303822221, 7.46033907665609, 7.40509114820993, 7.35671349711138, 7.3176600096655, 7.29102737144859, 7.28060827416027, 10, 9.9974639947158, 9.99002293715731, 9.97784356810542, 9.96109262750374, 9.93993685441149, 9.91454298699375, 9.88507776256443, 9.85170791770004, 9.81460018844471, 9.77392131062825, 9.72983802031879, 9.68251705442922, 9.63212515149086, 9.57882905259857, 9.52279550251706, 9.46419125092023, 9.40318305371279, 9.33993767435964, 9.2746218851254, 9.2074024681084, 9.13844621594548, 9.06791993206875, 8.9959904304179, 8.92282453454934, 8.84858907613513, 8.77345089290106, 8.69757682610703, 8.62113371771137, 8.54428840737703, 8.46720772946511, 8.39005851012057, 8.31300756448907, 8.23622169401945, 8.15986768370926, 8.08411229904302, 8.00912228224981, 7.93506434735492, 7.86210461525025, 7.7904053320559, 7.72014155158727, 7.65154111429639, 7.5849704390273, 7.52104417779858, 7.46071681008733, 7.40537076184612, 7.35689592593006, 7.31775483262305, 7.29105613017919, 7.28060825681811, 10, 9.9974668513929, 9.99003399757651, 9.97786781618557, 9.96113468401482, 9.94000097697172, 9.91463307006667, 9.88519733745609, 9.8518601525566, 9.81478788825066, 9.77414691720571, 9.73010361232822, 9.68282434737215, 9.63247549771518, 9.57922344130688, 9.52323455977871, 9.46467523968739, 9.40371187384099, 9.34051086263267, 9.27523861528438, 9.20806155088445, 9.13914609909469, 9.06865870040828, 8.99676580586122, 8.92363387613877, 8.84942938006953, 8.77431879255697, 8.69846859205155, 8.62204525770587, 8.54521526637096, 8.46814508958002, 8.39100119062448, 8.31395002176171, 8.23715802150869, 8.16079161187854, 8.08501719530887, 8.01000115090742, 7.93590982948795, 7.86290898867444, 7.79116051155837, 7.72083908745022, 7.65217218675251, 7.58552563362385, 7.52151417741086, 7.46109365394677, 7.4056497388462, 7.35707795591032, 7.31784945817209, 7.29108483287896, 7.28060823953717, 10, 9.99746970050435, 9.99004502871138, 9.97789200007947, 9.96117662922427, 9.94006492987129, 9.91472291484607, 9.88531659611738, 9.85201198491176, 9.81497509191985, 9.77437192761652, 9.73036850271644, 9.68313082878448, 9.63282491901448, 9.57961678918051, 9.52367245875051, 9.46515795213376, 9.40423930001132, 9.3410825406742, 9.27585372127121, 9.20871889885004, 9.13984414106681, 9.06939552644496, 8.99753914408594, 8.92444109277287, 8.85026747945986, 8.77518441719691, 8.69935802259396, 8.62295441296666, 8.54613970332304, 8.46908000333729, 8.39194141441633, 8.31489002689834, 8.23809191733764, 8.16171314573229, 8.08591975244254, 8.01087775442459, 7.93675314025065, 7.86371130524712, 7.7919137704476, 7.72153486162902, 7.65280168011706, 7.58607945862125, 7.52198304103741, 7.46146961132554, 7.40592808141119, 7.35725958842328, 7.31794388698701, 7.29111347973777, 7.28060822231716, 10, 9.99747254207698, 9.9900560306657, 9.97791612001456, 9.96121846352646, 9.94012871371136, 9.91481252217627, 9.88543553966869, 9.85216341619149, 9.81516180120988, 9.77459634397256, 9.73063269396877, 9.68343650154068, 9.63317341866467, 9.58000909990565, 9.52410920353437, 9.46563939277892, 9.40476533715956, 9.3416527138313, 9.27646720883586, 9.20937451814624, 9.14054034837879, 9.07013041705296, 8.99831045230132, 8.92524619197041, 8.85110338210539, 8.77604777486827, 8.70024512599382, 8.62386119192622, 8.5470617267959, 8.47001247938353, 8.39287919017707, 8.31582758856117, 8.23902339009327, 8.16263229372228, 8.08681997869724, 8.01175210078909, 7.93759428729509, 7.86451157221098, 7.79266511547972, 7.72222888031263, 7.65342959992775, 7.58663191881033, 7.52245077263821, 7.46184468530053, 7.40620579173204, 7.35744082483375, 7.31803811973906, 7.29114207094461, 7.28060820515779, 10, 9.99747537613746, 9.99006700354276, 9.9779401762172, 9.96126018731392, 9.94019232909021, 9.91490189289754, 9.8855541692251, 9.85231444781502, 9.81534801787005, 9.77482016837569, 9.73089618855875, 9.68374136850164, 9.6335209999262, 9.58040037715113, 9.52454479821285, 9.46611956612113, 9.4052899901982, 9.34222138742579, 9.27707908370115, 9.21002841488519, 9.14123472751686, 9.07086337907403, 8.99907973768259, 8.92604918121472, 8.85193709576868, 8.77690887358052, 8.70112991047185, 8.62476560297737, 8.54798134531191, 8.47094252632469, 8.39381452654683, 8.31676271537169, 8.23995244832219, 8.16354906426061, 8.08771788228743, 8.01262419795126, 7.93843327823756, 7.86530979677485, 7.7934145533793, 7.72292114966115, 7.65405595169656, 7.58718301895974, 7.52291737615494, 7.46221887893449, 7.40648287198965, 7.35762166650036, 7.31813215709651, 7.29117060668765, 7.2806081880588, 10, 9.99747820271235, 9.99007794744534, 9.9779641689127, 9.96130180097732, 9.94025577660334, 9.91499102784624, 9.88567248589643, 9.85246508119488, 9.81553374364142, 9.77504340291792, 9.7311589889483, 9.68404543251475, 9.63386766604415, 9.58079062456846, 9.52497924684927, 9.46659847663745, 9.40581326401659, 9.34278856675443, 9.27768935156301, 9.21068059515023, 9.14192728493673, 9.0715944193177, 8.99984700737125, 8.92685006795391, 8.85276862817574, 8.77776772130544, 8.70201238421008, 8.62566765447342, 8.54889856735334, 8.47187015272624, 8.39474743212514, 8.31769541591092, 8.24087910053092, 8.16446346571991, 8.0886134713891, 8.01349405382421, 7.93927012065868, 7.86610598611385, 7.79416209083956, 7.723611675806, 7.65468074090987, 7.58773276381605, 7.52338285551113, 7.46259219527611, 7.40675932435495, 7.35780211477552, 7.31822599972456, 7.29119908715418, 7.2806081710199, 10, 9.99748102182808, 9.99008886247576, 9.97798809832531, 9.96134330490547, 9.94031905684342, 9.91507992785476, 9.88579049078728, 9.85261531773695, 9.81571898025684, 9.77526604968137, 9.73142109758771, 9.68434869641402, 9.63421342024832, 9.58117984579197, 9.52541255348783, 9.46707612878388, 9.40633516348107, 9.34335425708906, 9.27829801809051, 9.21133106499608, 9.14261802706372, 9.07232354456151, 9.00061226847521, 8.92764885960109, 8.85359798701627, 8.77862432597737, 8.7028925553521, 8.6265673547285, 8.54981340136268, 8.47279536711351, 8.3956779154712, 8.31862569871963, 8.24180335518613, 8.16537550643362, 8.08950675413994, 8.01436167628405, 7.94010482210366, 7.86690014736965, 7.7949077345225, 7.72430046485011, 7.65530397302862, 7.58828115810389, 7.52384721461222, 7.46296463736007, 7.40703515098894, 7.3579821710055, 7.31831964828538, 7.29122751253065, 7.2806081540408, 10, 9.99748383351097, 9.99009974873584, 9.97801196467819, 9.96138469948538, 9.94038217040034, 9.91516859375158, 9.88590818499706, 9.8527651588405, 9.81590372944103, 9.77548811073838, 9.73168251691576, 9.6846511630201, 9.63455826575331, 9.5815680444389, 9.52584472215369, 9.46755252699545, 9.40685569343509, 9.34391846367673, 9.27890508892611, 9.211979830449, 9.14330696029297, 9.07305076155112, 9.00137552806898, 8.92844556353452, 8.85442517994387, 8.7794786954934, 8.7037704320033, 8.6274647120177, 8.55072585574279, 8.47371817797178, 8.39660598510409, 8.3195535722986, 8.24272522071481, 8.16628519469616, 8.09039773863961, 8.01522707317006, 7.9409373900825, 7.8676922876506, 7.79565149105914, 7.72498752286804, 7.65592565348846, 7.58882820652607, 7.52431045734571, 7.46333620820718, 7.4073103540428, 7.35816183653047, 7.31841310343819, 7.29125588300269, 7.28060813712124, 10, 9.9974866377872, 9.99011060632695, 9.9780357681935, 9.96142598510222, 9.94044511786121, 9.9152570263613, 9.88602556962, 9.85291460589823, 9.81608799291059, 9.77570958815154, 9.73194324935979, 9.68495283514042, 9.63490220575865, 9.58195522410952, 9.52627575685313, 9.46802767568638, 9.40737485869938, 9.34448119173987, 9.27951056968577, 9.21262689750698, 9.1439940909896, 9.07377607700058, 9.0021367931939, 8.92924018709789, 8.85525021457625, 8.7803308377136, 8.70464602223106, 8.62835973457735, 8.55163593885719, 8.47463859374668, 8.39753164950302, 8.32047904510882, 8.24364470550457, 8.16719253876321, 8.09128643294994, 8.01609025228498, 7.9417678320702, 7.86848241403197, 7.79639336704967, 7.72567285590618, 7.65654578769988, 7.58937391376372, 7.52477258758123, 7.46370691082441, 7.40758493565787, 7.35834111268449, 7.3185063658392, 7.29128419875508, 7.28060812026095, 10, 9.99748943467315, 9.9901214353125, 9.97805950901025, 9.96146716199703, 9.94050789959343, 9.91534522619987, 9.88614264534074, 9.85306365978147, 9.81627177173942, 9.77593048321114, 9.73220329643814, 9.68525371453093, 9.63524524226537, 9.58234138705529, 9.52670566009133, 9.46850157761668, 9.40789266228779, 9.34504244454311, 9.28011446387973, 9.21327226991859, 9.14467942313108, 9.07449949510475, 9.00289606824865, 8.93003273487798, 8.85607309567044, 8.78118075754532, 8.70551933107105, 8.62925242754725, 8.55254365592359, 8.47555661970547, 8.39845491395435, 8.32140212242319, 8.24456181478018, 8.16809754377459, 8.09217284208694, 8.01695121848002, 7.94259615271005, 7.86927053090393, 7.79713336658382, 7.72635646770438, 7.6571643790013, 7.58991828269221, 7.52523360768191, 7.46407674704565, 7.40785889714054, 7.35852000028009, 7.31859943588237, 7.29131245988601, 7.28060810343563, 10, 9.99749222417969, 9.99013223573449, 9.9780831872204, 9.9615082303292, 9.94057051583981, 9.91543319360812, 9.88625941261129, 9.85321232106513, 9.81645506663568, 9.77615079676746, 9.73246265915066, 9.68555380234715, 9.63558737658927, 9.58272653475548, 9.5271344335128, 9.46897423459649, 9.40840910617502, 9.34560222422324, 9.28071677380294, 9.21391595013158, 9.14536295931126, 9.07522101859539, 9.00365335609328, 8.93082320985211, 8.85689382630863, 8.78202845816174, 8.70639036177215, 8.6301427942353, 8.55344901029077, 8.47647225921825, 8.39937578182857, 8.32232280759016, 8.24547655184424, 8.16900021296186, 8.09305696918447, 8.01780997476321, 7.94342235485479, 7.870056640933, 7.79787149210952, 7.72703836045821, 7.65778142930075, 7.59046131490674, 7.52569351891877, 7.46444571782253, 7.40813223914381, 7.35869849970848, 7.31869231374966, 7.29134066643592, 7.28060808662652, 10, 9.99749500633225, 9.99014300769134, 9.97810680303966, 9.96154919047275, 9.94063296717044, 9.91552092938672, 9.88637587249413, 9.8533605911015, 9.81663787926617, 9.77637053082326, 9.73272133985427, 9.68585310131506, 9.63592861183705, 9.58311067070593, 9.52756208100763, 9.46944565091198, 9.40892419504197, 9.34616053585118, 9.28131750490844, 9.21455794396996, 9.14604470571063, 9.07594065399177, 9.00440866356487, 8.93161161915095, 8.85771241388755, 8.78287394719493, 8.70725912216771, 8.63103084263889, 8.55435201007962, 8.47738552048561, 8.40029426135889, 8.32324110882526, 8.24638892484102, 8.16990055434116, 8.09393882207041, 8.01866652871087, 7.94424644576249, 7.8708407509891, 7.79860775003539, 7.72771854003855, 7.65839694385162, 7.59100301495253, 7.52615232504933, 7.46481382607592, 7.40840496375035, 7.35887661227282, 7.31878500009338, 7.29136881861067, 7.28060806987638, 10, 9.99749778115663, 9.99015375128298, 9.97813035668709, 9.96159004280752, 9.94069525416433, 9.91560843434889, 9.88649202606842, 9.85350847126408, 9.81682021132384, 9.77658968741272, 9.73297934094286, 9.68615161420341, 9.63626895116415, 9.5834937984573, 9.52798860652692, 9.46991583091661, 9.409437933643, 9.34671738457751, 9.28191666273497, 9.21519825734922, 9.14672466860682, 9.07665840791565, 9.00516199760803, 8.93239797001733, 8.85852886592036, 8.78371723239713, 8.70812562021455, 8.63191658088152, 8.55525266353914, 8.47829641183761, 8.40121036090862, 8.32415703447398, 8.24729894204374, 8.17079857605572, 8.09481840869699, 8.01952088801982, 7.94506843280692, 7.87162286805197, 7.79934214687281, 7.7283970124108, 7.65901092799242, 7.59154338744886, 7.52661002989244, 7.46518107477366, 7.40867707307386, 7.35905433929004, 7.31887749556129, 7.29139691659258, 7.28060805318473, 10, 9.99750054867856, 9.99016446660891, 9.97815384838075, 9.96163078771162, 9.94075737739781, 9.91569570930406, 9.88660787440827, 9.85365596291996, 9.81700206449373, 9.77680826856052, 9.73323666479914, 9.686449343768, 9.6366083977113, 9.5838759215437, 9.52841401400335, 9.47038477894353, 9.40995032671034, 9.34727277552879, 9.28251425279543, 9.21583689615735, 9.14740285424823, 9.07737428695799, 9.00591336513508, 8.93318226966043, 8.8593431898853, 8.78455832148456, 8.70898986383249, 8.63280001704894, 8.55615097888006, 8.47920494156566, 8.40212408880229, 8.32507059284309, 8.24820661168728, 8.1716942862111, 8.09569573697964, 8.02037306035133, 7.94588832332785, 7.8724029990692, 7.80007468910325, 7.72907378351304, 7.65962338703725, 7.59208243699398, 7.52706663724971, 7.46554746687027, 7.4089485692186, 7.35923168207129, 7.31896980079841, 7.29142496056327, 7.2806080365513, 10, 9.9975033089236, 9.99017515376815, 9.97817727833766, 9.96167142556137, 9.94081933744448, 9.91578275505785, 9.88672341858278, 9.85380306742984, 9.81718344045301, 9.7770262762819, 9.73349331379469, 9.68674629275183, 9.63694695460457, 9.58425704348277, 9.52883830735129, 9.4708524993057, 9.41046137895415, 9.3478267138077, 9.28311028057705, 9.21647386625485, 9.14807926885416, 9.07808829767904, 9.0066627730261, 8.93396452525583, 8.86015539322579, 8.78539722213753, 8.7098518609045, 8.63368115918929, 8.5570469642749, 8.48011111792261, 8.40303545332576, 8.32598179220082, 8.24911194196833, 8.17258769287521, 8.09657081479709, 8.02122305333119, 7.94670612463106, 7.87318115095625, 7.80080538317824, 7.72974885925598, 7.6602343262758, 7.59262016816511, 7.52752215090539, 7.46591300530683, 7.40921945427936, 7.35940864192183, 7.31906191644689, 7.29145295070362, 7.28060801997583, 10, 9.99750606191724, 9.99018581285926, 9.97820064677383, 9.96171195673134, 9.94088113487532, 9.91586957241217, 9.88683865965605, 9.85394978614807, 9.81736434087104, 9.77724371258269, 9.73374929029006, 9.68704246388505, 9.63728462495548, 9.58463716777574, 9.52926149046685, 9.47131899629598, 9.41097109506263, 9.34837920449314, 9.28370475154149, 9.21710917347496, 9.14875391861493, 9.07880044660847, 9.00741022812915, 8.93474474394569, 8.86096548335057, 8.78623394200057, 8.71071161927684, 8.63456001531324, 8.55794062785817, 8.48101494912293, 8.40394446272634, 8.32689064077693, 8.25001494104546, 8.17347880407855, 8.09744364999154, 8.02207087454984, 7.94752184398852, 7.87395733059662, 7.80153423551954, 7.73042224552308, 7.66084375097346, 7.5931565855185, 7.52797657462647, 7.46627769301107, 7.40948973034142, 7.35958522014102, 7.31915384314599, 7.29148088719365, 7.28060800345805, 10, 9.9975088076848, 9.99019644398033, 9.97822395390429, 9.96175238159435, 9.9409427702586, 9.91595616216516, 9.88695359868725, 9.85409612042271, 9.8175447674094, 9.77746057945939, 9.73400459663478, 9.68733785988514, 9.63762141186101, 9.58501629790752, 9.52968356722796, 9.47178427418722, 9.41147947970214, 9.34893025264034, 9.28429767112497, 9.21774282362371, 9.14942680969202, 9.07951074024559, 9.00815573726045, 8.93552293283897, 8.86177346763395, 8.78706848868269, 8.71156914675934, 8.63543659339427, 8.55883197772659, 8.48191644334297, 8.40485112521308, 8.32779714676304, 8.25091561703945, 8.17436762781439, 8.09831425036885, 8.02291653156258, 7.94833548863855, 7.874731544842, 7.80226125251929, 7.73109394817077, 7.66145166637144, 7.59369169358955, 7.52842991216279, 7.46664153289742, 7.40975939948063, 7.35976141802239, 7.31924558153209, 7.29150877021261, 7.28060798699769, 10, 9.99751154626764, 9.99020704729132, 9.97824720007942, 9.96179270075771, 9.94100424451959, 9.91604252561573, 9.88706823739921, 9.85424207244541, 9.81772472276805, 9.77767688015436, 9.73425923664233, 9.68763248515999, 9.6379573203414, 9.58539443952322, 9.53010454391173, 9.47224833989023, 9.41198654041356, 9.34947986641121, 9.28488904809595, 9.21837482605635, 9.15009795200219, 9.08021918903804, 9.00889931136252, 8.93629910333172, 8.86257935787869, 8.78790087434122, 8.71242445580631, 8.63631090612074, 8.55972102673422, 8.48281561352873, 8.40575545374484, 8.32870132304636, 8.25181398267595, 8.17525417655153, 8.09918262804029, 8.02376003601707, 7.94914706965375, 7.87550380407303, 7.80298644374388, 7.73176397582351, 7.66205808001925, 7.59422549875298, 7.52888216866973, 7.46700452889602, 7.41002846445106, 7.35993723726105, 7.31933713243594, 7.29153660000465, 7.28060797061619
0, 0, 0, 0, 0, 0, 0, 0, 0, 0, 0, 0, 0, 0, 0, 0, 0, 0, 0, 0, 0, 0, 0, 0, 0, 0, 0, 0, 0, 0, 0, 0, 0, 0, 0, 0, 0, 0, 0, 0, 0, 0, 0, 0, 0, 0, 0, 0, 0, 0, 0, -0.315555732909565, -0.617961136934951, -0.907216213538568, -1.18332096525787, -1.44627539590451, -1.69607951077933, -1.93273331689876, -2.15623682322514, -2.36659004089084, -2.56379298340221, -2.74784566680573, -2.91874810979496, -3.07650033373374, -3.22110236256926, -3.35255422260873, -3.47085594213672, -3.57600755085722, -3.66800907915553, -3.74686055719093, -3.81256201384928, -3.86511347560541, -3.90451496536336, -3.93076650135694, -3.94386809619904, -3.9438197561636, -3.93062148076858, -3.90427326270217, -3.86477508810197, -3.81212693716208, -3.74632878501173, -3.66738060278565, -3.57528235879372, -3.47003401969661, -3.35163555160289, -3.22008692101938, -3.07538809560576, -2.9175390447032, -2.74653973962158, -2.56239015367804, -2.36509026197873, -2.15464004092287, -1.93103946737817, -1.69428851741972, -1.44438716441816, -1.18133537606006, -0.905133109476371, -0.615780302779943, -0.313276859286724, 0.00237738445549762, 0, -0.315235018587731, -0.617344660973018, -0.906328928683598, -1.18218782430587, -1.44492135167159, -1.69452951605709, -1.93101232438984, -2.15436978545505, -2.36460191009194, -2.56170871136632, -2.74569020470268, -2.91654640795634, -3.07427734140335, -3.21888302762543, -3.35036349126767, -3.46871875865105, -3.57394885722853, -3.66605381488419, -3.74503365908932, -3.81088841594503, -3.86361810915856, -3.90322275901525, -3.92970238141909, -3.94305698707808, -3.94328658090594, -3.93039116169678, -3.9043707221077, -3.86522524895652, -3.81295472381402, -3.74755912384455, -3.66903842283091, -3.57739259231017, -3.47262160274811, -3.35472542469002, -3.223704029844, -3.07955739207616, -2.92228444017025, -2.7518802622449, -2.56833124517841, -2.37161244429292, -2.16168796493843, -1.93851188333449, -1.70202975939775, -1.4521789174876, -1.18888974389616, -0.912086709245356, -0.621689847760625, -0.317615895801191, 0.000221721044366574, 0, -0.314854548880433, -0.616609341523524, -0.905264379628901, -1.18081966596442, -1.44327520454509, -1.69263100082124, -1.92888706187026, -2.15204339658394, -2.36210001584082, -2.55905693264995, -2.74291416224998, -2.91367172214471, -3.07132963205506, -3.21588791376737, -3.34734659085956, -3.46570568829199, -3.570965231857, -3.66312524749205, -3.74218576047456, -3.80814679453114, -3.86100837090789, -3.90077050746048, -3.92743321782933, -3.94099651076563, -3.94146038966693, -3.92882485236642, -3.90308989120024, -3.86425549335449, -3.81232164147125, -3.74728831447454, -3.66915548856499, -3.57792313832793, -3.47359123790395, -3.35615976218386, -3.22562868801081, -3.08199799540142, -2.92526558913596, -2.75542172926309, -2.57243928357929, -2.37626843371605, -2.16683743510151, -1.9440544560008, -1.70781060072989, -1.45798046980277, -1.1944247560329, -0.916992291646083, -0.625523017021828, -0.319850278148443, 0.000199168181859777, 0, -0.314089957939784, -0.615131614764056, -0.903124972520394, -1.17807003434423, -1.43996680462219, -1.68881528915814, -1.92461549533507, -2.1473674322638, -2.35707111090719, -2.55372654416607, -2.73733374691165, -2.90789273594763, -3.06540352988568, -3.20986614891972, -3.3412806144885, -3.45964694882247, -3.56496517437971, -3.6572353131866, -3.73645738611023, -3.80263141210076, -3.85575740745045, -3.89583538512065, -3.92286535418748, -3.93684731945059, -3.93778128123812, -3.92566723542663, -3.90050517367945, -3.86229508389329, -3.81103695083272, -3.74673075692722, -3.66937648320567, -3.57897411034894, -3.47552361985267, -3.35902499531055, -3.22947822385474, -3.08688329782977, -2.93123612201389, -2.76251742438595, -2.58067293695618, -2.38560251127409, -2.17716164896729, -1.95516520679827, -1.71939348831462, -1.46959337268823, -1.20548355554956, -0.926758685147212, -0.63309536961433, -0.324156840235071, 0.00040700041256797, 0, -0.31332693282486, -0.613656894332993, -0.90098988691921, -1.17532591408579, -1.43666498059026, -1.68500709258935, -1.92035225777111, -2.14270048546506, -2.3520517867183, -2.5484061743238, -2.73176366278621, -2.90212426821064, -3.05948800810176, -3.20385490106423, -3.33522496640167, -3.45359822361956, -3.55897469184756, -3.65135438920747, -3.730737332163, -3.79712353489489, -3.85051300874816, -3.89090576179555, -3.9183017985532, -3.93270111987156, -3.93410372300933, -3.92250960188378, -3.89791874747994, -3.86033114839678, -3.80974679151031, -3.74616566274191, -3.6695877479327, -3.58001303384066, -3.47744150929549, -3.36187316656961, -3.23330800305589, -3.0917460233928, -2.93718131392115, -2.76958571665863, -2.58887873939581, -2.39491076995605, -2.18746537438524, -1.96626485265801, -1.73097937127604, -1.48122865849474, -1.2165898801855, -0.936603862851711, -0.640784141188052, -0.328623996880308, 0.000403419299042473, 0, -0.312572742146193, -0.612199234029462, -0.898879478387837, -1.17261347908621, -1.43340124124871, -1.68124277138091, -1.91613807747245, -2.13808716906908, -2.34709005730129, -2.54314675485554, -2.72625727587427, -2.8964216357722, -3.05363985095989, -3.19791193847111, -3.32923791549893, -3.44761779885508, -3.55305160437877, -3.6455393463315, -3.72508103682324, -3.79167668531874, -3.84532629827071, -3.88602987891698, -3.913787427263, -3.92859894025177, -3.93046441210367, -3.91938383479458, -3.89535719863418, -3.85838449291059, -3.80846570658193, -3.74560082901627, -3.66978985080671, -3.58103276471347, -3.47932956681089, -3.36468025794477, -3.23708484564437, -3.09654334669302, -2.94304821071033, -2.77656303885436, -2.59698202400008, -2.40410695461486, -2.19765027773806, -1.977242489924, -1.74244428313477, -1.49274880381903, -1.2275921536266, -0.946361696263244, -0.648408145637952, -0.33305498706057, 0.000401301889630834, 0, -0.311827247223451, -0.610758366192103, -0.89679335998324, -1.16993223282019, -1.4301749901895, -1.67752163894159, -1.91197218736425, -2.13352664521709, -2.34218502371309, -2.53794733543355, -2.72081359416301, -2.89078381463385, -3.04785801217518, -3.19203620226801, -3.32331840001903, -3.44170461957698, -3.54719487352795, -3.63978917231681, -3.71948752374865, -3.78628993262482, -3.84019640055982, -3.88120692600946, -3.90932150451712, -3.92454012915942, -3.9268627911491, -3.9162894805384, -3.89282018696451, -3.85645490039188, -3.8071936118319, -3.74503631405494, -3.66998300234669, -3.58203367539607, -3.48118833643399, -3.36744699477602, -3.24080966796546, -3.10127638478384, -2.94883813836466, -2.78345092688854, -2.60498452651256, -2.41319298037697, -2.20771842363911, -1.98810029441483, -1.75379046554737, -1.50415606501691, -1.23849259135929, -0.956034301268559, -0.655969338516413, -0.337451544243527, 0.000399198848123672, 0, -0.311089298253534, -0.6093320718119, -0.894728324088192, -1.16727805966054, -1.42698128437426, -1.67383800542112, -1.90784823138413, -2.1290119722346, -2.33732923926727, -2.53280004495943, -2.71542440274142, -2.8852023266703, -3.04213383100474, -3.18621892968871, -3.3174576357636, -3.43584996074191, -3.54139591398919, -3.63409550217161, -3.71394872883211, -3.78095559415454, -3.83511609496247, -3.87643022497595, -3.90489797531887, -3.92051933523766, -3.9232942929645, -3.91322283664385, -3.89030495524347, -3.85454063939345, -3.80592988213383, -3.74447267959909, -3.67016903171647, -3.58301894303993, -3.48302242388088, -3.370179491935, -3.24449017465377, -3.10595451269005, -2.95456222147614, -2.79026207835587, -2.61290008750834, -2.42218338868611, -2.21768460303934, -1.99885284702743, -1.76503182287904, -1.51546319782519, -1.24930232410046, -0.965630704123539, -0.663474160239287, -0.341817040560396, 0.000397289457509165, 0, -0.310358529393099, -0.607919644527964, -0.892683349150219, -1.16464964818934, -1.42381854784593, -1.67019005564981, -1.90376418047635, -2.12454093250656, -2.33252032311623, -2.52770236467971, -2.71008707027668, -2.87967445329555, -3.03646452693505, -3.18045730361707, -3.31165279433776, -3.43005100799886, -3.53565195077634, -3.62845562559395, -3.70846203177304, -3.77567116492369, -3.83008301712362, -3.8716975774012, -3.90051483250142, -3.916534767875, -3.91975736879944, -3.91018262152656, -3.88781051435766, -3.85264103857836, -3.804674189234, -3.74390996578694, -3.67034837275729, -3.58398942050361, -3.48483312634544, -3.37287951627325, -3.24812862754605, -3.11058051256728, -2.96022379564743, -2.79700036800787, -2.62073303969404, -2.43108286352166, -2.22755372120381, -2.00950512335941, -1.77617323207005, -1.52667479660528, -1.26002546804699, -0.975154338647142, -0.670925152289612, -0.346152911971982, 0.000395457930418619, 0, -0.309634879453168, -0.606520966180479, -0.890658264256837, -1.16204677895964, -1.4206865168413, -1.66657748576645, -1.89971969489998, -2.12011315463063, -2.32775787641449, -2.52265387252408, -2.70480115569193, -2.87419973864439, -3.03084963353063, -3.17475085126537, -3.30590340081933, -3.42430728850879, -3.52996251735089, -3.62286908656281, -3.7030269912846, -3.77043622259597, -3.82509676787343, -3.86700861149736, -3.89617173587417, -3.91258612269299, -3.91625175430233, -3.90716861507641, -3.885336692653, -3.85075597896322, -3.80342647103461, -3.74334817162138, -3.6705210897884, -3.58494524163882, -3.48662065142858, -3.3755473533584, -3.25172539439493, -3.11515483857257, -2.96582340423236, -2.80366642866356, -2.62848410018048, -2.43989219293576, -2.23732661626119, -2.02005798407008, -1.78721554310895, -1.53779166747052, -1.27066275309733, -0.984605823724829, -0.678322786150381, -0.350459445364701, 0.000393639424249248, 0, -0.30891829201807, -0.605135927851417, -0.888652911900998, -1.15946924978873, -1.41758494841543, -1.66300001597725, -1.89571446192585, -2.11572829685569, -2.32304153230248, -2.51765418043795, -2.69956625365099, -2.86877776401242, -3.02528872263218, -3.16909913893253, -3.30020901987853, -3.418618369226, -3.52432718686379, -3.61733546833811, -3.69764320464767, -3.76525038238484, -3.82015698426921, -3.86236299007662, -3.89186837791475, -3.90867312574516, -3.91277721301277, -3.90418062222915, -3.88288334037148, -3.84888536000645, -3.80218668012084, -3.7427873067251, -3.67068725338099, -3.58588654187684, -3.48838520333379, -3.37818328007892, -3.25528082868754, -3.11967792470627, -2.97136156283326, -2.81026085335309, -2.63615392991462, -2.44861209090595, -2.24700403558611, -2.03051218626137, -1.79815949593648, -1.54881450450965, -1.28121479766878, -0.993985671157104, -0.685667435409751, -0.354736844213036, 0.000391832596525254, 0, -0.308206699152276, -0.603760535756856, -0.886661514538462, -1.15690964146112, -1.41450492377158, -1.65944736999527, -1.89173698986857, -2.1113737941903, -2.31835779457524, -2.51268900309513, -2.69436743179765, -2.86339309210277, -3.01976599408851, -3.16348614569512, -3.294553551896, -3.41296821390435, -3.51873012850232, -3.61183928759047, -3.69229567805457, -3.76009928203019, -3.8152500776115, -3.85774804000061, -3.88759314303491, -3.90478536097244, -3.9093246703727, -3.90121105189525, -3.88044449185876, -3.84702498345853, -3.80095252762428, -3.74222713359746, -3.67084881940281, -3.58681761247165, -3.49013355073978, -3.38079668460117, -3.25880708016949, -3.12416482441933, -2.97685636930141, -2.81680492246087, -2.64376712466221, -2.45726994558668, -2.25661499993427, -2.04089721127761, -1.80903385513373, -1.55977017385047, -1.29170538447228, -1.00331339303685, -0.692973152973176, -0.358992512878256, 0.000390471898662148, 0, -0.30750208542313, -0.602398622675184, -0.88468961680146, -1.15437507410473, -1.41145500217432, -1.65592940986166, -1.88779830718516, -2.10706170514601, -2.31371961543735, -2.50777205003201, -2.6892190206399, -2.85806053803659, -3.01429661127839, -3.15792724683811, -3.28895244771696, -3.40737221261028, -3.51318653522368, -3.60639540384725, -3.68699880129329, -3.75499670528311, -3.81038908932925, -3.85317592410295, -3.88335717921078, -3.90093282524082, -3.90590283589226, -3.89826718998745, -3.87802587318944, -3.84517887931232, -3.79972621120611, -3.74166788130797, -3.67100391205845, -3.58773433647306, -3.49185919923197, -3.38337855871312, -3.26229249047071, -3.12860109279001, -2.98229045513019, -2.82327820581631, -2.65130005054477, -2.46583943202573, -2.26613164231899, -2.05118479956246, -1.81981111325091, -1.57063306080329, -1.30211192903705, -1.01257057019794, -0.700226818453088, -0.36321976240514, 0.000388681939812341, 0, -0.306804401024848, -0.601050092398709, -0.882737079484294, -1.15186536891978, -1.4084349686337, -1.65244588780034, -1.88389813671734, -2.10279172658635, -2.3091266691782, -2.50290297636779, -2.68412065953074, -2.85277972880463, -3.00888019223417, -3.15242205483919, -3.28340531766806, -3.40182997692286, -3.50769602326255, -3.6010034414017, -3.68175221011834, -3.74994230276176, -3.8055736883063, -3.84864633293491, -3.87916020206254, -3.89711526264057, -3.90251148553288, -3.89534884773922, -3.87562733426992, -3.84334693954812, -3.79850766832162, -3.74110953618833, -3.67115256995767, -3.58863680817102, -3.49356230218307, -3.38592911827349, -3.26573734133979, -3.1329870808615, -2.98766424260463, -2.82968119630633, -2.65875326513111, -2.47432115866367, -2.27555460098133, -2.06137559168648, -1.83049188028968, -1.58140370742437, -1.31243486462951, -1.02175748379427, -0.707428515955008, -0.367418434020986, 0.000386910621431757, 0, -0.306113583153318, -0.59971482363356, -0.880803727117713, -1.14938030057606, -1.40544455227301, -1.6489964917025, -1.88003612943877, -2.09856347688195, -2.30457854587985, -2.49808134821056, -2.67907189491871, -2.84755019551031, -3.0035162570285, -3.14697008305443, -3.27791167270282, -3.39634101970683, -3.50225811170844, -3.59566292988131, -3.67655544900806, -3.74493563810776, -3.80080346165968, -3.84415888140061, -3.87500185859273, -3.89333235658369, -3.8991503434268, -3.89245579431378, -3.87324869360505, -3.84152903632313, -3.79729682909132, -3.7405520906336, -3.6712948520818, -3.58952515744534, -3.49524306468427, -3.38844864789838, -3.2691420012323, -3.13732324524437, -2.99297827934746, -2.83601453283296, -2.66612749363314, -2.48271592424882, -2.28488472824993, -2.0714704672721, -1.84107703151134, -1.59208294853021, -1.32267494610977, -1.0308747667726, -0.714578712972422, -0.371588785366493, 0.000385154922815045, 0, -0.305428821454683, -0.59839125307452, -0.878887300847999, -1.14691697207459, -1.4024802753516, -1.64557722048988, -1.87620781833777, -2.09437208049224, -2.30007001887745, -2.49330164517555, -2.67406697010319, -2.8423660025404, -2.9981987485376, -3.14156521024997, -3.27246538487553, -3.3908992637001, -3.49686683137499, -3.59036806556365, -3.67140293708783, -3.73997141067358, -3.79607344634349, -3.83970900142587, -3.87087803306488, -3.88958050103412, -3.89581637059878, -3.88958561515592, -3.87088821841919, -3.83972417600263, -3.79609349638584, -3.73999620138884, -3.67143232642533, -3.59040192092219, -3.49690504938418, -3.39094179365973, -3.27251225705609, -3.14161657110917, -2.99824065011808, -2.84228714743226, -2.67343225672075, -2.49103357175314, -2.29413191599568, -2.08147908746201, -1.85157571243711, -1.60267912479808, -1.3328394167584, -1.03992827011352, -0.721681571782959, -0.37573299279039, 0.000383522145350534, 0, -0.30474911890927, -0.597077451744397, -0.87698500480306, -1.14447178571146, -1.39953780339739, -1.64218306798623, -1.87240759059848, -2.0902113830265, -2.29559445727029, -2.48855682491688, -2.66909849635743, -2.8372194798507, -2.99291978046181, -3.13619939893052, -3.26705833055227, -3.38549656418353, -3.49151408150668, -3.58511085670046, -3.66628685665423, -3.73504204183171, -3.79137636783033, -3.8352897876007, -3.86678225419722, -3.88585372384332, -3.89250415903383, -3.88673353138136, -3.86854182395431, -3.83792903295053, -3.79489516868896, -3.73944025605948, -3.67156433472288, -3.59126745948035, -3.49854970132974, -3.39341114980742, -3.27585191731159, -3.14587214626981, -3.0034577657617, -2.84850679603979, -2.68067667266408, -2.49928459618297, -2.30330804797644, -2.09141473083666, -1.86200259749322, -1.61320830341666, -1.34294573038141, -1.04893682613089, -0.728754538894958, -0.379861784253463, 0.000383394501363155, 0, -0.304074157571129, -0.595772809869392, -0.875095963499473, -1.14204362641202, -1.39661580786295, -1.63881251829, -1.86863376908392, -2.0860795722311, -2.29114993980688, -2.48384488330387, -2.66416441279006, -2.83210853590736, -2.98767725674253, -3.13087057462988, -3.26168848297561, -3.38013096822384, -3.48619800910876, -3.5798895763486, -3.66120563292762, -3.73014613507662, -3.78671103399823, -3.83090027829524, -3.86271381695997, -3.88215160268933, -3.88921359522582, -3.88389976440858, -3.86621009266368, -3.83614457676698, -3.79370322886216, -3.73888607688576, -3.6716931647142, -3.59212455248357, -3.50018031763762, -3.39586055734481, -3.27916539302839, -3.15009497792858, -3.00863525580841, -2.85467975538924, -2.6878673879752, -2.5074754436957, -2.31241879571757, -2.10128171623622, -1.87236007160468, -1.62367035159006, -1.35299065065724, -1.05789350764974, -0.735789166140581, -0.383969930709602, 0.000381983438748401, 0, -0.303405080343693, -0.594479534082822, -0.873223368126384, -1.13963659074662, -1.39371921152472, -1.63547124120805, -1.86489269145525, -2.0819835744451, -2.28674390232767, -2.47917368650199, -2.65927293671581, -2.82704165999964, -2.98247985947048, -3.12558753306951, -3.2563646723302, -3.37481126130526, -3.48092727580627, -3.57471268312085, -3.6561674423617, -3.7252915055629, -3.78208481956965, -3.82654732867358, -3.85867897783874, -3.87847971626444, -3.88594950096273, -3.88108830001241, -3.86389609520032, -3.83437288387274, -3.79251867997956, -3.73833351447487, -3.67181743541139, -3.59297050821105, -3.50179281670458, -3.39828446562319, -3.28244558533314, -3.15427633978906, -3.01376268731656, -2.860793806293, -2.69499062580682, -2.51559130552716, -2.32144884068206, -2.11106473200694, -1.88263334194451, -1.63405150331357, -1.36296194328313, -1.06678811465594, -0.742777788808616, -0.388052802865895, 0.000380382934790924, 0, -0.302739383387933, -0.59319278383079, -0.871360208540326, -1.13724166610874, -1.39083716644086, -1.63214672059212, -1.86117034048771, -2.07790803849787, -2.28235982684707, -2.47452571684131, -2.65440571790979, -2.82199983647477, -2.97730807468848, -3.12033042910604, -3.25106688939763, -3.36951743723658, -3.47568204552638, -3.56956067814097, -3.65115329034047, -3.72045982998257, -3.7774802395759, -3.82221445912117, -3.85466242957272, -3.8748240966478, -3.88269941463936, -3.87828834987211, -3.8615908834941, -3.83260701341628, -3.79133675538277, -3.7377801433471, -3.67193722951439, -3.59380808456296, -3.50339279867541, -3.40069148410434, -3.28570428011038, -3.1584313613041, -3.01885870050176, -2.86687126621258, -2.70207254280092, -2.52366233215194, -2.33043247521442, -2.12080235656797, -1.89286389417948, -1.64439330782413, -1.37289835599656, -1.07565372646017, -0.749744949773807, -0.392123538455638, 0.000379730543802248, 0, -0.3020791726701, -0.591916631749612, -0.869512384750534, -1.13486644058238, -1.3879788094709, -1.62884950277708, -1.85747853269048, -2.07386591177123, -2.2780116523176, -2.46991576554342, -2.649578260562, -2.81699914319245, -2.97217841463026, -3.11511607005598, -3.24581209729192, -3.36426647565162, -3.47047917515437, -3.56445015628836, -3.64617937049252, -3.71566676148204, -3.77291226746393, -3.81791582418236, -3.8506773686137, -3.87119684302027, -3.87947419899657, -3.8755094011257, -3.85930242992003, -3.83085328384832, -3.79016198043184, -3.73722855659658, -3.67205306866357, -3.59463559252187, -3.50497622465124, -3.4030750847611, -3.2889323209301, -3.16254811833334, -3.02390846416532, -2.87289417876308, -2.70909176086599, -2.53166342372204, -2.33934057508938, -2.1304611408309, -1.90301518560078, -1.65465882854328, -1.3827652755614, -1.08446076942716, -0.756668830568357, -0.396170789523176, 0.000378187286943332, 0, -0.301424792146079, -0.590651741579788, -0.867680856110697, -1.13251214496281, -1.38514561867998, -1.62558128892603, -1.85381916815257, -2.06985926910796, -2.27370160416371, -2.4653461844423, -2.64479301874402, -2.81204211229027, -2.96709346532831, -3.10994707167632, -3.24060291732508, -3.35906097924911, -3.46532122460883, -3.5593836105363, -3.64124808468249, -3.71091458665597, -3.7683830503991, -3.81365340743582, -3.84672559079807, -3.86759953932184, -3.87627520192487, -3.87275254146161, -3.85703153781187, -3.82911218999465, -3.78899451729004, -3.73667855956759, -3.67216437722531, -3.59545205131437, -3.50654168455335, -3.40543340403971, -3.2921273665889, -3.16662376784317, -3.02890860925557, -2.87885870983582, -2.71604412115116, -2.53959023054195, -2.34816872715805, -2.14003672981786, -1.91308303604926, -1.66484417266718, -1.39255920588531, -1.09320625122773, -0.763547048127765, -0.400192886879154, 0.000376604254375135, 0, -0.300776192503664, -0.589398018063453, -0.865865484783862, -1.13017860220059, -1.38233738117279, -1.62234183366442, -1.85019197238687, -2.06588781027509, -2.26942935977319, -2.46081663191322, -2.64004963518527, -2.80712837421838, -2.96205284832003, -3.10482304995815, -3.23543896330816, -3.35390056302621, -3.46020781343894, -3.5543606683516, -3.63635907166022, -3.70620295890225, -3.76389225979213, -3.80942690166955, -3.84280681365525, -3.86403193118728, -3.87310220052809, -3.87001758281639, -3.85477805730245, -3.82738362354805, -3.7878343025739, -3.73613013716448, -3.67227119175613, -3.59625755251394, -3.50808932833748, -3.40776665364404, -3.29528969390534, -3.17065865513421, -3.03385955292356, -2.88476535092139, -2.72293018731877, -2.54744337903149, -2.35691760455119, -2.14952982145772, -1.92306814128745, -1.6749500026681, -1.40228074182888, -1.10189066249839, -0.770379950743476, -0.404189997517561, 0.00037503505496117, 0, -0.300133323407596, -0.588155363971081, -0.864066130087252, -1.12786563160074, -1.37955387968318, -1.61913088659606, -1.84659666530821, -2.0619512289396, -2.26519459000633, -2.45632675945085, -2.63534774545592, -2.80225755206347, -2.95705617764964, -3.09974361334406, -3.23031984152287, -3.34878483454428, -3.45513855392602, -3.54938095017564, -3.63151196346691, -3.70153152530142, -3.75943956120204, -3.80523599435987, -3.83892075001743, -3.86049376024297, -3.8699549686649, -3.867304334719, -3.85254183702904, -3.82566747569211, -3.78668127345156, -3.73558327597839, -3.67237355170899, -3.59705219187456, -3.50961931149835, -3.41007505224987, -3.29841958817724, -3.1746531355682, -3.03876172403784, -2.89061460695846, -2.72975053832763, -2.55522351295674, -2.365587900073, -2.15894113602386, -1.93297122249349, -1.6849770099502, -1.41193051118034, -1.11051453130277, -0.777167929153807, -0.408162336430198, 0.00037347920866948, 0, -0.29949613506273, -0.586923683116475, -0.862282652847729, -1.12557305440731, -1.37679489927658, -1.61594820001189, -1.84303296983731, -2.05804922205617, -2.260996969256, -2.4518762222905, -2.63068698903785, -2.7974292729582, -2.9521030715046, -3.09470837448031, -3.2252451624781, -3.34371340557847, -3.45011306251495, -3.54444408052621, -3.62670639609614, -3.69689993672544, -3.75502462378145, -3.80108037634204, -3.8350671158042, -3.85698477089422, -3.86683328262764, -3.86461260874993, -3.85032272726136, -3.82396363878702, -3.78553536777498, -3.73503796275465, -3.67247149612451, -3.59783606413446, -3.51113178787463, -3.41235881619974, -3.30151733165516, -3.17860756070863, -3.04361554688082, -2.89640697747504, -2.73650574690878, -2.56293126912926, -2.3741802990121, -2.16827138594453, -1.94279299295785, -1.69492587831878, -1.42150913478256, -1.11907837980045, -0.783911369636734, -0.412110116002352, 0.00037193657488499, 0, -0.298864578197258, -0.585702880324388, -0.860514915355002, -1.12330069374338, -1.37406022727787, -1.6127935288071, -1.83950061180811, -2.05418148976601, -2.25683617533918, -2.44746467929339, -2.62606700920503, -2.79264316795768, -2.94719315208956, -3.08971695008931, -3.22021454078212, -3.33868589199088, -3.44513095968934, -3.53954968787592, -3.62194200937673, -3.69230784772622, -3.75064712017193, -3.79695974171357, -3.83124562993497, -3.85350471024813, -3.86373692107661, -3.86194221848817, -3.84812057986254, -3.8222720063455, -3.78439652407214, -3.73449418440238, -3.67256506365917, -3.59860926306413, -3.51262690971795, -3.41461815959411, -3.30458320365676, -3.18252227845963, -3.0484214413133, -2.90214295677998, -2.74319637978473, -2.57056727765245, -2.38269547941342, -2.17752127609784, -1.95253415839797, -1.70479728431076, -1.43101722687498, -1.12758272459565, -0.790610654360443, -0.416033546360317, 0.000370407012841578, 0, -0.298238604055683, -0.584492861416956, -0.858762781341993, -1.12104837458584, -1.37134965324111, -1.60966663044613, -1.83599931992867, -2.05034773535406, -2.25271188945093, -2.44309179289798, -2.62148745297255, -2.78789887198681, -2.94232604557232, -3.08476896091478, -3.21522759508747, -3.33370191367555, -3.44019186991724, -3.53469740459904, -3.61721844692115, -3.68775491648609, -3.74630672645701, -3.79287378779025, -3.82745601428857, -3.85005332807709, -3.86066566500814, -3.8592929794842, -3.84593524826741, -3.82059247301704, -3.78326468153763, -3.73395192799193, -3.67265429259007, -3.59937188147886, -3.51410482771367, -3.4168532943209, -3.3076174806057, -3.1863976331145, -3.05317982283325, -2.90782303403253, -2.74982299774969, -2.57813216201153, -2.39113411217567, -2.1866915039134, -1.96219541706036, -1.71459189729254, -1.44045539518225, -1.13602807681139, -0.797266161437674, -0.419932835400307, 0.000368890383738829, 0, -0.297618164391864, -0.583293533200259, -0.857026115965389, -1.1188159237404, -1.36866296891945, -1.606567264928, -1.83252882574239, -2.04654766520659, -2.24862379611888, -2.43875722907175, -2.61694797104617, -2.78319602378807, -2.93750138203042, -3.07986403166758, -3.2102839480364, -3.32876109450408, -3.43529542159732, -3.5298868669188, -3.61253535607439, -3.68324080476872, -3.74200312211566, -3.78882221506265, -3.82369799366319, -3.84663037678269, -3.85761929772283, -3.85666470923315, -3.84376658746113, -3.81892493457235, -3.78213978002339, -3.73341118075245, -3.67273922081983, -3.60012401125135, -3.51556569100175, -3.41906443008503, -3.31062043607023, -3.19023396540407, -3.0578911026342, -2.91344769331143, -2.75638615574952, -2.58562653916298, -2.39949686114817, -2.19578275947357, -1.97177745982218, -1.72431037955757, -1.44982424100303, -1.14441494216428, -0.803878264981003, -0.42380818881888, 0.000367386550634674, 0, -0.297003211462171, -0.582104803451101, -0.855304785786509, -1.11660316981698, -1.36599996823557, -1.60349519475234, -1.82908886358997, -2.04278098876954, -2.24457158315843, -2.43446065726372, -2.61244821777272, -2.77853426587018, -2.93271879539854, -3.07500179097228, -3.2053832262072, -3.32386306227211, -3.43044124700602, -3.52511771485563, -3.60789238786378, -3.67876517787094, -3.73773598997656, -3.78480472715329, -3.81997129573699, -3.84323561136024, -3.85459760479447, -3.85405722714852, -3.84161445395812, -3.81726928788804, -3.78102176002967, -3.73287193006945, -3.6728198858812, -3.60086574332401, -3.51700964719708, -3.42125177443731, -3.31359234080117, -3.19403161254405, -3.06255568766263, -2.91901741368272, -2.76288640296002, -2.59305101962236, -2.40778438322594, -2.20479572561269, -1.981280970291, -1.73395338642225, -1.45912435929702, -1.15274382103772, -0.810447335157063, -0.42765981014274, 0.000365895378470205, 0, -0.296393698018767, -0.580926580904027, -0.853598658752522, -1.11440994320565, -1.36336044725271, -1.60045018488584, -1.82567917057193, -2.03904741850759, -2.24055494162876, -2.4302017503579, -2.60798785109135, -2.77391324445774, -2.9279779234169, -3.07018187131484, -3.20052506006154, -3.31900744864679, -3.42562898224558, -3.52038959217623, -3.60328919694956, -3.67432770457537, -3.73350501617317, -3.7808210307747, -3.81627565102944, -3.83986878936389, -3.85160037403943, -3.85147035453632, -3.83947870578142, -3.81562543093165, -3.77991056269609, -3.73233416348248, -3.67289632494185, -3.60159716772115, -3.51843684240967, -3.42341553280302, -3.31653346276931, -3.19779090828175, -3.06717398067439, -2.92453266926658, -2.76932428286411, -2.6004062075507, -2.41599732844326, -2.21373107801484, -1.99070662490296, -1.74352156632014, -1.46835633877074, -1.1610152085541, -0.816973738239929, -0.43148790075811, 0.000364416733990403, 0, -0.295789577302996, -0.579758775238554, -0.851907604177966, -1.11223607605285, -1.36074420414609, -1.59743200272944, -1.82229948651182, -2.03534666986388, -2.23657356578953, -2.42598018462745, -2.60356653248563, -2.76933260944159, -2.92327840758044, -3.06540390899099, -3.19570908389253, -3.31419388911508, -3.42085826719296, -3.51570214634355, -3.59872544157639, -3.66992805710376, -3.72930989009947, -3.77687083568794, -3.81261079286329, -3.83652967087236, -3.84862739548656, -3.8489039145696, -3.83735920244229, -3.81399326274677, -3.77880612979282, -3.73179786868278, -3.67296857480884, -3.60231837356086, -3.51984742126425, -3.42555590850974, -3.31944406720194, -3.20151218294182, -3.07174638029009, -2.92999392930278, -2.77570033332751, -2.60769270083928, -2.42413634006546, -2.22258948530975, -2.00005509301909, -1.75301556089459, -1.47752076196161, -1.16922959464554, -0.82345783666348, -0.43529265993951, 0.00036295048576479, 0, -0.295190803038896, -0.578601297066632, -0.850231492726604, -1.11008140223805, -1.35815103917488, -1.59444041808594, -1.81894955392009, -2.03167846122049, -2.23262715305846, -2.4217956396897, -2.59918392693649, -2.76479201433017, -2.91861989308898, -3.06066754405571, -3.19093493577394, -3.30942202293297, -3.41612874544971, -3.51105502846769, -3.59420078352568, -3.66556591107136, -3.72515030436673, -3.77295385466219, -3.80897645732722, -3.83321801845531, -3.84567846134772, -3.84635773226355, -3.8352558049204, -3.81237268343869, -3.77770840371209, -3.73126303351107, -3.67303667193325, -3.60302944906681, -3.52124152691983, -3.42767310281505, -3.32232441661912, -3.20519576347147, -3.07627328104969, -2.93540165821533, -2.78201508667333, -2.6149110911932, -2.43220205467941, -2.23137160916723, -2.00932703702019, -1.7624360050898, -1.48661820532078, -1.17738746412362, -0.829899989073003, -0.439074284878156, 0.000361496504101722, 0, -0.294597329426804, -0.5774540579203, -0.848570196393562, -1.1079457573509, -1.35558075465463, -1.59147520312828, -1.8156291179585, -2.0280425138595, -2.22871540396944, -2.41764779846183, -2.59483970287584, -2.76029111620158, -2.91400202879813, -3.05597242027337, -3.18620225751002, -3.30469149307557, -3.41144006429251, -3.50644789325746, -3.58971488806867, -3.66124094544178, -3.72102595476064, -3.76906980343462, -3.80537238323908, -3.82993359714014, -3.84275336598864, -3.84383163445086, -3.83316837564404, -3.81076359415998, -3.77661732745961, -3.73072964595523, -3.67310065241451, -3.60373048157973, -3.52261930108863, -3.42976731493345, -3.32517477086898, -3.20884197348463, -3.08075507346604, -2.94075631567567, -2.78826906975517, -2.62206196421324, -2.44019510228217, -2.24007810438983, -2.0185231123999, -1.77178352724024, -1.49564923929443, -1.1854892967478, -0.836300550375788, -0.442832970709778, 0.000360054661050879, 0, -0.294009111137083, -0.576316970239563, -0.846923588487785, -1.10582897866859, -1.35303315493014, -1.58853613236821, -1.81233792640518, -2.02443855192476, -2.22483802213146, -2.41353634711737, -2.59053353214113, -2.75582957565648, -2.90942446717105, -3.05131818506879, -3.18151069458629, -3.30000194618797, -3.40679187462473, -3.50188039897296, -3.58526742392034, -3.6569528424828, -3.71693654019943, -3.76521840067126, -3.80179831210976, -3.82667617437947, -3.83985190590035, -3.84132544975762, -3.83109677847087, -3.80916589709654, -3.77553284464624, -3.73019769414814, -3.6731605520048, -3.60442155756878, -3.52398088405492, -3.43183874206296, -3.32799538716265, -3.21245113330558, -3.08519214407753, -2.94605835666512, -2.79446280402914, -2.62914589947655, -2.44811610636836, -2.24870961900406, -2.02764396785629, -1.7810587491587, -1.50461442840377, -1.1935355672927, -0.842659871790952, -0.446568910542012, 0.00035862483036958, 0, -0.29342432718442, -0.575186511515303, -0.845286564438695, -1.10372449902231, -1.35050032969852, -1.58561407183374, -1.80906574108474, -2.02085535250383, -2.2209829193615, -2.409448451669, -2.58625195440617, -2.75139342549357, -2.90487285359244, -3.04669021586994, -3.17684547592612, -3.29533858213442, -3.40216946668884, -3.49733804566259, -3.58084422035193, -3.65268788009352, -3.71286890660259, -3.76138717969219, -3.79824258402841, -3.82343501638966, -3.83696439277623, -3.83883065469824, -3.82903377407779, -3.80757375642977, -3.77445064230403, -3.72966450732594, -3.67321546150851, -3.60510364878443, -3.52532924790981, -3.43389247604976, -3.33079359653931, -3.21603293263267, -3.08959666074243, -2.95132254587383, -2.8006137655864, -2.63618319280428, -2.4559882851357, -2.25729239125153, -2.03671895512963, -1.79029422620572, -1.51354754290566, -1.20155729880107, -0.849002233689057, -0.450295645994439, 0.000358401796836716, 0, -0.292844686312608, -0.574065987388091, -0.843663914935836, -1.10163848230195, -1.3479897042005, -1.58271759626618, -1.80582217438809, -2.01730345378569, -2.21716144779492, -2.40539616634694, -2.58200761414533, -2.74699578858225, -2.90036067748005, -3.0421022567999, -3.17222048851966, -3.29071531894018, -3.39758667772088, -3.49283447795792, -3.57645861758541, -3.64845898229241, -3.70883545000292, -3.75758789677401, -3.79471620375597, -3.8202202646663, -3.83409999310472, -3.83635532901772, -3.8269862437326, -3.80599274321603, -3.77337486953991, -3.72913270090131, -3.67326635088932, -3.60577596797385, -3.52666173640081, -3.43592387984001, -3.33356266932008, -3.21957843731194, -3.09395737294933, -2.95653520448053, -2.8067057327409, -2.64315496021323, -2.46378996838073, -2.26580183677754, -2.04572044428189, -1.7994591484419, -1.52241653793352, -1.20952513171415, -0.85530491326946, -0.454001041929777, 0.00035698093564146, 0, -0.292268005112071, -0.572951178175872, -0.842049531162772, -1.09956307769584, -1.34549183276937, -1.57983581228499, -1.80259503236295, -2.01376950838901, -2.21335925376428, -2.40136427834031, -2.57778458654586, -2.74262017524749, -2.89587103143299, -3.03753712986375, -3.16761843090379, -3.28611487879188, -3.39302640066567, -3.48835290665923, -3.5720942913613, -3.64425043683136, -3.70482121722065, -3.75380650484838, -3.7912061773656, -3.81702012544292, -3.83124826028987, -3.83389052029527, -3.82494687619244, -3.80441733439528, -3.77230193848764, -3.72860076922292, -3.67331394374572, -3.60644161503776, -3.52798397280433, -3.43794124718418, -3.33631371685732, -3.22310172346076, -3.09829146878703, -2.9617167789508, -2.8127625527486, -2.65008858609584, -2.47155220846242, -2.27427174961771, -2.05468302476083, -1.80858693963795, -1.53125170801119, -1.2174642660695, -0.861586049843756, -0.457694210153958, 0.000356245827361712, 0, -0.291696435777244, -0.57184624335849, -0.840449434974752, -1.09750602452358, -1.34301602727703, -1.57697945940127, -1.79939633724568, -2.01026667636089, -2.20959049021262, -2.39736778857358, -2.57359857560022, -2.73828284763824, -2.89142059084836, -3.03301177880288, -3.16305637026631, -3.28155430743355, -3.3885055149427, -3.4839098999917, -3.56776735385307, -3.64007775498814, -3.70084097380788, -3.75005687892545, -3.78772534452207, -3.81384625824657, -3.82841952893731, -3.83144509343685, -3.82292292188725, -3.80285302114304, -3.77123543628397, -3.72807025059444, -3.67335758474046, -3.60709759617289, -3.52929048000533, -3.43993647278515, -3.33903586077254, -3.22658899468525, -3.10258208886969, -2.96684720170346, -2.81876080223539, -2.65695713949291, -2.47924441118305, -2.28266877500199, -2.0635725059142, -1.81764450706896, -1.54002299015991, -1.22534959895138, -0.867827429854061, -0.461365756049026, 0.000354841170550846, 0, -0.291129956741468, -0.570751141270945, -0.838863566076753, -1.09546724532847, -1.34056219457342, -1.57414843023998, -1.79622596890462, -2.00679482628138, -2.2058550159001, -2.39340654745538, -2.5694494248339, -2.73398364386517, -2.88700918989032, -3.0285260353032, -3.15853413728305, -3.27703343599908, -3.38402385361196, -3.4795052944093, -3.56347764637649, -3.63594078440797, -3.69689457520678, -3.7463388837117, -3.78427358066345, -3.81069855071405, -3.82561370034962, -3.82901896487783, -3.82091431385218, -3.80129975456127, -3.77017533356475, -3.72754113665283, -3.67339728797889, -3.60774394942054, -3.53058132144878, -3.44190964695957, -3.34172921972237, -3.23004039945068, -3.10682941294029, -2.9719266843212, -2.82470072115109, -2.66376087923887, -2.48686683927696, -2.29099315965512, -2.07238909429011, -1.82663198946398, -1.54873042494102, -1.23318104044962, -0.874028799331406, -0.465015227264633, 0.000353452388589859, 0, -0.29056801214097, -0.56966479873845, -0.837290372535992, -1.09344474797301, -1.33812794086987, -1.57133996791506, -1.79308084591032, -2.00335059073184, -2.20214921597307, -2.3894767312512, -2.56533314018533, -2.72971843809302, -2.88263260950244, -3.02407562563849, -3.15404744210789, -3.27254799707036, -3.37957721022887, -3.47513498298385, -3.55922120005947, -3.63183573281136, -3.69297844426349, -3.74264919570874, -3.78084785447355, -3.80757430223561, -3.8228284431459, -3.82661021098749, -3.81891957472799, -3.79975654208436, -3.76912116108208, -3.72701351999486, -3.67343374643334, -3.60838200666415, -3.53185850647043, -3.44386349504338, -3.34439727359865, -3.23346021076992, -3.11103854570943, -2.97696120092461, -2.83058904635968, -2.67050705555852, -2.49442700026889, -2.29925240741945, -2.0811400248148, -1.83555608413729, -1.55737990067863, -1.24096339660284, -0.880193607499466, -0.468644440985438, 0.000352169978609429, 0, -0.290010237289014, -0.568586511519236, -0.835728835687529, -1.09143722450112, -1.33571169405139, -1.56855226128498, -1.78995894322726, -1.99993175591534, -2.19847071300587, -2.38557582403922, -2.56124709236899, -2.72548451280465, -2.8782880690675, -3.01965773122226, -3.14959345331486, -3.26809517151047, -3.37516280307253, -3.47079624653558, -3.55499538338652, -3.62776008146799, -3.68909020015159, -3.73898559711045, -3.77744613628103, -3.80447169638747, -3.82006217926136, -3.82421751717083, -3.81693767850004, -3.79822267138921, -3.76807254531678, -3.72648739101951, -3.67346733953762, -3.60901256149212, -3.53312326793675, -3.44579971430885, -3.34704220921232, -3.23685113013154, -3.11521272848977, -2.98195456499731, -2.83643012174627, -2.67720041203366, -2.50192988737044, -2.30745159398642, -2.08983027347736, -1.84442147264169, -1.56597559978509, -1.24870013864795, -0.88632439742338, -0.472254792231081, 0.000350968200526769, 0, -0.289456601684889, -0.567516220694213, -0.834178870276246, -1.08944456540402, -1.3333133224379, -1.56578515858077, -1.78686009107995, -1.99653813613232, -2.19481930745726, -2.38170361451898, -2.55719106040755, -2.72128163942823, -2.87397533450151, -3.01527211454062, -3.14517193204233, -3.26367472119209, -3.37078039683189, -3.46648885465149, -3.55079997292428, -3.62371361600554, -3.685229639641, -3.73534789791007, -3.7740682513833, -3.80139057585186, -3.81731477084368, -3.82184076712146, -3.8149685324884, -3.79669807550288, -3.76702944708354, -3.72596274040989, -3.67349808992424, -3.60963567056762, -3.5343756986231, -3.44771843572545, -3.34966419780928, -3.24021337114072, -3.11935221932926, -2.98690708027197, -2.84222429648323, -2.68384134002321, -2.50937592647197, -2.31559116815854, -2.09846029693935, -1.85322860164084, -1.5745179388931, -1.25639163160132, -0.892421459939123, -0.475846474604605, 0.000349773857672986, 0, -0.28890707723153, -0.566453871984879, -0.832640397757843, -1.08746666978726, -1.33093270470049, -1.56303851995471, -1.78378413301758, -1.99316956024456, -2.19119481541733, -2.37785990792452, -2.55316484059475, -2.71710960723284, -2.8696941899645, -3.01091855656012, -3.14078265797885, -3.25928642644114, -3.36642977438548, -3.46221259467784, -3.54663476240169, -3.61969613845044, -3.68139657497021, -3.73173592247257, -3.77071403818605, -3.79833079498934, -3.8145860901223, -3.81947985285163, -3.81301205040205, -3.79518269174508, -3.76599182922682, -3.72543955844941, -3.67352601722994, -3.61025138479533, -3.53561588261698, -3.44961977847874, -3.35226339558878, -3.24354712892646, -3.12345725420332, -2.99181902460688, -2.84797188978694, -2.69043019659086, -2.51676550467843, -2.32367153540551, -2.10703050400113, -1.86197786548169, -1.58300727796436, -1.26403817955335, -0.898485020764417, -0.479419612385226, 0.000348587413911139, 0, -0.288361636018833, -0.565399411474004, -0.831113340110955, -1.08550343742836, -1.32856972031854, -1.56031220649112, -1.78073091363242, -1.98982585825535, -2.18759705420344, -2.37404451079036, -2.54916823058524, -2.71296820689629, -2.86544442106043, -3.00659683971374, -3.13642541228928, -3.2549300690571, -3.36211072007001, -3.45796725539103, -3.54249954693715, -3.61570745216521, -3.67759081964785, -3.72814949635443, -3.76738333619525, -3.79529220915685, -3.81187601020646, -3.81713466712424, -3.81106814655886, -3.79367645788993, -3.76495965487844, -3.72491783552911, -3.67355114100675, -3.61085975479023, -3.53684390349858, -3.45150386101668, -3.3548399577695, -3.24685259738165, -3.127528067583, -2.99669067407755, -2.85367321880651, -2.69696733646415, -2.52409900654255, -2.33169309851477, -2.1155413007649, -1.87066965593401, -1.59144397465859, -1.27164008473397, -0.904515304372607, -0.48297432940302, 0.000347408805256189, 0, -0.287820250336919, -0.564352785631218, -0.829597619874119, -1.08355476882416, -1.32622424963666, -1.55760608027179, -1.77770027863291, -1.98650686138921, -2.18402584244566, -2.37025723104155, -2.54520102948855, -2.70885723060198, -2.86122581493594, -3.00230674800071, -3.13209997771464, -3.25060543241194, -3.35782301977741, -3.45375262709184, -3.53839412312902, -3.6117473619343, -3.67381218853283, -3.72458844637726, -3.76407598608324, -3.79227467476534, -3.80918440513355, -3.81480510349081, -3.80913673591217, -3.79217931218037, -3.76393288745876, -3.72439756213478, -3.673573480694, -3.61146083083359, -3.53805984427977, -3.45337080097074, -3.35739403849191, -3.25012996904554, -3.1315648922968, -3.00152230281665, -2.85932859844039, -2.70345311182592, -2.53137681382959, -2.33965625732767, -2.12399309034045, -1.87930436186365, -1.59982838397191, -1.2791976471138, -0.91051253355334, -0.486510748555429, 0.000346237972228269, 0, -0.287282892674335, -0.563313941309528, -0.828093160140733, -1.0816205651844, -1.32389617385687, -1.55492000436698, -1.77469207483354, -1.98321240208086, -2.18048100007491, -2.36649787798123, -2.54126303785596, -2.70477647202531, -2.85703816026645, -2.9980480669723, -3.12780613855786, -3.24631230143589, -3.35356646094077, -3.44956850159163, -3.53431828904216, -3.60781567395122, -3.67006049782219, -3.72105260061634, -3.7607918296781, -3.78927804927014, -3.80651114986048, -3.81249105628412, -3.8072177340449, -3.79069119332373, -3.76291149067391, -3.72387872884582, -3.67359305561908, -3.6120546628757, -3.53926378740897, -3.45522071516296, -3.35992579082757, -3.25337943511559, -3.135567959545, -3.0063141830311, -2.86493834135633, -2.7098878723374, -2.53859930554299, -2.34756140876709, -2.13238627287369, -1.88788236926071, -1.60816085826338, -1.2867111644274, -0.916476929431029, -0.490028991819281, 0.000345074855887084, 0, -0.286749535716395, -0.56228282574212, -0.826599884554421, -1.07970072842573, -1.32158537503143, -1.55225384282718, -1.77170615014564, -1.97994231396509, -2.17696234831209, -2.36276626227901, -2.53735405766844, -2.70072572632117, -2.85288124724331, -2.99382058371884, -3.12354368067062, -3.24205046260432, -3.34934083252137, -3.4454146721996, -3.53027184419563, -3.60391219580657, -3.66633556503965, -3.71754178838989, -3.7575307099538, -3.78630219116206, -3.80385612025587, -3.81019242061151, -3.80531105716402, -3.78921204048757, -3.76189542851303, -3.72336132633415, -3.67360988499801, -3.61264130053828, -3.54045581477538, -3.45705371961225, -3.36243536678761, -3.25660118545819, -3.13953749891276, -3.01106658501769, -2.87050275800981, -2.7162719651593, -2.54576685794793, -2.35540894686264, -2.14072124557251, -1.89640406126492, -1.61644174727842, -1.29418093219322, -0.922408711479771, -0.493529180259075, 0.000343919397826242, 0, -0.286218476803518, -0.561256149424777, -0.825113032582052, -1.07778914280262, -1.31928449801979, -1.54959911693496, -1.7687330180937, -1.97668621862761, -2.17345873262359, -2.35905056910116, -2.53346172961052, -2.6966922055092, -2.84874197503561, -2.98961100036968, -3.11929922494866, -3.2378065713794, -3.34513294034046, -3.44127821088027, -3.5262422424716, -3.60002487906417, -3.66262595518385, -3.71404530387397, -3.75428276599654, -3.78333820016175, -3.80121149239272, -3.80790256461228, -3.80341138118799, -3.78773795308437, -3.76088233960266, -3.72284464816853, -3.67362503308109, -3.61322369450633, -3.54164087926866, -3.45887688520251, -3.36493207106316, -3.25980687441252, -3.14348763026254, -3.01579620921147, -2.87604124297164, -2.72262758975639, -2.55290392894816, -2.36322440507121, -2.1490234250232, -1.90489354270704, -1.6246926473578, -1.30162484027645, -0.928320864361593, -0.497018194152293, 0.000343195620677861, 0, -0.285691385712064, -0.560237138350219, -0.823637272871942, -1.07589180605743, -1.31700075609599, -1.5469641419329, -1.76578198232505, -1.97345429455625, -2.16998109277328, -2.35536238592346, -2.52959817530648, -2.69268845180032, -2.84463319288154, -2.98543235963429, -3.11508589402139, -3.23359371676509, -3.34095572623839, -3.43717179878056, -3.52224179080331, -3.59616554293355, -3.65894288624118, -3.71057365034278, -3.75105767288894, -3.78039480968911, -3.7985849445634, -3.80562799799033, -3.80152393377235, -3.78627276325948, -3.75987454711105, -3.72232939506524, -3.67363746464687, -3.61379896012128, -3.54281413327733, -3.46068328783427, -3.36740678950877, -3.26298508420188, -3.1474045185674, -3.0204866895058, -2.88153478491935, -2.72893297365733, -2.55998652842634, -2.37098275818611, -2.15726793747866, -1.91332727567365, -1.63289253901694, -1.30902556884092, -0.934200948137347, -0.500489653223198, 0.000342043986884977, 0, -0.285168248922051, -0.559225766385353, -0.822172567584772, -1.07400866955151, -1.31473409072892, -1.54434885030435, -1.76285296724442, -1.97024645898399, -2.16652933972935, -2.35170161835615, -2.52576329591558, -2.6887143628097, -2.84055479575899, -2.98128455476017, -3.11090358031272, -3.22941179126844, -3.33680908371206, -3.43309533129384, -3.51827038738714, -3.59233408932055, -3.65528626473331, -3.70712673984006, -3.74785534910302, -3.77747194555059, -3.79597641081482, -3.80336866393903, -3.79964866816297, -3.78481643521726, -3.75887202710717, -3.72181555586395, -3.6736471822119, -3.61436711448291, -3.54397560939084, -3.46247297649325, -3.36985958841328, -3.26613589932519, -3.15128826744368, -3.02513814867141, -2.88698352426926, -2.73518827056146, -2.56701481490073, -2.3786841573776, -2.16545491141244, -1.92170534798283, -1.64104144941512, -1.31638306289674, -0.940048803195716, -0.503943270202718, 0.000340902735283866, 0, -0.284649039490955, -0.558221981482909, -0.820718841406307, -1.07213963654146, -1.31248438558384, -1.54175310796103, -1.75994582284781, -1.967062547829, -2.16310329716996, -2.34806807967527, -2.5219568961495, -2.68476973652246, -2.83650657676434, -2.97716737579263, -3.10675207265453, -3.22526058434547, -3.332692804679, -3.42904860463645, -3.51432783457537, -3.58853032855035, -3.65165591079506, -3.70370440414696, -3.74467563990268, -3.77456946832915, -3.79338576888524, -3.80112445918814, -3.79778550191722, -3.78336890917889, -3.75787474431224, -3.72130312162236, -3.67365420500694, -3.61492820683181, -3.54512538869672, -3.46424606595132, -3.3722906180706, -3.26925950743668, -3.15513910374468, -3.02975085372693, -2.89238776762089, -2.74139382322406, -2.57398915978447, -2.38632899154233, -2.17358473887166, -1.93002813790957, -1.64913972410638, -1.32369761485886, -0.945864647433106, -0.507379166553924, 0.000339768976847399, 0, -0.284133344278726, -0.557224986313938, -0.819274941770045, -1.07028322817475, -1.31024986447394, -1.53917487033377, -1.75705826513578, -1.96390006661372, -2.15970028909166, -2.3444589413036, -2.51817602380925, -2.68085152606941, -2.83248542330913, -2.97307767337408, -3.10262821386909, -3.22113695994584, -3.32860380316213, -3.42502861184838, -3.51041123336661, -3.58475149851934, -3.64804922815738, -3.70030424176325, -3.74151636748874, -3.77168545285704, -3.79081137516747, -3.79889405061944, -3.79593344133435, -3.78192955979036, -3.75688247064976, -3.72079229047449, -3.67365918631251, -3.61548337453457, -3.54626512159145, -3.46600474858372, -3.37470264178958, -3.27235927174066, -3.1589610195408, -3.03432936245072, -2.89775248473101, -2.74755485612339, -2.58091488099871, -2.39392250713947, -2.18166242684014, -1.93830024240944, -1.6571913774899, -1.33097248262362, -0.951650807380775, -0.510798562065172, 0.00033870534484548, 0, -0.283620971239403, -0.55623441021967, -0.817840332837642, -1.0684387568668, -1.30802970150179, -1.53661318664582, -1.75418923188582, -1.96075785510354, -2.15631907068135, -2.34087288728321, -2.51441930522556, -2.67695831350329, -2.82848988660118, -2.96901398130008, -3.09853053377184, -3.21703945733635, -3.32454064131027, -3.4210339513902, -3.50651923196188, -3.58099631059657, -3.64446500478372, -3.69692513067213, -3.73837651328841, -3.76881899742896, -3.78825245824652, -3.79667681053081, -3.79409201584763, -3.78049808704321, -3.75589509009315, -3.72028314380026, -3.673662418341, -3.61603313406374, -3.54739556223739, -3.46775002967456, -3.3770969294108, -3.27543674007223, -3.16275585410375, -3.03887577920735, -2.90307997937833, -2.75367380389136, -2.58779447156793, -2.401467179598, -2.18969035412693, -1.94652386215499, -1.66519834863647, -1.33820925878599, -0.957408443365882, -0.514202098491469, 0.000337675208069821, 0, -0.283111898499993, -0.555250210940121, -0.816414953448132, -1.06660614404168, -1.30582380216254, -1.53406794794943, -1.75133860119336, -1.95763577992309, -2.15295949857898, -2.33730976575536, -2.51068658152707, -2.67308993442613, -2.82451979820192, -2.9649761285774, -3.09445886030079, -3.21296790487207, -3.32050314938124, -3.41706445690808, -3.50265166888118, -3.57726460966118, -3.64090309339756, -3.69356693292649, -3.73525595016891, -3.76596998721127, -3.78570891707263, -3.79447265314105, -3.7922611564291, -3.77907444014742, -3.75491257157505, -3.71977567173985, -3.67366391392515, -3.61657752242979, -3.54851677330812, -3.46948199904627, -3.37947359939146, -3.27849206100966, -3.16652378761966, -3.04339031727818, -2.90837049897993, -2.75975094666133, -2.59462823909145, -2.40896333526101, -2.19766885410115, -1.95469932335756, -1.67316094048007, -1.34540820547574, -0.963137758263117, -0.517589900486303, 0.000336651315575587, 0, -0.282605170344109, -0.554270542700027, -0.81499613342532, -1.06478196078065, -1.3036280444538, -1.53153440481783, -1.74850106186689, -1.95452803377609, -2.14961533504347, -2.33376297419412, -2.50697095106236, -2.66923925371958, -2.82056785518319, -2.96095671012326, -3.09040575187104, -3.20891489011515, -3.31648400972934, -3.41311297118878, -3.49880161297866, -3.57354975626395, -3.63735721186959, -3.69022378933434, -3.73214930748774, -3.76313360571852, -3.7831765549216, -3.79227806708938, -3.79043810268325, -3.77765667527588, -3.75393385344307, -3.71926976042662, -3.67366457260154, -3.61711851819795, -3.54963187803257, -3.47120499023766, -3.38183826123984, -3.28153218570621, -3.17027317858174, -3.04788280821615, -2.91363541345297, -2.76579894929856, -2.60142960351972, -2.41642460791796, -2.20561123029453, -1.96283905283535, -1.68109015485397, -1.35257834999285, -0.968845254488796, -0.520965394765009, 0.000335833927633811, 0, -0.282101746108573, -0.553297258257851, -0.813586553033691, -1.06296964893817, -1.3014465659034, -1.52901732453531, -1.74568194502983, -1.95144044570744, -2.14629284112352, -2.33023913973441, -2.50327934113552, -2.66541343294068, -2.81664138744017, -2.95696315825814, -3.08637867731819, -3.2048878525095, -3.31249056650407, -3.40918667718947, -3.49497602012663, -3.5698584133055, -3.63383366424791, -3.68690157921627, -3.72906197396829, -3.76031468521181, -3.78065958173054, -3.79009657412923, -3.78862562232044, -3.77624674023524, -3.7529599977363, -3.7187655202635, -3.6736634872619, -3.61765413086571, -3.55073773662133, -3.47291464826852, -3.38418527886764, -3.2845501310322, -3.17399563086613, -3.05234337692548, -2.91886330184583, -2.77180509222752, -2.60818509918033, -2.42383733966417, -2.21350418498888, -1.97093066428227, -1.6889750671395, -1.35971077896557, -0.974524578993268, -0.5243253374466, 0.000334808706712431, 0, -0.281601611229922, -0.552330329460836, -0.812186171505377, -1.06116915610543, -1.29927930343584, -1.52651663433383, -1.74288116919579, -1.94837292648665, -2.14299192081877, -2.32673816058016, -2.49961164512901, -2.66161236162457, -2.81274028163489, -2.95299535774507, -3.08237752048041, -3.20088667594244, -3.30852270461589, -3.40528546181763, -3.4911747802034, -3.56619047460872, -3.63033234927359, -3.68360020720508, -3.7259938611085, -3.75751314502759, -3.7781579256477, -3.78792811219389, -3.78682366403227, -3.77484459544863, -3.75199097758273, -3.7182629380567, -3.67366065936408, -3.61818437751614, -3.55183438275638, -3.47461102439362, -3.3865147220765, -3.28754598631048, -3.17769125429144, -3.05677215469555, -2.92405431743978, -2.77776954875995, -2.61489491359887, -2.43120172296075, -2.2213479033397, -1.97897432086577, -1.69681580198167, -1.36680556064539, -0.980175724835326, -0.527669627064711, 0.000333791228339986, 0, -0.281104754171427, -0.551369734032679, -0.810794956621657, -1.05938044091845, -1.29712620733903, -1.5240322769504, -1.74009867034808, -1.94532540614047, -2.13971249899657, -2.32325995723659, -2.49596777998301, -2.65783595394361, -2.80886444996899, -2.94905321961215, -3.07840219200929, -3.19691127148613, -3.30458033635453, -3.40140923937751, -3.4873978103246, -3.56254586089742, -3.62685319207536, -3.68031960363106, -3.72294490523687, -3.75472892828908, -3.7756715373875, -3.78577264038548, -3.78503219610502, -3.77345021918299, -3.75102678202646, -3.71776201442408, -3.6736561018964, -3.61870928430478, -3.55292185655738, -3.47629417349376, -3.38882666130557, -3.29051983833594, -3.18136015280595, -3.06116926342599, -2.92920859951081, -2.78369247254197, -2.62155920979395, -2.43851792356154, -2.22914254591614, -1.98697016914448, -1.70461248556431, -1.37386279704447, -0.985798765975803, -0.53099830562248, 0.000332775339671687, 0, -0.280611154269873, -0.550415432048575, -0.809412850597768, -1.05760342913417, -1.29498718831326, -1.52156414943031, -1.73733433327863, -1.9422977586092, -2.13645444014728, -2.31980438614571, -2.49234759549293, -2.65408405444825, -2.80501373314957, -2.94513658212467, -3.07445252912986, -3.19296147672679, -3.30066330106871, -3.3975578523816, -3.48364495756762, -3.55892442521487, -3.62339605306325, -3.67705963767173, -3.71991498569896, -3.75196192591042, -3.7732003208331, -3.78363007695652, -3.78325115256095, -3.77206356263069, -3.75006738083043, -3.71726273909969, -3.67364982596468, -3.61922888511006, -3.55400021607644, -3.47796417919602, -3.39112120715847, -3.29347182609065, -3.18500249517255, -3.06553490306335, -2.93432638012415, -2.78957412623115, -2.62817827570097, -2.44578624596544, -2.23688842215779, -1.99491850948147, -1.71236539325999, -1.38088272124637, -0.991393875007194, -0.534311466508203, 0.000331765797614514, 0, -0.280120518652167, -0.549466858065334, -0.808039035723555, -1.05583707107872, -1.29286098502439, -1.51911079908265, -1.73458653424347, -1.93928820939951, -2.13321583933195, -2.31636943222674, -2.48874898673967, -2.65035448868435, -2.80118590749038, -2.94124319266652, -3.07052627059763, -3.18903504209195, -3.29676938115725, -3.39372913549772, -3.47991412916541, -3.55532416765358, -3.61995904548193, -3.67381855601478, -3.71690250291482, -3.74921071233195, -3.77074304473208, -3.78149940524829, -3.78147975162139, -3.77068409917997, -3.74911252283764, -3.71676515667065, -3.67364219219158, -3.61974387688409, -3.55507051489198, -3.47962247200552, -3.39340018737152, -3.29640419485162, -3.18862096452446, -3.06987221492034, -2.93941120413737, -2.79541832859211, -2.63475606994543, -2.45301065121887, -2.24458935519237, -2.00282288436388, -1.72007764231384, -1.3878678792914, -0.996962879925974, -0.537610072340884, 0.000330812969262184, 0, -0.279633119733662, -0.548524537967151, -0.806674272405421, -1.05408234273397, -1.2907487700828, -1.51667357619937, -1.73185678226896, -1.93629840732497, -2.12999846620417, -2.31295696702608, -2.48517390821544, -2.64664927514313, -2.79738303653523, -2.9373751408883, -3.06662551322487, -3.18513405261145, -3.29290063092451, -3.38992509336312, -3.47620726114799, -3.55174693669773, -3.61654391133282, -3.67059797524359, -3.7139089291159, -3.74647659650055, -3.76830083581503, -3.7793815508438, -3.77971869879054, -3.76931229532452, -3.74816241659861, -3.71626919881025, -3.67363283643716, -3.62025358073537, -3.55613174041985, -3.48126768670109, -3.39566186513833, -3.29931481727437, -3.19221302402061, -3.07417823369358, -2.94445973883647, -2.80122151656436, -2.64128893323484, -2.46018751464531, -2.25224188300073, -2.01068012014657, -1.72774647131538, -1.39481604449648, -1.00250421036813, -0.540893330169939, 0.00032981143176547, 0, -0.279148938408787, -0.547588434834437, -0.805318507201323, -1.05233917542697, -1.28865046087628, -1.51425238552054, -1.72914497073904, -1.93332823570503, -2.1268021953105, -2.30956685760899, -2.48162222079577, -2.64296826980202, -2.79360497265497, -2.93353227684578, -3.06275010604375, -3.18125835758522, -3.2890569012295, -3.3861455796871, -3.47252421136598, -3.54819259563028, -3.61315052062208, -3.66739777337821, -3.71093415162676, -3.7437594763358, -3.76587360388696, -3.77727643672391, -3.77796793151545, -3.76794810426799, -3.74721703236405, -3.71577485410676, -3.67362176691793, -3.62075802579947, -3.55718394400569, -3.48289989812967, -3.39790634009862, -3.30220381908323, -3.19577882676213, -3.07845314115368, -2.94947219544999, -2.80698392915282, -2.64777712692886, -2.46731711117826, -2.2598462824331, -2.01849048156824, -1.73537211698238, -1.40172740827392, -1.00801799425912, -0.544161285748433, 0.000328816507805141, 0, -0.27866795409027, -0.5466585088893, -0.803971682539404, -1.05060749518859, -1.28656596843506, -1.51184712447246, -1.72645098487279, -1.93037756894823, -2.12362689164564, -2.30619896095306, -2.47809377483783, -2.6393113177944, -2.78985155715587, -2.92971443941472, -3.05889988689602, -3.17740779521751, -3.28523803203533, -3.38239043758789, -3.4688648274889, -3.54466099806806, -3.60977873430971, -3.6642178201176, -3.70797805028094, -3.74105924320135, -3.76346125323711, -3.7751839814988, -3.77622738412269, -3.76659147744871, -3.74627634007949, -3.71528211240854, -3.67360899478075, -3.62125724591766, -3.55822718358122, -3.48451918970978, -3.4001337225543, -3.30507133886044, -3.19931854100897, -3.08269713663619, -2.95444880528274, -2.81270582807143, -2.65422093788119, -2.47439974421017, -2.26740286196672, -2.02625426838504, -1.74295485467782, -1.40860220455769, -1.01350440617951, -0.547414035881721, 0.000327827799285973, 0, -0.278190148567698, -0.545734724948757, -0.802633747501968, -1.04888723660427, -1.28449521408562, -1.5094577023605, -1.72377472319238, -1.92744629603143, -2.12047243587903, -2.30285315065819, -2.47458843810989, -2.63567828229478, -2.7861226498565, -2.92592148629554, -3.05507471260175, -3.17358222268566, -3.28144388211426, -3.37865952867017, -3.46522897519127, -3.54115201499269, -3.60642842992164, -3.66105800076902, -3.70504051940402, -3.73837580167795, -3.76106369993817, -3.77310411396987, -3.77449699937907, -3.76524237283566, -3.74534031415295, -3.71479096579949, -3.67359453102246, -3.62175127223684, -3.55926151168082, -3.48612563660079, -3.40234411152758, -3.30791750072918, -3.20283231722375, -3.08691039818215, -2.95938977468921, -2.81838744628639, -2.66062062028976, -2.48143568048655, -2.27491189074539, -2.03397174096798, -1.75049492299347, -1.41544063579989, -1.01896359719868, -0.550651664519387, 0.000326844421452144, 0, -0.277715512838774, -0.544817065632799, -0.801304676955878, -1.04717836741234, -1.28243815906232, -1.50708407453971, -1.72111613579811, -1.92453436242479, -2.1173387694753, -2.29952936480808, -2.47110614593932, -2.63206909649878, -2.78241818244532, -2.92215334829413, -3.05127451370874, -3.16978157090394, -3.27767438337143, -3.37495278645438, -3.46161659023321, -3.53766558502828, -3.60309954957021, -3.65791826155725, -3.70212150995734, -3.73570910808762, -3.75868090629691, -3.77103680305271, -3.77277675343304, -3.76390077443425, -3.74440894707085, -3.71430141587121, -3.67357838696404, -3.6222401264317, -3.56028696095722, -3.48771928305801, -3.40453756350097, -3.31074237402395, -3.20632023821793, -3.09109302270523, -2.96429521378028, -2.82402890378156, -2.66697629899783, -2.48842504330595, -2.2823734857382, -2.0416430069798, -1.75799241679026, -1.4222427802158, -1.02439562485202, -0.553874204404647, 0.000325862549798384, 0, -0.277244026820617, -0.543905492138108, -0.79998441473984, -1.04548081545599, -1.28039471657536, -1.5047261409497, -1.71847511072155, -1.92164164561433, -2.11422576073745, -2.2962274638852, -2.46764675235051, -2.62848360933524, -2.77873800011804, -2.91840986823543, -3.04749913203357, -3.16600568204277, -3.27392937969336, -3.3712700579052, -3.45802752401948, -3.53420156538155, -3.59979195762578, -3.6547984753779, -3.6992209047232, -3.73305905646072, -3.75631277895304, -3.76898196935757, -3.77106658222665, -3.76256663487955, -3.74348220952259, -3.71381345272884, -3.67356057348789, -3.62272384152358, -3.56130358793263, -3.48930021046663, -3.40671418608505, -3.31354609394344, -3.2097824681415, -3.09524520467034, -2.96916534818898, -2.82963045579482, -2.67328825365711, -2.49536812828384, -2.28978794726066, -2.04926835784843, -1.76544760319144, -1.4290088638671, -1.02980065650543, -0.557081746074814, 0.000324886831283289, 0, -0.276775670362209, -0.54299996552964, -0.798672904501782, -1.04379450833314, -1.27836479953961, -1.50238380118941, -1.71585153561269, -1.91876802266815, -2.11113327751869, -2.29294730789495, -2.46421011086811, -2.62492166921501, -2.77508194753872, -2.91469088840366, -3.04374840884746, -3.16225439772726, -3.27020871442569, -3.36761118945544, -3.4544616274366, -3.53075981275906, -3.59650551798123, -3.65169851467626, -3.69633858606532, -3.73042554044527, -3.75395922420468, -3.76693953319851, -3.76936642145559, -3.76123990661466, -3.74256007206454, -3.71332706640794, -3.67354110147483, -3.62320245060479, -3.56231144927728, -3.49086850044146, -3.40887408720617, -3.31632879609282, -3.21321917164613, -3.09936713914388, -2.97400040426626, -2.83519235843176, -2.67955676497883, -2.50226523233564, -2.297155577222, -2.056848086946, -1.77286075167444, -1.43573911564278, -1.0351788628942, -0.560274384058015, 0.000323917204905766, 0, -0.276310423465474, -0.542100447167872, -0.797370090317367, -1.04211937419129, -1.27634832153109, -1.50005695561999, -1.71324529897451, -1.91591337158773, -2.10806118867572, -2.28968875790589, -2.46079607612921, -2.62138312570038, -2.77144987055146, -2.91099625228133, -3.04002218662785, -3.15852756078618, -3.26651223210493, -3.36397602870561, -3.4509187525052, -3.52734018495759, -3.59324009556537, -3.64861825286894, -3.69347443724375, -3.72780845450032, -3.75162014906536, -3.76490941549889, -3.7676762073085, -3.75992054244894, -3.74164250548222, -3.71284224702578, -3.67351998172961, -3.62367598652345, -3.56331060123869, -3.49242423398578, -3.41101737397991, -3.31909061505693, -3.21663051214321, -3.10345901972163, -2.97880060665221, -2.84071486585352, -2.68578211153327, -2.50911665010338, -2.30447667521275, -2.06438248538615, -1.78023212963814, -1.44243376266289, -1.04053041343014, -0.563452212143379, 0.000322953623917654, 0, -0.275848266283388, -0.541206898705151, -0.796075916684722, -1.04045534172074, -1.27434519677873, -1.49774550535542, -1.71065629015251, -1.91307757129653, -2.10500936405638, -2.2864516760367, -2.45740450386978, -2.61786782949103, -2.76784161616604, -2.90732580453464, -3.03632030904366, -3.15482501523743, -3.26283977844407, -3.36036442440982, -3.44739875236643, -3.52394254085113, -3.58999555633071, -3.64555756433247, -3.69062834240448, -3.72520769388663, -3.74929546125584, -3.7628915377847, -3.76599587646177, -3.75860849555435, -3.74072948078847, -3.71235898478143, -3.673497224983, -3.62414448188765, -3.56430109964819, -3.49396749150018, -3.41314415272253, -3.32183168441432, -3.22001665182073, -3.10752103854861, -2.983566178299, -2.84619823030299, -2.69196456977881, -2.51592267398697, -2.31175153853707, -2.07187184205646, -1.78756200243415, -1.44909303030722, -1.04585547622644, -0.566615323400947, 0.000321996041855233, 0, -0.275387332237503, -0.540315710432212, -0.794785154212254, -1.03879568529699, -1.27234732687537, -1.49544010265713, -1.70807403552859, -1.91024914574945, -2.10196544864129, -2.28322295174623, -2.45402165147843, -2.61436152935524, -2.76424254797757, -2.90366464702883, -3.03262773966824, -3.15113170979365, -3.25917641071803, -3.35676166581846, -3.44388727164831, -3.5205530038355, -3.58675862581848, -3.64250390011872, -3.68778860146344, -3.72261253072731, -3.74697552844135, -3.76087748659266, -3.76431835765062, -3.75729816019262, -3.739816981104, -3.71187497499495, -3.67347236210596, -3.62460942648514, -3.56528651659352, -3.49550405077631, -3.4152625303579, -3.32456256367877, -3.22339072627581, -3.11156903084402, -2.98831577714794, -2.85166405327123, -2.69812880216303, -2.52271114177879, -2.31901129220576, -2.07934915619891, -1.79488237328359, -1.45574503368999, -1.05117538575002, -0.569775378755301, 0.000321951177081781, 0, -0.274929435218767, -0.539430390252375, -0.793502884936244, -1.03714694120896, -1.27036258248145, -1.493149832675, -1.70550871485935, -1.90743924942646, -2.09894145175029, -2.28001532931085, -2.4506608783057, -2.61087807983691, -2.76066689584521, -2.90002726506392, -3.0289590993733, -3.14746228103562, -3.25553666136204, -3.35318206137609, -3.44039827497038, -3.51718507488252, -3.58354222154226, -3.63946947448461, -3.68496660563392, -3.72003341341512, -3.74466973642518, -3.75887546537309, -3.76265055221122, -3.75599501582368, -3.73890894424603, -3.7113924940668, -3.67344588829728, -3.62506941451425, -3.56626342545688, -3.49702834454456, -3.41736467910518, -3.32727304467034, -3.22674002700682, -3.11558766781797, -2.99303133440027, -2.85709140530693, -2.70425089567609, -2.52945503191857, -2.32622567923638, -2.08678233553519, -1.80216217468154, -1.46236261002053, -1.05646976301298, -0.572921661771246, 0.000320993167793215, 0, -0.27447458637966, -0.538550959727115, -0.792229140083667, -1.03550914960566, -1.26839101192447, -1.49087475117152, -1.70296039059874, -1.90464795072949, -2.09593744698977, -2.2768288867979, -2.44732226613635, -2.60741756569475, -2.75711474675808, -2.89641374711606, -3.02531447737854, -3.14381681818322, -3.25192061885279, -3.34962569807297, -3.43693184709322, -3.51383883577991, -3.58034642157384, -3.636454361043, -3.68216242332692, -3.71747040441629, -3.74237814098597, -3.75688552247421, -3.76099250031858, -3.7546990937065, -3.7380053918147, -3.71091155319539, -3.67341780361069, -3.62552443414098, -3.56723180177345, -3.498540334966, -3.41945054700794, -3.32996306057153, -3.23006447159137, -3.11957685069917, -2.9977127337026, -2.86248014893173, -2.71033068470383, -2.53615414052617, -2.3333944446551, -2.09417105891313, -1.80940100242498, -1.46894525386993, -1.06173798231712, -0.576053406914935, 0.000320047249882882, 0, -0.27402276616585, -0.537677381075106, -0.790963864973562, -1.03388224023384, -1.26643253070628, -1.48861476073102, -1.70042895374098, -1.90187513039002, -2.09295330615585, -2.27366348839556, -2.444005672878, -2.60397983988316, -2.75358595004476, -2.89282394021524, -3.02169371974263, -3.14019516765095, -3.24832813128774, -3.34609242701646, -3.43348784346097, -3.51051414763534, -3.57717109401106, -3.6334584362084, -3.67937594059996, -3.71492340075768, -3.7401006514461, -3.75490758084009, -3.7593441398646, -3.75341034800701, -3.73710629557618, -3.71043214307343, -3.67338811899191, -3.6259745178907, -3.568191700975, -3.50004010170588, -3.42152023929221, -3.33263274349677, -3.23336422036032, -3.12353676936345, -3.00236019530459, -2.86783053328302, -2.71636844232791, -2.54280875657533, -2.34051788258865, -2.1015156126276, -1.81659912021779, -1.47549319030806, -1.066980213217, -0.579170710873913, 0.00031910715320782, 0, -0.273573955341772, -0.536809617130178, -0.789707005814113, -1.03226614398101, -1.2644870556987, -1.48636976551464, -1.69791429704148, -1.89912067106276, -2.08998890310755, -2.27051900047216, -2.44071095871329, -2.60056475770408, -2.75008035743139, -2.88925769381675, -3.01809667495485, -3.13659717826687, -3.24475904913842, -3.34258210162617, -3.43006612174579, -3.50721087367792, -3.57401610894419, -3.63048157823636, -3.67660704517794, -3.71239230093738, -3.7378371783807, -3.75294156442672, -3.75770540948989, -3.75212873335421, -3.73621162745172, -3.70995425421839, -3.6733568448587, -3.62641969738566, -3.56914317719274, -3.50152772270898, -3.42357385902126, -3.33528222293307, -3.23663943053007, -3.12746761006267, -3.00697393530067, -2.87314280280592, -2.72236443642356, -2.54941916336757, -2.34759628109582, -2.10881627659743, -1.82375678518069, -1.48200663772499, -1.07219661860684, -0.582273663813902, 0.000318172871339173, 0, -0.27312813481431, -0.535947631001405, -0.788458509211903, -1.0306607922466, -1.26255450438933, -1.48413967039348, -1.69541631405024, -1.89638445627194, -2.08704411263872, -2.26739529038651, -2.43743798486133, -2.59717217553224, -2.74659782174366, -2.88571485849248, -3.01452319262851, -3.13302269998084, -3.2412132239863, -3.33909457641013, -3.42666654067716, -3.50392887815327, -3.57088133742962, -3.6275236662885, -3.67385562562206, -3.70987700421049, -3.73558763303298, -3.75098739775951, -3.75607624829623, -3.75085420472043, -3.73532135957839, -3.70947787722642, -3.67332399156071, -3.62686000402361, -3.57008628416729, -3.50300327535381, -3.42561150850675, -3.33791162742083, -3.2398902581657, -3.13136955768312, -3.01155416819645, -2.87841720014018, -2.72831893287914, -2.55598564209629, -2.35462992608768, -2.11607332865334, -1.83087425251843, -1.48848581288884, -1.07738736018076, -0.585362355253378, 0.000317244359885338, 0, -0.272685285632526, -0.535091386072593, -0.787218322171171, -1.02906611694096, -1.26063479488037, -1.48192438094729, -1.69293489911029, -1.8936663704096, -2.0841188104761, -2.26429222648581, -2.43418661357549, -2.59380195081292, -2.74313819690439, -2.88219528592845, -3.01097312349838, -3.12947158386192, -3.23769050852014, -3.33562970696214, -3.42328896003911, -3.50066802632079, -3.56776665148708, -3.62458458042977, -3.67112157132721, -3.70737741058648, -3.73335192731156, -3.7490450059308, -3.75445659584419, -3.74958671741898, -3.73443546430689, -3.70900300277024, -3.6732895693775, -3.62729546897593, -3.57102107524702, -3.50446683645109, -3.42763328930741, -3.34052108455271, -3.2431168581802, -3.13524279574488, -3.01610110690829, -2.88365396611992, -2.73423219559563, -2.56250847184541, -2.36161910132453, -2.12328704453211, -1.83795177550995, -1.4949309309307, -1.08255259841119, -0.588436874034135, 0.000316321575155709, 0, -0.272245388986315, -0.534240845999669, -0.785986392090025, -1.02748205048056, -1.25872784588278, -1.47972380345772, -1.69046994735012, -1.8909662987273, -2.08121287327051, -2.2612096780963, -2.43095670813365, -2.59045394205173, -2.73970133792312, -2.87869882891417, -3.00744631941004, -3.1259436820877, -3.23419075652543, -3.3321873499514, -3.41993324066024, -3.49742818444401, -3.5646719240905, -3.6216642016198, -3.66840477251398, -3.70489342082201, -3.73112997378419, -3.74711431459445, -3.7528463921487, -3.7483262271009, -3.7335539141994, -3.70852962159836, -3.67325358851917, -3.62772612318977, -3.57194760339171, -3.50591848224909, -3.42963930223609, -3.34311072098259, -3.24631938434521, -3.13908750641468, -3.02061496277834, -2.88885333979076, -2.74010448650565, -2.56898792960956, -2.36856408843659, -2.13045769789672, -1.84498960552703, -1.5013422053606, -1.08769249256087, -0.591497308328064, 0.000315404473829717, 0, -0.271808426205079, -0.53339597470813, -0.784762666756754, -1.02590852578317, -1.25683357671055, -1.47753784490172, -1.68802135467636, -1.88828412732805, -2.07832617858813, -2.25814751551407, -2.42774813282848, -2.58712800880471, -2.73628710088588, -2.87522534133236, -3.00394263330943, -3.12243884793389, -3.23071382287411, -3.3287673631124, -3.41659924440383, -3.49420921978116, -3.56159702915903, -3.61876241170456, -3.66570512022089, -3.70242493641385, -3.72892168567152, -3.7451952499605, -3.75124557767477, -3.74707268975173, -3.7326766820276, -3.70805772453431, -3.67321605912698, -3.62815199739005, -3.57286592117614, -3.50735828843885, -3.43162964736673, -3.34568066243427, -3.24949798930175, -3.14290387051858, -3.02509594558927, -2.89401555842669, -2.74593606559195, -2.57542429031387, -2.37546516694415, -2.1375855603561, -1.8519879920524, -1.50771984808288, -1.09280720069425, -0.594543745643446, 0.00031449301306008, 0, -0.271374378756421, -0.532556736390507, -0.783547094346156, -1.02434547626321, -1.25495190727508, -1.47536641294498, -1.68558901776642, -1.88561974315836, -2.0754586049019, -2.25510560999588, -2.42456075295797, -2.58382401166839, -2.73289534294508, -2.87177467814857, -3.00046191923252, -3.11895693576401, -3.22725956351432, -3.32536960523492, -3.41328683415817, -3.49101100057577, -3.55854184154811, -3.61587909340793, -3.66302250629669, -3.69997185959191, -3.72672697684088, -3.74328773878993, -3.7496540933332, -3.7458260616883, -3.73180374077064, -3.70758730247592, -3.67317699127387, -3.62857312208149, -3.57377608079363, -3.50878633015932, -3.4336044240412, -3.34823103371013, -3.2526528245707, -3.14669206755438, -3.02954426357885, -2.89914085754659, -2.75172719090586, -2.58181782683357, -2.38232261427765, -2.14467090148462, -1.85894718269772, -1.51406406941149, -1.09789687968905, -0.597576272831377, 0.00031358715035279, 0, -0.270943228244847, -0.53172309550387, -0.782339623415924, -1.02279283582707, -1.25308275807952, -1.47320941593555, -1.6831728340613, -1.88297303400029, -2.07261003158307, -2.25208383375025, -2.421394434816, -2.58054181227009, -2.72952592230952, -2.86834669540111, -2.99700403229504, -3.11549780101915, -3.22382783546033, -3.32199393615409, -3.40999587382687, -3.48783339604744, -3.5555062370407, -3.61301413032347, -3.66035682339269, -3.69753409331234, -3.72454576180021, -3.74139170838941, -3.74807188047635, -3.74458629955558, -3.73093506361311, -3.70711834639447, -3.67313639496506, -3.62898952755061, -3.57467813405954, -3.51020268200244, -3.43556373087607, -3.35076195869967, -3.25578404056319, -3.15045227570403, -3.03396012345428, -2.90422947093074, -2.75747811858537, -2.58816881001323, -2.38913670579737, -2.15171398884137, -1.86586742322133, -1.52037507808509, -1.10296168524741, -0.600594976091935, 0.000312686843640608, 0, -0.270514956410492, -0.530895016767352, -0.78114020290307, -1.02125053886852, -1.2512260502133, -1.47106676289741, -1.68077270175844, -1.88034388846366, -2.06978033889275, -2.24908205992853, -2.41824904568302, -2.57728127325825, -2.72617869823453, -2.86494125019098, -2.99356882868247, -3.11206130020794, -3.22041849678254, -3.31864021674063, -3.40672622831939, -3.4846762763827, -3.55249009233857, -3.61016740690628, -3.65770796495529, -3.69511154125069, -3.72237795569205, -3.73950708660622, -3.74649888089394, -3.74335336032355, -3.73007062394306, -3.70665084733401, -3.67309428013861, -3.62940124386766, -3.57557213241468, -3.51160741801817, -3.43750766576924, -3.35327356038791, -3.25889178659083, -3.15418467184571, -3.0383437304064, -2.9092816306369, -2.76318910287303, -2.59447750868592, -2.39590771481294, -2.15871508798915, -1.87274895754576, -1.52665308128193, -1.10800177190704, -0.603599940980351, 0.00031179205127374, 0, -0.270089545127858, -0.530072465159725, -0.779948782120405, -1.0197185202642, -1.24938170534667, -1.46893836352421, -1.67838851980473, -1.8777321959784, -2.06696940797371, -2.2461001626161, -2.4151244538169, -2.57404225829299, -2.72285353101221, -2.86155820067202, -2.99015616564004, -3.10864729089661, -3.21703140659771, -3.31530830889124, -3.40347776354173, -3.48153951272601, -3.54949328505377, -3.60733880846497, -3.65507582521854, -3.69270410779524, -3.7202234742876, -3.73763380182316, -3.74493503680905, -3.74212720128421, -3.72921039535014, -3.70618479641065, -3.67305065666604, -3.62980830088864, -3.5764581269288, -3.51300061171949, -3.43943632590667, -3.35576596086377, -3.26197621087594, -3.15788943156599, -3.0426952881238, -2.91429756701649, -2.76886039613374, -2.60074418969204, -2.40263591260268, -2.16567446251336, -1.87959202777504, -1.53289828463463, -1.11301729305227, -0.606591252413149, 0.000310902731965657, 0, -0.269666976404565, -0.529255405916975, -0.778765310753036, -1.01819671536909, -1.24754964572528, -1.46682412817305, -1.67602018788948, -1.87513784678683, -2.06417712084209, -2.24313801682375, -2.41202052844379, -2.57082463203663, -2.71955028196179, -2.85819740604105, -2.98676590146283, -3.10525563169909, -3.21366642505911, -3.31199807551899, -3.40025034638701, -3.4784229771708, -3.5465156937001, -3.60452822115369, -3.65246029919678, -3.69031169804029, -3.71808223398082, -3.73577178295351, -3.74338029087392, -3.74090778004843, -3.72835435162356, -3.70572018481176, -3.6730055343528, -3.63021072825717, -3.57733616830391, -3.51438233608727, -3.44134980776879, -3.35823928132827, -3.26503746056149, -3.16156672917164, -3.04701499880662, -2.91927750873028, -2.77449224887218, -2.60696911789795, -2.40932156843259, -2.17259237404048, -1.88639687421183, -1.53911089224466, -1.11800840092488, -0.609568994674122, 0.000310018844829063, 0, -0.269247232380117, -0.528443804529922, -0.777589738854923, -1.01668506001212, -1.24572979416487, -1.46472396785832, -1.67366760643759, -1.87256073193621, -2.06140336037939, -2.24019549847903, -2.4089371397492, -2.56762826014444, -2.71626881342011, -2.85485872652827, -2.98339789548609, -3.10188618226735, -3.21032341334702, -3.30870938054391, -3.39704384472644, -3.47532654275068, -3.54355719768474, -3.60173553196422, -3.64986128267734, -3.68793421777957, -3.71595415178262, -3.73392095943607, -3.74183458616596, -3.73969505454298, -3.72750246675026, -3.7052570037953, -3.67295892293885, -3.63060855540636, -3.57820630687761, -3.51575266357512, -3.443248207137, -3.36069364210268, -3.26807568172104, -3.16521673770139, -3.05130306318027, -2.92422168276411, -2.7800849097501, -2.61315255621439, -2.41596494957518, -2.17946908225647, -1.89316373537429, -1.54529110669677, -1.1229752466348, -0.612533251420273, 0.000309140349382786, 0, -0.26883029532469, -0.527637626741879, -0.77642201684548, -1.0151834904918, -1.24392207404599, -1.46263779424563, -1.67133067660274, -1.87000074327131, -2.05864801032443, -2.23727248441787, -2.40587415886912, -2.56445300925548, -2.71300898873225, -2.85154202338768, -2.98005200807563, -3.09853880328179, -3.20700223365916, -3.3054420888837, -3.3938581274002, -3.47225008343077, -3.54061767730002, -3.59896062871831, -3.64727867221348, -3.68557157349983, -3.71383914531517, -3.73208126123032, -3.74029786618386, -3.73848898300762, -3.726654714913, -3.7047952446891, -3.67291083209925, -3.63100181156077, -3.57906859262643, -3.51711166611422, -3.44513161910007, -3.36312916263655, -3.27109101936852, -3.1688396289376, -3.05555968050902, -2.92913031444431, -2.78563862560341, -2.61929476561467, -2.42256632132809, -2.18630484492492, -1.89989284801279, -1.55143912907318, -1.12791798017078, -0.615484105687737, 0.000308267205495261, 0, -0.268415804280368, -0.526836175423394, -0.775261136210266, -1.01369071169539, -1.24212492844454, -1.46056381338655, -1.66900739219935, -1.86745568715668, -2.05590871437927, -2.23436648046708, -2.40282897854222, -2.56129618380703, -2.70976804882036, -2.84824449881179, -2.97672542747881, -3.09521069382786, -3.20370012070074, -3.30219349564321, -3.39069057469065, -3.46919108944658, -3.53769475750809, -3.59620129587595, -3.64471043653226, -3.68322194296269, -3.71173562614087, -3.73025135846492, -3.73876908438778, -3.73728882699988, -3.72581069053368, -3.70433485954816, -3.67286159629332, -3.63139123835828, -3.57992419914465, -3.5184609740373, -3.44700215551625, -3.3655484611068, -3.27408662279999, -3.17243910810531, -3.05978913627864, -2.93400818073278, -2.79115846513393, -2.62540090302315, -2.42913072292539, -2.19310437567932, -1.90658839067993, -1.55755839224214, -1.13283907739103, -0.618422864585017, 0.000307473065760178, 0, -0.268003586832161, -0.526039117493269, -0.774106614950741, -1.01220610445597, -1.24033761277421, -1.4585011670245, -1.66669679304977, -1.86492451324283, -2.05318434377178, -2.23147629118113, -2.39980034839872, -2.55815649025401, -2.70654466871278, -2.84496480815075, -2.97341680111548, -3.09190050514237, -3.20041574127208, -3.2989622949319, -3.3875399197611, -3.46614834475891, -3.53478728480974, -3.59345645421942, -3.64215558243789, -3.68088443073397, -3.7096428083261, -3.72843058644537, -3.73724770906091, -3.73609419951928, -3.72497016306736, -3.7038757860232, -3.67281133310861, -3.63177714506588, -3.58077363912297, -3.51980131520515, -3.44886077116509, -3.36795273096323, -3.27706393589055, -3.17601688126429, -3.06399341679458, -2.93885752711509, -2.7966468606596, -2.63147350118958, -2.43566068897896, -2.19987010200663, -1.91325256632929, -1.56365075089218, -1.13773991673145, -0.621350299798339, 0.000306724663564295, 0, -0.267593630423779, -0.525246428690213, -0.77295841795189, -1.01072962365609, -1.23856007276644, -1.45644979259112, -1.6643988091371, -1.86240714491566, -2.05047481614199, -2.22860182930548, -2.39678817714079, -2.55503383410666, -2.70333875157906, -2.84170285308466, -2.9701260300275, -3.08860813848013, -3.19714899769205, -3.29574839098377, -3.38440606961161, -3.46312175998481, -3.53189517428983, -3.59072602415211, -3.63961403650297, -3.67855897040604, -3.70756063333357, -3.72661889535528, -3.73573369995819, -3.73490507074267, -3.72413311396335, -3.70341801768659, -3.67276004909126, -3.63215955205427, -3.58161694760764, -3.52113274019057, -3.45070753299724, -3.37034205638581, -3.28002306090116, -3.17957306960859, -3.06817266258074, -2.94367851304081, -2.80210398860397, -2.63751274934747, -2.44215641544492, -2.20660221888971, -1.91988556000864, -1.56971637027312, -1.14262063321956, -0.624266505440422, 0.000305979531781242, 0, -0.267185923823313, -0.524458087310799, -0.771816513799182, -1.00926122893053, -1.23679225986572, -1.45440963410101, -1.66211337780654, -1.85990351361135, -2.04778005777751, -2.2257430167396, -2.3937923830402, -2.5519281307694, -2.70015021071672, -2.8384585455645, -2.96685302557966, -3.08533350538003, -3.19389980243386, -3.29255169796658, -3.38128894086463, -3.46011125496144, -3.52901834976021, -3.58800993422049, -3.63708573276843, -3.67624550227408, -3.70548904847244, -3.72481624027747, -3.73422702069587, -3.7337214135794, -3.72329952618387, -3.7029615483132, -3.6727077495887, -3.63253847700341, -3.58245415537119, -3.52245529361892, -3.45254250025123, -3.37271651198679, -3.28296408857859, -3.18310778078054, -3.07232699844183, -2.94847127986886, -2.8075300047318, -2.64351881338301, -2.44861807218745, -2.21330089246657, -1.92648752518655, -1.57575538134163, -1.14748132486772, -0.62717153581468, 0.000305237981848894, 0, -0.266780455846727, -0.523674071744158, -0.770680871212118, -1.00780088008637, -1.23503412572392, -1.45238063580808, -1.65984043667121, -1.85741355105951, -2.04509999528165, -2.2228997757177, -2.39081288471932, -2.54883929600997, -2.69697895979605, -2.8352317979203, -2.96359769951886, -3.08207651776292, -3.19066806834943, -3.28937213042023, -3.378188450505, -3.45711674987543, -3.5261567353661, -3.58530811328507, -3.63457060556671, -3.67394396689905, -3.70342800128876, -3.72302257649958, -3.73272763505967, -3.7325432010698, -3.72246938278041, -3.70250637172232, -3.67265443994464, -3.63291393753823, -3.58328529307665, -3.52376901994834, -3.45436573193747, -3.37507617208623, -3.28588710931013, -3.18662112199255, -3.07645654868026, -2.95323596838408, -2.8129250641705, -2.64949185850341, -2.4550458283829, -2.2199662882206, -1.93305861475948, -1.58176791461926, -1.15232208944838, -0.630065445240301, 0.000304499991682028, 0, -0.266377215366688, -0.522894360489002, -0.769551459068831, -1.00634853713454, -1.23328562223819, -1.45036274224906, -1.65757992366087, -1.85493718933629, -2.04243455563035, -2.22007202886897, -2.38784960121391, -2.54576724602415, -2.69382491292621, -2.83202252292793, -2.96035996404099, -3.07883708799804, -3.18745370873449, -3.28620960332019, -3.37510451594098, -3.45413816532091, -3.52331025564045, -3.58262049057049, -3.63206858956699, -3.67165430514742, -3.70137743959899, -3.72123785954079, -3.73123550702416, -3.73137040639654, -3.72164266689645, -3.70205248177101, -3.67260012548263, -3.6332859512017, -3.58411039123948, -3.52507396341996, -3.45617728677612, -3.37742111063681, -3.28879221303476, -3.1901131999239, -3.08056143697795, -2.95797271866276, -2.81828932125826, -2.65543204906649, -2.46143985232988, -2.22659857077017, -1.93959898081982, -1.58775409993776, -1.1571430242148, -0.632948287745989, 0.000303765542142398, 0, -0.265974486866184, -0.522115636988635, -0.768423474251064, -1.00489802487417, -1.23153931660482, -1.448347377498, -1.65532223420857, -1.85246390971554, -2.03977242042024, -2.21724777259453, -2.38488995821056, -2.54269895026328, -2.69067469780015, -2.82881712099524, -2.95712610673726, -3.07560150532221, -3.18424312892625, -3.2830507525499, -3.37202411803813, -3.4511629415705, -3.52046692467661, -3.57993576839332, -3.62956918970099, -3.66936693894885, -3.69932881670633, -3.71945468844867, -3.72974449575028, -3.7301982632042, -3.72081610103496, -3.70159820420291, -3.6725448495798, -3.63365639341068, -3.58493327173881, -3.52637600681695, -3.45798522291895, -3.3797616756508, -3.29169215215055, -3.19359928592605, -3.08465956777129, -2.96270218156252, -2.82364628519534, -2.66136586258434, -2.46782864611377, -2.23322631053818, -1.94613529211982, -1.59373673381388, -1.16196108261809, -0.635829202668233, 0.000303681337721184, 0, -0.265573961095969, -0.521341169956237, -0.767301650645313, -1.00345542957517, -1.22980253468634, -1.44634299421855, -1.65307683498687, -1.850004080086, -2.03712474596336, -2.21443883883703, -2.38194635049063, -2.53964725355717, -2.68754149650824, -2.82562899868884, -2.95390964587094, -3.07238328692185, -3.18104973226823, -3.27990875485263, -3.36896009419204, -3.44820346393538, -3.51763856297579, -3.57726508973027, -3.62708275871675, -3.66709131812765, -3.69729056682331, -3.71768036914065, -3.72826066617891, -3.72903148277437, -3.71999293013109, -3.70114520491222, -3.67248858638445, -3.63402343384947, -3.58575018706073, -3.5276693726741, -3.45978162017387, -3.38208769140675, -3.29457438257128, -3.197064354671, -3.08873332179097, -2.96740403155931, -2.82897281145092, -2.66726722158058, -2.47418414238815, -2.2398214093988, -1.95264139087919, -1.5996935691817, -1.16675989809349, -0.638699673498591, 0.000302943528651456, 0, -0.265175648359705, -0.520570979293963, -0.76618601704706, -1.00202078822115, -1.22807532094937, -1.4443496436551, -1.65084378331274, -1.84755776313207, -2.0344915996063, -2.21164529890008, -2.37901885260958, -2.53661223300791, -2.6844253879941, -2.82245823608869, -2.95071066195323, -3.06918251303432, -3.17787359801891, -3.27678368780304, -3.36591251958857, -3.44525980450778, -3.51482523883177, -3.57460851837191, -3.624609355197, -3.66482749535399, -3.69526273600301, -3.71591494034815, -3.72678404901519, -3.72787008708132, -3.7191731667237, -3.70069348629767, -3.67243132745046, -3.63438705252225, -3.58656110495484, -3.52895401578134, -3.46156641966601, -3.38439908465963, -3.29743881597623, -3.20050830205652, -3.09278257796072, -2.97207812854873, -2.83426873733753, -2.67313593515526, -2.48050611458265, -2.24638359611248, -1.959116950978, -1.60562421394248, -1.17153900086974, -0.641559140738513, 0.000302213604667867, 0, -0.264779537508961, -0.519805043460366, -0.765076542277256, -1.00059406075088, -1.22635762720592, -1.44236727024834, -1.64862301701102, -1.84512489081811, -2.03187290820844, -2.20886707529351, -2.37610738348311, -2.53359380469253, -2.68132628625144, -2.81930474586061, -2.94752906707739, -3.06599909593566, -3.17471463939235, -3.2736754663084, -3.36288131158338, -3.44233188384679, -3.51202687676207, -3.57196598354916, -3.62214891384085, -3.66257541155005, -3.69324527214538, -3.71415835770363, -3.72531460837882, -3.72671404948676, -3.71835679417121, -3.70024304246924, -3.67237307839428, -3.63474726730693, -3.58736605631559, -3.53022998080494, -3.46333968058878, -3.38669592988559, -3.30028554288007, -3.20393123539191, -3.09680746064745, -2.97672461334489, -2.83953421800122, -2.67897216860007, -2.48679473212395, -2.25291303669487, -1.96556212627042, -1.61152880016396, -1.1762984910292, -0.644407661962792, 0.000301487157326585, 0, -0.264385617573952, -0.519043341258646, -0.763973195654863, -0.999175207741891, -1.22464940603483, -1.44039581932126, -1.6464144748916, -1.84270539618378, -2.02926859978194, -2.20610409174481, -2.37321186329686, -2.53059188599756, -2.67824410661049, -2.81616844202124, -2.94436477468921, -3.06283294924347, -3.1715727709206, -3.27058400655777, -3.35986638876504, -3.43941962368294, -3.50924340238155, -3.56933741550348, -3.61970137025863, -3.66033500843715, -3.69123812382491, -3.71241057737682, -3.72385230877688, -3.7255633435772, -3.71754379588173, -3.69979386739882, -3.67231384449384, -3.63510409552982, -3.58816507126016, -3.5314973113955, -3.46510146086897, -3.38897830003054, -3.30311465199098, -3.20733325989103, -3.10080809182237, -2.98134362405666, -2.84476940557196, -2.68477608389122, -2.49305016084646, -2.25940989332412, -1.97197706656636, -1.61740745570615, -1.18103846432922, -0.647245290351523, 0.000300764194779091, 0, -0.263993877639535, -0.518285851597606, -0.762875946651727, -0.997764189968156, -1.22295061025135, -1.43843523646945, -1.64421809606955, -1.84029921260271, -2.02667860269818, -2.20335627236218, -2.37033221263495, -2.52760639472218, -2.67517876482454, -2.81304923901709, -2.94121769866742, -3.05968398700769, -3.16844790756377, -3.26750922516032, -3.3568676701306, -3.43652294613991, -3.50647474167921, -3.56672274482778, -3.61726666038572, -3.65810622803166, -3.68924123987736, -3.71067155576132, -3.72239711489924, -3.72441794307719, -3.71673415535295, -3.69934595509576, -3.67225363100871, -3.63545755443941, -3.58895817976472, -3.5327560509958, -3.46685181815502, -3.39124626768782, -3.30592623158665, -3.21071448025568, -3.1047845928606, -2.98593529811251, -2.84997445142248, -2.69054784219107, -2.4992725657452, -2.26587432735363, -1.97836192091272, -1.62326030777967, -1.18575901604636, -0.650072078829226, 0.0003000446982242, 0, -0.263604306845674, -0.51753255349255, -0.761784764893868, -0.996360968401794, -1.22126119290907, -1.43648546756338, -1.64203381996762, -1.83790627378535, -2.02410284569067, -2.20062354163762, -2.36746835248326, -2.52463724908151, -2.67213017707335, -2.80994705172788, -2.93808775332703, -3.0565521237139, -3.16533996471322, -3.26445103914837, -3.35388507508845, -3.4336417737372, -3.50372082102061, -3.56412190246863, -3.6148447204845, -3.65588901264653, -3.68725456940103, -3.70894124947548, -3.72094899161896, -3.72327782184924, -3.71592785617156, -3.69889929960574, -3.67219244317843, -3.63580766120405, -3.58974541166148, -3.53400624283711, -3.46859080981263, -3.39349990509305, -3.30872036950838, -3.21407500066886, -3.1087370845336, -2.99049977225202, -2.85514950615887, -2.69628760383759, -2.50546211096403, -2.27230649929872, -1.98471683757807, -1.6290874829281, -1.19046024095594, -0.652888080041244, 0.000299328649099984, 0, -0.263216894387133, -0.516783426064677, -0.760699620160601, -0.994965504211925, -1.2195811072986, -1.43454645874687, -1.63986158631451, -1.83552651377699, -2.021541257853, -2.19790582444471, -2.36462020422707, -2.52168436770424, -2.66909825996067, -2.80686179546406, -2.93497485341683, -3.0534372742808, -3.16224885818909, -3.26140936597498, -3.35091852345597, -3.43077602938787, -3.50098156714577, -3.56153481972418, -3.61243548714241, -3.65368330488959, -3.68527806175516, -3.70721961536095, -3.71950790399114, -3.7221429538929, -3.71512488201264, -3.69845389501044, -3.67213028622246, -3.63615443291225, -3.59052679663939, -3.53524792994029, -3.4703184929262, -3.39573928412601, -3.31149715316339, -3.21741492479754, -3.11266568701239, -2.99503718252973, -2.8602947196249, -2.70199552834912, -2.51161895980061, -2.27870656884158, -1.99104196405728, -1.63488910703194, -1.19514223333513, -0.65569334635551, 0.000298616028990173, 0, -0.262831629513164, -0.516038448540492, -0.759620482383688, -0.993577758763576, -1.21791030694626, -1.43261815643552, -1.63770133514315, -1.8331598669559, -2.01899376863682, -2.19520304603652, -2.36178768964888, -2.51874766963031, -2.66608293051187, -2.80379338596442, -2.93187891411695, -3.05033935405777, -3.15917450423787, -3.25838412351155, -3.34796793545722, -3.42792563639628, -3.49825690716697, -3.55896142824216, -3.61003889727009, -3.65148904766181, -3.68331166655841, -3.70550661048145, -3.71807381725186, -3.72101331334399, -3.71432521663907, -3.69800973542727, -3.67206716534025, -3.63649788657304, -3.59130236424478, -3.53648115511681, -3.47203492430029, -3.39796447631252, -3.31425666952711, -3.22073435579543, -3.11657051987083, -2.99954766431879, -2.86541024090625, -2.70767177442901, -2.51774327471126, -2.28507469483607, -1.9973374470761, -1.64066530531266, -1.19980508696597, -0.65848792986424, 0.000297906819592297, 0, -0.262448501527214, -0.515297600251232, -0.758547321646505, -0.992197693616613, -1.21624874561276, -1.43070050731525, -1.63555300678906, -1.83080626803155, -2.01646030784992, -2.19251513204354, -2.35897073092623, -2.51582707430865, -2.66308410617166, -2.80074173939373, -2.92879985103651, -3.04725827882254, -3.15611681953011, -3.25537523004556, -3.34503323172071, -3.425090518456, -3.49554676856676, -3.556401660018, -3.60765488809967, -3.64930618415574, -3.68135533368749, -3.70380219212152, -3.71664669681719, -3.71988887447378, -3.71352884390108, -3.69756681500917, -3.67200308571129, -3.63683803911645, -3.59207214388221, -3.53770596096992, -3.47374016046119, -3.40017555282637, -3.31699900514554, -3.22403339630571, -3.12045170208882, -3.00403135231481, -2.87049621833478, -2.71331649997029, -2.52383521731589, -2.29141103531271, -2.00360343259578, -1.6464162023366, -1.20444889513832, -0.661271882385621, 0.00029720100269004, 0, -0.262067499786621, -0.51456086063228, -0.757480108183188, -0.990825270524646, -1.21459637729191, -1.4287934583408, -1.6334165418886, -1.82846565204271, -2.0139408056542, -2.1898420084715, -2.35616925062946, -2.51292250159492, -2.66010170480167, -2.79770677234033, -2.92573758021119, -3.04419396477874, -3.15307572115794, -3.2523826042782, -3.34211433327708, -3.42227059964753, -3.49285107919582, -3.55385544739278, -3.6052833971828, -3.64713465785376, -3.67940901327557, -3.70210631778518, -3.71522650828207, -3.71876961168816, -3.71273574773563, -3.69712512794429, -3.67193805249514, -3.63717490739373, -3.59283616481504, -3.53892238989563, -3.47543425765821, -3.40237258449106, -3.31972424613744, -3.22731214846373, -3.12430935205547, -3.0084883805394, -2.87555279949265, -2.71892986206018, -2.52989494840273, -2.2977157474833, -2.00984006581742, -1.65214192201879, -1.20907375065279, -0.664045255465394, 0.000296498560217073, 0, -0.261688309138453, -0.513827621243317, -0.756417962131724, -0.989459360069801, -1.21295184487596, -1.42689544658067, -1.63129019355281, -1.82613611000924, -2.01143321284473, -2.18718150775702, -2.35338098470285, -2.51003161280698, -2.65713333495875, -2.79468606246479, -2.92268967026922, -3.04114399338503, -3.15004882527193, -3.24940391891182, -3.33920899123871, -3.41946373134952, -3.49016781255348, -3.55132090783904, -3.60292270781606, -3.64497293972586, -3.67747138581441, -3.70041789933372, -3.713812416725, -3.7176549651311, -3.71194566520144, -3.6966847300571, -3.67187246213513, -3.63750925032291, -3.59359557029506, -3.54013199134228, -3.47711919340352, -3.40455799875516, -3.32243529176692, -3.23057400523663, -3.12814729443757, -3.012922861276, -2.88058423806718, -2.72451610762284, -2.53592655824839, -2.30399261365333, -2.01605066863208, -1.65784517259108, -1.21368159432107, -0.666809068437529, 0.000295855893669539, 0, -0.261309527840391, -0.513095173096606, -0.755356961756492, -0.988094922266787, -1.21130908462883, -1.42499947904756, -1.62916613404322, -1.82380907394205, -2.00892831568242, -2.18452386491147, -2.35059571140803, -2.50714382395515, -2.65416814489843, -2.79166858476138, -2.91964501743319, -3.03809727657698, -3.14702515399914, -3.24642840073636, -3.33630673152165, -3.41665983305875, -3.48748737616272, -3.54878903134254, -3.60056448687623, -3.64281346796091, -3.67553575522042, -3.69873120082304, -3.71239974075213, -3.71654140237113, -3.71115630724549, -3.69624467009557, -3.67180679561169, -3.63784307555952, -3.59435398910909, -3.54134010970019, -3.47880212218205, -3.40674085471201, -3.32514320027737, -3.23383211859452, -3.13198085960182, -3.01735237807157, -2.88561044430169, -2.73009689124894, -2.54195223046161, -2.31026312271995, -2.02225481058096, -1.66354237900964, -1.21828448097068, -0.669569780237006, 0.000295636340110983, 0, -0.260932507570392, -0.512366128519989, -0.754300889006533, -0.986736817656508, -1.20967394465331, -1.42311230037549, -1.62705191349397, -1.82149280844381, -2.00643500220682, -2.18187850037975, -2.34782329256441, -2.50426934720377, -2.65121660610226, -2.78866497900406, -2.91661433874845, -3.03506451765506, -3.14401530588482, -3.24346645253841, -3.33341767015822, -3.41386864306602, -3.4848190395944, -3.54626852778435, -3.59821679359284, -3.64066356018208, -3.67360860656103, -3.69705178381886, -3.7109930274827, -3.71543236513492, -3.71036991925203, -3.69580590614546, -3.67174063274748, -3.63817449368775, -3.59510797161439, -3.54254164409588, -3.48047620086753, -3.40891247593868, -3.32783737087853, -3.23707387227542, -3.13579532466608, -3.0217600104528, -2.89061220871602, -2.73565128218296, -2.54795051712193, -2.31650651992691, -2.02843363953382, -1.66921780051289, -1.22287098941447, -0.672321497212607, 0.000294997598644042, 0, -0.260557253657648, -0.511640497794661, -0.753249758737853, -0.985385065292587, -1.20804644782343, -1.42123393688173, -1.62494756128833, -1.81918734558662, -2.00395330680163, -2.17924545047998, -2.34506376604731, -2.50140822160816, -2.64827875842842, -2.78567528547666, -2.9135976745473, -3.03204575662293, -3.14101932022685, -3.24051811253297, -3.33054184390345, -3.41109019628939, -3.48216283555256, -3.54375942727755, -3.59587965511103, -3.63852324018962, -3.67168995991468, -3.69537966430089, -3.70959228842078, -3.71432786007396, -3.70958650264305, -3.69536843402228, -3.6716739633745, -3.638503488179, -3.59585749454468, -3.54373656414819, -3.48214139158667, -3.4110728166924, -3.33051774958071, -3.24029920366512, -3.13959061801382, -3.02614567718341, -2.89558943859706, -2.74117917249179, -2.5539212896598, -2.32272264924958, -2.03458696408356, -1.67487120156888, -1.22744083070712, -0.675063867391102, 0.000294364459286989, 0, -0.260183758005561, -0.510918265272734, -0.752203548296587, -0.984039636060495, -1.20642655910932, -1.41936434816638, -1.62285303220173, -1.81689263586654, -2.00148317622888, -2.1766246587855, -2.3423170727867, -2.49856038600024, -2.64535453915607, -2.78269944045088, -2.91059496063924, -3.02904092937312, -3.13803713354602, -3.23758331841423, -3.32767919217006, -3.40832443440514, -3.47951870852206, -3.54126167766051, -3.59355302316757, -3.63639246416361, -3.66977977644957, -3.69371480897027, -3.70819749634522, -3.71322786658965, -3.70880604398729, -3.694932248007, -3.67160679003087, -3.63883007037353, -3.59660257858743, -3.54492490043694, -3.48379773535692, -3.41322192897366, -3.33318439991302, -3.2435081883671, -3.14336682786895, -3.03050947941055, -2.90054224707766, -2.74668068447623, -2.55986467505889, -2.32891163647383, -2.04071490183617, -1.68050268381688, -1.23199408220318, -0.6777969352236, 0.000293734120471512, 0, -0.259812012638481, -0.510199415539699, -0.751162235366163, -0.982700501278402, -1.20481424400071, -1.41750349442752, -1.62076828167739, -1.81460863050879, -1.99902455803259, -2.17401606969591, -2.33958315457459, -2.49572578010125, -2.64244388647245, -2.77973738111674, -2.90760613375384, -3.02604997271145, -3.13506868326107, -3.23466200875052, -3.32482965521256, -3.4055712998905, -3.47688660373936, -3.53877522746536, -3.59123685012667, -3.63427118883665, -3.66787801780303, -3.69205718490534, -3.70680862431167, -3.71213236425123, -3.70802852990395, -3.69449734230509, -3.67153911504477, -3.6391542512587, -3.5973432439257, -3.54610668287757, -3.48544527236285, -3.41535986377305, -3.33583738420909, -3.2467009005953, -3.14712404086326, -3.03485151647812, -2.90547074527397, -2.75215593821582, -2.56578079789588, -2.33507360481946, -2.04681756770563, -1.68611234611535, -1.23653081842756, -0.680520742323966, 0.000293106583906466, 0, -0.259442009622785, -0.509483933262284, -0.750125797747635, -0.981367632415662, -1.20320946816922, -1.41565133607305, -1.61869326539349, -1.81233528099578, -1.99657740003341, -2.17141962790412, -2.33686195351012, -2.49290434395052, -2.63954673889108, -2.7767890449959, -2.90463113095481, -3.02307282377759, -3.1321139071215, -3.23175412243498, -3.32199317360151, -3.40283073552719, -3.474266466731, -3.53630002549707, -3.58893108860532, -3.63215937117129, -3.66598464581665, -3.69040675936022, -3.70542564552026, -3.71104133273833, -3.70725394708561, -3.69406371115566, -3.67147094073539, -3.63947604176746, -3.59807951063995, -3.54728194123185, -3.48708404258148, -3.4174866718169, -3.33847676447879, -3.24987741417756, -3.15086234317722, -3.03917188721074, -2.9103750437181, -2.75760505315588, -2.5716697820872, -2.34120867685232, -2.05289507599639, -1.69170028680049, -1.24105111351556, -0.683235330096045, 0.000292481834199276, 0, -0.259073741067079, -0.508771803188834, -0.749094213360225, -0.980041001093518, -1.20161219746927, -1.4138078337217, -1.61662793926422, -1.81007253906832, -1.99414165032993, -2.16883527839764, -2.3341534120009, -2.49009601790689, -2.63666303525314, -2.773854369943, -2.90166988964134, -3.02010942004636, -3.12917274320879, -3.22885959868675, -3.31916968822461, -3.40010268440239, -3.47165824331446, -3.53383602083424, -3.58663569147395, -3.63005696836048, -3.66409962253658, -3.68876349976491, -3.70404853331546, -3.70995475184052, -3.70648228229764, -3.69363134883057, -3.67140226941185, -3.63979545277698, -3.5988113987063, -3.54845070510586, -3.48871408577992, -3.41960240356459, -3.34110260240517, -3.25303780255217, -3.15458182053623, -3.04347068990954, -2.91525525235355, -2.76302814810227, -2.57753175088305, -2.34731697447712, -2.05894754039505, -1.69726660367615, -1.24555504120076, -0.685940739719132, 0.00029185985615221, 0, -0.258706415661131, -0.508061496516053, -0.748065269725103, -0.978717764975513, -1.20001901352506, -1.41196904677698, -1.61456789429138, -1.8078155811457, -1.99171212457817, -2.16625752988839, -2.33145178563348, -2.48729485824962, -2.63378668634752, -2.77092717507177, -2.8987161910651, -3.01715355871759, -3.12623905847775, -3.22597242801845, -3.31635336695069, -3.39738154553456, -3.46905661744632, -3.53137823615508, -3.58434607391137, -3.62795984185867, -3.66221930946496, -3.68712432143943, -3.70267481060491, -3.70887080582369, -3.7057124349372, -3.69319992363508, -3.67133359206948, -3.64011385176112, -3.59954120587334, -3.54961625632828, -3.49033972168316, -3.42171247046657, -3.34372145500927, -3.25618982217601, -3.15829148272446, -3.04775824136918, -2.92012274207065, -2.76843709743723, -2.58337852697069, -2.35340971221823, -2.06498500981823, -1.70281962193273, -1.25004864441874, -0.688640173092629, 0.000291438929097665, 0, -0.258340822299001, -0.507354537376738, -0.747041172558114, -0.97740075770448, -1.19843332424997, -1.41013890376602, -1.6125175259587, -1.80556921601092, -1.98929399120301, -2.16369185678581, -2.32876280114496, -2.48450679038725, -2.63092376259912, -2.76801362217012, -2.89577623472572, -3.01421142335423, -3.12331896690963, -3.22309860118858, -3.31355002367891, -3.39467290233184, -3.46646688841699, -3.52893163301044, -3.58206680611163, -3.62587211688979, -3.6603473332452, -3.68549229883818, -3.70130694604592, -3.70779130393913, -3.7049455012382, -3.69276976517059, -3.67126441805692, -3.64042987418904, -3.60026664009631, -3.55077532169684, -3.49195664227706, -3.42381147602954, -3.34632678363538, -3.25932573852774, -3.16198234562556, -3.052024254132, -2.92496617960346, -2.77382008049267, -2.58919836245122, -2.35947577397229, -2.07099755803818, -1.70835116256069, -1.2545260482003, -0.691330615842299, 0.000290816115273262, 0, -0.257976965307146, -0.506650934119646, -0.746021933926166, -0.976089994761316, -1.19685514823473, -1.40831742608522, -1.6104768581641, -1.80333346975925, -1.9868872781929, -2.16113828866735, -2.32608648939766, -2.4817318461628, -2.62807429652752, -2.76511374413002, -2.89285005358345, -3.01128304668068, -3.1204125006889, -3.2202381495376, -3.31075968860167, -3.39197678353453, -3.46388908321061, -3.52649623632438, -3.57979791063473, -3.62379381334581, -3.65848371079735, -3.68386744560531, -3.69994494970285, -3.70671625236745, -3.70418148319357, -3.69234087093836, -3.67119474007976, -3.64074350766661, -3.60098768357728, -3.55192787770567, -3.4935648180436, -3.42589938441907, -3.34891854582835, -3.26244550222696, -3.16565435262929, -3.05626866380644, -2.92978549099334, -2.77917701294338, -2.5949911629466, -2.36551505429507, -2.07698506645724, -1.71386109093337, -1.2589870984888, -0.694011890774587, 0.000290195597355547, 0, -0.257614840536157, -0.505950678728847, -0.74500754222969, -0.97478546124571, -1.19528446756117, -1.40650459308144, -1.60844586780241, -1.80110831711635, -1.98449195838721, -2.15859679676905, -2.32342282030712, -2.47896999445422, -2.62523825625599, -2.7622275086029, -2.88993761510077, -3.00836839625333, -3.11751962774866, -3.21739104165814, -3.30798233125391, -3.38929315990263, -3.46132317409502, -3.52407202015522, -3.57753936361217, -3.62172490971408, -3.65662842324722, -3.68224974578775, -3.69858880882637, -3.7056456418457, -3.70342037530937, -3.69191323949615, -3.67112456103014, -3.6410547597031, -3.6017043487254, -3.55307394194667, -3.49516427204028, -3.4279762244412, -3.35149677642581, -3.26554915442607, -3.16930755148608, -3.06049152418345, -2.93458073428236, -2.78450795511208, -2.60075698903225, -2.37152761151563, -2.08294758831433, -1.71934945213264, -1.26343182901102, -0.696684017002668, 0.000289576150563353, 0, -0.257254199514952, -0.505253291323763, -0.743997303240315, -0.973486265643309, -1.1937202104909, -1.40469916985432, -1.60642317387336, -1.79889224804433, -1.98210640977269, -2.15606566416443, -2.32076999909576, -2.47621937969468, -2.6224137424899, -2.75935298962736, -2.88703698370979, -3.00546554395718, -3.11463844448517, -3.21455541551482, -3.30521614822434, -3.38662030370317, -3.45876752606822, -3.52165745928313, -3.57528976665604, -3.61966415148718, -3.65478037701561, -3.68063828378171, -3.69723780283516, -3.70457896386246, -3.70266189819233, -3.69148683761829, -3.67105411090113, -3.64136414056355, -3.60241744313338, -3.55421463639878, -3.49675645769441, -3.43004379803782, -3.35406364295549, -3.26863924531639, -3.17294489213695, -3.06469612399746, -2.93935539922657, -2.78981645746419, -2.60649930996297, -2.37751669042966, -2.08888799965689, -1.7248186084168, -1.26786194270526, -0.699347892326437, 0.000289011128317807, 0, -0.256895286987446, -0.504559244567436, -0.742991900715308, -0.972193285980594, -1.19216343249448, -1.40290237249323, -1.60441013625987, -1.79668674939419, -1.97973222934298, -2.15354658116443, -2.31812979256652, -2.47348182835408, -2.61960262454143, -2.75649208253365, -2.88415006393529, -3.00257638668894, -3.11177082334545, -3.2117331022846, -3.30246291260081, -3.38395991311734, -3.45622374558872, -3.51925405162937, -3.57305049233717, -3.61761276907351, -3.6529406435373, -3.67903395523766, -3.69589263478485, -3.70351671206761, -3.70190631927483, -3.69106168970677, -3.67098315424973, -3.6416711381433, -3.60312616121586, -3.55534884517401, -3.49833993198996, -3.43210031823542, -3.35661699765198, -3.27171324949979, -3.17656345470201, -3.06887921381087, -2.94410605028368, -2.79509904080741, -2.61221474381101, -2.38347914599847, -2.09480353092864, -1.73026630353746, -1.27227583393928, -0.702002698751653, 0.000288393911549112, 0, -0.256538096689985, -0.503868526349923, -0.741991317115809, -0.970906499707157, -1.19061410642733, -1.40111416967681, -1.60240671988115, -1.79449178274311, -1.97736937575062, -2.1510395039143, -2.31550215477476, -2.47075729281524, -2.61680485353824, -2.75364473761162, -2.88127680564667, -2.99970087431482, -3.10891671460984, -3.20892405307916, -3.29972257674359, -3.38131194217114, -3.45369178876539, -3.51686175580276, -3.57082150218138, -3.61557072733287, -3.65110919142308, -3.67743673293437, -3.69455328203911, -3.70245886882667, -3.70115362634127, -3.69063778938181, -3.67091169094907, -3.64197575898551, -3.60383051660314, -3.55647658940704, -3.49991472398331, -3.43414582242951, -3.35915688666744, -3.2747712223028, -3.18016330410006, -3.07304086827912, -2.94883277073884, -2.80035579410676, -2.61790338065216, -2.38941506349424, -2.10069425562065, -1.7356925914482, -1.27667352885663, -0.704648426044074, 0.000287779810314581, 0, -0.256182620726048, -0.5031811214099, -0.740995530347414, -0.969625878427242, -1.18907219812407, -1.3993345220018, -1.60041288062778, -1.79230729980726, -1.97501779706912, -2.14854437737663, -2.31288702810388, -2.46804571341412, -2.61402036830055, -2.75081089269744, -2.87841714622774, -2.99683894429794, -3.10607605635233, -3.20612820711498, -3.29699508154313, -3.37867633396053, -3.45117160143106, -3.51448052090441, -3.56860274908938, -3.61353798349687, -3.64928598276669, -3.67584658435892, -3.69321971800962, -3.70140541400713, -3.70040380624619, -3.69021513101634, -3.67083972342175, -3.64227801409388, -3.60453052941151, -3.55759789885831, -3.50148087361075, -3.43618036126403, -3.36168337188544, -3.27781323738078, -3.18374452629072, -3.07718118592486, -2.95353567069056, -2.80558683621686, -2.62356534366742, -2.39532456465698, -2.10656028720771, -1.74109756976073, -1.28105510109624, -0.707285115469551, 0.000287168455637477, 0, -0.255828851250964, -0.502497014586215, -0.740004518460678, -0.968351393931305, -1.18753767364326, -1.39756339032304, -1.59842857467912, -1.79013325261873, -1.97267744171148, -2.14606114687355, -2.31028435531333, -2.46534703087569, -2.61124910804703, -2.74799048603168, -2.87557102346907, -2.993990534507, -3.10324878704786, -3.20334550400125, -3.29428036827091, -3.37605303194715, -3.4486631297655, -3.51211029636001, -3.56639418626058, -3.61151449506638, -3.6474709798982, -3.67426347719829, -3.69189191626792, -3.70035632759286, -3.69965684591347, -3.68979370900198, -3.67076725405501, -3.64257791437908, -3.60522621960306, -3.55871280306936, -3.50303842052141, -3.438203985024, -3.36419651475533, -3.28083936787604, -3.18730720663813, -3.08130026458958, -2.95821485947332, -2.81079228515924, -2.62920075515877, -2.40120777033253, -2.11240173829212, -1.74648133527673, -1.2854206235931, -0.709912807741107, 0.000286559834745903, 0, -0.25547562791331, -0.501813960575739, -0.739015026601021, -0.967078857214139, -1.18600548523046, -1.39579494353882, -1.59644726298862, -1.78796246958888, -1.97034058094993, -2.14358160194095, -2.30768551960494, -2.46265229746888, -2.60848186951323, -2.74517413421355, -2.8727289492273, -2.99114612744555, -3.10042543523115, -3.20056659368195, -3.29156928365118, -3.37343315499897, -3.44615784013569, -3.50974297138286, -3.56418820109419, -3.60949322295933, -3.64565779258148, -3.67268174538565, -3.69056501023792, -3.69930761781999, -3.69890970371545, -3.68937150717568, -3.67069336748536, -3.64287572062072, -3.60591909945443, -3.55982414118032, -3.50459160610013, -3.44022241273785, -3.36670358736968, -3.28385851439314, -3.19086194974203, -3.08541048812539, -2.96288457428031, -2.81598830383901, -2.63482777465957, -2.40708490648409, -2.11824097035002, -1.75186636852769, -1.28978871556614, -0.712542242788287, 0.000287112557720959, 0, -0.255124061105252, -0.501134108072216, -0.738030169672661, -0.965812277298785, -1.18448046393534, -1.39403476263272, -1.59447520438054, -1.78580181528917, -1.96801461300945, -2.14111360236381, -2.30509877023062, -2.45997007982057, -2.60572746461061, -2.74237082235102, -2.86990000972204, -2.98831483836404, -3.09761507310768, -3.19780043324771, -3.28887059759663, -3.37082521379488, -3.44366391193865, -3.50738632204775, -3.56199209430976, -3.60748092051357, -3.64385255475155, -3.67110683143579, -3.68924367899866, -3.69826312831622, -3.69816531581056, -3.68895048220451, -3.67061896886006, -3.64317121440972, -3.60660775495365, -3.56092923151787, -3.50613640893965, -3.44223021117492, -3.36919767256427, -3.28686220369806, -3.19439865412863, -3.0895000548334, -2.96753124084997, -2.82115947205433, -2.64042906169996, -2.41293663719704, -2.12405657604731, -1.75723120205563, -1.29414182661387, -0.715163801783441, 0.000286498121489731, 0, -0.25477418440968, -0.500457522036074, -0.737050041808204, -0.964551775284654, -1.18296275561871, -1.39228301602154, -1.59251258762228, -1.78365149663215, -1.96569976074229, -2.13865738472863, -2.30252435530575, -2.45730063536961, -2.60298615789613, -2.73958081991392, -2.86708447713083, -2.98549693994264, -3.09481797165536, -3.19504728976947, -3.28618457106665, -3.36822946097846, -3.44118158729806, -3.50504057775458, -3.55980608037981, -3.60547778507076, -3.64205544441591, -3.66953889181886, -3.6879280552798, -3.69722296586756, -3.69742376083795, -3.68853068237733, -3.67054407391416, -3.64346437672347, -3.60729213011635, -3.56202797893138, -3.50767269251816, -3.44422720023676, -3.37167854445796, -3.2898501619201, -3.19791699572975, -3.09356858798086, -2.9721544261202, -2.82630529497799, -2.64600405269352, -2.41876232183327, -2.12984782836973, -1.76257501237087, -1.29847902613563, -0.717776436034424, 0.000285894536186104, 0, -0.254425989888137, -0.499784187126088, -0.736074620799342, -0.96329732263204, -1.18145232594518, -1.39053966410988, -1.59055936839413, -1.7815114651095, -1.96339597198724, -2.13621289375701, -2.29996221697044, -2.45464390421029, -2.60025788795396, -2.73680406451198, -2.86428228862455, -2.98269236944903, -3.09203406877425, -3.19230710231518, -3.28351114483259, -3.36564583955987, -3.43871081199829, -3.50270568759729, -3.5576301122431, -3.60348377394973, -3.64026642380869, -3.66797789421948, -3.68661811275162, -3.69618711066514, -3.69668502604481, -3.68811210253268, -3.67046868561284, -3.64375521918915, -3.60797224576718, -3.56312041397849, -3.50920049766195, -3.44621343155411, -3.37414626602184, -3.29282246390688, -3.20141706180593, -3.09761618750372, -2.97675424174435, -2.8314258932378, -2.65155287293076, -2.42456208473014, -2.13561484405456, -1.76789790119999, -1.30280039292892, -0.720380193207251, 0.000285293589918689, 0, -0.254079469870216, -0.499114088517899, -0.73510388518423, -0.962048891758085, -1.17994914172733, -1.38880466862227, -1.58861550384904, -1.77938167381907, -1.96110319630353, -2.13378007598605, -2.2974122992561, -2.45199982838484, -2.59754259535362, -2.7340404957584, -2.86149338337655, -2.97990106613308, -3.08926330430711, -3.1895798118368, -3.28085026147189, -3.36307429425828, -3.43625153341639, -3.50038160212691, -3.55546414414074, -3.60149884559773, -3.63848545609926, -3.66642380704513, -3.68531382557569, -3.69515554314061, -3.69594909864887, -3.68769473719041, -3.67039280629417, -3.64404375247924, -3.6086481214292, -3.56420656554919, -3.51071986314438, -3.44818895430023, -3.3766008973458, -3.29577918118181, -3.20489893583127, -3.10164294907033, -2.98133079461405, -2.83652138220344, -2.65707564195448, -2.4303360440019, -2.14135773316034, -1.77319996315898, -1.3071059982749, -0.722975113072697, 0.00028469531828379, 0, -0.253734616724484, -0.498447211462494, -0.734137813610126, -0.960806455220174, -1.17845316994655, -1.38707799147793, -1.58668095135794, -1.77726207609736, -1.95882138350711, -2.131358878225, -2.29487454647919, -2.44936835023076, -2.59484022096748, -2.73129005357428, -2.85871770087045, -2.97712296955472, -3.08650561840389, -3.18686535958805, -3.27820186385569, -3.36051477007583, -3.43380369919909, -3.4980682721483, -3.55330813054916, -3.59952295867615, -3.6367125046474, -3.66487659886734, -3.68401516804868, -3.69412824382914, -3.69521596593722, -3.68727858090294, -3.67031643828937, -3.6443299872173, -3.60931977653195, -3.56528646239272, -3.51223082754816, -3.45015381740527, -3.37904249822153, -3.29872038491237, -3.20836270086362, -3.10564896787011, -2.98588419108299, -2.84159187666164, -2.66257247870265, -2.43608431716651, -2.14707660519414, -1.77848129239736, -1.31139591311606, -0.725561235234984, 0.000284099706545526, 0, -0.253391422859657, -0.497783541288453, -0.733176384836626, -0.959569985720071, -1.17696437775792, -1.38535959479645, -1.58475566851608, -1.77515262552647, -1.95655048367807, -2.12894924756314, -2.29234890324932, -2.44674941238916, -2.59215070597928, -2.72855267819713, -2.85595518090864, -2.97435801959231, -3.08376095152998, -3.18416368713233, -3.27556589515636, -3.3579672123048, -3.43136725726943, -3.49576564872606, -3.5511620261853, -3.59755607206504, -3.63494753300693, -3.66333623842438, -3.68272211460397, -3.6931051933699, -3.69448561526552, -3.68686362825318, -3.67023958391939, -3.64461393397313, -3.60998723040503, -3.56636013310946, -3.5137334292556, -3.45210806954469, -3.38147112812902, -3.30164614589472, -3.21180843952709, -3.10963433859399, -2.99041453694504, -2.84663749079189, -2.66804350148136, -2.44180702111572, -2.15277156907818, -1.78374198256109, -1.31567020801506, -0.728138599085994, 0.000283506740382022, 0, -0.253049880724325, -0.497123063401423, -0.732219577734908, -0.958339456102964, -1.17548273248912, -1.38364944089647, -1.58283961314156, -1.77305327593243, -1.95429044715889, -2.12655113136787, -2.28983531446728, -2.44414295780271, -2.58947399188207, -2.7258283101788, -2.8532057636102, -2.97160615644053, -3.08102924446406, -3.18147473634065, -3.27294229884554, -3.35543156652567, -3.42894215582492, -3.49347368318286, -3.54902578600511, -3.59559814486164, -3.63319050492441, -3.66180269462014, -3.68143463981078, -3.69208637250546, -3.69375803405768, -3.68644987385442, -3.67016224549501, -3.64489560326321, -3.61065050227884, -3.56742760615207, -3.51522770645004, -3.45405175914106, -3.38388684623879, -3.30455653455621, -3.21523623401506, -3.11359915543782, -2.99492193743813, -2.85165833817063, -2.67348882796931, -2.44750427211939, -2.15844273315398, -1.78898212679616, -1.31992895315749, -0.730707243806988, 0.000282916405578759, 0, -0.252709982806684, -0.496465763283602, -0.731267371286981, -0.957114839356486, -1.17400820163923, -1.38194749229434, -1.58093274327381, -1.77096398138359, -1.95204122455265, -2.12416447728283, -2.28733372532311, -2.44154892971363, -2.58681002047605, -2.72311689038329, -2.85046938940869, -2.96886732060828, -3.07831043829602, -3.17879844938957, -3.27033101869205, -3.35290777860514, -3.42652834333565, -3.49119232709768, -3.54689936520183, -3.59364913637888, -3.63144138433783, -3.66027593652301, -3.68015271837321, -3.69107176208094, -3.69303320980525, -3.68603731235004, -3.67008442531688, -3.64517500555095, -3.61130961128513, -3.56848890982631, -3.51671369711702, -3.45598493436563, -3.38628971141382, -3.30745162095781, -3.21864616609295, -3.11754351210558, -2.99940649724789, -2.85665453177524, -2.67890857522189, -2.45317618582968, -2.16409020518625, -1.79420181775198, -1.32417221835441, -0.733267208370018, 0.000282328688023581, 0, -0.252371721634283, -0.49581162649325, -0.73031974458498, -0.955896108609813, -1.17254075287763, -1.38025371170282, -1.57903501717217, -1.76888469618902, -1.94980276672136, -2.12178923322613, -2.28484408129421, -2.43896727166181, -2.58415873386672, -2.72041835998484, -2.84774599905023, -2.96614145291661, -3.07560447442496, -3.17613476875923, -3.26773199876009, -3.35039579469436, -3.42412576854262, -3.48892153230417, -3.5447827192046, -3.5917090061441, -3.62970013537543, -3.65875593336484, -3.67887632512942, -3.69006134304354, -3.69231113006714, -3.68562593841342, -3.67000612567566, -3.64545215124716, -3.61196457645779, -3.56954407229217, -3.51819143904578, -3.45790764314009, -3.3886797822117, -3.31033147479655, -3.22203831710111, -3.12146750181271, -3.00386832051137, -2.86162618398811, -2.68430285967547, -2.45882287728524, -2.16971409236682, -1.79940114758475, -1.32840007304496, -0.735818531539379, 0.000281743573665061, 0, -0.252035089773759, -0.495160638664174, -0.729376676830416, -0.954683237132702, -1.17108035404287, -1.37856806202981, -1.5771463933144, -1.76681537489695, -1.94757502478422, -2.11942534738852, -2.28236632814341, -2.43639792748269, -2.58152007446271, -2.71773266046578, -2.8450355335913, -2.96342849449668, -3.07291129455709, -3.17348363723132, -3.26514518340716, -3.34789556122695, -3.42173438045582, -3.48666125088891, -3.54267580367672, -3.58977771389747, -3.62796672235435, -3.65724265453979, -3.67760543505066, -3.68905509644165, -3.69159178246901, -3.68521574674761, -3.66992734885197, -3.64572705071023, -3.61261541673332, -3.57059312156466, -3.51966096983031, -3.45981993313806, -3.39105711688642, -3.31319616540782, -3.22541276795749, -3.12537121728918, -3.00830751082056, -2.86657340660042, -2.68967179715137, -2.4644444609152, -2.17531450131836, -1.80458020796068, -1.33261258629872, -0.738361251872945, 0.00028116104856224, 0, -0.251700079830582, -0.494512785505236, -0.72843814733347, -0.953476198334583, -1.16962697314156, -1.37689050637702, -1.5752668303953, -1.76475597229315, -1.94535795011595, -2.11707276823161, -2.27990041191715, -2.43384084130546, -2.57889398497386, -2.7150597336145, -2.84233793439678, -2.96072838678764, -3.07023084070372, -3.17084499788706, -3.26257051728214, -3.34540702491715, -3.41935412835248, -3.48441143518973, -3.54057857451418, -3.58785521959064, -3.62624110977939, -3.65573606960326, -3.67634002324039, -3.68805300342427, -3.69087515470286, -3.68480673208515, -3.66984809711641, -3.64599971424652, -3.6132621509515, -3.57163608551477, -3.5211223268707, -3.46172185178675, -3.39342177339048, -3.3160457617677, -3.22876959916038, -3.1292547507827, -3.01272417122594, -2.87149631081613, -2.69501550286, -2.47004105054323, -2.18089153809821, -1.80973909005928, -1.33680982681823, -0.740895407723554, 0.00028058109888085, 0, -0.251366684448806, -0.493868052799871, -0.72750413551229, -0.952274965763649, -1.16818057834728, -1.37522100803878, -1.57339628732524, -1.76270644339943, -1.94315149434512, -2.11473144448608, -2.27744627894357, -2.43129595755108, -2.57628040840924, -2.71239952152353, -2.8396531431379, -2.95804107153474, -3.0675630551793, -3.16821879410533, -3.26000794532346, -3.34293013275804, -3.41698496177541, -3.48217203779415, -3.53849098784418, -3.58594148338539, -3.62452326234181, -3.65423614827088, -3.67508006493348, -3.68705504524036, -3.69016123452664, -3.68439888918788, -3.66976837272977, -3.64627015211072, -3.61390479785606, -3.57267299187046, -3.52257554737445, -3.46361344626859, -3.39577380937679, -3.31888033249537, -3.23210889079123, -3.13311819406189, -3.01711840424014, -2.87639500725583, -2.70033409140488, -2.47561275939162, -2.18644530820218, -1.81487788457663, -1.34099186294147, -0.743421037240397, 0.000280003710876997, 0, -0.251034896310811, -0.493226426405591, -0.726574620892276, -0.951079513105948, -1.16674113799949, -1.3735595305007, -1.5715347232288, -1.76066674347206, -1.94095560935252, -2.11240132514998, -2.27500387583072, -2.42876322093036, -2.57367928807524, -2.70975196658749, -2.83698110179029, -2.95536649078725, -3.06490788059943, -3.16560496956064, -3.25745741275715, -3.34046483201969, -3.41462683053118, -3.47994301153768, -3.53641300002354, -3.58403646565225, -3.62281314491812, -3.65274286041745, -3.67382553549528, -3.68606120323814, -3.68945000976377, -3.6839922128468, -3.66968817794294, -3.64653837450614, -3.61454337609526, -3.57370386821754, -3.52402066835762, -3.46549476352277, -3.39811328220065, -3.32169994585541, -3.23543072251729, -3.13696163841939, -3.02149031184138, -2.88126960596058, -2.70562767678668, -2.48115970008522, -2.19197591656823, -1.81999668172859, -1.34515876264425, -0.745938178370386, 0.000279428870876841, 0, -0.250704708137054, -0.492587892253502, -0.725649583105376, -0.94988981418447, -1.16530862060242, -1.37190603743847, -1.56968209744331, -1.75863682800028, -1.93877024726943, -2.11008235948687, -2.27257314946469, -2.4262425764421, -2.5710905675735, -2.70711701150113, -2.83432175263188, -2.95270458689646, -3.06226525987883, -3.16300346822122, -3.25491886509494, -3.33801107024731, -3.41227968468839, -3.47772430950219, -3.53434456763723, -3.58214012696903, -3.62111072256877, -3.65125617607578, -3.67257641042074, -3.68507145886442, -3.68874146830267, -3.6835866978817, -3.669607514997, -3.64680439158501, -3.61517790422244, -3.57472874200053, -3.5254577266461, -3.46736585024676, -3.40044024892159, -3.32450466975999, -3.23873517359426, -3.14078517467489, -3.02583999547694, -2.88612021639567, -2.71089637240713, -2.48668198465539, -2.19748346758017, -1.82509557125395, -1.3493105935426, -0.748446868859447, 0.00027885656533122, 0, -0.250376112685824, -0.491952436347829, -0.724729001889406, -0.948705842958273, -1.16388299482404, -1.37026049271662, -1.56783836951754, -1.75661665270472, -1.93659536047608, -2.10777449702421, -2.27015404700783, -2.42373396937119, -2.56851419079914, -2.70449459925737, -2.83167503824103, -2.95005530251377, -3.05963513622947, -3.16041423434712, -3.25239224813243, -3.33556879525947, -3.40994347457598, -3.4755158850143, -3.53228564749685, -3.58025242811957, -3.61941596053705, -3.64977606543581, -3.67133266533361, -3.68408579366398, -3.68803559809636, -3.68318233914114, -3.66952638612329, -3.64706821344884, -3.61580840069669, -3.57574764052365, -3.52688675887681, -3.46922675289798, -3.40275476630535, -3.32729457177128, -3.24202232286901, -3.14458889317825, -3.03016755606665, -2.89094694745443, -2.71614029107302, -2.49217972454393, -2.20296806507135, -1.83017464241762, -1.35344742289521, -0.75094714625392, 0.000278286780752479, 0, -0.250049102752994, -0.491320044765443, -0.723812857087353, -0.947527573521594, -1.16246422949495, -1.36862286038727, -1.56600349921028, -1.75460617353596, -1.93443090159996, -2.10547768755159, -2.26774651589693, -2.42123734528678, -2.56595010193874, -2.70188467314536, -2.82904090149457, -2.94741858058867, -3.05701745315859, -3.1578372124883, -3.24987750794726, -3.33313795514638, -3.40761815078155, -3.47331769164385, -3.5302361966392, -3.57837333009236, -3.61772882424784, -3.64830249884349, -3.67009427598558, -3.68310418927891, -3.68733238716204, -3.68277913150213, -3.66944479354345, -3.6473298501487, -3.61643488388345, -3.57676059095166, -3.52830780149895, -3.47107751769525, -3.40505689082574, -3.33006971910359, -3.24529224878218, -3.14837288381251, -3.03447309400632, -2.89574990746198, -2.72135954500008, -2.49765303060693, -2.20842981232828, -1.83523398401379, -1.35756931760575, -0.753439047901839, 0.00027771950374833, 0, -0.249723671171779, -0.490690703655379, -0.722901128646694, -0.946354980102965, -1.16105229360736, -1.36699310468895, -1.56417744648895, -1.75260534667301, -1.93227682351427, -2.10319188111902, -2.26535050384144, -2.41875265004038, -2.56339824546852, -2.69928717674858, -2.8264192855658, -2.94479436436688, -3.05441215446678, -3.15527234748273, -3.24737459089719, -3.33071849826801, -3.40530366414965, -3.47112968320219, -3.52819617232474, -3.57650279407919, -3.6160492793064, -3.64683544679974, -3.66886121825539, -3.68212662744794, -3.68663182358062, -3.68237706986998, -3.66936273946943, -3.64758931168553, -3.61705737205505, -3.57776762031075, -3.52972089077514, -3.47291819062032, -3.4073466786665, -3.33283017862568, -3.24854502937076, -3.15213723599689, -3.03875670917112, -2.90052920417887, -2.7265542458168, -2.50310201311866, -2.21386881209421, -1.84027368436895, -1.36167634422522, -0.755922610954229, 0.000277154721045392, 0, -0.249399810812492, -0.490064399238385, -0.721993796618726, -0.945188037064357, -1.15964715631406, -1.36537119004535, -1.56236017152833, -1.75061412852183, -1.93013307933633, -2.10091702803526, -2.26296595882175, -2.4162798297641, -2.5608585661524, -2.69670205394291, -2.82381013392261, -2.94218259738835, -3.05181918424612, -3.15271958445456, -3.24488344361842, -3.32831037325246, -3.40299996578011, -3.46895181374076, -3.52616553203623, -3.57464078147385, -3.61437729149729, -3.64537487995952, -3.66763346814808, -3.68115309000587, -3.68593389549635, -3.68197614917812, -3.66928022610362, -3.64784660801052, -3.61767588339134, -3.57876875548946, -3.53112606278269, -3.47474881741946, -3.4096241857232, -3.33557601686294, -3.25178074227076, -3.15588203868984, -3.04301850091896, -2.90528494480482, -2.73172450456839, -2.50852678177538, -2.21928516657276, -1.84529383134508, -1.36576856895432, -0.758397872366475, 0.000276592419410471, 0, -0.249077514582308, -0.489441117806446, -0.721090841157887, -0.944026718900308, -1.15824878692732, -1.36375708106416, -1.56055163470916, -1.74863247571388, -1.92799962242593, -2.09865307886618, -2.26059282908738, -2.41381883086877, -2.5583310090402, -2.69412924889473, -2.82121339032559, -2.93958322348543, -3.04923848687823, -3.15017886881223, -3.24240401302365, -3.32591352899413, -3.40070700702642, -3.46678403754941, -3.5241442334772, -3.57278725387079, -3.61271282678309, -3.64392076913075, -3.66641100179411, -3.68018355888287, -3.68523859111634, -3.68157636438785, -3.66919725563883, -3.6481017490253, -3.61829043598026, -3.57976402323949, -3.53252335341469, -3.47656944360488, -3.41188946760502, -3.33830729999959, -3.2549994647197, -3.1596073803919, -3.04725856809384, -2.91001723598234, -2.73687043172047, -2.5139274456991, -2.2246789774314, -1.85029451234263, -1.36984605764568, -0.760864868899529, 0.000276032585738495, 0, -0.248756775425022, -0.488820845722329, -0.720192242521097, -0.94287100023707, -1.15685715491792, -1.36215074253586, -1.55875179661681, -1.74666034510462, -1.92587640638387, -2.09639998443301, -2.25823106315525, -2.41136960004222, -2.55581551946576, -2.69156870605909, -2.81862899882609, -2.93699618678093, -3.04667000703246, -3.14765014624666, -3.23993624630037, -3.32352791465204, -3.39842473949405, -3.46462630915494, -3.52213223457058, -3.57094217306385, -3.61105585130331, -3.64247308527337, -3.66519379544853, -3.6792180161039, -3.68454589871019, -3.68117771048821, -3.66911383025835, -3.64835474458236, -3.6189010478184, -3.58075345017664, -3.53391279838124, -3.47838011445626, -3.41414257963663, -3.34102409388086, -3.25820127355922, -3.16331334914873, -3.05147700902913, -2.91472618380033, -2.74199213716291, -2.51930411344136, -2.23005034580502, -1.85527581430356, -1.37390887580625, -0.763323637121256, 0.000275475206981235, 0, -0.248437586320816, -0.488203569419126, -0.719297981067091, -0.941720855831759, -1.1554722299141, -1.36055213943254, -1.55696061804001, -1.74469769377214, -1.9237633850503, -2.0941576958108, -2.255880609808, -2.40893208424738, -2.55331204304509, -2.68902037017776, -2.81605690376439, -2.93442143168624, -3.04411368966398, -3.14513336272938, -3.23748009090904, -3.3211534796481, -3.39615311503879, -3.46247858331947, -3.52012949345719, -3.56910550104492, -3.6094063313732, -3.64103179949826, -3.6639818254902, -3.67825644378804, -3.68385580660953, -3.68078018249573, -3.669029952136, -3.64860560448525, -3.61950773681159, -3.58173706278156, -3.53529443321057, -3.4801808750222, -3.41638357685996, -3.34372646401514, -3.26138624523751, -3.16700003255394, -3.05567392155089, -2.91941189379765, -2.74708973021352, -2.52465689298692, -2.23539937229934, -1.86023782371436, -1.37795708859943, -0.765774213407639, 0.000274920270207701, 0, -0.248119942398083, -0.487589279484279, -0.718408043173015, -0.940576268181885, -1.15409399086438, -1.35896124748444, -1.55517807182132, -1.74274449200202, -1.92166052648452, -2.09192617916318, -2.2535414336443, -2.40650624684862, -2.55082054223889, -2.68648420313844, -2.81349706678576, -2.93185891993487, -3.0415694969251, -3.14262848116208, -3.23503551083126, -3.31879018937432, -3.39389210079355, -3.46034082924722, -3.51813598174299, -3.56727721215207, -3.60776424439331, -3.63959689259883, -3.66277507643571, -3.67729883050542, -3.68316830776842, -3.68038377807879, -3.66894562398492, -3.6488543368223, -3.62011051675389, -3.58271488088465, -3.53666828410003, -3.48197175819773, -3.41861249919854, -3.34641445768544, -3.26455443472818, -3.17066749333533, -3.05984937509142, -2.92407443946387, -2.75216328436533, -2.52998585434808, -2.24072612069736, -1.86518059471294, -1.38199073664058, -0.768216620714526, 0.000274366725583119, 0, -0.247803840917549, -0.486977970629554, -0.717522421191986, -0.939437227472231, -1.15272242597553, -1.35737805311061, -1.55340414278243, -1.74080072320889, -1.91956781288439, -2.0897054156616, -2.25121351499948, -2.40409206753547, -2.5483409962812, -2.68396018390998, -2.81094946678418, -2.92930863053619, -3.03903740813086, -3.14013548135573, -3.23260248656418, -3.31643802520425, -3.3916416791985, -3.45821303063517, -3.51615168457195, -3.56545729316641, -3.60612957897207, -3.63816835520094, -3.6615735411185, -3.67634517148726, -3.68248340000598, -3.67998849783458, -3.66886084937058, -3.64910094831753, -3.62070939771806, -3.58368691809772, -3.5380343683908, -3.48375278524377, -3.42082937202349, -3.34908810456354, -3.26770587619434, -3.1743157693288, -3.06400340921692, -2.92871385993735, -2.75721283608501, -2.5352910297676, -2.24603061820584, -1.87010414878185, -1.38600983511024, -0.770650867436969, 0.000273813391306943, 0, -0.247489275022056, -0.486369629602463, -0.716641095938028, -0.93830370904517, -1.15135750558012, -1.35580252209567, -1.55163879262184, -1.73886634546698, -1.91748519916177, -2.08749535751734, -2.24889680384611, -2.40168949450365, -2.54587335205272, -2.68144825851986, -2.80841404939571, -2.92677050919662, -3.03651736951979, -3.13765431054268, -3.23018096679561, -3.31409693774279, -3.3894018032372, -3.45609514330709, -3.51417656106952, -3.56364570697655, -3.60450230222264, -3.63674615910375, -3.66037719648513, -3.67539544928888, -3.68180107194776, -3.67959433692035, -3.66877563044342, -3.64934544857609, -3.62130439722566, -3.58465320032038, -3.53939272082238, -3.48552400020164, -3.42303424913997, -3.35174746868074, -3.27084064435579, -3.17794494612945, -3.06813611947565, -2.93333025822346, -2.76223849195389, -2.54057252435876, -2.25131296250238, -1.87500856951347, -1.39001444640794, -0.773076987411269, 0.000273262486587211, 0, -0.247176237772398, -0.485764242991883, -0.715764047995382, -0.9371756879476, -1.149999199655, -1.3542346198137, -1.54988198257818, -1.73694131634679, -1.91541263968628, -2.0852959563665, -2.24659124955405, -2.39929847532404, -2.54341755579264, -2.67894837234287, -2.80589075959799, -2.92424450096386, -3.03400932667683, -3.13518491531226, -3.22777089958642, -3.3117668769894, -3.38717242531473, -3.45398712254064, -3.51221056985289, -3.56184241600609, -3.60288238084193, -3.63533027574431, -3.65918601917965, -3.67444964622818, -3.68112131205238, -3.67920129040235, -3.66868996934426, -3.64958784728041, -3.62189553296775, -3.58561375371955, -3.54074337650474, -3.48728544759174, -3.42522718494633, -3.35439261478097, -3.27395881477005, -3.18155511031197, -3.07224760255994, -2.93792373864781, -2.7672403600506, -2.54583044490057, -2.25657325308211, -1.87989394244811, -1.39400463498941, -0.775495016620764, 0.000272713998308638, 0, -0.246864722265062, -0.485161797455667, -0.714891258048158, -0.936053139354775, -1.14864747833146, -1.35267431181694, -1.54813367408952, -1.7350255936371, -1.91335008906234, -2.08310716409404, -2.24429680175367, -2.39691895783736, -2.5409735540169, -2.67646047103501, -2.80337954265192, -2.92173055116854, -3.03151322546715, -3.13272724252892, -3.22537223326503, -3.30944779320117, -3.38495349808146, -3.45188892384406, -3.5102536697527, -3.56004738287259, -3.60126978169888, -3.63392067670738, -3.65799998596709, -3.67350774471495, -3.68044410883883, -3.67880935337326, -3.66860386820406, -3.64982815406431, -3.62248282254571, -3.58656860432888, -3.54208637036871, -3.48903717170701, -3.42740823356275, -3.35702360727693, -3.27706046260781, -3.18514634800668, -3.07633795466342, -2.94249440499533, -2.7722185478915, -2.551064897615, -2.26181158892028, -1.88476035267868, -1.39798046497311, -0.777904990860394, 0.000272167913890065, 0, -0.246554721632065, -0.484562279720343, -0.71402270687989, -0.934936038569737, -1.14730231189455, -1.35112156383495, -1.54639382879244, -1.73311913534404, -1.91129750212815, -2.08092893283269, -2.24201341033481, -2.394550890153, -2.53854129351694, -2.67398450053227, -2.80088034410049, -2.91922860542311, -3.02902901203501, -3.13028123933113, -3.22298491642645, -3.30713963689191, -3.38274497443225, -3.44980050295544, -3.50830581981244, -3.55826057038702, -3.59966447183403, -3.63251733372517, -3.65681907373336, -3.67256972725086, -3.67976945088666, -3.67841852095264, -3.66851732914451, -3.65006637851386, -3.62306628347227, -3.58751777805014, -3.54342173716754, -3.49077921661478, -3.4295774488333, -3.35964051025237, -3.28014566265562, -3.18871874490254, -3.08040727148438, -2.94704236051398, -2.77717316243448, -2.55627598817068, -2.26702806847551, -1.88960788485341, -1.40194200014219, -0.780306945737874, 0.000271624220676836, 0, -0.246246229040729, -0.483965676580676, -0.713158375372909, -0.933824361022508, -1.14596367078211, -1.34957634177353, -1.54466240852085, -1.73122189968975, -1.9092548339542, -2.07876121496146, -2.23974102544509, -2.39219422064735, -2.53612072135805, -2.67152040704892, -2.79839310976706, -2.91673860962002, -3.02655663280204, -3.12784685312966, -3.22060889793056, -3.30484235883052, -3.38054680750486, -3.44772181584125, -3.50636697928704, -3.55648194155254, -3.59806641845846, -3.63112021867638, -3.65564325948449, -3.67163557642895, -3.67909732683561, -3.67802878828669, -3.6684303542781, -3.65030253016764, -3.62364593317204, -3.58846130065396, -3.54474951147798, -3.49251162615809, -3.43173488432771, -3.36224338746418, -3.28321448931826, -3.19227238624988, -3.08445564822891, -2.95156770791812, -2.78210431008247, -2.56146382168637, -2.27222278969305, -1.89443662317862, -1.40588930394655, -0.782700916674766, 0.000271082906110331, 0, -0.245939237693461, -0.483371974899242, -0.712298244507722, -0.932718082269295, -1.14463152558383, -1.3480386117136, -1.54293937530468, -1.72933384511095, -1.90722203984179, -2.07660396310402, -2.23747959748832, -2.38984889796213, -2.53371178487759, -2.66906813707574, -2.79591778575351, -2.91426050993, -3.02409603446547, -3.12542403160588, -3.21824412690044, -3.30255591003935, -3.37835895067844, -3.44565281869489, -3.50443710764156, -3.55471145956324, -3.5964755889527, -3.62972930358527, -3.65447252034582, -3.67070527493298, -3.67842772538524, -3.67764015054816, -3.66834294570815, -3.6505366185171, -3.62422178898211, -3.58939919778072, -3.5460697277014, -3.49423444395719, -3.43388059334305, -3.36483230234442, -3.28626701662119, -3.19580735686321, -3.088483179614, -2.95607054939194, -2.78701209668707, -2.56662850273455, -2.27739585000814, -1.89924665142158, -1.40982243950501, -0.785086938907708, 0.000270543957707314, 0, -0.245633740827525, -0.482781161605984, -0.711442295362372, -0.931617177991665, -1.14330584704021, -1.34650833991006, -1.54122469136864, -1.72745493025761, -1.90519907532157, -2.07445713012714, -2.23522907712281, -2.38751487100263, -2.53131443168326, -2.6666276373782, -2.79345431843852, -2.91179425280025, -3.02164716399635, -3.12301272270999, -3.21589055272069, -3.30028024179262, -3.37618135757199, -3.44359346793522, -3.50251616454985, -3.55294908780301, -3.59489195086563, -3.62834456062077, -3.65330683356128, -3.6697788055369, -3.67776063529453, -3.67725260293608, -3.66825510552889, -3.65076865300676, -3.62479386815255, -3.59033149494132, -3.54738242006494, -3.49594771341092, -3.43601462890551, -3.36740731800243, -3.28930331821291, -3.199323741124, -3.09248995987073, -2.96055098659291, -2.79189662755205, -2.57177013534493, -2.2825473463493, -1.90403805291338, -1.41374146960747, -0.787465047489614, 0.000270007363064373, 0, -0.245329731714822, -0.482193223697792, -0.710590509111832, -0.930521623995765, -1.14198660604169, -1.34498549279071, -1.539518319131, -1.72558511399159, -1.90318589615211, -2.07232066913915, -2.23298941525982, -2.38519208893609, -2.52892860965137, -2.66419885499477, -2.79100265447573, -2.90933978495266, -3.0192099686378, -3.1206128746593, -3.21354812503576, -3.29801530561477, -3.37401398204276, -3.44154372020515, -3.50060410989317, -3.55119478984419, -3.59331547191341, -3.62696596209546, -3.65214617649258, -3.6688561511042, -3.67709604538145, -3.67686614067563, -3.66816683582545, -3.65099864303456, -3.62536218784696, -3.59125821751798, -3.5486876226225, -3.49765147769805, -3.43813704377202, -3.36996849722679, -3.29232346736737, -3.20282162298334, -3.09647608274727, -2.96500912065502, -2.79675800743686, -2.57688882300794, -2.28767737514158, -1.90881091055172, -1.417646456717, -0.789835277290849, 0.0002694731098698, 0, -0.245027203661671, -0.481608148238079, -0.709742867027382, -0.929431396211526, -1.14067377362762, -1.34347003695512, -1.53782022120237, -1.72372435538528, -1.90118245831837, -2.07019453348844, -2.23076056306187, -2.38288050119, -2.52655426692514, -2.66178173723516, -2.7885627407921, -2.90689705338211, -3.01678439590332, -3.11822443593659, -3.21121679374828, -3.29576105327889, -3.37185677818483, -3.43950353237018, -3.49870090375894, -3.54944852944649, -3.59174611997838, -3.62559348046472, -3.65099052661849, -3.66793729458739, -3.67643394452261, -3.67648075901795, -3.66807813867396, -3.65122659795209, -3.62592676514298, -3.59217939076507, -3.54998536925591, -3.4993457797787, -3.44024789043202, -3.37251590248739, -3.29532753698628, -3.20630108596476, -3.100441641512, -2.96944505219226, -2.80159634056017, -2.58198466867822, -2.29278603230985, -1.91356530680376, -1.42153746297202, -0.792197663000441, 0.000268941185872174, 0, -0.244726150008588, -0.481025922356351, -0.708899350475999, -0.928346470691874, -1.13936732098536, -1.34196193917359, -1.53613036038442, -1.72187261372027, -1.89918871803035, -2.06807867676187, -2.22854247194123, -2.38058005745048, -2.524191351913, -2.6593762316786, -2.78613452458606, -2.90446600535469, -3.01437039357502, -3.11584735528834, -3.20889650901745, -3.29351743680511, -3.36970970032751, -3.43747286151701, -3.49680650643934, -3.5477102705557, -3.59018386310804, -3.62422708832581, -3.64983986153404, -3.66702221902737, -3.67577432165287, -3.67609645323996, -3.66798901614154, -3.6514525270649, -3.62648761703288, -3.5930950398099, -3.55127569367597, -3.50103066239574, -3.44234722110907, -3.37504959593739, -3.29831559960149, -3.20976221316684, -3.10438672895654, -2.97385888130185, -2.80641173060331, -2.58705777477804, -2.29787341328199, -1.91830132370884, -1.42541455018831, -0.794552239127212, 0.000268411578928873, 0, -0.244426564130074, -0.480446533247799, -0.708059940919755, -0.927266823611958, -1.13806721944934, -1.340461166386, -1.53444869966876, -1.72002984848605, -1.89720463172162, -2.06597305278333, -2.22633509355828, -2.37829070766061, -2.52183981328696, -2.65698228617213, -2.78371795332589, -2.90204658840602, -3.01196790970199, -3.11348158172314, -3.20658722125739, -3.2912844084591, -3.36757270303393, -3.43545166495212, -3.49492087843009, -3.54597997730258, -3.58862866951399, -3.62286675841695, -3.64869415894987, -3.66611090755294, -3.67511716576498, -3.6757132186442, -3.66789947028641, -3.65167643963281, -3.62704476042405, -3.5940051896535, -3.55255862942352, -3.50270616807607, -3.4444350877626, -3.37756963941527, -3.30128772737732, -3.21320508726595, -3.10831143739878, -2.97825070756756, -2.81120428071368, -2.59210824320078, -2.30293961299212, -1.9230190428813, -1.42927777986122, -0.796899040000995, 0.000267884276945685, 0, -0.244128422950872, -0.47986993632699, -0.707224573828134, -0.926192372061287, -1.13677336929421, -1.33896760361729, -1.53277511039568, -1.71819591890346, -1.89523004805873, -2.06387750123018, -2.22413826016635, -2.37601227821478, -2.51949947314753, -2.65459972008746, -2.78131284521943, -2.89963862114494, -3.00957676485885, -3.11112693934609, -3.20428875966817, -3.2890618041003, -3.36544563038715, -3.43343979654627, -3.49304388495359, -3.54425752782505, -3.58708043181338, -3.62151239939822, -3.64755334513267, -3.66520330560113, -3.6744624430301, -3.67533104369982, -3.66780951343972, -3.65189837341321, -3.62759826006457, -3.59490993359938, -3.55383429992251, -3.50437245192951, -3.44651167875414, -3.38007625610076, -3.30424417987893, -3.21663000552049, -3.11221609562143, -2.9826208774063, -2.81597433967097, -2.59713640870979, -2.30798493492763, -1.92771871862333, -1.43312733876424, -0.799238166277992, 0.000267363439924728, 0, -0.243831459586122, -0.479295615926271, -0.706392502852874, -0.925122157113298, -1.13548461711754, -1.33747992109173, -1.53110810451887, -1.71636919675829, -1.89326321676237, -2.06179016786075, -2.22195003166399, -2.37374276125417, -2.51716827398046, -2.65222644435632, -2.77891709774507, -2.89724000569625, -3.00719488391536, -3.10878139386914, -3.20199914889963, -3.28684772541047, -3.36332667919319, -3.43143556632044, -3.49117396733489, -3.54254151283997, -3.5855379082017, -3.62016295502982, -3.64641656749329, -3.66429878231965, -3.67380976241979, -3.67494979529054, -3.6677192884874, -3.65211876538637, -3.62814886512386, -3.59581035110394, -3.55510413301784, -3.5060313082953, -3.44857917302848, -3.38257202766219, -3.30718795962497, -3.22004041463802, -3.11610452384229, -2.98697341246626, -2.82072594749082, -2.602146137919, -2.31301287337024, -1.93240326860338, -1.43696536000071, -0.801570756330979, 0.000266916689536378, 0, -0.243535667664828, -0.478723559735629, -0.70556371017693, -0.924056155875902, -1.1342009353842, -1.33599808706311, -1.52944764651303, -1.71454964317821, -1.89130409604511, -2.05971100840454, -2.21977036172964, -2.3714821088381, -2.51484616665797, -2.64986240909577, -2.77653066069667, -2.89485069196254, -3.00482221731474, -3.10644489670795, -3.19971834177175, -3.28464212704569, -3.36121580637598, -3.42943893389809, -3.48931108832866, -3.54083189866487, -3.58400106899089, -3.61881840004974, -3.64528380562734, -3.66339732259333, -3.67315911453976, -3.67456947017456, -3.66762879877178, -3.65233762591055, -3.62869659340786, -3.59670646785272, -3.5563681627066, -3.50768277991417, -3.45063762250221, -3.38505701562433, -3.31011913818098, -3.22343639642954, -3.11997681392453, -2.99130841372321, -2.82545921227687, -2.60713754319508, -2.31802354139188, -1.93707280254224, -1.44079194557477, -0.803896899951076, 0.00026647092983656, 0, -0.243241043045787, -0.4781537597511, -0.704738184212022, -0.922994353454951, -1.13292230617262, -1.33452208086091, -1.52779371323713, -1.7127372328301, -1.88935265866025, -2.05763999397969, -2.21759922012473, -2.36923028964975, -2.51253311906341, -2.64750758166782, -2.77415350119328, -2.89247064709828, -3.0024587325253, -3.10411741592307, -3.19744630721561, -3.28244497908588, -3.35911298344258, -3.4274498724917, -3.48745522313101, -3.53912866275771, -3.58246989417897, -3.61747871727422, -3.64415504544748, -3.66249891570944, -3.67251049233003, -3.67419006522289, -3.66753804537315, -3.65255496055354, -3.62924145525023, -3.59759829922357, -3.55762640968927, -3.5093268930877, -3.45268705935658, -3.38753125832681, -3.31303776032379, -3.22681800212207, -3.12383302308951, -2.99562594319223, -2.83017419865335, -2.61211068875502, -2.32301699912339, -1.94172737231486, -1.4446071346064, -0.806216618818661, 0.00026602668458342, 0, -0.242947581587716, -0.477586207968632, -0.703915913369841, -0.921936734956394, -1.13164871156151, -1.33305188181514, -1.526146281551, -1.71093194038214, -1.88740887736282, -2.05557709570663, -2.21543657661359, -2.36698727237587, -2.51022909908449, -2.64516192943957, -2.77178558635994, -2.89009983826493, -3.00010439702333, -3.10179891958408, -3.19518301417248, -3.28025625162242, -3.35701818191281, -3.42546835532783, -3.48560634695358, -3.53743178259346, -3.58094436378252, -3.61614388953972, -3.64303027288827, -3.66160355097889, -3.67186388875615, -3.67381157733402, -3.66744702940119, -3.65277077491461, -3.62978346101816, -3.59848586063008, -3.5588788947043, -3.51096367415779, -3.45472751581557, -3.38999479415444, -3.3159438708779, -3.23018528299363, -3.12767320861505, -2.99992606295509, -2.83487097133024, -2.61706563893277, -2.32799330685874, -1.94636703002251, -1.44841096652385, -0.808529935024374, 0.000265583944100922, 0, -0.242655279163855, -0.47702089641224, -0.703096886102718, -0.92088328553842, -1.13038013369248, -1.33158746932834, -1.52450532839567, -1.70913374059141, -1.88547272500348, -2.05352228480716, -2.21328240106671, -2.3647530258132, -2.50793407472169, -2.64282541989282, -2.76942688343725, -2.88773823273939, -2.99775917839956, -3.09948937587293, -3.19292843169303, -3.27807591485205, -3.35493137340689, -3.42349435572755, -3.4837644350956, -3.53574123572684, -3.57942445788903, -3.61481389974375, -3.64190947393454, -3.66071121775112, -3.67121929680945, -3.67343400341845, -3.66735575196295, -3.65298507457469, -3.63032262104393, -3.59936916743329, -3.56012563841904, -3.51259314937566, -3.45675902399195, -3.39244766135931, -3.31883751451267, -3.2335382901442, -3.13149742757855, -3.0042088348741, -2.83954959478641, -2.62200245783041, -2.3329525246728, -1.95099182757559, -1.45220348060933, -0.81083687057496, 0.000265142702886245, 0, -0.242364131661794, -0.476457817133681, -0.702281090903153, -0.919833990410853, -1.12911655476924, -1.33012882287473, -1.52287083079244, -1.70734260830285, -1.88354417452745, -2.05147553260331, -2.21113666345955, -2.36252751886719, -2.50564801408704, -2.64049802062273, -2.76707735978005, -2.88538579791276, -2.99542304435781, -3.09718875308272, -3.19068252893605, -3.27590393907576, -3.3528525296444, -3.42152784710543, -3.48192946294298, -3.53405699979147, -3.57791015665613, -3.6134887308443, -3.64079263462094, -3.65982190541374, -3.67057670950686, -3.67305734039877, -3.66726421416307, -3.65319786509687, -3.63085894562549, -3.60024823494256, -3.5613666614308, -3.51421534490318, -3.45878161588887, -3.39488989806266, -3.32171873574435, -3.23687707449808, -3.13530573685975, -3.00847432059518, -2.84421013327303, -2.62692120932183, -2.33789471242522, -1.95560181669761, -1.45598471600313, -0.813137447397466, 0.000264702955389051, 0, -0.24207413498342, -0.475896962212346, -0.701468516303663, -0.918788834834952, -1.12785795705744, -1.32867592199993, -1.52124276584254, -1.70555851844896, -1.88162319897408, -2.04943681051695, -2.2089993338721, -2.36031072055157, -2.50337088540365, -2.63817969933739, -2.76473698285702, -2.88304250128983, -2.9930959627146, -3.09489701961721, -3.18844527516808, -3.27374029469834, -3.35078162244385, -3.41956880296912, -3.48010140596796, -3.5323790524995, -3.57640144031132, -3.61216836585955, -3.6396797410317, -3.65893560339239, -3.66993611989078, -3.67268158520956, -3.66717241710368, -3.65340915202632, -3.63139244502657, -3.60112307841565, -3.56260198426699, -3.51583028681311, -3.46079532340014, -3.39732154225523, -3.32458757893662, -3.24020168680445, -3.13909819314136, -3.01272258154856, -2.84885265081431, -2.63182195705344, -2.34281992976113, -1.96019704892583, -1.4597547117041, -0.815431687339452, 0.000264264696125727, 0, -0.241785285044872, -0.475338323755175, -0.700659150876648, -0.917747804123249, -1.12660432288438, -1.32722874632073, -1.51962111072691, -1.70378144604946, -1.87970977147659, -2.04740609006945, -2.20687038248855, -2.35810259998803, -2.50110265700535, -2.63587042385744, -2.76240572025022, -2.88070831048876, -2.99077790139875, -3.09261414399048, -3.18621663976303, -3.27158495222805, -3.34871862372236, -3.41761719691909, -3.4782802397288, -3.53070737164146, -3.57489828915176, -3.61085278786772, -3.63857077930049, -3.6580523011506, -3.66929752102901, -3.67230673479733, -3.66708036188449, -3.65361894089043, -3.63192312947674, -3.60199371305897, -3.56383162738546, -3.51743800108942, -3.46280017831071, -3.39974263179779, -3.32744408830111, -3.24351217763803, -3.14287485290978, -3.01695367894961, -2.85347721120838, -2.63670476444515, -2.34772823611204, -1.96477757561206, -1.46351350657021, -0.817719612169373, 0.00026382791960633, 0, -0.241497217099305, -0.474781195565548, -0.699851970272957, -0.916709579071477, -1.12535406148831, -1.32578545681561, -1.51800380146223, -1.70200912545731, -1.87780144802226, -2.0453807721805, -2.20474707845888, -2.35590031785439, -2.49884040439483, -2.63356720780666, -2.76008054699978, -2.87838018525981, -2.98846582816288, -3.0903371252477, -3.18399367634653, -3.26943504315645, -3.34666076612029, -3.41567038602473, -3.47646346900158, -3.52903963297558, -3.5733985731914, -3.60954008441067, -3.63746407776852, -3.65717059110031, -3.6686597926762, -3.67193197953266, -3.66698757276722, -3.65382711311983, -3.63245126085653, -3.60286080448768, -3.56505668342531, -3.51904003068988, -3.46479819719826, -3.4021556801976, -3.33029129759503, -3.24681212407843, -3.1466398591965, -3.02117234371077, -2.85808915425972, -2.6415756004561, -2.35262624930713, -1.96935068285456, -1.46726907432723, -0.820007133872848, 0.000264838572684778, 0, -0.241210235351946, -0.474226166662221, -0.699047828933031, -0.915675260149772, -1.1241084999769, -1.32434758783754, -1.51639256025429, -1.7002434473386, -1.87590026834498, -2.04336302625922, -2.20263170147509, -2.35370624473341, -2.49658656965394, -2.631272545375, -2.75776399001356, -2.8760606658398, -2.9861622771851, -3.0880684721223, -3.18177884882331, -3.26729296717754, -3.34461036574107, -3.41373058342127, -3.47465318457788, -3.52737778557613, -3.57190408041518, -3.60823186301311, -3.63636104413007, -3.65629166173517, -3.6680238847547, -3.67155801139494, -3.66689446441495, -3.65403378668584, -3.63297664106739, -3.6037238191521, -3.56627626400069, -3.52063511300294, -3.46678772383058, -3.40455861819983, -3.33312670513012, -3.250098572492, -3.15038978675109, -3.02537465882991, -2.86268405034979, -2.64642950135788, -2.35750844948775, -1.97391027341553, -1.47101471983209, -0.822289708504783, 0.00026439243805132, 0, -0.240924391419642, -0.473673336979957, -0.698246871810601, -0.914645034031857, -1.12286786344486, -1.32291539960318, -1.51478767914268, -1.6984847322568, -1.87400657823296, -2.04135322001955, -2.20052463787776, -2.35152078229335, -2.4943415664797, -2.62898685898942, -2.75545647714982, -2.87375018221978, -2.98386767729103, -3.08580860897655, -3.17957257379458, -3.26515912983422, -3.34256781377239, -3.41179816264462, -3.47284973904561, -3.52572215778718, -3.5704151116277, -3.60692839364478, -3.63526191422465, -3.6554157114692, -3.66738995495768, -3.67118494406086, -3.66680110319208, -3.65423897734433, -3.63349923196002, -3.60458266170054, -3.56749021325972, -3.52222302837791, -3.46876847145862, -3.40695108865642, -3.33594988005701, -3.2533710142096, -3.15412404343432, -3.02955994237249, -2.8672611215468, -2.65126558723174, -2.36237384903051, -1.97845524673665, -1.4747492247884, -0.824565995349932, 0.00026395738483076, 0, -0.240639680995731, -0.473122698196927, -0.697449086860163, -0.913618885240054, -1.12163213327385, -1.321488870645, -1.51318913410219, -1.6967329539205, -1.87212034942017, -2.03935132351228, -2.19842585632605, -2.3493438980932, -2.49210536162243, -2.62671011488305, -2.75315797441595, -2.87144870047288, -2.981581994911, -3.08355750288933, -3.17737481927922, -3.26303350037671, -3.34053308098711, -3.40987309628161, -3.47105310709686, -3.5240727266973, -3.56893164660528, -3.60562965906096, -3.63416667407775, -3.65454272988931, -3.66675799672469, -3.67081277511391, -3.66670749111729, -3.65444269184056, -3.63401904529758, -3.6054373492055, -3.56869855387571, -3.52380380538047, -3.47074047483206, -3.40933313279278, -3.33876087036879, -3.25662950400538, -3.15784269032065, -3.03372826050901, -2.87182043699146, -2.6560839272857, -2.36722251369089, -1.98298566114171, -1.47847263580022, -0.826836024827349, 0.000263523728026072, 0, -0.240356100051991, -0.472574242527588, -0.696654462809758, -0.912596799286884, -1.12040129203177, -1.32006798085721, -1.51159690262426, -1.69498808768927, -1.87024155540517, -2.03735730864593, -2.19633532740931, -2.34717556167407, -2.48987792384589, -2.62444228131321, -2.7508684498337, -2.86915618865614, -2.97930519840816, -3.08131512280078, -3.1751855550651, -3.26091604971141, -3.33850613968092, -3.40795535828795, -3.46926326461802, -3.52242947039428, -3.56745366590773, -3.60433564256414, -3.63307531000519, -3.65367270659528, -3.66612800321016, -3.67044150153382, -3.66661362926636, -3.65464493561703, -3.6345360911601, -3.60628789665538, -3.56990130601628, -3.52537746962842, -3.47270376528993, -3.41170478794027, -3.34155971966042, -3.25987409175055, -3.16154578311416, -3.0378796736119, -2.87636205960882, -2.66088458407686, -2.37205450209564, -1.98750156728558, -1.48218499118637, -0.829099818373631, 0.000263091538255544, 0, -0.240072338950155, -0.472025436526436, -0.695859328238274, -0.911574052607904, -1.11916964984376, -1.31864615988808, -1.51000361971433, -1.69324205976022, -1.86836149941138, -2.03536194150468, -2.19424336590634, -2.34500572234201, -2.48764892281416, -2.62217283412996, -2.74857727126342, -2.86686199245971, -2.9770266971161, -3.07907102749463, -3.17299457518507, -3.2587968929106, -3.33647751174695, -3.40603596315007, -3.46747180445292, -3.52078464583587, -3.56597417635732, -3.6030401865875, -3.63198258579549, -3.65280141247591, -3.66549683815089, -3.67006916565851, -3.66651882433898, -3.65484636550576, -3.63505246229444, -3.60713791850865, -3.57110369166523, -3.52695093646482, -3.47466703739328, -3.41407661376792, -3.34435893863942, -3.26311932491789, -3.16524999139953, -3.04203305811302, -2.88090715662343, -2.66569109900508, -2.37689428648156, -1.99202547528496, -1.48590392213727, -0.831367211353127, 0.000263539184512829, 0, -0.239789677209958, -0.471478755412993, -0.695067270244487, -0.910555260359981, -1.11794276610299, -1.31722982754467, -1.50841648177044, -1.69150275929905, -1.86648867954872, -2.03337424531933, -2.19215943634612, -2.34284420210269, -2.48542845418987, -2.61991205883594, -2.74629483023441, -2.86457652563081, -2.97475684319705, -3.07683542375193, -3.17081185725037, -3.25668569463556, -3.33445646512507, -3.40412369832375, -3.46568694981872, -3.51914582825352, -3.56450002145847, -3.60174931917125, -3.63089363028941, -3.65193299343676, -3.6648675807788, -3.66969769630257, -3.66642377098134, -3.65504635822383, -3.63556613371618, -3.60798390429307, -3.57230063105967, -3.52851747301354, -3.47662182130591, -3.4164383196022, -3.34714633187806, -3.26635101965888, -3.16893905974036, -3.0461700039031, -2.88543507987015, -2.67048050212302, -2.38171802056001, -1.9965355600603, -1.48961254592175, -0.83362918447984, 0.000263100384278792, 0, -0.239508141233153, -0.470934250231307, -0.694278362755269, -0.90954051759333, -1.11672075522353, -1.31581911584539, -1.50683563665583, -1.68977034825432, -1.86462327009149, -2.03139440493044, -2.19008373237597, -2.34069120165064, -2.48321672395535, -2.61766016494189, -2.74402133802647, -2.86229999945915, -2.97249584619144, -3.07460851760487, -3.16863760202617, -3.25458264862577, -3.33244318477057, -3.40221873822176, -3.46390886282758, -3.51751316570072, -3.56303133344816, -3.60046315497801, -3.62980853881741, -3.65106752371837, -3.66424028248659, -3.66932712025288, -3.66632846961632, -3.65524488607179, -3.63607704784494, -3.60882576478842, -3.57349200158028, -3.53007692149648, -3.47856792233082, -3.41878967206633, -3.34992162555811, -3.26956885970324, -3.17261262696562, -3.05029010175961, -2.8899453679923, -2.67525227506577, -2.38652512344019, -2.0010311721865, -1.49331013822975, -0.835884931980418, 0.000262669126430803, 0, -0.239227726840278, -0.470391912904414, -0.693492594078114, -0.908529809281866, -1.11550359912766, -1.31441400394288, -1.50526106103547, -1.68804480108526, -1.86276524357521, -2.02942239123174, -2.1880162235298, -2.33854668944194, -2.48101369977081, -2.61541711959407, -2.74175676155387, -2.86003238090887, -2.97024367339525, -3.07239027696312, -3.1664717783177, -3.25248772486382, -3.33043764212524, -3.40032105602686, -3.46213751868495, -3.51588663568736, -3.56156809242241, -3.59918167697168, -3.62872729749292, -3.65020499286538, -3.66361493653186, -3.66895743476169, -3.66623292177263, -3.65544195513659, -3.63658521560772, -3.60966351604363, -3.57467782467988, -3.53162930905239, -3.48050537357471, -3.42113071051722, -3.35268486556906, -3.27277289749625, -3.17627075164259, -3.05439341522239, -2.8944380874124, -2.68000648425259, -2.39131565800953, -2.00551236700885, -1.49699674253442, -0.83813448094566, 0.000262239290604982, 0, -0.238948430036003, -0.46985173571035, -0.692709953033128, -0.907523121056466, -1.11429128052576, -1.31301447189569, -1.5036927325848, -1.68632609335292, -1.86091457371523, -2.02745817636163, -2.18595688063774, -2.33641063526718, -2.47881935065596, -2.61318289131003, -2.73950106910066, -2.85777363829922, -2.96800029343154, -3.0701806710222, -3.1643143561615, -3.25040089449589, -3.32843980971342, -3.39843062591008, -3.46037289347706, -3.51426621648336, -3.56011027910327, -3.59790486859484, -3.62764989274756, -3.6493453905669, -3.66299153612964, -3.66858863683848, -3.66613712852266, -3.65563757082206, -3.63709064700839, -3.61049717293127, -3.57585812036838, -3.53317466109723, -3.48243420612849, -3.42346147198964, -3.35543609515854, -3.27596318250907, -3.17991348902048, -3.05848000416028, -2.89891330052406, -2.68474319171416, -2.39608968240793, -2.0099791947686, -1.50067239685191, -0.840377852660004, 0.000261810908854243, 0, -0.238670246837852, -0.469313710952011, -0.691930428476418, -0.906520438594299, -1.1130837821839, -1.31162049982666, -1.50213062905126, -1.68461420069722, -1.85907123431179, -2.02550173254851, -2.18390567462422, -2.33428300901463, -2.47663364573079, -2.6109574487093, -2.73725422905374, -2.85552374005228, -2.96576567502535, -3.06797966907787, -3.16216530569182, -3.24832212876243, -3.32644966014944, -3.3965474221273, -3.45861496336899, -3.51265188643058, -3.55865787427703, -3.59663271334582, -3.62657631105926, -3.64848870654804, -3.66237007451985, -3.66822072350558, -3.66604109093881, -3.65583173851837, -3.6375933520226, -3.61132675028019, -3.5770329085957, -3.53471300296991, -3.48435445098798, -3.42578199340437, -3.35817535744057, -3.27913976405921, -3.18354089417561, -3.06254992825332, -2.90337106952334, -2.68946245928544, -2.40084725459452, -2.0144317055561, -1.50433713909344, -0.84261506836571, 0.000261383975623031, 0, -0.238393173277234, -0.468777830959121, -0.691154009302943, -0.905521747622471, -1.11188108692824, -1.31023206792794, -1.50057472825991, -1.68290909884305, -1.85723519925652, -2.0235530321177, -2.18186257651515, -2.33216378067773, -2.47445655422316, -2.60874076052106, -2.73501620991051, -2.85328265470051, -2.9635397870111, -3.06578724053334, -3.16002459714748, -3.24625139900463, -3.32446716614366, -3.39467141902476, -3.45686370460957, -3.51104362394717, -3.55721085879778, -3.59536519478135, -3.62550653895402, -3.64763493057076, -3.66175054496707, -3.66785369179689, -3.66594481009102, -3.65602446359823, -3.63809334059265, -3.61215226286914, -3.57820220924389, -3.53624435992271, -3.48626613904277, -3.42809231155548, -3.36090269538092, -3.28230269129412, -3.18715302199302, -3.06660324697227, -2.90781145638629, -2.694164348581, -2.40558843232059, -2.01886994928126, -1.50799100703314, -0.844846149227949, 0.000260958485582941, 0, -0.238117205399378, -0.468244088088127, -0.690380684446352, -0.904527033917823, -1.11068317764481, -1.30884915646073, -1.49902500811313, -1.68121076359994, -1.85540644253213, -2.02161204749104, -2.17982755743751, -2.33005292035459, -2.47228804546832, -2.60653279558365, -2.73278698027836, -2.85105035088634, -2.96132259833216, -3.06360335489883, -3.15789220087142, -3.24418867666404, -3.32249230050205, -3.39280259103871, -3.45511909353108, -3.50944140752719, -3.55576921358715, -3.5941022965163, -3.62444056300575, -3.64678405243372, -3.66113294076046, -3.66748753875782, -3.66584828704677, -3.65621575141703, -3.63859062262765, -3.61297372542686, -3.57936604212733, -3.5377687571217, -3.48816930107668, -3.43039246311074, -3.36361815179769, -3.28545201319182, -3.19074992716727, -3.07064001957957, -2.91223452286987, -2.69884892099597, -2.41031327313057, -2.02329397567441, -1.5116340383088, -0.847071116335307, 0.000260534433425219, 0, -0.23784215516062, -0.467712119166505, -0.689609928520151, -0.90353562279487, -1.10948924326421, -1.30747083088687, -1.4974804235192, -1.67951805223793, -1.85358373668569, -2.01967747940793, -2.17779925923822, -2.32794902391464, -2.4701266822729, -2.6043320965553, -2.73056507558094, -2.84882536971197, -2.95911266868165, -3.0614266033698, -3.15576675247183, -3.2421326546708, -3.32052382638477, -3.3909397844662, -3.45338007247337, -3.50784428845826, -3.55433211178482, -3.59284332644636, -3.62337783876994, -3.64593568825634, -3.66051705148806, -3.66712224035072, -3.66575169704958, -3.65640598940794, -3.63908581066082, -3.61379198849919, -3.58052550871963, -3.53928755988657, -3.4900655791777, -3.43268437985347, -3.36632396110289, -3.28859021995528, -3.19433425057819, -3.07466293128763, -2.91664289126797, -2.70351862789211, -2.41502394883123, -2.02770556791556, -1.51526751811081, -0.849290647357303, 0.000260151326457958, 0, -0.237568000697974, -0.467181881966586, -0.688841680430303, -0.902547435791532, -1.10829918945464, -1.30609698250319, -1.49594085290197, -1.6778308318062, -1.8517669388901, -2.01774917666333, -2.17577752383265, -2.32585192789198, -2.46797229728806, -2.60213849370246, -2.72835032519815, -2.8466075411689, -2.95690983016068, -3.0592568216549, -3.15364809276265, -3.24008318044179, -3.31856159930916, -3.38908286442245, -3.45164651764675, -3.50625215554297, -3.5528994562827, -3.59158820304981, -3.62231830180824, -3.64508979218067, -3.65990285136947, -3.66675779236992, -3.66565505896591, -3.6565952210071, -3.63957897419573, -3.61460714915519, -3.58168073515365, -3.54080092491271, -3.49195516210285, -3.43496828410204, -3.3690203806767, -3.2917175997675, -3.1979063012282, -3.07867230127874, -2.92103687942493, -2.70817377351022, -2.41972073718843, -2.03210496396924, -1.51889163097383, -0.85150485959966, 0.00025977296272206, 0, -0.237294739098163, -0.466653370856768, -0.68807593202183, -0.901562462424411, -1.10711300359925, -1.30472759675432, -1.4944062799625, -1.67614908445724, -1.8499560299442, -2.01582711889742, -2.17376232989723, -2.32376161019429, -2.46582486784766, -2.59995196398009, -2.72614270590104, -2.84439684203916, -2.95471405975718, -3.05709398714282, -3.15153619972825, -3.23804023275193, -3.31660559903551, -3.38723181184791, -3.44991841136669, -3.50466499266653, -3.55147123273058, -3.59033691393572, -3.62126194188382, -3.64424635631873, -3.6592903350603, -3.66639419220943, -3.66555837312299, -3.65678344966977, -3.64007012001056, -3.61541921769078, -3.58283173543806, -3.54230887011645, -3.49383807187119, -3.43724420217336, -3.37170744132907, -3.29483418812681, -3.20146611937846, -3.0826681740577, -2.92541653469762, -2.71281440592373, -2.42440368425282, -2.03649220466923, -1.52250640901685, -0.85371377279656, 0.000259395737397194, 0, -0.237022367567527, -0.466126580436361, -0.687312675473646, -0.900580692638653, -1.10593067359604, -1.30336265967779, -1.49287668906447, -1.67447279306748, -1.84815099142387, -2.01391128657212, -2.17175365696661, -2.32167804961552, -2.46368437219162, -2.59777248526072, -2.72394219538133, -2.84219325002027, -2.95252533536107, -3.05493807810248, -3.14943105220308, -3.23600379118773, -3.31465580608894, -3.38538660839283, -3.44819573659503, -3.50308278428887, -3.55004742727289, -3.58908944711953, -3.62020874906954, -3.64340537298726, -3.65867949730767, -3.6660314372332, -3.66546163968805, -3.65697067855301, -3.6405592544387, -3.61622820380231, -3.58397852281872, -3.54381141247987, -3.49571432938772, -3.43951215908211, -3.37438517237126, -3.29794001882807, -3.20501374337354, -3.08665059199337, -2.92978190208495, -2.71744057062651, -2.4290728332766, -2.04086732783622, -1.52611188113659, -0.855917403256435, 0.000259019669241578, 0, -0.236750883321848, -0.465601505322934, -0.686551902991113, -0.899602116413423, -1.104752187384, -1.30200215735838, -1.49135206462449, -1.6728019405714, -1.84635180496742, -2.01200166021561, -2.16975148464483, -2.31960122502164, -2.46155078863377, -2.59560003549205, -2.7217487714066, -2.83999674288568, -2.95034363493762, -3.05278907287692, -3.14733262909388, -3.23397383540558, -3.31271220106135, -3.38354723577051, -3.44647847635233, -3.50150551492366, -3.54862802610227, -3.58784579065865, -3.6191587134734, -3.6425668345307, -3.65807033287823, -3.66566952481598, -3.66536485882982, -3.6571569108054, -3.64104638379451, -3.61703411715584, -3.5851211104994, -3.54530856893046, -3.49758395548973, -3.44177217976155, -3.37705360301876, -3.30103512555534, -3.20854921143165, -3.09061959731403, -2.93413302643604, -2.72205231296139, -2.43372822736995, -2.04523037117005, -1.52970807614316, -0.858115767249021, 0.000258644753810433, 0, -0.236480283586969, -0.465078140153505, -0.685793606807759, -0.898626723764096, -1.10357753294568, -1.30064607593119, -1.48983239111552, -1.67113650996515, -1.84455845227955, -2.01009822042648, -2.16775579260972, -2.317531115355, -2.4594240955664, -2.5934345927016, -2.7195624118249, -2.83780729848928, -2.94816893653186, -3.05064694988761, -3.14524090938383, -3.23195034513557, -3.31077476461503, -3.38171367576062, -3.44476661372082, -3.49993316914088, -3.5472130154616, -3.58660593265402, -3.61811182523957, -3.64173073332158, -3.65746283655809, -3.66530845234258, -3.66526803071703, -3.65734214956478, -3.64153151437019, -3.61783696738323, -3.5862595116369, -3.54680035633534, -3.49944697094008, -3.44402428905577, -3.37971276238243, -3.304119541872, -3.21207256163355, -3.09457523209512, -2.93846995243666, -2.7266496781052, -2.43836990948473, -2.04958137223172, -1.53329502274034, -0.860308880983919, 0.000258270986800979, 0, -0.236210565598733, -0.464556479584429, -0.68503777918512, -0.897654504742054, -1.10240669830698, -1.29929440158131, -1.4883176530665, -1.66947648430622, -1.84277091513096, -2.00820094787333, -2.16576656061242, -2.315467699634, -2.45730427145977, -2.59127613499618, -2.71738309456426, -2.83562489476496, -2.94600121826817, -3.04851168763399, -3.14315587213207, -3.22993330018113, -3.30884347748222, -3.37988591020875, -3.443060131844, -3.49836573156645, -3.5458023816437, -3.58536986124985, -3.61706807454815, -3.64089706176037, -3.65685700315257, -3.66494821720772, -3.66517115551828, -3.65752639795822, -3.64201465243585, -3.6186367640822, -3.58739373934125, -3.54828679150151, -3.50130339642749, -3.44626851172003, -3.382362679469, -3.30719330122126, -3.21558383192318, -3.09851753825992, -2.94279272460997, -2.73123271106959, -2.44299792241518, -2.05392036844413, -1.53687274952623, -0.862496760610966, 0.000257898363955289, 0, -0.235941726602948, -0.464036518291322, -0.684284412412621, -0.896685449434542, -1.10123967153698, -1.29794712054362, -1.48680783506218, -1.6678218467132, -1.84098917535811, -2.00630982329447, -2.16378376847713, -2.31341095695271, -2.45519129486183, -2.58912464056164, -2.71521079763239, -2.83344950972627, -2.9438404583499, -3.0463832646932, -3.1410774964734, -3.22792268041868, -3.30691832046483, -3.37806392102624, -3.44135901392645, -3.49680318688201, -3.54439611099115, -3.58413756463349, -3.61602745161504, -3.64006581227538, -3.65625282748622, -3.66458881681601, -3.66507423340215, -3.65770965910213, -3.64249580423963, -3.6194335168166, -3.58852380667594, -3.54976789117616, -3.50315325256693, -3.44850487242122, -3.38500338318154, -3.31025643692674, -3.2190830601083, -3.1024465575803, -2.94710138731735, -2.73580145670188, -2.44761230879874, -2.05824739709271, -1.54044128499376, -0.864679422220559, 0.000257526881009551, 0, -0.235673763855333, -0.463518250968964, -0.683533498807445, -0.895719547964489, -1.10007644074769, -1.2966042191026, -1.48530292174281, -1.66617258036548, -1.83921321486286, -2.0044248274976, -2.16180739610072, -2.31136086648052, -2.45308514439787, -2.58698008766244, -2.71304549911628, -2.83128112146603, -2.94168663505902, -3.04426165971963, -3.13900576161795, -3.22591846579728, -3.30499927443415, -3.37624769018975, -3.43966324323346, -3.49524551982467, -3.54299418989602, -3.58290903103515, -3.61498994669178, -3.63923697732262, -3.65565030440269, -3.66423024858193, -3.66497726453713, -3.65789193610224, -3.64297497600777, -3.62022723511646, -3.58964972665814, -3.55124367204693, -3.50499655989994, -3.45073339573828, -3.38763490231995, -3.31330898219301, -3.22257028386113, -3.10636233167741, -2.9513959847591, -2.74035595968569, -2.45221311111676, -2.06256249532609, -1.54400065753111, -0.86685688184389, 0.000257156533741032, 0, -0.235406674621477, -0.463001672331217, -0.682785030714414, -0.894756790490358, -1.0989169940939, -1.29526568359205, -1.48380289780389, -1.66452866850295, -1.83744301561221, -2.00254594135948, -2.15983742345244, -2.30931740746184, -2.4509857987701, -2.58484245464132, -2.71088717718185, -2.829119708156, -2.93953972675578, -3.04214685144464, -3.1369406468508, -3.22392063633836, -3.30308632033049, -3.37443719974109, -3.43797280309083, -3.49369271518676, -3.54159660479971, -3.58168424872777, -3.61395555006537, -3.63841054938566, -3.65504942876463, -3.66387250992977, -3.66488024909167, -3.65807323205374, -3.64345217394478, -3.62101792847822, -3.59077151225887, -3.55271415074216, -3.50683333889494, -3.45295410616254, -3.39025726558141, -3.31635097010616, -3.22604554071897, -3.11026490202234, -2.95567656097519, -2.74489626454185, -2.45680037169519, -2.06686570015671, -1.54755089542229, -0.869029155453262, 0.000256787317927332, 0, -0.235140456176795, -0.462486777110935, -0.682039000505849, -0.89379716720597, -1.09776131977297, -1.2939315003949, -1.48230774799596, -1.66289009442578, -1.83567855963797, -2.00067314582566, -2.15787383057354, -2.30728055921568, -2.44889323675735, -2.58271171991892, -2.70873581007356, -2.82696524804649, -2.9373997118783, -3.04003881867617, -3.13488213153163, -3.2219291721353, -3.30117943916288, -3.37263243178679, -3.43628767688453, -3.49214475781555, -3.54020334219263, -3.58046320602679, -3.61292425205809, -3.63758652097549, -3.65445019545361, -3.66351559829351, -3.66478318723411, -3.6582535500412, -3.64392740423343, -3.62180560636481, -3.59188917640324, -3.55417934383118, -3.50866360994759, -3.45516702809815, -3.39287050156083, -3.31938243363424, -3.22950886808476, -3.11415430993682, -2.95994315984599, -2.74942241562899, -2.46137413270534, -2.07115704846147, -1.55109202684754, -0.871196258962315, 0.000256419229393012, 0, -0.234875105806479, -0.461973560059881, -0.681295400581461, -0.892840668340362, -1.09660940602464, -1.29260165594295, -1.48081745712428, -1.66125684149411, -1.83391982903652, -1.99880642191011, -2.15591659757701, -2.30525030113542, -2.44680743721473, -2.58058786199346, -2.70659137611413, -2.82481771946604, -2.93526656894229, -3.03793754029841, -3.13283019509446, -3.2199440533532, -3.29927861200876, -3.37083336849794, -3.43460784806047, -3.49060163261304, -3.53881438861406, -3.57924589128996, -3.6118960430274, -3.63676488463046, -3.65385259937007, -3.66315951111693, -3.66468607913275, -3.65843289313876, -3.64440067303493, -3.62259027820587, -3.59300273197066, -3.55563926782458, -3.51048739338109, -3.45737218586249, -3.39547463875136, -3.32240340562792, -3.23296030322774, -3.11803059659394, -2.96419582509306, -2.75393445714444, -2.46593443616459, -2.07543657698236, -1.55462407988389, -0.873358208226363, 0.000256052263948536, 0, -0.234610620805457, -0.461462015948638, -0.680554223368212, -0.891887284157604, -1.09546124113081, -1.2912761367167, -1.47933201004867, -1.65962889312775, -1.83216680596846, -1.99694575069493, -2.15396570464719, -2.30322661268835, -2.44472837907324, -2.57847085944036, -2.70445385370408, -2.82267710082099, -2.93314027654063, -3.03584299527143, -3.13078481704718, -3.21796526022846, -3.29738382001365, -3.36903999210975, -3.43293330012421, -3.48906332453562, -3.53742973065185, -3.57803229291713, -3.61087091336569, -3.63594563291605, -3.65325663543316, -3.66280424585339, -3.66458892495579, -3.65861126441002, -3.64487198648898, -3.62337195339783, -3.59411219179501, -3.55709393917442, -3.51230470944652, -3.45956960368649, -3.39806970554479, -3.32541391882091, -3.23639988328403, -3.12189380301874, -2.96843460027976, -2.75843243312486, -2.47048132393709, -2.07970432232707, -1.55814708250557, -0.875515019042606, 0.000255686417440448, 0, -0.234346998478349, -0.460952139566523, -0.679815461320201, -0.890937004956661, -1.09431681341541, -1.28995492924509, -1.47785139168316, -1.65800623280597, -1.83041947265834, -1.99509111333007, -2.15202113203948, -2.30120947341543, -2.44265604133944, -2.5763606909119, -2.70232322132146, -2.82054337059522, -2.93102081334303, -3.03375516263084, -3.12874597697134, -3.21599277306851, -3.29549504439087, -3.36725228492139, -3.43126401664066, -3.48752981859396, -3.53604935494226, -3.5768223993501, -3.60984885350018, -3.63512875842483, -3.65266229858068, -3.6624497999659, -3.66449172487135, -3.65878866690822, -3.64534135071388, -3.6241506413041, -3.59521756866486, -3.55854337427456, -3.51411557832315, -3.4617593057151, -3.40065573023202, -3.32841400583054, -3.23982764525722, -3.12574397008896, -2.97265952881207, -2.76291638744702, -2.47501483773444, -2.0839603209696, -1.56166106258451, -0.877666707150417, 0.000255321685748156, 0, -0.234082956269209, -0.460441450603045, -0.679075521174381, -0.889985209324536, -1.09317055811872, -1.28863161022556, -1.47636840498672, -1.65638097455397, -1.8286693390025, -1.99323350038773, -2.15007343580609, -2.2991890896518, -2.44058036543254, -2.57424711770968, -2.70018914494509, -2.81840618423488, -2.92889790904743, -3.03166393110409, -3.12670380739404, -3.21401705296205, -3.29360315954399, -3.36546161939605, -3.42959195286929, -3.48599373757334, -3.53466663652038, -3.57561042259383, -3.6088249971242, -3.63431040125763, -3.65206682004323, -3.66209458054238, -3.66439414656004, -3.65896611365175, -3.64581120882291, -3.62493029990408, -3.5963244202138, -3.5599948152209, -3.51592901140205, -3.46395215749838, -3.40324551742638, -3.33141849529186, -3.24326052671696, -3.12960022875825, -2.97689201880352, -2.76740903330777, -2.47955701455057, -2.08822393775463, -1.56518071685525, -0.879821305133713, 0.000255586443000277, 0, -0.233819758052448, -0.459932393267578, -0.678337943935055, -0.889036451519823, -1.09202795921238, -1.28731250980089, -1.4748901427309, -1.65476089022937, -1.82692477240172, -1.9913817912691, -2.14813192380649, -2.29717511417426, -2.43851126550748, -2.57214023183035, -2.69806181088035, -2.81627573882576, -2.9267816879973, -3.02957926877618, -3.12466803663319, -3.21204750495933, -3.2917171637636, -3.36367650358105, -3.42792504313856, -3.48446235861473, -3.53328811187658, -3.57440207502884, -3.60780414905074, -3.63349437520159, -3.6514729391207, -3.6617401689289, -3.66429652993983, -3.65914261964661, -3.64627916741442, -3.62570704387886, -3.59742728567948, -3.56144114226174, -3.51773614637186, -3.4661374705645, -3.40582646885497, -3.33441279543693, -3.2466818589662, -3.13344375012844, -2.98111099763, -2.77188802949479, -2.48408623173969, -2.09247626999591, -1.5686918636924, -0.881971353459688, 0.000255216339774877, 0, -0.233557422309322, -0.45942500327529, -0.677602781303959, -0.888090797983464, -1.09088909662914, -1.28599772014833, -1.47341670809005, -1.65314609275618, -1.82518589428231, -1.98953611465543, -2.14619673072946, -2.29516768643175, -2.43644888452603, -2.5700401785012, -2.69594136537286, -2.81415218038458, -2.92467229473336, -3.02750131746488, -3.12263880253663, -3.21008426169154, -3.28983718321753, -3.36189705593433, -3.42626339695006, -3.48293578101701, -3.5319138688608, -3.57319743180987, -3.60678637049313, -3.6326807262824, -3.6508806854049, -3.66138657703695, -3.66419886799542, -3.65931815770408, -3.64674517787947, -3.62648080195227, -3.59852606987121, -3.56288223504425, -3.51953683646973, -3.46831507049218, -3.40839838118908, -3.33739667277977, -3.25009137699498, -3.13727423573787, -2.98531613062908, -2.7763530016846, -2.48860207127407, -2.09671685147737, -1.57219398390023, -0.884116274962208, 0.000254851644066911, 0, -0.233295946232716, -0.458919275200159, -0.676870025424367, -0.887148238616241, -1.08975395821553, -1.2846872272483, -1.47194808536673, -1.65153656494735, -1.82345268615578, -1.987696450945, -2.14426783604829, -2.29316678516077, -2.43439320067614, -2.5679469355498, -2.69382778607795, -2.8120354865827, -2.92256970713114, -3.02543005543799, -3.12061608395264, -3.20812730277552, -3.28796319847929, -3.36012325817415, -3.42460699735487, -3.48141398935215, -3.53054389375389, -3.57199648111469, -3.6057716517141, -3.63186944703578, -3.65029005389255, -3.66103380251233, -3.66410116120977, -3.65949273133234, -3.64720924693958, -3.62725158424729, -3.59962078650166, -3.56431811105904, -3.52133110315249, -3.47048498289285, -3.41096128438318, -3.34037016180649, -3.25348911988724, -3.14109172876531, -2.98950746374555, -2.78080399654648, -2.49310457792504, -2.10094572201696, -1.57568710899833, -0.886256089352866, 0.00025448803313588, 0, -0.233035327145539, -0.458415203866858, -0.676139668801578, -0.886208763782937, -1.08862253237466, -1.28338101772115, -1.47048425957735, -1.6499322903942, -1.82172513036727, -1.98586278141561, -2.1423452201523, -2.29117239004103, -2.43234419310673, -2.56586048177316, -2.69172105161961, -2.80992563604983, -2.92047390400494, -3.02336546187321, -3.1185998606011, -3.20617660865209, -3.28609519088943, -3.3583550927195, -3.42295582802914, -3.47989696873216, -3.52917817328243, -3.57079921146315, -3.60475998320542, -3.63106053010411, -3.64970103955534, -3.66068184283474, -3.6640034097493, -3.65966634356331, -3.64767138067092, -3.62801940006317, -3.60071144827196, -3.56574878658801, -3.52311896646173, -3.47264723174678, -3.41351520653533, -3.34333329491216, -3.25687512439201, -3.14489626980332, -2.99368504008269, -2.78524105765163, -2.49759379311024, -2.1051629178259, -1.57917126664979, -0.88839081224074, 0.00025412552940296, 0, -0.232775562379484, -0.457912784117051, -0.675411703965499, -0.88527236387998, -1.08749480754777, -1.28207907823117, -1.46902521578757, -1.64833325274206, -1.82000320932001, -1.98403508740671, -2.14042886349542, -2.28918448081922, -2.43030184103554, -2.56378079603834, -2.68962114069243, -2.80782260748641, -2.91838486423925, -3.02130751601732, -3.11659011226926, -3.20423215982721, -3.28423314185074, -3.35659254204819, -3.42130987270382, -3.47838470431924, -3.52781669421802, -3.56960561141431, -3.60375135549175, -3.63025396815575, -3.64911363738344, -3.66033069549426, -3.66390561378216, -3.65983899742134, -3.64813158513226, -3.62878425867128, -3.60179806784438, -3.56717427786261, -3.52490044637644, -3.47480184095895, -3.41606017565498, -3.34628610438934, -3.26024942714132, -3.14868789931435, -2.99784890260527, -2.78966422843191, -2.50206975811687, -2.10936847500519, -1.58264648444016, -0.890520459202853, 0.000253764128641309, 0, -0.232516649275747, -0.457412010810769, -0.674686123472641, -0.884339029338002, -1.08637077221725, -1.28078139549019, -1.46757093911628, -1.64673943569449, -1.81828690547994, -1.98221335032423, -2.13851874660125, -2.28720303731423, -2.4282661237544, -2.56170785728772, -2.68752803206701, -2.80572637966883, -2.91630256679387, -3.01925619719114, -3.11458681881654, -3.20229393687641, -3.28237703283243, -3.35483558870063, -3.41966911516804, -3.47687718132874, -3.52645944337965, -3.56841566956834, -3.60274575913187, -3.62944975388554, -3.64852784238524, -3.65998035799036, -3.66380777347638, -3.66001069592055, -3.64858986636135, -3.62954616931063, -3.60288065783675, -3.56859460105718, -3.5266755628052, -3.47694883434993, -3.41859621965261, -3.34922862241638, -3.26361206463725, -3.15246665761642, -3.00199909412378, -2.79407355216246, -2.50653251408268, -2.11356242952481, -1.58611278985465, -0.892645045759463, 0.00025340382680894, 0, -0.232258585184978, -0.45691287882632, -0.67396291990598, -0.883408750621664, -1.08525041490646, -1.27948795625726, -1.46612141473526, -1.64515082301305, -1.81657620137537, -1.98039755164027, -2.13661485006267, -2.28522803941676, -2.42623702062882, -2.55964164453864, -2.68544170458951, -2.80363693144908, -2.91422699070358, -3.01721148478918, -3.11258996017413, -3.2003619204445, -3.28052684536986, -3.35308421527958, -3.41803353926884, -3.47537438502885, -3.52510640763353, -3.56722937456626, -3.60174318471847, -3.62864788001472, -3.64794364958736, -3.65963082783187, -3.66370988899987, -3.66018144206487, -3.64904623037505, -3.63030514118794, -3.60395923082268, -3.57000977228924, -3.52844433558651, -3.47908823565639, -3.42112336634027, -3.3521608810581, -3.26696307325259, -3.15623258488383, -3.00613565729521, -2.79846907196255, -2.5109821019967, -2.11774481722447, -1.5895702102788, -0.894764587374498, 0.000253044619858089, 0, -0.232000106273612, -0.456412945087996, -0.673238555539659, -0.882476979947561, -1.08412826236766, -1.27819244641415, -1.46466957225006, -1.64355967262175, -1.81486276784361, -1.97857885970009, -2.13470792432692, -2.28324990426894, -2.42420470008686, -2.55757216209352, -2.68335208302155, -2.80154419262831, -2.91214815538387, -3.01516357240954, -3.1105899886837, -3.19842690616971, -3.27867380294245, -3.35133015764218, -3.41639547776987, -3.47386932961188, -3.52375136711756, -3.56604135700508, -3.60073919781993, -3.62784493159626, -3.64735874804401, -3.65928098259652, -3.66361211098405, -3.66035274407946, -3.64950362754437, -3.63106565138649, -3.60503987518097, -3.57142757583657, -3.53021632952538, -3.48123147487006, -3.42365499559667, -3.35509829483506, -3.27031990758838, -3.16000510398247, -3.0102792570113, -2.80287134038197, -2.51543759936299, -2.1219318776664, -1.59303078437627, -0.896885558772174, 0.000253139354440934
0, 0, 0, 0, 0, 0, 0, 0, 0, 0, 0, 0, 0, 0, 0, 0, 0, 0, 0, 0, 0, 0, 0, 0, 0, 0, 0, 0, 0, 0, 0, 0, 0, 0, 0, 0, 0, 0, 0, 0, 0, 0, 0, 0, 0, 0, 0, 0, 0, 0, 0, -0.217240642027865, -0.425428094423155, -0.624562358192648, -0.814643435083229, -0.995671327718974, -1.1676460397492, -1.33056757600428, -1.48443594265422, -1.62925114736299, -1.76501319942887, -1.89172210989887, -2.00937789164234, -2.11798055936699, -2.21753012955896, -2.30802662032915, -2.38947005114974, -2.46186044247009, -2.52519781520862, -2.5794821901281, -2.62471358711469, -2.66089202439466, -2.68801751773604, -2.70609007969167, -2.71510971894475, -2.71507643981451, -2.70599024196908, -2.68785112037475, -2.66065906548809, -2.62441406367397, -2.57911609781041, -2.52476514802544, -2.46136119250238, -2.38890420828915, -2.30739417205359, -2.21683106073773, -2.11721485207724, -2.00854552496541, -1.89082305965087, -1.76404743776412, -1.62821864216728, -1.48333665661266, -1.3294014651751, -1.16641305138381, -0.994371396906087, -0.813276479496143, -0.623128269641281, -0.423926724736021, -0.21567177821936, 0.00163668243545903, 0, -0.217011732440645, -0.424987971056087, -0.623928716901906, -0.813833971762745, -0.99470373828069, -1.16653802009216, -1.32933682196983, -1.48310014996441, -1.62782801153928, -1.7635204156886, -1.89017737302757, -2.00779889584121, -2.11638499807658, -2.21593569526259, -2.30645100434252, -2.38793094340658, -2.46037553131719, -2.52378478722665, -2.57815872999682, -2.62349737754131, -2.6598007461227, -2.68706884964733, -2.70530169900765, -2.71449930152466, -2.714661660539, -2.70578877518982, -2.68788064040482, -2.66093724710664, -2.62495858262108, -2.5799446312556, -2.52589537500431, -2.46281079432907, -2.39069086896761, -2.30953557872623, -2.21934490422727, -2.12011882759818, -2.01185802465189, -1.89456042456849, -1.76821614148109, -1.63280705546451, -1.48830702261204, -1.33468280187805, -1.17189448041323, -0.999896669395857, -0.81863914437191, -0.628066013722919, -0.428116493147421, -0.218728489168022, 0.000160510150816445, 0, -0.216741268075001, -0.424465225443395, -0.623171873283055, -0.812861213507746, -0.993533248889988, -1.1651879831901, -1.32782542128758, -1.48144556930917, -1.62604843474648, -1.76163402655365, -1.88820235521399, -2.0057534327628, -2.11428727275251, -2.21380389014635, -2.30430330112835, -2.38578552282036, -2.45825057290251, -2.52169846914069, -2.57612922883367, -2.62154286820243, -2.65793940175422, -2.6853188416612, -2.70368119719867, -2.71302647428753, -2.71335467518086, -2.70466579832445, -2.68695983840749, -2.66023678660422, -2.62449663099222, -2.57973935712068, -2.52596494869387, -2.46317338833246, -2.39136465837852, -2.31053874171912, -2.2206956226176, -2.12183528756225, -2.01395909802223, -1.89706294890235, -1.77112713585212, -1.63611547068604, -1.49197569744694, -1.33864134368567, -1.17603256756709, -1.00405854903622, -0.822618769191782, -0.631601346042468, -0.430884588117462, -0.220344181617516, 0.000145003299001772, 0, -0.216197439802842, -0.423414110495825, -0.621650013504441, -0.810905151004096, -0.991179526031881, -1.1624731425999, -1.32478600580537, -1.47811812193129, -1.62246949852969, -1.75784014447817, -1.88423006999905, -2.00163928662985, -2.11006780713386, -2.20951564534106, -2.29998281591259, -2.38146933402626, -2.45397521498712, -2.51750047377411, -2.57204512454213, -2.6176091801059, -2.65419265143797, -2.68179554721597, -2.7004178734533, -2.71005963324298, -2.71072082663629, -2.70240145066786, -2.68510149952867, -2.65882096487907, -2.62355983628784, -2.5793181017802, -2.52609574847846, -2.4638927633236, -2.39270913387419, -2.31254484919167, -2.22339990083992, -2.12527428405415, -2.01817069868941, -1.90208099521326, -1.77696576400264, -1.6427522690893, -1.49933527747635, -1.34658078992358, -1.18432774037781, -1.01239282050208, -0.830573057007181, -0.638642450402992, -0.436355114443108, -0.223459814945758, 0.000296351534347816, 0, -0.215653730805697, -0.422363215934025, -0.620128457058034, -0.808949456614715, -0.988826217905682, -1.15975874519478, -1.32174704379696, -1.47479112015145, -1.61889098187075, -1.754046637756, -1.88025809776866, -1.99752537294862, -2.10584847527019, -2.20522741743032, -2.29566221256744, -2.3771528739155, -2.44969941440448, -2.51330184622631, -2.56796018039174, -2.61367442630859, -2.65044459141383, -2.67827068088919, -2.6971526974844, -2.70709064146238, -2.7080845106699, -2.70013430072742, -2.68324000532431, -2.65740161660341, -2.62261912562094, -2.57889252287426, -2.52622179889978, -2.46460694495473, -2.39404795380982, -2.31454482069619, -2.22609754447276, -2.12870612911504, -2.02237449077744, -1.90709065058815, -1.78279616031708, -1.64938238917366, -1.50669175229999, -1.35452330716245, -1.19263528871108, -1.02075235572149, -0.838569454583617, -0.645746767258471, -0.441914431095108, -0.226694430377476, 0.000293830931582917, 0, -0.2151154343828, -0.421322776547721, -0.618622028412897, -0.807013192674292, -0.98649627289541, -1.15707127358933, -1.3187382002866, -1.47149705958115, -1.61534785914537, -1.75029060770477, -1.87632531496259, -1.99345199146609, -2.10167064840856, -2.2009812973652, -2.29138394996688, -2.37287861752296, -2.44546531061184, -2.50914403866587, -2.56391480958246, -2.60977762939582, -2.6467325020416, -2.67477942923927, -2.69391841050598, -2.70414944330106, -2.70547252328688, -2.69788764468171, -2.68139480067615, -2.65599398388855, -2.62168518684551, -2.57846840248975, -2.52634362473565, -2.46531084911156, -2.39537007354627, -2.31652129937681, -2.2287645326818, -2.13209978608676, -2.02653207014816, -1.91204579068335, -1.78856412505741, -1.65594319839085, -1.51397369726064, -1.36238831778452, -1.20086511980051, -1.02903718330872, -0.846497746864738, -0.652793470318168, -0.447430728400405, -0.229904853914211, 0.000292378334747823, 0, -0.214582453507829, -0.420292605044616, -0.617130456771147, -0.805096011639794, -0.984189273473362, -1.15441024703172, -1.31575893805888, -1.46823535330197, -1.61183950049275, -1.74657138828186, -1.87243102611695, -1.98941842405758, -2.09753359252377, -2.19677654198006, -2.2871472825647, -2.36864582368134, -2.4412721735799, -2.5050263389601, -2.55990832463631, -2.6059181333018, -2.64305576542457, -2.67132121929496, -2.69071449122808, -2.70123557590574, -2.70288446682564, -2.69566115681578, -2.67956563857081, -2.65459790517769, -2.62075795061679, -2.57804577024987, -2.52646136133381, -2.46600472362385, -2.39667586015376, -2.31847477830382, -2.23140149129843, -2.13545602032446, -2.03064434991984, -1.91694748152789, -1.7942708734042, -1.6624360488061, -1.52118258119955, -1.37017738029434, -1.2090188486764, -1.03724893675436, -0.85435954396842, -0.659784101738802, -0.452905434185562, -0.233092351767403, 0.000290936702544708, 0, -0.21408963360117, -0.419339945818237, -0.615750939036596, -0.803322616446054, -0.982054982109648, -1.15194804101604, -1.31300179910734, -1.46521626327319, -1.60859144130112, -1.74312734177345, -1.8688239739022, -1.98568134729642, -2.09369947166088, -2.19287835643206, -2.28321801036549, -2.36471844109842, -2.43737965472087, -2.50120165539606, -2.55618444507426, -2.60232802334212, -2.63963238743959, -2.66809753246007, -2.68772345172761, -2.6985101373218, -2.70045758070204, -2.69356577337227, -2.67783470752951, -2.65326437665563, -2.61985477603828, -2.57760590324132, -2.52651775857978, -2.46659034568643, -2.39782367228498, -2.32021775131173, -2.23377260256222, -2.13848825509568, -2.03437154772657, -1.92140852937193, -1.79949562787116, -1.66842046236934, -1.52787209953429, -1.37745222897779, -1.21668010582478, -1.04500699259671, -0.861823811455734, -0.666451052733563, -0.458148196649712, -0.23615765802367, 0.000283850682205711, 0, -0.213600228603548, -0.418393886125507, -0.614380975174309, -0.801561499175526, -0.979935462430745, -1.14950287015581, -1.31026372848957, -1.46221804446315, -1.6053658259195, -1.73970708137309, -1.86524181980198, -1.98197005036785, -2.08989178206528, -2.18900702330985, -2.27931578148408, -2.3608180624711, -2.43351387021616, -2.49740320636364, -2.55248607001961, -2.59876245768568, -2.63623236339608, -2.66489577906935, -2.68475269505901, -2.69580310086023, -2.69804698590786, -2.69148434039048, -2.6761151560104, -2.651939426641, -2.61895714886749, -2.5771683224398, -2.52657295070911, -2.46717104115801, -2.39896260616671, -2.32194766418798, -2.23612624154178, -2.14149837510364, -2.03807163446104, -1.92583688016804, -1.8046817179266, -1.67436047527759, -1.53451230364984, -1.3846742264482, -1.22428685136768, -1.05271118780632, -0.869237538468049, -0.673073738230558, -0.463356130047265, -0.239200859083795, 0.000282797521145933, 0, -0.213109705604767, -0.417445660794072, -0.613007868399873, -0.799796332084041, -0.97781105638725, -1.14705204675305, -1.30751930951747, -1.45921285185349, -1.60213268165958, -1.73627880738227, -1.8616512377652, -1.97824998152165, -2.08607504693446, -2.18512644139604, -2.27540417091275, -2.35690823960961, -2.42963864928209, -2.49359539904979, -2.54877848516787, -2.59518790104539, -2.63282363750298, -2.66168568327635, -2.68177402574076, -2.69308865179996, -2.69562954885835, -2.68939670578474, -2.67439011378414, -2.65060976712076, -2.61805566367877, -2.57672780539761, -2.52662619866999, -2.46775085483556, -2.40010179094004, -2.32367903096351, -2.23848260776325, -2.1445125660465, -2.04177708416705, -1.93027160124248, -1.80987510687661, -1.68030924284005, -1.54116383075795, -1.39191177637025, -1.2319155355814, -1.06044272880392, -0.876679984657267, -0.679722717927786, -0.46858434054996, -0.24225485381821, 0.00028384148475899, 0, -0.212622327852249, -0.416503514501846, -0.611643563002824, -0.798042477251814, -0.975700262027019, -1.14461692299822, -1.30479246669732, -1.45622690043826, -1.59892023217468, -1.73287247028559, -1.85808362328171, -1.97455369943091, -2.08228270630887, -2.18127065029145, -2.27151753601785, -2.35302336586632, -2.42578813949652, -2.48981185351964, -2.54509450135833, -2.59163607334912, -2.62943655711977, -2.65849593824362, -2.67881420113685, -2.69039133012834, -2.69322731060493, -2.68732213012398, -2.67267577939601, -2.64928825307324, -2.61715955033, -2.57628967528067, -2.52667863733939, -2.46832645167748, -2.40123313997554, -2.32539873170465, -2.2408232662165, -2.14750679599866, -2.04545798838639, -1.93467663233696, -1.81503330679208, -1.68621756841628, -1.5477704895775, -1.39910140240057, -1.23949510256665, -1.06812626502598, -0.884078211865936, -0.686334219901906, -0.473784974415069, -0.245294457890859, 0.000282743916481532, 0, -0.212138139553861, -0.415567532673023, -0.61028818263212, -0.796300093560979, -0.97360327047376, -1.14219771926496, -1.3020834466611, -1.45326046011609, -1.5957287676384, -1.72948837753998, -1.85453929810017, -1.97088153714438, -2.07851510154583, -2.17743999667059, -2.26765622579969, -2.34916378957624, -2.4219626855382, -2.48605290780488, -2.54143444698516, -2.58810729036328, -2.62607142239514, -2.65532682551253, -2.67587348119188, -2.68771137120402, -2.69084047893132, -2.68526079062801, -2.67097229651311, -2.64797499162387, -2.61626887641591, -2.57585395716375, -2.52673024628259, -2.46889776274968, -2.4023565328494, -2.32710659150706, -2.24314798452527, -2.15048077211979, -2.04911399223435, -1.93905155760409, -1.82015583968911, -1.69208490554502, -1.55433165407128, -1.40624238228103, -1.24702471238479, -1.07576081330975, -0.891431064985481, -0.69290688609346, -0.478956438085424, -0.248317808776885, 0.000281670332843292, 0, -0.211657113823006, -0.414637663350262, -0.608941652075537, -0.794569084360313, -0.971519965453137, -1.13979430147174, -1.29939209933596, -1.45031336663875, -1.59255811144308, -1.72612634199425, -1.85101806634178, -1.96723329187154, -2.07477202475892, -2.17363426936691, -2.26382002762736, -2.34532929845968, -2.41816207729411, -2.48231835577459, -2.53779812171471, -2.58460135936653, -2.62272805003495, -2.65217817303076, -2.67295170690991, -2.68504863090183, -2.68846892639739, -2.68321257835598, -2.66927957650801, -2.64666991627291, -2.61538359937869, -2.5754206342454, -2.52678103626912, -2.46946482820747, -2.40347204091779, -2.32880271474316, -2.24545690189398, -2.15343467026251, -2.05274531086244, -1.94339663568679, -1.82524300965513, -1.69791160118754, -1.56084770735502, -1.41333512395258, -1.25450478248758, -1.08334678193991, -0.898738921862672, -0.699441040808211, -0.484098978026315, -0.251325050156404, 0.000280605038112891, 0, -0.211179219439097, -0.413713846191335, -0.607603883968172, -0.792849337361209, -0.969450211851836, -1.13740651377954, -1.2967182502562, -1.44738542901292, -1.58940805816676, -1.72278614589685, -1.84751970002441, -1.96360872749864, -2.07105323380177, -2.16985322230026, -2.26000869358569, -2.34151964486513, -2.41438606947499, -2.47860795660008, -2.53418529127707, -2.58111805474573, -2.61940622518058, -2.64904977879185, -2.67004869123402, -2.68240293921163, -2.68611250213685, -2.6811773636825, -2.66759751309324, -2.64537294616778, -2.61450366589781, -2.5749896828344, -2.52683101533449, -2.4700276899108, -2.40457974196314, -2.3304872172162, -2.24775017424548, -2.15636868856858, -2.05635218811398, -1.94771216222022, -1.83029516799261, -1.70369805969651, -1.56731909816088, -1.42038010639635, -1.26193580324657, -1.09088464981011, -0.906002223931857, -0.705937059820139, -0.489212874686106, -0.254316336683039, 0.0002795499754355, 0, -0.210704425551892, -0.412796021569647, -0.606274791980975, -0.791140741606083, -0.967393876157669, -1.13503420219552, -1.29406172702228, -1.4444764585063, -1.58627840481839, -1.71946757407194, -1.84404397386136, -1.96000761070209, -2.06735848938772, -2.16609661229476, -2.25622197868332, -2.33773458405935, -2.41063441967918, -2.47492147228458, -2.53059572415352, -2.57765715353315, -2.61610573548806, -2.64594144314809, -2.66716424928513, -2.67977412809514, -2.68377105702435, -2.67915501846709, -2.66592600118515, -2.64408400135366, -2.61362902321935, -2.57456107944993, -2.5268801913434, -2.47058638914255, -2.40567971275944, -2.33216021326463, -2.2500279555564, -2.15928302272705, -2.05993486483735, -1.95199842924728, -1.83531266179482, -1.70944468066042, -1.57374627003792, -1.42737780319255, -1.26931825967045, -1.09837489079022, -0.913221408277389, -0.712395315586314, -0.494298406606053, -0.257291822902396, 0.000278504997107853, 0, -0.210233183517317, -0.411885060028976, -0.604955633677302, -0.789444909509383, -0.965352893467477, -1.13267959233002, -1.29142501358898, -1.44158916524894, -1.58317205553405, -1.71617369249251, -1.84059408349364, -1.95643323462239, -2.06369114998894, -2.16236783098732, -2.25246327555619, -2.33397747751318, -2.40691042605008, -2.47126210548394, -2.52703249535454, -2.57422157093867, -2.61282930421397, -2.64285566525258, -2.66430062396483, -2.67716415205626, -2.68144622502105, -2.67714682398374, -2.66426593722587, -2.64280356129511, -2.61275970168274, -2.57413437315615, -2.52692759993121, -2.4711394159517, -2.40676986560687, -2.33381900527176, -2.25228690611854, -2.16217365875555, -2.06348872152347, -1.95625038030098, -1.84029016479828, -1.71514602884156, -1.58012383367746, -1.43432302051743, -1.27664729833471, -1.10581313281904, -0.920392722082122, -0.718812810198217, -0.499353464975513, -0.260250422489058, 0.000277400791203641, 0, -0.209762011557181, -0.410974237058974, -0.603636680862259, -0.787749348240932, -0.963312245366743, -1.13032537923669, -1.28878875753202, -1.43870238839345, -1.58006628009847, -1.71288044063003, -1.8371448771324, -1.95285959526017, -2.06002459844024, -2.15863988708444, -2.24870545781036, -2.33022130274785, -2.4031874090249, -2.46760375853465, -2.52347032807978, -2.57078708996793, -2.60955401309117, -2.63977106446542, -2.66143821114101, -2.6745554223346, -2.67912267158985, -2.6751399387629, -2.66260721165622, -2.64152448719102, -2.61189177210381, -2.57370908326211, -2.52697644779983, -2.47169390336165, -2.40786149881375, -2.33547929583521, -2.25454737187148, -2.1650658250463, -2.06704412197955, -1.96050378209839, -1.84526911207971, -1.72084833106252, -1.58650082165261, -1.44126559552676, -1.28397155565948, -1.11324480283822, -0.92755637154617, -0.725222516223387, -0.504401774829271, -0.263204598398059, 0.000277052237168673, 0, -0.209294452811846, -0.410070395488681, -0.602327832600277, -0.786066769645586, -0.961287213024071, -1.12798916994961, -1.28617264829127, -1.43583765632489, -1.57698420238086, -1.70961229437744, -1.83372193923562, -1.94931314218295, -2.05638590596836, -2.15494023002908, -2.24497610967183, -2.32649353535164, -2.39949249214853, -2.46397295955032, -2.51993491164344, -2.56737831778894, -2.60630314381668, -2.63670935370934, -2.6585969116786, -2.67196578447061, -2.67681594369258, -2.67314736794097, -2.66096004454179, -2.64025397078576, -2.61102915464386, -2.57328561506639, -2.5270233820817, -2.47224249700568, -2.40894301314576, -2.33712499744288, -2.25678853356597, -2.16793372709445, -2.07057005285422, -1.96472216004269, -1.85020732668438, -1.72650462218868, -1.59282751521597, -1.44815509714379, -1.29124192620619, -1.12062415616244, -0.934672005551846, -0.731591507173913, -0.509419863895987, -0.266142361387695, 0.000275935887150636, 0, -0.208830500481936, -0.409173522131875, -0.601029069730818, -0.784397149001023, -0.959277766567898, -1.12567092986053, -1.28357664693433, -1.43299492619922, -1.57392577603814, -1.70636920430516, -1.83032521769973, -1.94579382102573, -2.05277501635941, -2.15126880217097, -2.24127517246643, -2.32279411603895, -2.39582561593639, -2.46036964925974, -2.51642618740003, -2.56399519679424, -2.60307664023331, -2.6336704786896, -2.65577667355744, -2.66939518913075, -2.67452599509437, -2.67116906879377, -2.65932439708105, -2.6389919776124, -2.61017181958255, -2.57286394400724, -2.52706838378565, -2.47278518387528, -2.41001440198918, -2.33875611028804, -2.25901039861454, -2.17077737994415, -2.07406653723575, -1.96890554631738, -1.8551048496349, -1.73211494718207, -1.5991039531979, -1.45499154347155, -1.29845838884037, -1.12795111058738, -0.941739456416578, -0.737919503644569, -0.514407313587118, -0.269063125536139, 0.000274833492444171, 0, -0.20836548650649, -0.408274595312461, -0.599727331410615, -0.782723700747, -0.957263710173474, -1.12334736733479, -1.28097468047316, -1.43014565813285, -1.57086030874948, -1.70311864011277, -1.82692065870021, -1.94226636889101, -2.04915577208728, -2.14758886579005, -2.23756564270173, -2.31908608994994, -2.39215018854582, -2.4567579131982, -2.51290923259663, -2.56060411024741, -2.59984250589566, -2.63062437749655, -2.65294968362055, -2.66681838610363, -2.67223045270361, -2.66918585951186, -2.65768459290512, -2.63772665090547, -2.60931204393366, -2.57244079507508, -2.52711294010571, -2.47332852763233, -2.41108761978295, -2.34039029394917, -2.26123664616058, -2.1736267968045, -2.07757023699218, -1.97309756708945, -1.86001258497989, -1.73773779570101, -1.60539651320413, -1.46184726273768, -1.30569512365324, -1.13529757188127, -0.948824227230943, -0.744261476434319, -0.519404432201785, -0.27198840597419, 0.000275155717108788, 0, -0.207904021973254, -0.407382526687833, -0.598435519346503, -0.781063006117384, -0.955264994077036, -1.12104149108423, -1.27839250556653, -1.42731804620156, -1.56781812147719, -1.69989273911936, -1.82354190538527, -1.93876562423281, -2.04556389639513, -2.14393671841153, -2.23388408169085, -2.31540597170791, -2.38850236745271, -2.45317324126011, -2.50941855913871, -2.55723828168633, -2.59663236562515, -2.6276007659158, -2.65014343832582, -2.66426034225126, -2.66995144353682, -2.66721671702831, -2.65605614862967, -2.6364697367249, -2.60845749295025, -2.57201944244371, -2.52715562383483, -2.47386608935056, -2.4121509054988, -2.34201015486065, -2.26344393960366, -2.17645238746834, -2.08104499764645, -1.97725519346416, -1.86488031827995, -1.74331545367018, -1.61163966461314, -1.46865084173003, -1.31287894238304, -1.14259270731675, -0.955861969626407, -0.750563688857505, -0.524372220904888, -0.274898067462109, 0.000274046727084198, 0, -0.207446105238845, -0.406497313077942, -0.597153628928488, -0.779415059178951, -0.95328161112885, -1.11875329284933, -1.27583011295186, -1.42451208024641, -1.56479920327274, -1.69669148969348, -1.8201889455473, -1.93529157437406, -2.04199937624313, -2.14031234673958, -2.23023047598865, -2.31175374782511, -2.38488213923337, -2.44961562019254, -2.50595415405078, -2.55389769851955, -2.59344620732109, -2.62459963244399, -2.64735792687386, -2.66172104758485, -2.66768895852236, -2.66526163329523, -2.65443905733714, -2.63522122939009, -2.60760816229521, -2.57159988322612, -2.52719643364275, -2.47439786936305, -2.41320426123981, -2.34361569700221, -2.26563228490686, -2.17925415998884, -2.08449082944854, -1.98137843591613, -1.86970805325276, -1.74884790524757, -1.61783335378855, -1.47540216588256, -1.32000964215391, -1.14983619483057, -0.9628522087322, -0.756825477643416, -0.529309791105884, -0.27779095838581, 0.000272959315042121, 0, -0.206991700801433, -0.405618885892677, -0.595881560891744, -0.777779732405743, -0.951313407955432, -1.11648259582268, -1.27328730480147, -1.42172754383309, -1.5618033215088, -1.69351464542846, -1.81686152141391, -1.93184395259021, -2.03846193836816, -2.13671547338591, -2.22660454649506, -2.30812913990294, -2.38128922860374, -2.44608478023888, -2.50251575551636, -2.55058210928324, -2.59028379228449, -2.62162075355902, -2.64459294333128, -2.65920031617137, -2.66544283413905, -2.66332046961472, -2.65283320756433, -2.63398104708392, -2.60676400220912, -2.57118210213228, -2.52723539112076, -2.47492392855469, -2.41424778959704, -2.3452070670841, -2.26780187531312, -2.18203235655569, -2.08790802594975, -1.98546764273141, -1.87449619418674, -1.75433560607957, -1.62397807755089, -1.4821017580084, -1.32708775226042, -1.15702854712145, -0.969795414783262, -0.763047242701409, -0.534217443212196, -0.280667249755429, 0.00027188205959594, 0, -0.206540773929446, -0.404747178028712, -0.594619218121026, -0.776156901030447, -0.949360234497267, -1.11422922701246, -1.27076388755111, -1.41896422518485, -1.55883024855603, -1.69036196520226, -1.81355938073025, -1.9284224978535, -2.0349513153293, -2.13314582685623, -2.22300602002201, -2.30453187541907, -2.37772336606661, -2.44258045728621, -2.49910310716582, -2.54729126770981, -2.58714488670835, -2.61866391027284, -2.64184828588707, -2.65669796573477, -2.66321291000367, -2.66139308985411, -2.65123848978679, -2.63274910924796, -2.60592496345738, -2.57076608360948, -2.52727251675628, -2.47544432581155, -2.41528159021411, -2.34678440786678, -2.26995289905949, -2.1847872132429, -2.09129687342205, -1.98952315369191, -1.87924513561208, -1.75977900084663, -1.63007432066276, -1.48875012794766, -1.33411378833725, -1.16417026281008, -0.976692043817846, -0.769229369945901, -0.539095464171679, -0.283527099997486, 0.000270814903839067, 0, -0.206093290336818, -0.403882123243407, -0.593366504746624, -0.774546441885806, -0.947421942619086, -1.11199301564494, -1.26825967011817, -1.41622191523975, -1.55587975970277, -1.68723321098307, -1.81028227447392, -1.92502695248044, -2.03146724311147, -2.12960313913326, -2.21943462687937, -2.30096168533967, -2.37418428557349, -2.43910239060026, -2.49571595590775, -2.54402493067917, -2.58402925977215, -2.61572888639247, -2.63912375530365, -2.65421381632052, -2.66099902777221, -2.65947935960735, -2.64965479586386, -2.63152533633438, -2.60509099741255, -2.57035181227835, -2.52730783074597, -2.47595911923455, -2.41630576142475, -2.34834786024575, -2.27208554193268, -2.18751896305838, -2.09465765442527, -1.99354530418319, -1.88395526697165, -1.76517852851902, -1.63612256169072, -1.49534777905627, -1.34108825949522, -1.17126183424258, -0.983542546168048, -0.775372240493534, -0.54394413739569, -0.286370665622916, 0.00026975772318949, 0, -0.205649216177847, -0.403023656144858, -0.592123326129949, -0.772948233386081, -0.945498386087556, -1.10977379313876, -1.26577446387284, -1.41350040761912, -1.55295163312107, -1.68412814779327, -1.80702995681719, -1.92165706209275, -2.02800946108532, -2.126087145636, -2.2158901008338, -2.29741830407829, -2.37067172448389, -2.43565032278533, -2.49235405188997, -2.54078285818113, -2.58093668360595, -2.61281546848629, -2.63641915488553, -2.65174769026696, -2.6588010311144, -2.65757914617303, -2.64808201902043, -2.63030964979184, -2.60426205604465, -2.56993927292804, -2.52734135299608, -2.4764683661453, -2.41732040026451, -2.34989756326949, -2.27419998729354, -2.19022783597537, -2.09799064784572, -1.99753442524073, -1.88862697267471, -1.77053462241668, -1.64212327306882, -1.50189520826987, -1.34801166838164, -1.17830374754239, -0.990347366498327, -0.781476230682922, -0.548763742754536, -0.289198101192619, 0.000268710395364413, 0, -0.205208518040197, -0.402171712178386, -0.590889588843993, -0.771362155501959, -0.943589420541096, -1.10757139307013, -1.26330808259919, -1.41079949858499, -1.550045649821, -1.68104654366102, -1.80380218507639, -1.91831257556495, -2.02457771195357, -2.12259758516527, -2.21237217905404, -2.29390146944128, -2.3671854235113, -2.43222399973149, -2.48901714844829, -2.53756481326623, -2.57786693324378, -2.60992344584037, -2.63373429043921, -2.6492994121692, -2.65661876568202, -2.65569231852758, -2.64652005382556, -2.62910197205004, -2.60343809191212, -2.569528450514, -2.52737310312755, -2.47697212309897, -2.4183256024919, -2.35143365416931, -2.27629641611615, -2.19291405898118, -2.10129612895513, -2.00149084361956, -1.89326063217727, -1.77584771029903, -1.64807692119581, -1.50839290620516, -1.35488451128186, -1.1852964827078, -0.997106943894057, -0.787541712149142, -0.553554556632636, -0.292009559347952, 0.000267672799952656, 0, -0.204771162938058, -0.401326227613325, -0.589665200654196, -0.76978808973597, -0.94169490346033, -1.10538565113877, -1.26086034245708, -1.40811898699838, -1.54716159360579, -1.67798816957281, -1.80059871966228, -1.91499324497306, -2.02117174169843, -2.11913419985035, -2.20888060205721, -2.29041092257428, -2.36372512667038, -2.42882317056278, -2.48570500205627, -2.53437056199753, -2.57481978657793, -2.60705261041577, -2.63106897023385, -2.64686880884368, -2.65445207907784, -2.65381874729908, -2.64496879617158, -2.62790222650454, -2.60261905815285, -2.56911933015568, -2.52740310048086, -2.47747044589681, -2.41932146260899, -2.35295626838855, -2.27837500702601, -2.19557785612493, -2.10457436946836, -2.00541488186247, -1.89785662006067, -1.78111821445297, -1.65398396653014, -1.51484135725906, -1.36170727821877, -1.19224051370735, -1.00382171194814, -0.793569051896534, -0.558316851982331, -0.294805190840288, 0.000266644818381401, 0, -0.204337118305424, -0.400487139530032, -0.588450070499665, -0.768225919098369, -0.939814694139073, -1.10321640513451, -1.25843106194476, -1.40545867427843, -1.54429925102791, -1.6749527994269, -1.79741932403135, -1.91169882554422, -2.01779129953001, -2.11569673509663, -2.20541511365619, -2.28694640790972, -2.3602905812251, -2.42544758758641, -2.482417372276, -2.53119987340334, -2.57179502431413, -2.60420275680662, -2.62842300496274, -2.64445570929346, -2.6523008208252, -2.65195830474155, -2.64342814325356, -2.62671033750191, -2.60180490847542, -2.56871189713437, -2.52743136412089, -2.47796338959846, -2.42030807388168, -2.35446553961124, -2.28043593633757, -2.19821944856437, -2.10782563759995, -2.00930685836685, -1.90241530610881, -1.78634655177916, -1.65984486368334, -1.52124103970602, -1.36848045305037, -1.19913630857348, -1.01049209884602, -0.799558612370153, -0.563050898376701, -0.297585144560041, 0.000265626333868285, 0, -0.203906351989507, -0.399654385807164, -0.587244108474749, -0.766675528083463, -0.937948653655872, -1.10106349490441, -1.25602006186214, -1.40281836436222, -1.54145841134593, -1.67194020998766, -1.79426376463808, -1.90842907560724, -2.01443613783575, -2.11228493953429, -2.20197546090798, -2.28350767311537, -2.35688153763777, -2.42209700624293, -2.47915402170972, -2.52805251943085, -2.56879242992757, -2.60137368219894, -2.62579620770543, -2.64205994467411, -2.65016484233805, -2.65011086470963, -2.64189799354914, -2.6255262303251, -2.6009955971505, -2.56830613689102, -2.52745791284167, -2.47845100853407, -2.42128552835957, -2.35596159979018, -2.28247937809105, -2.20083905461183, -2.1110501981197, -2.01316708745034, -1.90693705538378, -1.7915331338767, -1.66566006151157, -1.52759242579357, -1.37520451356565, -1.20598432949445, -1.01711852744911, -0.805510751525911, -0.567756962061418, -0.300349567565165, 0.000264617231381437, 0, -0.203478832244264, -0.398827905109178, -0.586047225810961, -0.765136802646394, -0.936096644846083, -1.09892676232065, -1.25362716527484, -1.4001978636654, -1.5386388664822, -1.66895018084074, -1.79113181088799, -1.90518375654418, -2.01110601213069, -2.10889856496786, -2.19856139406296, -2.28009446904373, -2.35349774951915, -2.41877118505732, -2.47591471595235, -2.52492827490055, -2.56581178961968, -2.59856518633029, -2.62318839389058, -2.63968134826024, -2.64804399689167, -2.64827630263388, -2.64037824679878, -2.62434983117909, -2.60019107900235, -2.56790203502408, -2.52748276517094, -2.47893335631604, -2.42225391689543, -2.35744457917455, -2.2845055040885, -2.20343688977924, -2.11424831240711, -2.0169958794152, -1.91142222830019, -1.7966783671262, -1.67143000320545, -1.53389598183595, -1.38187993157848, -1.21278503290448, -1.02370141537667, -0.811425822899375, -0.572435306005588, -0.303098605109069, 0.000263617397650684, 0, -0.203054527724055, -0.398007636874073, -0.584859334859237, -0.763609630180343, -0.93425853227446, -1.0968060512489, -1.25125219747879, -1.39759698104356, -1.53584041098127, -1.66598249434905, -1.78802323509174, -1.90196263274268, -2.00780068100879, -2.10553736632681, -2.1951726665152, -2.27670654968249, -2.35013897357942, -2.41546988559094, -2.47269922354502, -2.52182691746163, -2.56285289227585, -2.59577707145018, -2.62059938125957, -2.63731975541269, -2.64593813959382, -2.64645449549642, -2.63886880398629, -2.62318106717684, -2.5993913094006, -2.56749957728747, -2.52750593937478, -2.47941048585073, -2.42321332916432, -2.35891460633691, -2.28651448392923, -2.20601316682241, -2.11742023850487, -2.02079354061153, -1.91587118069806, -1.80178265277135, -1.67715512637827, -1.54015216830618, -1.38850717302, -1.21953886957233, -1.03024117508622, -0.817304175673385, -0.577086189951754, -0.305832400668122, 0.000262626721075132, 0, -0.202633407477408, -0.397193521301355, -0.583680349072521, -0.762093899494168, -0.932434182208269, -1.09470120751733, -1.2488949859656, -1.39501552775424, -1.53306284196919, -1.66303693560966, -1.7849378124199, -1.89876547154932, -2.00451990609507, -2.10220110161695, -2.19180903475364, -2.27334367210586, -2.34680496958009, -2.41219287239449, -2.4695073159293, -2.51874822754806, -2.55991552942374, -2.59300914228111, -2.61802898983068, -2.63497500354629, -2.64384712735654, -2.64464532180706, -2.63736956731987, -2.6220198663255, -2.598596244252, -2.56709874958845, -2.52752745346199, -2.47988244934979, -2.42416385368234, -2.36037180819979, -2.28850648504458, -2.20856809578441, -2.12056623117131, -2.0245603734992, -1.9202842639143, -1.80684638699897, -1.6828358631525, -1.54636143992629, -1.3950866980291, -1.22624628468821, -1.03673821395241, -0.823146154744352, -0.581709870464891, -0.308551095968543, 0.000261645091753193, 0, -0.202215440940911, -0.396385499340229, -0.582510182988676, -0.760589500790451, -0.930623462590878, -1.09261207888619, -1.24655536038848, -1.39245331741975, -1.53030595911346, -1.66011329241135, -1.78187532085865, -1.89559204322376, -2.00126345199864, -2.09888953187284, -2.18847025831411, -2.27000559642673, -2.34349550028673, -2.4089399129617, -2.46633876740237, -2.51569198833557, -2.55699949519256, -2.59026120598045, -2.61547704186397, -2.63264693209819, -2.64177081886834, -2.64284866157986, -2.63588044021327, -2.62086615751274, -2.59780583999249, -2.56669953798562, -2.52754732518847, -2.48034929834133, -2.42510557782503, -2.36181631006169, -2.29048167273199, -2.21110188403812, -2.12368654193183, -2.02829667670875, -1.92466182485298, -1.81186996101747, -1.6884726402448, -1.55252424575599, -1.4016189610414, -1.23290771794904, -1.04319293434451, -0.828952100787405, -0.586306600980584, -0.311254831012906, 0.000260672401402873, 0, -0.201800597654764, -0.395583512139358, -0.581348751433114, -0.759096324639646, -0.928826241806098, -1.09053851362098, -1.24423315096295, -1.38991016427396, -1.52756956273466, -1.65721135322978, -1.77883553910703, -1.8924421187567, -1.99803108407018, -2.09560241887329, -2.18515609747167, -2.26669208348441, -2.34021032917078, -2.40571077546382, -2.46319335290285, -2.51265798359748, -2.55410458425749, -2.58753307019218, -2.61294336003903, -2.63033538085019, -2.63970907307973, -2.6410643950005, -2.63440132615376, -2.61971986959386, -2.59702005291191, -2.56630192827006, -2.52756557191347, -2.48081108381986, -2.42603858828959, -2.36324823639032, -2.29244021129792, -2.21361473779742, -2.12678142097708, -2.03200274734516, -1.92900420871303, -1.81685376422591, -1.69406588259254, -1.55864103329248, -1.40810441537738, -1.23952360864957, -1.04960573890912, -0.834722355110217, -0.590876635604286, -0.313943746199087, 0.000259708730683983, 0, -0.201388853482261, -0.394787513069543, -0.580195986928358, -0.75761428436023, -0.927042415612601, -1.0884803915648, -1.24192822326084, -1.3873859212617, -1.52485349479488, -1.65433095068855, -1.77581829209442, -1.88931551702757, -1.99482261678331, -2.09233957433028, -2.18186636282078, -2.2634029443998, -2.33694926952345, -2.40250527700618, -2.46007089499378, -2.50964604299805, -2.55123063502729, -2.58482458371281, -2.61042780518309, -2.62804022430316, -2.63766177980806, -2.63929242884555, -2.63293215051987, -2.61858094819214, -2.59623885052115, -2.56590591148326, -2.52758220985217, -2.48126784881762, -2.4269629565689, -2.36466768878304, -2.29438223408836, -2.21610682380156, -2.12985107008467, -2.03567882417194, -1.93331169146158, -1.82179810609165, -1.69961592583518, -1.56471215380454, -1.41454341467309, -1.24609429736279, -1.05597693807714, -0.840457179796672, -0.595420169170549, -0.316617949851269, 0.000258751661667111, 0, -0.200979487525593, -0.393996106468534, -0.579049865181423, -0.756140773162544, -0.925268840858473, -1.08643407933827, -1.23963649981032, -1.38487611295401, -1.52215292804344, -1.65146695185058, -1.77281818733232, -1.88620663213073, -1.99163227694858, -2.08909510390229, -2.17859508499746, -2.2601321809135, -2.33370634031365, -2.39931749990576, -2.45696558545558, -2.50665051389158, -2.54837219653551, -2.5821305433552, -2.60792546798356, -2.62575689310981, -2.63562475575838, -2.6375290119568, -2.63146964037308, -2.61744664467154, -2.59546005457067, -2.56550992584876, -2.52759633979171, -2.48171940278092, -2.42787924687033, -2.36607603231773, -2.29630995317016, -2.21858124723548, -2.13289953369987, -2.03932993789969, -1.93759033538898, -1.82671012088425, -1.70513101201251, -1.57074698931103, -1.42094651010142, -1.25263153068028, -1.06231949793622, -0.846170783112856, -0.599952674202165, -0.319288882698215, 0.000260580071399952, 0, -0.200573068610099, -0.393210393796131, -0.577911984095425, -0.754677849201595, -0.923507999758907, -1.08440244702477, -1.23736120237078, -1.38238427659386, -1.51947167901438, -1.64862341634857, -1.76983949135995, -1.88311990132029, -1.98846463634414, -2.08587367770191, -2.17534699626082, -2.25688455124525, -2.33048628953851, -2.39615214575694, -2.45388204330328, -2.50367589654103, -2.54553361412439, -2.57945510337643, -2.60544027545181, -2.62348905087883, -2.63360136498272, -2.63577717267781, -2.63001645219789, -2.6163192075071, -2.59468546937474, -2.56511529536682, -2.527608769262, -2.48216600060913, -2.42878712529754, -2.36747230813131, -2.2982217485354, -2.22103569076002, -2.1359237609556, -2.04295226831054, -1.94183551370213, -1.83158433457792, -1.71060477601748, -1.5767382377668, -1.42730541518234, -1.25912598817094, -1.06862301296728, -0.85185162204872, -0.604461416709864, -0.321947886673271, 0.000259614709256228, 0, -0.20016967449059, -0.392430525670515, -0.576782562260443, -0.753225794147843, -0.921760232173188, -1.08238588778083, -1.23510277250434, -1.37991089725732, -1.51681027140609, -1.64580090161156, -1.76688279044535, -1.88005593481177, -1.98532032424157, -2.08267593916549, -2.17212274932091, -2.25366071248809, -2.32728977378364, -2.39300986574797, -2.45082090943826, -2.50072281667198, -2.54271549345535, -2.57679884448593, -2.60297277845804, -2.62123721375448, -2.63159208401308, -2.63403734304233, -2.62857296864399, -2.61519896507866, -2.5939153641575, -2.56472222521972, -2.52761963451703, -2.48260770474085, -2.42968657558605, -2.36885641636773, -2.30011743184707, -2.22346987266664, -2.13892337187993, -2.04654533314576, -1.94604663620623, -1.83642003857157, -1.71603637583615, -1.58268490463664, -1.43361896017211, -1.26557629921031, -1.07488588364069, -0.857497838428264, -0.608944248930716, -0.324592492702073, 0.000258678262434142, 0, -0.199800948543366, -0.391717591534157, -0.575749937860751, -0.751897997588023, -0.920161781736086, -1.08054130192058, -1.23303656982363, -1.37764759646611, -1.51437439125702, -1.6432169608074, -1.76417530751409, -1.8772494279459, -1.98243931109999, -2.07974493663894, -2.16916627326575, -2.25070327743763, -2.32435589265154, -2.39012404954325, -2.4480076670162, -2.49800665454769, -2.54012091570725, -2.57435035277281, -2.60069487216671, -2.61915439028454, -2.62972883919335, -2.63241817166087, -2.62722236506336, -2.61414142390208, -2.59317538091116, -2.56432429702276, -2.52758826072274, -2.48296738754977, -2.43046182065212, -2.37007173344168, -2.30179733552713, -2.22563888335741, -2.14160601616903, -2.04976714272146, -1.94983854735899, -1.84080382685646, -1.72099913723682, -1.58816202384485, -1.43947885779495, -1.27160582034462, -1.08077806982825, -0.86284094964168, -0.613209195320689, -0.327122179790319, 0.000251882850739571, 0, -0.199434123937913, -0.391008332702159, -0.574722635347944, -0.750577042116608, -0.918571564206965, -1.07870621340502, -1.23098100154072, -1.3753959397416, -1.51195103745913, -1.64064630125475, -1.76148173335143, -1.87445732998428, -1.97957307961964, -2.07682896115599, -2.16622494226736, -2.24776097809487, -2.32143701052428, -2.38725296829672, -2.4452087681731, -2.49530431730279, -2.53753951683125, -2.57191426662937, -2.59842847085921, -2.61708204393936, -2.62787491637408, -2.6308070398955, -2.62587839145631, -2.61308897579682, -2.59243882656897, -2.56392800628916, -2.52755660566536, -2.48332474306821, -2.4312325650809, -2.37128024919022, -2.30346800982646, -2.22779610921393, -2.14427419273424, -2.05297158133479, -1.9536097873522, -1.84516339642311, -1.72593432777768, -1.59360883753449, -1.44530672115435, -1.27760292672046, -1.08663909688432, -0.868156018742822, -0.617451244673505, -0.329636250006547, 0.000251234287763802, 0, -0.199069006529721, -0.390302374545176, -0.5737001132676, -0.749262233113957, -0.916988745460901, -1.07687966226401, -1.22893499550029, -1.37315475640348, -1.5095389544673, -1.63808759620382, -1.75880068366296, -1.87167821274771, -1.97672017139614, -2.07392653774624, -2.163297278448, -2.24483234733269, -2.31853168468258, -2.38439521735314, -2.44242285997297, -2.49261451737456, -2.53497008829087, -2.56948947019716, -2.59617256500594, -2.61501928516822, -2.62602955963282, -2.62920333910116, -2.62454060010431, -2.61204134762044, -2.59170561621484, -2.56353346998053, -2.52752500183692, -2.48368033297306, -2.43199961339062, -2.37248302463176, -2.30513078592532, -2.22994316524333, -2.14692981407866, -2.05616087347668, -1.95736290869473, -1.84950164257911, -1.73084519665877, -1.5990289565339, -1.45110652751885, -1.2835719644375, -1.09247368026465, -0.873448129788126, -0.621675848150815, -0.332140519938161, 0.000250551818237521, 0, -0.198705585105535, -0.389599695376711, -0.572682340199999, -0.74795353016715, -0.915413276831812, -1.07506159231831, -1.22689848875004, -1.3709239774664, -1.50713806800318, -1.63554076682329, -1.75613207580444, -1.86891199051908, -1.97388049837949, -2.07103757676681, -2.16038319131185, -2.24191729454227, -2.31563982514444, -2.38155070809715, -2.43964985590683, -2.48993717110008, -2.53241255000882, -2.56707588772404, -2.59392708391938, -2.61296604908752, -2.62419271062926, -2.62760701822012, -2.62320894797148, -2.61099850509818, -2.59097572507444, -2.56314067356233, -2.52749344568211, -2.48403416542776, -2.43276298620305, -2.37368009358617, -2.30678571158155, -2.23208011388147, -2.14957295805651, -2.05933511399755, -1.96109802638268, -1.85381870242279, -1.73573190142087, -1.60442255386165, -1.45687845752744, -1.28951311147913, -1.09828198311899, -0.87871741754381, -0.62588309766572, -0.334635023655524, 0.000249874426367147, 0, -0.19834384748093, -0.388900271638477, -0.571669282023559, -0.746650889401883, -0.913845105503246, -1.07325194261992, -1.22487141302099, -1.36870352815101, -1.50474829758763, -1.63300572774483, -1.75347582032895, -1.86615857058342, -1.97105396539727, -2.06816198139835, -2.15748258320311, -2.23901572204181, -2.31276133501248, -2.37871934522614, -2.43688966307707, -2.48727218879695, -2.52986681632799, -2.5646734383882, -2.59169195242294, -2.61092226697585, -2.62236430790694, -2.62601802387065, -2.62188339056064, -2.60996041342716, -2.59024912884901, -2.5627496040498, -2.5274619363401, -2.48438625250542, -2.43352270933545, -2.37487149642512, -2.30843284253169, -2.23420702704043, -2.15220371356627, -2.06249441042412, -1.96481526977191, -1.85811472916113, -1.7405946175641, -1.60978982248046, -1.46262271390959, -1.29542657024906, -1.10406419554789, -0.883964046469892, -0.630073117789074, -0.337119831077664, 0.000249201824225553, 0, -0.197983781608427, -0.388204080036877, -0.570660904999938, -0.745354267436443, -0.912284179251503, -1.07145065290454, -1.22285370080963, -1.36649333451599, -1.5023695636429, -1.63048239455569, -1.75083182879008, -1.86341786126209, -1.96824047833993, -2.06529965590174, -2.15459535755443, -2.23612753323697, -2.30989611846656, -2.37590103449529, -2.4341421896153, -2.48461948177415, -2.52733280253567, -2.5622820422561, -2.589467096163, -2.60888787086014, -2.62054429067401, -2.62443630324273, -2.62056388384413, -2.60892703816274, -2.58952580347755, -2.56236024856622, -2.52743047291922, -2.48473660610029, -2.43427880826891, -2.37605727301767, -2.31007223383405, -2.23632397576919, -2.1548221684493, -2.06563886901612, -1.96851476671365, -1.86238987424497, -1.74543351860311, -1.61513095319258, -1.46833949714034, -1.30131254090575, -1.10982050553506, -0.889188179168507, -0.634246031630388, -0.339595011200164, 0.000248533966547726, 0, -0.197625375568892, -0.387511097526421, -0.569657175750069, -0.744063621350975, -0.910730446408733, -1.06965766354912, -1.22084528533052, -1.3642933234063, -1.50000178743721, -1.62797068374011, -1.74820001368093, -1.8606897718498, -1.96543994409659, -2.06245050555327, -2.15172141882195, -2.23325263255641, -2.30704408070051, -2.37309568265615, -2.43140734462324, -2.48197896227602, -2.52481042481114, -2.55990162023415, -2.58725244156531, -2.60686279347761, -2.61873259877119, -2.62286180407263, -2.61925038424578, -2.60789834520828, -2.588805725135, -2.56197259435025, -2.527399054514, -2.48508523795503, -2.43503130818662, -2.37723746278003, -2.31170393993051, -2.23843103032821, -2.15742840957772, -2.06876859486824, -1.97219664367122, -1.86664428750099, -1.75024877621455, -1.62044613480228, -1.47402900561756, -1.30717122155332, -1.11555109915109, -0.894389976599293, -0.638401961063767, -0.342060632330499, 0.000247870807156714, 0, -0.197268617569878, -0.386821301306518, -0.568658061249521, -0.742778908681523, -0.909183855855771, -1.06787291556362, -1.21884610050705, -1.36210342244313, -1.49764489107384, -1.62547051266781, -1.74558028842197, -1.85797421260212, -1.96265227054219, -2.05961443663151, -2.14886067247214, -2.2303909254387, -2.30420512790911, -2.37030319744381, -2.42868503816033, -2.47935054347025, -2.52229960021418, -2.55753209405807, -2.58504791582517, -2.60484696826678, -2.61692917266383, -2.62129447463603, -2.61794284863518, -2.60687430081085, -2.58808887022947, -2.56158662875465, -2.52736768020556, -2.48543215966293, -2.43578023397793, -2.37841210468167, -2.31332801465487, -2.24052826019997, -2.16002252286733, -2.07188369192558, -1.97586102573819, -1.87087811715269, -1.75504056026043, -1.625735554141, -1.47969143568758, -1.31300280826661, -1.12125616057643, -0.899569598098759, -0.642541026742008, -0.344516762095194, 0.000247212300414301, 0, -0.19691349701884, -0.386134670894899, -0.56766353182914, -0.741500091274879, -0.907644361658201, -1.06609635593525, -1.21685608695094, -1.35992356656552, -1.49529880452203, -1.62298180704109, -1.74297257515143, -1.855271102796, -1.95987737479526, -2.05679136479938, -2.14601303341505, -2.22754232674376, -2.30137917560486, -2.36752349572596, -2.42597518915198, -2.47673414704252, -2.51980025389316, -2.55517339304123, -2.58285345312329, -2.60284033497791, -2.61513395837391, -2.61973426792882, -2.61664123768424, -2.6058548740205, -2.58737521689135, -2.56120233969236, -2.52733634839169, -2.48577738080897, -2.43652560711749, -2.37958123278948, -2.314944505369, -2.24261572674423, -2.16260458437887, -2.07498425245784, -1.97950802441268, -1.87509149582152, -1.75980902336143, -1.63099937996364, -1.48532696561931, -1.31880747989726, -1.12693585849348, -0.904727190112068, -0.646663339921611, -0.346963463111485, 0.000246558129189556, 0, -0.196560006579795, -0.38545119210923, -0.566673566949864, -0.74022714272489, -0.906111932032414, -1.06432794799259, -1.21487520359259, -1.35775371079537, -1.4929634793848, -1.62050451553373, -1.74037682010347, -1.85258038671566, -1.9571151996797, -2.05398123191004, -2.1431784430227, -2.22470677785204, -2.29856616566615, -2.36475652036842, -2.42327774194093, -2.47412971930183, -2.51731233461272, -2.5528254688932, -2.58066900860341, -2.60084285267813, -2.61334691938115, -2.61818115233245, -2.61534552516529, -2.60484004448963, -2.58666475114226, -2.56081972004345, -2.52730505930014, -2.48612090945791, -2.43726744399646, -2.3807448723105, -2.31655344658537, -2.24469347426859, -2.1651746487049, -2.07807034217891, -1.98313771799339, -1.87928451474365, -1.76455426878406, -1.63623772560157, -1.49093571480577, -1.32458535619105, -1.13259030596133, -0.909862851023429, -0.650768975694558, -0.349400778212794, 0.000245906825932951, 0, -0.19620813487252, -0.384770842945634, -0.565688134740738, -0.738960022050105, -0.904586517643049, -1.06256763480296, -1.2129033866586, -1.35559378527514, -1.49063884047709, -1.61803855838976, -1.73779293970782, -1.84990197773308, -1.95436565626629, -2.05118394748965, -2.14035681003315, -2.22188418746995, -2.29576600752415, -2.3620021822835, -2.42059260967689, -2.47153717639153, -2.51483576226597, -2.55048824601294, -2.57849451192632, -2.59885445704602, -2.61156799813776, -2.61663507782861, -2.61405566934537, -2.60382977952643, -2.58595745008743, -2.56043875746611, -2.52727381189806, -2.48646275664195, -2.43800576846825, -2.38190306067567, -2.31815489006894, -2.24676156962867, -2.1677327985486, -2.08114206119442, -1.9867502270426, -1.88345731689053, -1.76927646048673, -1.64145077148748, -1.49651787292005, -1.33033662654667, -1.13821968079036, -0.914976734438572, -0.654858049968571, -0.35182877161655, 0.000245260071157993, 0, -0.195857870579258, -0.384093601520992, -0.564707203505688, -0.7376986884939, -0.903068069425347, -1.06081535974588, -1.21094057272521, -1.3534437205302, -1.48832481302585, -1.61558385629011, -1.7352208508518, -1.84723578969443, -1.95162865611242, -2.04839942155919, -2.13754804368329, -2.2190744648026, -2.29297861110445, -2.35926039286944, -2.41791970598287, -2.46895643491147, -2.51237045718155, -2.54816164920978, -2.57632989313387, -2.59687508410767, -2.60979713740582, -2.61509599466706, -2.61277162871355, -2.60282404661098, -2.58525329094965, -2.56005943967757, -2.52724260514896, -2.48680293332276, -2.43874060424475, -2.38305583509925, -2.3197488872886, -2.24882007930048, -2.1702791161458, -2.08419950904779, -1.99034567145295, -1.88761004445687, -1.77397576157214, -1.64663869717209, -1.50207362880055, -1.33606147966612, -1.14382416033644, -0.920068993865041, -0.658930679032049, -0.354247508529698, 0.00024461780913948, 0, -0.195509451264479, -0.3834199262442, -0.563731435777878, -0.736443991993445, -0.901557608000107, -1.05907229740531, -1.20898807361893, -1.35130494890901, -1.48602293318081, -1.61314203246519, -1.732662247126, -1.84458356983016, -1.94890598336853, -2.0456294584696, -2.13475395180578, -2.21627940444637, -2.29020574105016, -2.35653287010024, -2.41526068544922, -2.46638906935509, -2.50991789704424, -2.54584704264935, -2.5741763861633, -2.59490582086372, -2.60803526054184, -2.61356464585301, -2.61149394921652, -2.60182317792378, -2.58455237543465, -2.5596816211989, -2.52721102967764, -2.48714074951521, -2.43947096401472, -2.38420189422479, -2.32133380612024, -2.25086702366566, -2.1728112576522, -2.08724002046772, -1.99392116611128, -1.89173969345189, -1.7786491468121, -1.65179855078107, -1.50760019582766, -1.34175738382338, -1.14940155561309, -0.925137869594461, -0.662985618106361, -0.356656344256761, 0.000243939655782732, 0, -0.195162972316516, -0.38275000115334, -0.56276109750652, -0.735196273670411, -0.900055542922745, -1.05733891903165, -1.20704641554637, -1.34917804483557, -1.48373381684453, -1.61071373755729, -1.73011780717371, -1.84194601804589, -1.94619835246399, -2.0428747804357, -2.1319752576628, -2.21349972397305, -2.28744810250532, -2.35382029995529, -2.41261620815424, -2.46383570716383, -2.50747866992328, -2.54354496829395, -2.57203448013571, -2.59294709686017, -2.6062827307831, -2.61204132158155, -2.61022284127372, -2.6008272973749, -2.58385473420906, -2.55930523271873, -2.52717890945942, -2.48747591574517, -2.44019643811744, -2.3853407014667, -2.32290897631371, -2.25290159206811, -2.17532826526242, -2.09026250940058, -1.99747554122025, -1.89584505389541, -1.78329540640494, -1.65692916012252, -1.51309647426824, -1.34742334442614, -1.1549510081389, -0.930182668983981, -0.667022369275791, -0.35905500402348, 0.000243249009635016, 0, -0.194818419997969, -0.38208379969776, -0.561796150251858, -0.733955484120098, -0.898561814747785, -1.05561515606282, -1.20511552175302, -1.34706292428711, -1.48145737365018, -1.60829887577972, -1.72758743071253, -1.83932303048769, -1.94350565689748, -2.04013527923288, -2.12921185223052, -2.21073531448363, -2.2847055876197, -2.35112257655701, -2.40998617111687, -2.46129624917682, -2.50505268140165, -2.54125533739396, -2.5699040928923, -2.59099883745247, -2.60453948192264, -2.6105259650066, -2.60895825832322, -2.59983636960987, -2.58316034404921, -2.55893026406756, -2.52714624830249, -2.48780845072211, -2.4409170610874, -2.3864723081084, -2.32447446682538, -2.25492387206153, -2.17783024605203, -2.09326710336871, -2.00100894620471, -1.89992629740936, -1.78791473133763, -1.6620307298551, -1.51856267423956, -1.35305956672575, -1.16047270630979, -0.935203550380967, -0.671041046836314, -0.361443543612815, 0.000242563257866535, 0, -0.194472850724606, -0.381415634914493, -0.560828363879024, -0.73271105024398, -0.8970637076227, -1.05388635010329, -1.20317899151256, -1.3449416444195, -1.47917431884911, -1.60587702069221, -1.72504974982199, -1.83669249796363, -1.94080524641011, -2.03738796373367, -2.12644060370307, -2.20796310367358, -2.28195538375715, -2.34841734708985, -2.40734888147757, -2.45874986260795, -2.50262015886539, -2.53895963758797, -2.56776817238763, -2.58904565095991, -2.60279198268218, -2.6090071052832, -2.60769098998237, -2.59884364474084, -2.58246511560338, -2.55855548648527, -2.52711487811297, -2.48814344711711, -2.4416413864882, -2.38760892876765, -2.3260463535292, -2.2569540010262, -2.18034159921713, -2.09628266376841, -2.00455490566996, -1.9040218120459, -1.79254942832208, -1.66714743120109, -1.52404276377718, -1.35870774609073, -1.16600400206939, -0.940231450778275, -0.675064100912673, -0.363833854066491, 0.000242623731721403, 0, -0.194129210221174, -0.380751197910255, -0.559865974532593, -0.731473552878965, -0.895573946729792, -1.05216717033248, -1.20125323765201, -1.34283216135713, -1.4769039515125, -1.6034686139625, -1.72252614841772, -1.83407654629121, -1.93811978837947, -2.03465584254009, -2.12368466157945, -2.20520618162188, -2.27922032127234, -2.34572698189473, -2.40472604929084, -2.45621739697068, -2.500200891051, -2.53667639661791, -2.56564378516851, -2.58710294254823, -2.60105377667155, -2.60749622429725, -2.60643025624702, -2.59785588070396, -2.58177314456956, -2.55818213323908, -2.52708296951552, -2.48847581267636, -2.44236085892282, -2.38873834460533, -2.32760855380474, -2.25897183217293, -2.18283791335299, -2.09928031405769, -2.00807987812078, -1.90809319340406, -1.79715718942928, -1.6722351313838, -1.5294928737039, -1.36432636386876, -1.17150781288538, -0.945235808243701, -0.679069573796781, -0.366214665150326, 0.000241929073479419, 0, -0.19378443259134, -0.380084557746724, -0.558900387088, -0.730231933571493, -0.894079211145263, -1.05044223421656, -1.19932101688899, -1.34071557193143, -1.47462590944836, -1.60105203523763, -1.71999394884667, -1.83145164137542, -1.93542509312232, -2.03191427122789, -2.12091912753296, -2.20243959692671, -2.27647559650196, -2.3430270258443, -2.40209376874442, -2.45367569652692, -2.49777267303269, -2.53438456108753, -2.56351123006564, -2.58515256395499, -2.59930846920096, -2.60597888158767, -2.60516377153628, -2.59686314745102, -2.5810770570914, -2.55780558733609, -2.52704886307004, -2.48880704622497, -2.44308033622199, -2.38986897323163, -2.32917324585499, -2.26099350515827, -2.18533949048844, -2.1022847196294, -2.01161309392612, -1.91217443743748, -1.8017769738199, -1.67733794773624, -1.53496247237464, -1.36997043076115, -1.17704128705399, -0.950269089509336, -0.683098375255371, -0.368608453972916, 0.00024331298902136, 0, -0.193441524655409, -0.379421531106384, -0.557940031130401, -0.728997037848417, -0.892592565375203, -1.04872662827696, -1.1973992407952, -1.33861041579833, -1.47236016343045, -1.59864848944314, -1.71747539322161, -1.82884086555441, -1.93274488624464, -2.02918742171979, -2.11816842286037, -2.19968782332726, -2.27374553870943, -2.34034146682388, -2.39947548946117, -2.45114747577239, -2.49535728733488, -2.53210478472633, -2.56138983520939, -2.58321232092442, -2.59757214685533, -2.60446924781645, -2.60390359383008, -2.59587519351983, -2.58038409549794, -2.55743038811774, -2.52701419833415, -2.48913569071793, -2.44379506789177, -2.39099257382466, -2.33072850161231, -2.26300320770452, -2.18782643711462, -2.10527170865084, -2.01512590688622, -1.91623222752356, -1.80637059632527, -1.68241262644528, -1.54040303539115, -1.37558594808339, -1.18254835077036, -0.955279966283384, -0.687110798359233, -0.370994010508151, 0.000242610734826343, 0, -0.193100543853486, -0.378762229046726, -0.556985067511935, -0.727769072533754, -0.891114258392713, -1.04702063981306, -1.19548823117341, -1.33651704544113, -1.47010709279976, -1.59625837895485, -1.71497090313034, -1.82624465580516, -1.93007961628995, -2.02647575030319, -2.11543300777062, -2.19695132113176, -2.2710306044803, -2.33767075387468, -2.39687164911664, -2.448633157196, -2.49295513743929, -2.52983744818862, -2.55927995460681, -2.58128253699675, -2.59584509888878, -2.60296757413246, -2.60264993235297, -2.5948921823915, -2.57969437370758, -2.55705659612027, -2.52697897864202, -2.48946168846706, -2.44450493140079, -2.39210895518835, -2.3322740573937, -2.26500059981865, -2.19029833310418, -2.10824077703466, -2.01861772565392, -1.92026588065604, -1.81093727477564, -1.68745827581481, -1.54581354872184, -1.38117176460096, -1.18802769904393, -0.960266962013991, -0.691105176339245, -0.373369458553567, 0.000241927574081646, 0, -0.192761467696569, -0.378106608124186, -0.556035433368921, -0.726547956878166, -0.889644193097265, -1.04532415690761, -1.19358786282415, -1.33443532391267, -1.46786655039588, -1.59388154793361, -1.71248031558944, -1.82366284353448, -1.92742911058968, -2.02377908176856, -2.1127127060475, -2.19422991465159, -2.26833062018768, -2.33501471696556, -2.39428208280933, -2.44613258255968, -2.49056607330486, -2.52758241116384, -2.55718145921119, -2.57936309592237, -2.59412722338193, -2.60147377447967, -2.60140271844536, -2.59391406433599, -2.57900786245304, -2.55668420407238, -2.52694322025185, -2.48978508079368, -2.44520999466734, -2.39321821337209, -2.33381003891408, -2.2669858384159, -2.19275536810797, -2.11119214870317, -2.02208880825666, -1.92427568553498, -1.81547732199474, -1.69247522339347, -1.55119434280634, -1.38672819976733, -1.19347962480085, -0.965230326342108, -0.69508169800421, -0.375734908091831, 0.000241250534950166, 0, -0.192424281892083, -0.377454640719096, -0.555091088720086, -0.725333639504272, -0.888182307680874, -1.04363710828754, -1.19169805597476, -1.33236516390621, -1.46563844234355, -1.59151789690115, -1.71000352648315, -1.82109532095458, -1.92479325864952, -2.02109730388051, -2.11000740467994, -2.19152349106536, -2.26564547416515, -2.3323732465503, -2.39170668407837, -2.44364564945292, -2.48818999753642, -2.52533958223702, -2.55509426455253, -2.57745392114094, -2.59241845264877, -2.59998779101098, -2.60016190506368, -2.59294080407787, -2.57832453919166, -2.55631320312897, -2.52690692898085, -2.49010588914223, -2.44591029572821, -2.39432040397024, -2.3353365202908, -2.26895901710227, -2.19519765618661, -2.11412595913792, -2.02553931280396, -1.92826182280724, -1.81999093812288, -1.69746368305518, -1.55654563717152, -1.39225546873376, -1.19890432720168, -0.970170229662618, -0.699040491456474, -0.378090430980044, 0.000240578138574143, 0, -0.192088972752352, -0.376806300378646, -0.554151995270038, -0.724126071196651, -0.886728542930651, -1.04195942566506, -1.18981873418515, -1.3303064817519, -1.46342267866575, -1.58916733049586, -1.70754043598784, -1.81854198470239, -1.92217195448946, -2.01843030896462, -2.1073169952216, -2.1888319420772, -2.26297505918968, -2.329746237401, -2.38914535061318, -2.44117225940463, -2.48582681642437, -2.52310887338199, -2.55301828920997, -2.57555493875871, -2.59071872124438, -2.59850956765204, -2.59892744642579, -2.59197236704893, -2.57764438149091, -2.55594358391497, -2.52687010943334, -2.49042413301843, -2.4466058699126, -2.39541557905781, -2.33685357126719, -2.2709202242121, -2.19762530518843, -2.11704233662456, -2.02896938947247, -1.93222446492862, -1.82447831523599, -1.70242386103182, -1.56186764434278, -1.39775378044279, -1.20430200008766, -0.975086837994623, -0.702981681390833, -0.380436096642649, 0.000239910366259644, 0, -0.191755526716956, -0.376161560895932, -0.553218115079325, -0.722925203197252, -0.8852828401839, -1.04029104138678, -1.1879498217252, -1.32825919455689, -1.46121917022085, -1.58682975424129, -1.7050909452062, -1.81600273237369, -1.91956509311233, -2.01577799034465, -2.10464137023101, -2.18615516039426, -2.26031926903078, -2.32713358526321, -2.38659798104898, -2.43871231485316, -2.48347643712368, -2.52089019738367, -2.55095345251163, -2.57366607556019, -2.5890279643228, -2.59703904883947, -2.59769929716404, -2.59100871899033, -2.57696736711391, -2.55557533712865, -2.52683276615603, -2.49073983173084, -2.44729675220448, -2.39650379020785, -2.33836126091922, -2.27286954723843, -2.20003842193788, -2.11994140823368, -2.03237918702104, -1.93616378273466, -1.82893964361533, -1.70735596163962, -1.56716057488325, -1.4032233419194, -1.20967283553204, -0.979980315853013, -0.706905391382121, -0.382771973892585, 0.000239247175860935, 0, -0.19142029074472, -0.375513359943789, -0.55227922029165, -0.721717885879264, -0.883829371803702, -1.03861369356779, -1.18607086622556, -1.32620090323205, -1.45900381496499, -1.58447960690343, -1.70262827747689, -1.81344981563927, -1.91694419827522, -2.01311138761054, -2.10195132886724, -2.18346394846785, -2.25764915313909, -2.32450683027509, -2.3840368498783, -2.43623906828916, -2.48111333374268, -2.51865949356387, -2.54887740256615, -2.57176693199468, -2.58732797821251, -2.5955604703094, -2.59646437594665, -2.59003970502957, -2.57628651118409, -2.55520489144213, -2.52679498494495, -2.49105697180319, -2.44799107349368, -2.3975975563557, -2.33987673995571, -2.27482901244957, -2.20246415212006, -2.12285568301434, -2.03580682245053, -1.94012374488029, -1.83342498449765, -1.71231637717867, -1.57248514213232, -1.40872501676428, -1.21507364819439, -0.984899229269109, -0.710847739048543, -0.385117531943039, 0.00023996951522931, 0, -0.191086875061948, -0.374868677140115, -0.551345419080145, -0.720517115132948, -0.882383780557577, -1.03694543101131, -1.18420208168217, -1.32415374612196, -1.45680043474693, -1.58214215299122, -1.70017889912678, -1.81091066180501, -1.91433741742928, -2.01045912753252, -2.09927573640361, -2.18078716927136, -2.25499333140089, -2.32189410846732, -2.38148936852882, -2.43377896581279, -2.47876274635336, -2.51644055528925, -2.54681224537994, -2.56987768607275, -2.58563677230773, -2.59408943222922, -2.59523563310764, -2.58907538505813, -2.5756087425318, -2.55483580399024, -2.52675671058277, -2.49137164498116, -2.44868083176986, -2.39868454097549, -2.34138309652775, -2.27677689180871, -2.20487571057501, -2.12575307765939, -2.03921467436476, -1.94406095208977, -1.8378849190887, -1.71724942587876, -1.57778141479912, -1.41419880690146, -1.22044858203361, -0.989796071733471, -0.714773773853826, -0.387454582284203, 0.000239296179461335, 0, -0.190755311723937, -0.374227574404932, -0.550416801038974, -0.719323006036015, -0.880946204816171, -1.0352864131903, -1.18234364647966, -1.32211791833226, -1.45460923920267, -1.57981761448039, -1.6977430422807, -1.8083855109542, -1.91174499642573, -2.00782145953927, -2.09661484365583, -2.17812507281723, -2.25235205083522, -2.31929566167555, -2.37895577146299, -2.43133223232367, -2.47642488810307, -2.51423358176572, -2.54475816402842, -2.56799850255038, -2.58395449085631, -2.59262605614991, -2.59401316531246, -2.58811582866714, -2.57493410148513, -2.55446808364897, -2.52671791830422, -2.49168379066877, -2.44936592841656, -2.3997646052401, -2.34288014940703, -2.27871295949522, -2.20727282469805, -2.12863327058752, -2.04260237053341, -1.9479749787906, -1.84231896283554, -1.72215455585291, -1.58304876291284, -1.41964399149906, -1.22579681097038, -0.994669896339994, -0.718682411683417, -0.389781886702937, 0.000238636701837602, 0, -0.190425587176576, -0.373590025544702, -0.549493328249857, -0.718135509860134, -0.879516585955798, -1.03363657250042, -1.18049548494774, -1.32009333704144, -1.45243013927421, -1.57750589699114, -1.69532060815175, -1.80587426080755, -1.90916683040757, -2.00519827711072, -2.09396854335537, -2.17547755200303, -2.24972520542025, -2.31671138587298, -2.37643595756337, -2.428898770528, -2.47409966643584, -2.51203848608921, -2.54271507817341, -2.56612930856926, -2.58228106939364, -2.59117028691447, -2.59279692762551, -2.58716100205631, -2.5742625662929, -2.55410172163029, -2.52667861319844, -2.49199342874645, -2.45004639901979, -2.4008378013556, -2.34436796833426, -2.28063730369934, -2.20965560204403, -2.13149638963367, -2.04597006049781, -1.95186599663433, -1.84672730697397, -1.72703197269541, -1.58828739882004, -1.42506078003923, -1.2311185304174, -0.999520872062104, -0.722573781943929, -0.392099521480892, 0.000237981666351639, 0, -0.190097688252882, -0.372956005112756, -0.548574963873744, -0.716954579261186, -0.878094867014591, -1.03199584324938, -1.17865752355104, -1.31807992175837, -1.45026304840198, -1.57520690878282, -1.69291150070552, -1.80337681192421, -1.90660281741478, -2.00258947665496, -2.09133673116567, -2.17284450263473, -2.2471126919916, -2.31414117981192, -2.37392982838598, -2.4264784856724, -2.47178699117567, -2.50985518354784, -2.54068290945382, -2.56427003300565, -2.58061644491987, -2.58972207053337, -2.5915868759541, -2.58621087191628, -2.57359411531564, -2.55373670885115, -2.52663879962549, -2.49230057790417, -2.45072227748636, -2.40190417933267, -2.34584662031126, -2.28255000930145, -2.21202414625966, -2.13434255809891, -2.04931788860913, -1.95573417140672, -1.85111013620645, -1.7318818748322, -1.59349752711751, -1.43044937374362, -1.23641392709957, -1.0043491588506, -0.726448004782202, -0.394407553502961, 0.000237331090303605, 0, -0.18977160190762, -0.372325487897709, -0.547661671412191, -0.715780167332764, -0.876680991557285, -1.03036416035216, -1.17682968943389, -1.31607759273587, -1.44810788082641, -1.57292055896257, -1.69051562479499, -1.80089306578208, -1.9040528564293, -1.999994955537, -2.08871930371381, -2.17022582148047, -2.24451440833737, -2.3115849431793, -2.3714372863953, -2.4240712838776, -2.46948677297816, -2.50768359021058, -2.53866158023041, -2.56242060539049, -2.57896055501442, -2.58828135351285, -2.59038296660953, -2.58526540524166, -2.5729287271096, -2.55337303630784, -2.52659848190016, -2.49260525665382, -2.45139359740391, -2.40296378871356, -2.34731617171393, -2.28445116039034, -2.21437856002611, -2.13717189813664, -2.05264599787739, -1.95957966735859, -1.85546763353332, -1.73670445887088, -1.59867935053912, -1.43580997201508, -1.2416831860687, -1.00915491523929, -0.730305199300175, -0.396706049100207, 0.000236684933555054, 0, -0.189447315330441, -0.371698449142246, -0.546753415024305, -0.714612228013792, -0.875274904166018, -1.02874145989754, -1.17501191105511, -1.3140862716662, -1.44596455233661, -1.57064675827979, -1.68813288699324, -1.79842292564134, -1.90151684826174, -1.99741461298127, -2.08611615950136, -2.1676214071822, -2.24193025410312, -2.30904257748742, -2.36895823583348, -2.42167707297856, -2.467198924134, -2.50552362368667, -2.53665101429372, -2.56058095655827, -2.57731333841839, -2.58684808336317, -2.58918515673383, -2.58432456966885, -2.5722663806682, -2.55301069521349, -2.52655766431805, -2.4929074832363, -2.4520603918217, -2.40401667821905, -2.34877668779786, -2.28634083962, -2.21671894425952, -2.1399845297893, -2.05595452883676, -1.96340264589215, -1.85979997875234, -1.74149991790512, -1.60383306805681, -1.44114277041962, -1.2469264887396, -1.01393829660978, -0.734145482222776, -0.398995073295205, 0.000236043101319694, 0, -0.189124819779779, -0.371074871955905, -0.545850170263407, -0.713450729894053, -0.873876567059722, -1.02712769832627, -1.17320413966998, -1.31210590521187, -1.44383300559504, -1.56838544598956, -1.68576322374066, -1.79596632572036, -1.89899472550117, -1.99484838054013, -2.08352722963662, -2.16503119099677, -2.23936016128681, -2.30651401606784, -2.36649261195814, -2.41929579075136, -2.46492338553008, -2.50337522856611, -2.53465116052911, -2.55875104028191, -2.5756747543844, -2.58542222540881, -2.58799341831545, -2.58338834444245, -2.5716070630843, -2.55264968110146, -2.5265163514453, -2.4932072718429, -2.45272268514855, -2.40506288306803, -2.3502282151847, -2.28821910560756, -2.21904537016554, -2.14278053744422, -2.05924357960948, -1.96720321843966, -1.86410729438961, -1.74626838173911, -1.60895881158036, -1.44644789696603, -1.25214395264789, -1.01869940289838, -0.737968928424998, -0.401274668264106, 0.000235403818587387, 0, -0.188804102633207, -0.370454731944405, -0.544951901813934, -0.712295627587288, -0.872485925632032, -1.02552281266248, -1.17140630478372, -1.3101364162098, -1.44171315762089, -1.56613653414395, -1.68340654297283, -1.79352317068882, -1.89648639040188, -1.99229615890308, -2.08095241409478, -2.16245507303553, -2.23680403098631, -2.30399916185535, -2.3640403203912, -2.41692734635529, -2.46266007071313, -2.50123832363308, -2.53266194380815, -2.55693078837027, -2.57404474250841, -2.58400372788264, -2.58680770907395, -2.58245669761848, -2.57095075360027, -2.5522899852503, -2.52647454744663, -2.49350464037458, -2.45338050987189, -2.40610245118472, -2.35167081808594, -2.29008603970256, -2.22135793708272, -2.14556003928026, -2.06251328855769, -1.97098154391876, -1.86838975749511, -1.7510100405533, -1.6140567771426, -1.45172554434368, -1.25733575642671, -1.02343838684885, -0.741775652195727, -0.403544896854475, 0.000234768851485601, 0, -0.188485151276278, -0.369838004728832, -0.544058574382494, -0.711146875735621, -0.871102925310583, -1.02392673996932, -1.169618335945, -1.3081777275442, -1.43960492548394, -1.56389993484834, -1.68106275268069, -1.79109336527322, -1.89399174527595, -1.98975784881771, -2.07839161290885, -2.15989295346676, -2.23426176435503, -2.30149791783819, -2.36160126680545, -2.41457164899726, -2.46040889327368, -2.4991128277112, -2.53068328903689, -2.55512013266109, -2.57242324240913, -2.5825925390335, -2.58562798673753, -2.5815295972537, -2.57029743145064, -2.55193159892168, -2.52643225646019, -2.49379960669545, -2.4540338984314, -2.40713543043412, -2.35310456064186, -2.29194172317068, -2.22365674425249, -2.14832315336534, -2.06576379392326, -1.97473778113267, -1.87264754503577, -1.75572508451073, -1.61912716086541, -1.45697590548292, -1.26250207915078, -1.02815540189835, -0.745565768823533, -0.405805823279633, 0.000234138165627285, 0, -0.188167953211425, -0.369224666156141, -0.54317015300266, -0.710004429401337, -0.869727512028484, -1.02233941789283, -1.16784016335494, -1.30622976281334, -1.43750822702176, -1.56167556102169, -1.67873176170675, -1.78867681508171, -1.89151069333924, -1.98723335194963, -2.07584472703624, -2.15734473338166, -2.23173326345986, -2.29901018790079, -2.35917535774467, -2.41222860872206, -2.45816976759921, -2.49699866037213, -2.52871512181267, -2.55331900561881, -2.5708101942594, -2.581188607584, -2.58445420941985, -2.58060701169415, -2.56964707605519, -2.5515745134505, -2.52638948257753, -2.49409218849531, -2.45468288295681, -2.40816186822779, -2.35452950638787, -2.29378623651341, -2.22594188998495, -2.15106999666094, -2.06899523265546, -1.97847208740524, -1.87688083233749, -1.76041370201996, -1.6241701570708, -1.46219917155307, -1.26764309826887, -1.032850600098, -0.749339392560864, -0.408057511179574, 0.000233511723269686, 0, -0.187852496056742, -0.368614692296799, -0.542286603031552, -0.708868244062504, -0.868359632219043, -1.02076078465588, -1.16607171786022, -1.30429244632208, -1.43542298083168, -1.55946332638813, -1.6764134797362, -1.78627342659485, -1.88904313870197, -1.98472257087297, -2.0733116583492, -2.15481031478473, -2.22921843127169, -2.29653587681452, -2.35676250061462, -2.40989813640379, -2.45594260886596, -2.49489574192801, -2.52675736841714, -2.55152734032819, -2.5692055387807, -2.57979188272581, -2.58328633561628, -2.57968890957242, -2.5689996670173, -2.55121872024453, -2.52634622984449, -2.49438240329186, -2.45532749527163, -2.40918181152908, -2.35594571826136, -2.29561965947664, -2.22821347166912, -2.15380068503424, -2.07220774042517, -1.98218461859713, -1.88108979310299, -1.76507607975396, -1.62918595830003, -1.46739553198055, -1.27275898961985, -1.03752413212564, -0.753096636632427, -0.410300023623798, 0.000232889487022381, 0, -0.187538767544667, -0.368008059442235, -0.541407890146158, -0.707738275608234, -0.866999232810072, -1.01919077905154, -1.1643129309458, -1.30236570307384, -1.43334910626216, -1.55726314546773, -1.67410781728736, -1.78388310715575, -1.88658898635857, -1.98222540906004, -2.07079230962438, -2.15228960058348, -2.22671717165524, -2.2940748902276, -2.35436260367333, -2.40758014373646, -2.45372733302999, -2.49280399342299, -2.52480995580853, -2.54974507048742, -2.56760921723696, -2.57840231411442, -2.58212432419967, -2.57877525980453, -2.56835518412198, -2.55086421078368, -2.52630250226186, -2.49467026843283, -2.45596776689672, -2.41019530685831, -2.35735325860866, -2.29744207105935, -2.23047158578365, -2.15651533327078, -2.07540145163951, -1.98587552912261, -1.88527459943031, -1.76971240266979, -1.63417475533362, -1.47256517446844, -1.27784992745071, -1.04217614730114, -0.756837613246567, -0.412533423117572, 0.000232271419912056, 0, -0.187226755520676, -0.36740474410233, -0.540533980339687, -0.706614480334005, -0.865646261218258, -1.01762934043667, -1.16256373472764, -1.30044945876263, -1.43128652340423, -1.55507493356753, -1.67181468570217, -1.78150576496023, -1.88414814217766, -1.97974177087113, -2.06828658453263, -2.14978249457808, -2.2242293893588, -2.29162713465516, -2.3519755760214, -2.40527454322467, -2.4515238568184, -2.49072333662503, -2.52287281161398, -2.54797213040105, -2.56602117142839, -2.5770198518639, -2.5809681344161, -2.57786603158672, -2.56771360733386, -2.55051097661923, -2.52625830378592, -2.49495580109797, -2.45660372905384, -2.41120240029797, -2.35875218919183, -2.29925354952229, -2.23271632790725, -2.15921405508685, -2.07857649945639, -1.98954497196604, -1.88943542183104, -1.77432285402803, -1.63913673721127, -1.47770828501588, -1.28291608443436, -1.04680679360153, -0.760562433606561, -0.414757771608191, 0.000231657485371795, 0, -0.186916447942004, -0.366804723002929, -0.539664839917984, -0.705496814937047, -0.864300665343614, -1.01607640872545, -1.16082406194552, -1.29854363976524, -1.42923515308311, -1.55289860677255, -1.66953399713687, -1.77914130904713, -1.88172051289208, -1.97727156154444, -2.0657943876288, -2.14728890145132, -2.2217549900043, -2.28919251746945, -2.34960132759243, -2.40298124817441, -2.4493320977205, -2.48865369401764, -2.52094586412195, -2.54620845497327, -2.56444134368552, -2.57564444654174, -2.57981772588066, -2.57696119439235, -2.56707491679521, -2.55015900937312, -2.52621363832907, -2.49523901830102, -2.45723541266913, -2.41220313749774, -2.36014257119543, -2.30105417239641, -2.23494779272902, -2.16189696314182, -2.08173301579881, -1.99319309869821, -1.89357242924841, -1.77890761541201, -1.64407209125145, -1.48282504793712, -1.2879576316872, -1.05141621767594, -0.764271207921769, -0.416973130491156, 0.000231047647216376, 0, -0.186607832876373, -0.366207973083397, -0.538800435495977, -0.704385236511782, -0.862962393563994, -1.01453192438312, -1.15909384595599, -1.29664817313349, -1.4271949168498, -1.55073408193697, -1.66726566455278, -1.77678964928882, -1.87930600608914, -1.9748146871861, -2.06331562434173, -2.14480872675856, -2.21929388007739, -2.28677094689005, -2.34723976914363, -2.40070017268407, -2.44715197397931, -2.48659498879185, -2.51902904227483, -2.54445397970104, -2.56286967686316, -2.57427604916376, -2.57867305857337, -2.5760607179688, -2.56643909282403, -2.54980830073721, -2.52616850976038, -2.49551993689174, -2.45786284837656, -2.41319756367953, -2.36152446523316, -2.30284401649127, -2.23716607405869, -2.16456416905017, -2.08487113136894, -1.99682005949243, -1.89768578907503, -1.78346686674667, -1.6489810030707, -1.48791564588037, -1.29297473878644, -1.05600456486033, -0.767964045418593, -0.419179560616226, 0.000230441869678633, 0, -0.186300898500745, -0.365614471494199, -0.537940733994183, -0.703279702545336, -0.861631394729686, -1.0129958284197, -1.15737302072536, -1.29476298658656, -1.42516573697297, -1.54858127667546, -1.66500960170714, -1.77445069638169, -1.87690453020093, -1.97237105476043, -2.06085020096441, -2.1423418769179, -2.21684596691767, -2.28436233197443, -2.34489081224654, -2.39843123163543, -2.44498340458298, -2.48454714483821, -2.51712227566154, -2.54270864066754, -2.56130611433456, -2.57291461118914, -2.5775340928351, -2.57516457233447, -2.56580611591208, -2.54945884247253, -2.52612292190616, -2.49579857355776, -2.45848606652131, -2.41418572364238, -2.36289793135443, -2.30462315790331, -2.23937126483668, -2.16721578339349, -2.08799097566209, -2.00042600314042, -1.90177566717041, -1.78800078631729, -1.65386365660273, -1.4929802598464, -1.29796757378724, -1.06057197919201, -0.771641054351362, -0.421377122293463, 0.000229840117354219, 0, -0.185995633100087, -0.36502419559452, -0.537085702635262, -0.702180170913103, -0.860307618158092, -1.01146806238385, -1.15566152082288, -1.29288800850353, -1.42314753643079, -1.54644010935462, -1.66276572314423, -1.77212436183695, -1.87451599449485, -1.9699405720802, -2.05839802464422, -2.13988825920048, -2.21441115870911, -2.28196658260841, -2.34255436927783, -2.3961743406849, -2.44282630925647, -2.48251008673897, -2.51522549451025, -2.54097237453551, -2.5597505999856, -2.57156008451539, -2.57640078936354, -2.57427272777577, -2.56517596672303, -2.54911062640865, -2.52607687855054, -2.49607494482659, -2.45910509716315, -2.41516766176737, -2.36426302905081, -2.30639167202402, -2.24156345714397, -2.16985191573222, -2.09109267698039, -2.00401107706794, -1.90584222787831, -1.79250955078789, -1.65872023411725, -1.49801906920689, -1.30293630323953, -1.06511860342402, -0.775302342013002, -0.423565875299127, 0.00022924235523325, 0, -0.185692025066156, -0.364437122949914, -0.536235308940613, -0.701086599874376, -0.858991013628454, -1.00994856835685, -1.15395928141388, -1.29102316791588, -1.421140238903, -1.54431049908446, -1.66053394418642, -1.7698105579714, -1.87214030906413, -1.96752314779714, -2.05595900337333, -2.13744778172084, -2.21198936447053, -2.27958360949692, -2.34023035341029, -2.3939294162548, -2.44068060845325, -2.48048373976029, -2.51333862968129, -2.53924511854082, -2.55820307820904, -2.57021242147351, -2.57527310920926, -2.5733851548441, -2.56454862609054, -2.54876364444287, -2.52603038343597, -2.4963490670674, -2.45971997007968, -2.41614342202236, -2.36561981726242, -2.30814963354792, -2.24374274221195, -2.17247267461729, -2.09417636244635, -2.00757542735026, -1.90988563404377, -1.7969933352194, -1.66355091623851, -1.50303225172251, -1.3078810922047, -1.06964457903923, -0.778948014745611, -0.425745878881534, 0.000228648548681543, 0, -0.185390062896295, -0.363853231329981, -0.535389520727007, -0.699998948068026, -0.857681531376669, -1.00843728894655, -1.15226623825311, -1.28916839450023, -1.41914376876296, -1.54219236571009, -1.65831418092549, -1.76750919789839, -1.86977738481864, -1.9651186913925, -2.05353304597921, -2.1350203534275, -2.20958049404626, -2.27721332415478, -2.33791867860387, -2.3916963755248, -2.43854622334716, -2.47846802984459, -2.51146161266, -2.53752681048603, -2.55666349389889, -2.56887157482317, -2.57415101377174, -2.57250182435304, -2.56392407501644, -2.54841788853961, -2.52598344026383, -2.49662095649297, -2.46033071476965, -2.41711304796676, -2.3669683543842, -2.30989711648055, -2.24590921043201, -2.17507816760154, -2.09724215801622, -2.01111919872739, -1.91390604702997, -1.80145231308757, -1.66835588196362, -1.50801998356076, -1.31280210427202, -1.07415004626435, -0.782578177950862, -0.427917191766815, 0.000228058663444886, 0, -0.185089735192255, -0.363272498706085, -0.534548306103291, -0.698917174508254, -0.856379122090177, -1.0069341672815, -1.15058232767815, -1.28732361857104, -1.41715805106997, -1.54008562980348, -1.65610635021398, -1.76522019551894, -1.86742713347571, -1.96272711316774, -2.0511200621153, -2.13260588409362, -2.20718445809688, -2.27485563889768, -2.33561925959692, -2.38947513642342, -2.43642307582436, -2.47646288360302, -2.50959437554984, -2.53581738873411, -2.55513179244485, -2.56753749774793, -2.5730344647956, -2.57162270737537, -2.56330229466895, -2.54807335072972, -2.5259360526949, -2.49689062916146, -2.46093736045612, -2.41807658275621, -2.36830869827216, -2.3116341941463, -2.24806295136514, -2.17766850125108, -2.1002901884932, -2.01464253461914, -1.91790362673483, -1.80588665630073, -1.67313530868066, -1.51298243931364, -1.31769950157485, -1.0786351440837, -0.786192936100318, -0.430079872164633, 0.000227472665627615, 0, -0.184791030659019, -0.362694903249088, -0.533711633467106, -0.697841238580385, -0.855083736902896, -1.00543914700515, -1.14890748660287, -1.28548877107353, -1.4151830115615, -1.53799021265532, -1.65391036965672, -1.76294346551288, -1.86508946755109, -1.96034832423542, -2.04871996225178, -2.13020428430779, -2.20480116809013, -2.27251046683318, -2.33333201189748, -2.38726561761972, -2.43431108847539, -2.47446822830802, -2.50773685106544, -2.53411679220221, -2.55360791972678, -2.56621014385058, -2.57192342436672, -2.57074777524031, -2.56268326638078, -2.54773002310975, -2.52588822434993, -2.49715810097826, -2.46153993608967, -2.41903406914715, -2.36964090624948, -2.31336093919609, -2.25020405375128, -2.1802437811564, -2.10332057754038, -2.01814557713992, -1.92187853160744, -1.81029653521718, -1.6778893721865, -1.517919792015, -1.32257344480665, -1.0831000102528, -0.789792392745562, -0.432233977773789, 0.000226890521696166, 0, -0.18452150286556, -0.362173658868693, -0.532956483828198, -0.696869995140407, -0.853914211250035, -1.00408915085237, -1.14739483177153, -1.28383126946348, -1.41339847510425, -1.53609645324679, -1.65192519906644, -1.76088469526698, -1.86297490878789, -1.95819578753425, -2.04654725743841, -2.12802922024309, -2.20264155245239, -2.27038410590837, -2.33125671039496, -2.38525917853306, -2.43239131300806, -2.47265291588157, -2.50604379942259, -2.53256379761008, -2.55221277727641, -2.56499064784003, -2.57089736874712, -2.56993295410001, -2.56209747444219, -2.5473910562177, -2.52581387993928, -2.49736617852052, -2.46204823753336, -2.41986039938323, -2.37080307365204, -2.31487675631059, -2.25209133730451, -2.18252034704045, -2.1060052893923, -2.02126292957773, -1.92544367379768, -1.8142889173676, -1.68223483777394, -1.52247434280256, -1.32710750455903, -1.08728521386688, -0.793189840437482, -0.434281247813946, 0.000220396174821003, 0, -0.184253005704574, -0.36165440701189, -0.532204219862165, -0.695902461780239, -0.852749151341051, -1.00274430736417, -1.14588794778169, -1.28218008812775, -1.4116207396099, -1.53420990674568, -1.64994758458451, -1.75883375558775, -1.86086838630857, -1.95605142409529, -2.04438279412966, -2.12586239719329, -2.20049010861237, -2.26826577884208, -2.32918923609593, -2.3832602912857, -2.43047874531369, -2.47084439846649, -2.50435706134077, -2.53101656644552, -2.55082277944155, -2.56377560895718, -2.56987501409287, -2.56912100908741, -2.56151366511561, -2.54705310973929, -2.52573952505476, -2.49757314600399, -2.46255426062593, -2.42068321425663, -2.37196041994707, -2.31638637782266, -2.25397098198986, -2.18478776199536, -2.10867920275871, -2.02436757436705, -1.9289940414767, -1.81826460828651, -1.68656213405001, -1.52700994502445, -1.33162275856633, -1.09145285648871, -0.796572204965289, -0.436317232388985, 0.00022002362355128, 0, -0.183985349803146, -0.361136782162985, -0.531454313140749, -0.694937960389368, -0.851587742613578, -1.00140367875682, -1.1443857868588, -1.28053408253157, -1.40984857701412, -1.53232927478865, -1.64797617077909, -1.75678924720515, -1.85876847023497, -1.95391378666192, -2.0422251209196, -2.12370237283164, -2.19834541655016, -2.26615410114803, -2.32712825327344, -2.38126768213468, -2.42857218685678, -2.46904156595714, -2.50267562836557, -2.52947420512595, -2.54943716073134, -2.56256440302261, -2.5688558907556, -2.56831163830517, -2.56093171747541, -2.54671625694231, -2.52566544038056, -2.49777950475393, -2.46305874056035, -2.42150349605689, -2.37311418775233, -2.3178913199131, -2.25584479078999, -2.18704812904955, -2.11134473439895, -2.02746225650142, -1.93253272176187, -1.82222704926646, -1.69087506689963, -1.53153077820847, -1.33612376799579, -1.09560788819947, -0.799944832241008, -0.43834768018382, 0.000219613959535347, 0, -0.18371853215361, -0.36062077849733, -0.530706755213015, -0.69397648008126, -0.850429971936173, -1.00006724984466, -1.14288833195369, -1.27889323395296, -1.40808196711277, -1.53045453588014, -1.64601093505389, -1.75475114661286, -1.85667513634143, -1.95178285047981, -2.04007421271588, -2.12154912191844, -2.19620745106938, -2.26404904786376, -2.32507373738959, -2.37928132715723, -2.42667161452026, -2.46724439623268, -2.50099947956293, -2.52793669409457, -2.54805590315677, -2.56135701380551, -2.56783998445322, -2.56750482961037, -2.56035162170831, -2.54638049053358, -2.52559162133413, -2.49798525308894, -2.46356167874688, -2.42232124947655, -2.37426438523323, -2.31939159441087, -2.25771277938813, -2.18930146793128, -2.11400190873521, -2.03054700660086, -1.93605975240241, -1.82617628431663, -1.69517368410784, -1.53603689005919, -1.34061057552005, -1.09975034087342, -0.803307737037649, -0.440372582259022, 0.000219206579768594, 0, -0.183452548669564, -0.360106388110699, -0.529961534625488, -0.693018006121773, -0.849275821562606, -0.998735000137957, -1.14139556010169, -1.27725751722092, -1.40632088279714, -1.52858566124227, -1.64405184723045, -1.75271942250043, -1.85458835245407, -1.9496585827802, -2.03793003642346, -2.1194026113009, -2.194076179228, -2.2619505865265, -2.32302565672933, -2.37730119565447, -2.42477699888984, -2.46545286143182, -2.4993285888929, -2.52640400940113, -2.54667898512558, -2.56015342233996, -2.56682727911441, -2.56670057009461, -2.55977336833714, -2.54604580473551, -2.52551806610579, -2.49819039343563, -2.46406308211687, -2.42313648622015, -2.37541102913603, -2.32088722337254, -2.25957497541982, -2.19154781212385, -2.1166507658226, -2.03362187286611, -1.93957519075056, -1.83011237915908, -1.6994580573812, -1.54052835451951, -1.34508325248241, -1.10388027760902, -0.806660968031463, -0.442391966386749, 0.000218801227220122, 0, -0.183187395302888, -0.359593603172857, -0.529218640031822, -0.692062523914459, -0.848125273912342, -0.997406909338097, -1.13990744855214, -1.27562690739873, -1.40456529721046, -1.52672262236427, -1.64209887741, -1.7506940438471, -1.85250808669613, -1.94754095109638, -2.03579255925161, -2.11726280813025, -2.19195156838514, -2.25985868496922, -2.32098397986538, -2.37532725720474, -2.42288831081534, -2.46366693394167, -2.49766293054569, -2.52487612730468, -2.54530638523143, -2.55895360981998, -2.56581775879926, -2.5658988469498, -2.55919694795138, -2.54571219380089, -2.52544477287745, -2.49839492817085, -2.46456295750795, -2.42394921785201, -2.37655413601769, -2.32237822861371, -2.26143140622543, -2.19378719475857, -2.11929134530213, -2.03668690301137, -1.94307909359407, -1.83403539888068, -1.70372825773892, -1.54500524482037, -1.34954186952421, -1.10799776085212, -0.810004573337894, -0.444405859914216, 0.000218397889249378, 0, -0.182923069228343, -0.359082418217754, -0.528478063509589, -0.69111002326494, -0.846978316703484, -0.9960829632601, -1.13842398140141, -1.27400138704855, -1.40281519156512, -1.52486539929318, -1.64015200465868, -1.74867498892253, -1.85043431672524, -1.94542993265833, -2.03366175818709, -2.11512968933443, -2.18983359559435, -2.25777332055541, -2.31894868465554, -2.3733594903445, -2.42100552969618, -2.4618865942089, -2.4960024861995, -2.52335303089923, -2.54393808816841, -2.5577575627239, -2.56481141195466, -2.56509965077558, -2.55862235348768, -2.54537965318762, -2.52537173981253, -2.49859885834782, -2.46506130904748, -2.42475945175797, -2.37769371670691, -2.32386462459039, -2.26328209007274, -2.19601963809955, -2.12192367406859, -2.03974213003622, -1.94657150095284, -1.83794538967507, -1.70798433585607, -1.5494676137882, -1.35398647822793, -1.1121028367461, -0.813338588939817, -0.446414283641044, 0.000217996099588669, 0, -0.182659567038365, -0.358572826659773, -0.527739795524633, -0.690160491920037, -0.845834935193348, -0.994763144901297, -1.13694513961635, -1.27238093533629, -1.40107054345561, -1.52301396828159, -1.63821120411669, -1.74666223198405, -1.84836701614538, -1.94332550064617, -2.03153760621569, -2.11300322793436, -2.18772223414113, -2.2556944670646, -2.31691974560281, -2.37139787052962, -2.41912863217049, -2.46011182028329, -2.49434723554506, -2.5218347017458, -2.5425740775971, -2.55656526704125, -2.56380822712831, -2.56430297290715, -2.55804957929802, -2.54504818049383, -2.52529896798463, -2.498802188745, -2.46555814544818, -2.42556720081445, -2.37882978847333, -2.32534643319499, -2.26512705370652, -2.19824517397367, -2.1245477892377, -2.04278759648129, -1.95005246037857, -1.84184240277533, -1.71222634470037, -1.55391551370608, -1.35841712729425, -1.11619554717287, -0.816663046457457, -0.448417255374731, 0.00021759545324157, 0, -0.182396884799778, -0.35806482089098, -0.527003825052675, -0.689213915697548, -0.844695112300228, -0.993447434538899, -1.13547090109154, -1.2707655280323, -1.39933132678646, -1.52116830162665, -1.63627644673222, -1.74465574288933, -1.84630615398208, -1.94122762351174, -2.02942007147391, -2.11088339200961, -2.18561745230646, -2.25362209323757, -2.31489713216604, -2.36944236819532, -2.41725758990813, -2.45834258532754, -2.49269715349619, -2.52032111676748, -2.54121433270805, -2.55537670448814, -2.56280818882007, -2.56350880088629, -2.55747861622425, -2.5447177701196, -2.52522645561028, -2.49900492165361, -2.4660534733342, -2.42637247623688, -2.37996236738199, -2.32682367560059, -2.26696632366645, -2.20046383454575, -2.12716372930238, -2.04582334870024, -1.95352202706727, -1.84572650146166, -1.71645435332054, -1.55834901575065, -1.36283388532456, -1.12027595266275, -0.819977992330759, -0.450414801142291, 0.000217196792943797, 0, -0.182135018581069, -0.357558393306582, -0.526270141073885, -0.688270280420846, -0.843558830948943, -0.992135812457419, -1.1340012437294, -1.26915514091519, -1.39759751547073, -1.51932837163411, -1.63434770346196, -1.74265549150421, -1.8442516992686, -1.93913626971393, -2.02730912210449, -2.10877014964495, -2.18351921837537, -2.25155616781772, -2.31288081380519, -2.36749295377621, -2.41539237457645, -2.45657886249981, -2.49105221495984, -2.51881225287806, -2.53985883267988, -2.55419185676602, -2.56181128151218, -2.56271712223397, -2.5569094550841, -2.54438841643739, -2.52515420087472, -2.49920705932969, -2.46654729929052, -2.42717528919726, -2.38109146945015, -2.32829637292793, -2.26879992643506, -2.20267565191857, -2.12977153269109, -2.04884943298764, -1.95698025617366, -1.84959774900666, -1.72066843080977, -1.56276819121539, -1.36723682113114, -1.12434411407463, -0.823283473472253, -0.452406947618391, 0.000216800100097669, 0, -0.181873964480671, -0.357053536359707, -0.525538732652343, -0.687329572021223, -0.842426074194262, -0.990828259091366, -1.13253614560048, -1.26754974994777, -1.39586908361977, -1.51749415082011, -1.63242494548313, -1.74066144792327, -1.84220362127311, -1.93705140795074, -2.02520472649153, -2.10666346916681, -2.18142750087277, -2.24949665978468, -2.31087076021072, -2.36554959792975, -2.41353295805599, -2.45482062515983, -2.489412395031, -2.51730808716377, -2.53850755684609, -2.55301070571168, -2.5608174898007, -2.56192792456153, -2.55634208676017, -2.54406011385713, -2.52508220197121, -2.49940860400593, -2.46703962984535, -2.42797565077552, -2.38221711056561, -2.32976454612899, -2.27062788828484, -2.20488065794155, -2.13237123753097, -2.05186589527907, -1.96042720243065, -1.85345620820556, -1.72486864574649, -1.56717311086837, -1.37162600302386, -1.12840009182622, -0.826579536455713, -0.454393721284121, 0.000216405361222527, 0, -0.181613718626632, -0.356550242560747, -0.524809588935092, -0.686391776536677, -0.841296825219444, -0.989524755023567, -1.13107558494146, -1.26594933127492, -1.39414600554097, -1.51566561190888, -1.63050814419107, -1.73867358246727, -1.84016188949611, -1.93497300715669, -2.02310685325784, -2.10456331914056, -2.17934226856087, -2.24744353835169, -2.30886694130113, -2.36361227153385, -2.41167931243827, -2.45306784686679, -2.48777766899065, -2.51580859688151, -2.53716048469352, -2.55183323329591, -2.55982679839445, -2.56114119556987, -2.5557765021995, -2.54373285682602, -2.52501045710123, -2.49960955789222, -2.46753047147113, -2.42877357196084, -2.38333930648858, -2.3312282159893, -2.27245023528104, -2.20707888421415, -2.13496288165175, -2.05487278115574, -1.96386292015469, -1.85730194138242, -1.72905506620108, -1.57156384495938, -1.37600149881734, -1.13244394590102, -0.829866227522699, -0.45637514843288, 0.000216012562827383, 0, -0.181354277176323, -0.356048504476813, -0.524082699151341, -0.685456880110885, -0.840171067335002, -0.988225280983744, -1.12961954015365, -1.26435386122192, -1.39242825573591, -1.51384272783069, -1.62859727119713, -1.736691865681, -1.83812647366818, -1.93290103650055, -2.02101547126268, -2.10246966836828, -2.17726349043689, -2.24539677296338, -2.30686932722076, -2.36168094568481, -2.4098314100237, -2.45132050137747, -2.48614801230407, -2.51431375945719, -2.53581759586085, -2.5506594216223, -2.558839192114, -2.56035692304864, -2.55521269241293, -2.54340663982826, -2.52493896447448, -2.49980992317593, -2.46801983058514, -2.42956906365267, -2.38445807285298, -2.33268740312962, -2.2742669932837, -2.20927036208825, -2.13754650258868, -2.0578701358479, -1.96728746324978, -1.86113501039445, -1.7332277597405, -1.57594046322462, -1.38036337583534, -1.1364757358521, -0.833143592585395, -0.45835125517191, 0.000215621691545265, 0, -0.181095636316167, -0.35554831473119, -0.523358052611688, -0.684524868992203, -0.839048783977501, -0.98692981784712, -1.1281679898014, -1.26276331629265, -1.39071580889852, -1.51202547171994, -1.62669229832664, -1.73471626833117, -1.83609734374786, -1.93083546538307, -2.0189305495995, -2.10038248588652, -2.17519113573086, -2.24335633329366, -2.3048778883377, -2.35975559169523, -2.40798922331973, -2.44957856264441, -2.48452340061915, -2.51282355248424, -2.53447887013728, -2.549489252926, -2.55785465589066, -2.55957509487549, -2.55465064847465, -2.54308145738478, -2.52486772230888, -2.50000970202223, -2.46850771355011, -2.43036213666163, -2.38557342516771, -2.33414212800762, -2.27607818794978, -2.21145512267072, -2.14012213758543, -2.0608580042383, -1.97070088521142, -1.86495547663651, -1.73738679343303, -1.58030303489136, -1.38471170091521, -1.14049552080599, -0.836411677229551, -0.46032206742395, 0.00021523273412738, 0, -0.180837792261351, -0.355049666002797, -0.522635638707328, -0.68359572953265, -0.837929958708332, -0.985638346633012, -1.12672091261048, -1.26117767316794, -1.3890086399132, -1.51021381691318, -1.62479319761683, -1.73274676140425, -1.8340744699194, -1.92877626343484, -2.01685205759371, -2.09830174096403, -2.17312517390336, -2.24132218924342, -2.30289259524162, -2.35783618109196, -2.4061527250388, -2.44784200481399, -2.48290380976456, -2.51133795372199, -2.53314428746107, -2.5483227095725, -2.55687317476543, -2.55879569901524, -2.55409036152158, -2.54275730405293, -2.52479672883053, -2.50020889657435, -2.46899412667479, -2.43115280171047, -2.38668537881801, -2.33559241091953, -2.27788384473519, -2.21363319682582, -2.14268982359704, -2.06383643086558, -1.97410323913052, -1.86876340104539, -1.74153223385288, -1.58465162868265, -1.38904654041232, -1.14450335946652, -0.839670526717384, -0.462287610928869, 0.000214845677427244, 0, -0.180580741255555, -0.354552551025656, -0.521915446909289, -0.682669448186924, -0.836814575212529, -0.984350848503456, -1.12527828746661, -1.25959690870385, -1.38730672385304, -1.50840773694718, -1.62289994131484, -1.73078331610439, -1.83205782259063, -1.92672340051404, -2.01477996480048, -2.09622740309959, -2.17106557464339, -2.23929431093846, -2.30091341874169, -2.3559226856141, -2.40432188809642, -2.44611080222467, -2.48128921574816, -2.50985694109411, -2.53181382791816, -2.54715977405641, -2.555894733888, -2.55801872351907, -2.55353182275284, -2.54243417442617, -2.52472598227371, -2.50040750895387, -2.46947907621458, -2.43194106943493, -2.38779394906661, -2.33703827200179, -2.27968398889674, -2.21580461517763, -2.14524959729272, -2.06680545992763, -1.97749457769729, -1.87255884410415, -1.74566414708469, -1.58898631282188, -1.39336796020437, -1.14849931011852, -0.842920185990424, -0.464247911245258, 0.000214460508421055, 0, -0.18032447957068, -0.354056962588366, -0.521197466767665, -0.681746011511416, -0.835702617297584, -0.983067304761854, -1.12384009341391, -1.25802099993001, -1.38561003597799, -1.50660720555702, -1.62101250187569, -1.72882590385137, -1.83004737239086, -1.92467684670428, -2.01271424100253, -2.09415944201979, -2.16901230786617, -2.23727266872734, -2.29894032986452, -2.35401507721098, -2.40249668560933, -2.44438492940517, -2.47967959475528, -2.50838049268713, -2.53048747174082, -2.54600042900033, -2.55491931851583, -2.55724415652383, -2.55297502342922, -2.54211206313384, -2.52465548088088, -2.500605541261, -2.46996256837209, -2.43272695038477, -2.38889915105512, -2.33847973123265, -2.28147864549425, -2.21796940811248, -2.14780149505871, -2.06976513528492, -1.98087495320508, -1.87634186584639, -1.74978259872817, -1.59330715503737, -1.39767602569572, -1.15248343063164, -0.84616069967238, -0.466202993752042, 0.000214077214185648, 0, -0.180069199416537, -0.353563271749808, -0.520482234829579, -0.680826108180573, -0.83459491240426, -0.98178866825418, -1.1224073953424, -1.25645111041927, -1.38391982518247, -1.50481354359751, -1.61913225875344, -1.72687594933757, -1.82804457589016, -1.92263807709305, -2.01065636644499, -2.09209932976836, -2.16696682405576, -2.23525867817716, -2.29697469590396, -2.35211466154812, -2.40067834826071, -2.44266552870354, -2.47807598744702, -2.50690953412428, -2.52916601616411, -2.54484532990114, -2.55394742905773, -2.55647233000001, -2.55242011373195, -2.54179092521593, -2.52458497119753, -2.50080251819181, -2.47044389263709, -2.43350948548423, -2.38999976378038, -2.33991529231638, -2.28326602957023, -2.22012548863688, -2.15034316856905, -2.07271294102546, -1.98424177583249, -1.88010989456751, -1.75388512573682, -1.5976118902107, -1.40196875793758, -1.15645411569211, -0.849390923030484, -0.468152260948471, 0.000213659490221174, 0, -0.179814920537591, -0.353071516614211, -0.519769806174318, -0.679909808864021, -0.83349154540779, -0.980515036676547, -1.12098030238431, -1.25488735935525, -1.38223621931676, -1.5030268862008, -1.6172593529774, -1.72493359810471, -1.82604958175797, -1.92060724209287, -2.00860649189891, -2.0900472160903, -2.16492927054666, -2.23325248282758, -2.29501665522062, -2.35022157042289, -2.39886699990071, -2.44095271463881, -2.47647849762749, -2.50544415711101, -2.52784953941119, -2.5436945401161, -2.5529791126214, -2.55570327342208, -2.55186710411852, -2.54147075072915, -2.52451442149561, -2.50099838484931, -2.4709229695593, -2.43428856934517, -2.39109565453147, -2.34134479383407, -2.28504594961215, -2.22227263375853, -2.15287436837285, -2.07564861278902, -1.98759477734607, -1.8838626678814, -1.75797148013101, -1.601900292134, -1.40624595889765, -1.16041120112853, -0.85261073096485, -0.470095631743522, 0.000213239594317016, 0, -0.179561641158271, -0.352581693749227, -0.519060175831549, -0.678997107172236, -0.832392508618259, -0.979246401157442, -1.11955880460535, -1.25332973585964, -1.38055920667733, -1.50124722095696, -1.61539377155002, -1.72299883668646, -1.82406237617794, -1.91858432765615, -2.00656460320422, -2.08800308683188, -2.16289963331026, -2.23125406889385, -2.29306619439232, -2.34833579089447, -2.39706262818859, -2.439246475589, -2.47488711451218, -2.50398435181898, -2.52653803272854, -2.54254805208523, -2.55201436295905, -2.55493698197314, -2.55131599132162, -2.54115153807444, -2.52444383196299, -2.50119314332703, -2.47139980325667, -2.43506420822867, -2.39218683183142, -2.34276824668952, -2.28681841902341, -2.2244108594993, -2.15539511322944, -2.07857217213085, -1.99093398158646, -1.88760021138501, -1.76204168880337, -1.60617238786482, -1.41050765413258, -1.16435470894164, -0.855820139618244, -0.472033113983834, 0.000212820466997943, 0, -0.179309356129096, -0.352093793200253, -0.518353329385911, -0.678087984573465, -0.831297779731887, -0.977982735965426, -1.11814287319077, -1.2517782083788, -1.37888875331601, -1.49947451186766, -1.61353547676719, -1.72107162601726, -1.82208291906744, -1.91656929302756, -2.0045306592772, -2.08596690092531, -2.16087787163898, -2.22926339637285, -2.29112327446469, -2.34645728540139, -2.39526519729996, -2.43754677781093, -2.47330180678322, -2.50253008969972, -2.52523147068115, -2.54140584383096, -2.55105316189463, -2.55417344162267, -2.55076676580031, -2.54083328254451, -2.52437320307016, -2.50138679961739, -2.47187440558769, -2.43583642020359, -2.39327332030378, -2.34418568240533, -2.28858347657021, -2.22654021221365, -2.15790545742633, -2.08148368189234, -1.99425946000432, -1.89132260365659, -1.76609583460101, -1.61042826048263, -1.41475392197158, -1.16828470702067, -0.859019200282729, -0.473964735935806, 0.000212403415970619, 0, -0.179058060283489, -0.351607804979662, -0.51764925237425, -0.677182422474558, -0.83020733637106, -0.976724015283958, -1.11673247923066, -1.25023274525495, -1.37722482517269, -1.49770872281602, -1.61168443080078, -1.71915192690327, -1.82011117021245, -1.91456209731839, -2.00250461889999, -2.08393861716901, -2.15886394469299, -2.22728042513196, -2.28918785635768, -2.34458601626155, -2.39347467129597, -2.43585358745434, -2.4717225430242, -2.50108134211587, -2.52392982775592, -2.54026789330969, -2.55009549119921, -2.55341263830161, -2.55021941799062, -2.54051597942571, -2.52430253529904, -2.5015793597432, -2.47234678846144, -2.4366052234107, -2.39435514466647, -2.34559713262219, -2.29034116116166, -2.2286607384249, -2.16040545544703, -2.0843832051409, -1.99757128431395, -1.89502992358832, -1.77013400075217, -1.61466799353588, -1.41898484132424, -1.17220126397317, -0.862207965136281, -0.475890526953247, 0.000211988420228904, 0, -0.178807748490467, -0.351123719168623, -0.516947930433031, -0.676280402410417, -0.829121156312263, -0.975470213474253, -1.11532759401411, -1.24869331504822, -1.37556738842169, -1.49594981793368, -1.60984059608291, -1.71723970042025, -1.81814708967549, -1.91256269992104, -2.00048644113797, -2.08191819464448, -2.15685781191296, -2.22530511531403, -2.28725990125934, -2.34272194605121, -2.39169101448403, -2.43416687090068, -2.47014929203348, -2.49963808062558, -2.52263307861363, -2.53913417862761, -2.54914133276722, -2.55265455803545, -2.54967393839188, -2.54019962403412, -2.52423182912533, -2.50177082968268, -2.47281696370167, -2.43737063586226, -2.3954323294634, -2.34700262875883, -2.2920915114346, -2.23077248433142, -2.16289516139505, -2.08727080450527, -2.00086952573315, -1.89872224952931, -1.77415626991556, -1.61889167000447, -1.42320049056574, -1.17610444794344, -0.865386486004418, -0.477810516189158, 0.000211575466565916, 0, -0.178558415654119, -0.350641525916102, -0.516249349296886, -0.67538190604213, -0.828039217483836, -0.974221305072698, -1.11392818902634, -1.24715988653348, -1.37391640946835, -1.49419776159723, -1.60800393530222, -1.71533490790967, -1.81619063779166, -1.91057106050502, -1.99847608533581, -2.07990559271227, -2.15485943301605, -2.22333742733356, -2.28533937062216, -2.34086503760143, -2.38991419141442, -2.43248659475999, -2.46858202282139, -2.49820027697996, -2.52134119808665, -2.53800467803885, -2.54819066861497, -2.55189918694314, -2.54913031756623, -2.53988421171549, -2.52416108501897, -2.50196121537053, -2.47328494304842, -2.43813267544439, -2.3965048990675, -2.34840220201583, -2.2938345657582, -2.23287549581204, -2.16537462900007, -2.09014654218256, -2.00415425499121, -1.90239965929434, -1.77816272418977, -1.62309937230958, -1.42740094754672, -1.17999432662234, -0.868554814369542, -0.479724732604396, 0.000211164541771613, 0, -0.178310056713315, -0.350161215438294, -0.515553494797791, -0.674486915155918, -0.826961497964705, -0.972977264789394, -1.11253423594711, -1.24563242869858, -1.37227185494707, -1.49245251842613, -1.60617441140168, -1.71343751097648, -1.81424177516633, -1.90858713901459, -1.99647351111507, -2.07790077100966, -2.15286876799365, -2.22137732187438, -2.28342622616076, -2.33901525399595, -2.38814416687821, -2.43081272586892, -2.46702070460838, -2.49676790312144, -2.52005416117751, -2.53687936994417, -2.54724348087962, -2.55114651123638, -2.54858854613801, -2.53956973784501, -2.52409030344416, -2.50215052269826, -2.47375073815879, -2.43889135991813, -2.39757287768216, -2.34979588337742, -2.29557036223615, -2.23496981842864, -2.16784391162108, -2.09301047994186, -2.00742554233296, -1.90606223016835, -1.78215344511786, -1.62729118231821, -1.43158628959761, -1.1838709672509, -0.871713001373636, -0.481633204969117, 0.000210755632759074, 0, -0.178062667359055, -0.349682779404532, -0.514860354870748, -0.673595414239785, -0.825887979083216, -0.971738071080365, -1.11114571064745, -1.24411091511694, -1.37063369642099, -1.49071405826056, -1.60435199278588, -1.71154747687699, -1.81230046819489, -1.9066109012715, -1.99447868401121, -2.07590369507309, -2.15088578267046, -2.2194247653367, -2.28152043513809, -2.33717256364765, -2.38638091072539, -2.42914523580171, -2.46546531098003, -2.49534093493403, -2.51877194635576, -2.53575823568571, -2.54629975406291, -2.55039651886359, -2.54804861578938, -2.53925619812569, -2.52401948441189, -2.50233875627193, -2.47421435852115, -2.43964670394137, -2.3986362854221, -2.35118369870254, -2.29729893275902, -2.237055490391, -2.17030305407478, -2.09586266976735, -2.01068344720738, -1.90971002814225, -1.78612850297483, -1.63146717118647, -1.43575658443171, -1.18773442908733, -0.874861092352969, -0.48353595896896, 0.000210348544911587, 0, -0.17781624681109, -0.349206216303238, -0.51416992732177, -0.672707400466258, -0.824818657427332, -0.970503719997933, -1.10976260869297, -1.24259534091637, -1.36900192862905, -1.48898237549951, -1.60253667356277, -1.70966479947706, -1.81036671054999, -1.90464234080415, -1.99249159745726, -2.07391435828916, -2.14891047043555, -2.21747975116098, -2.27962199109488, -2.33533696024642, -2.38462441684392, -2.42748411869325, -2.46391583636705, -2.49391936719311, -2.5174945487903, -2.53464127087475, -2.54535948426741, -2.54964920646743, -2.547510523752, -2.538943590427, -2.52394862647832, -2.50252591538327, -2.47467580421168, -2.44039870842361, -2.39969512407906, -2.35256565071407, -2.29902028102979, -2.23913251643113, -2.17275206217115, -2.09870311868398, -2.01392797880468, -1.91334306568056, -1.79008791359295, -1.63562735732979, -1.43991185156031, -1.19158473072958, -0.877999102642193, -0.485433004131715, 0.000209942180235179, 0, -0.177568396060841, -0.34872688970306, -0.513475499883631, -0.671814247320289, -0.823743153823399, -0.969262241300164, -1.10837153036475, -1.2410710384929, -1.36736077767448, -1.48724075154532, -1.60071095202453, -1.70777135554723, -1.80842191906562, -1.90266257609002, -1.99049323314757, -2.07191376713386, -2.1469240241009, -2.21552382003726, -2.27771294412747, -2.33349116480822, -2.38285823866709, -2.42581392187665, -2.46235798347051, -2.49249021942352, -2.51621046627595, -2.53351861301619, -2.54441461014614, -2.54889847528941, -2.54697029530286, -2.53863022551953, -2.52387848738089, -2.50271536622902, -2.47514121140193, -2.44115644105417, -2.40076155443534, -2.35395715490126, -2.30075323890617, -2.24122330649667, -2.17521708574746, -2.10156187859626, -2.01719325288577, -1.91699852775071, -1.79406982023773, -1.63980871792416, -1.44408577711495, -1.19545014202235, -0.88114776048667, -0.487335401668184, 0.000210268767675381, 0, -0.177321505634829, -0.348249419666882, -0.512783761164329, -0.670924550962592, -0.82267181099129, -0.968025563271428, -1.10698582851602, -1.23955262427236, -1.36572596255913, -1.48550584697962, -1.59889226933749, -1.70588520584569, -1.80648461310238, -1.90069042410768, -1.98850254470092, -2.069920850897, -2.1449451876685, -2.21357536973315, -2.27581118483633, -2.33165239984842, -2.38109876972284, -2.42415004900522, -2.46080600519622, -2.49106643292299, -2.51493116765135, -2.53240009764467, -2.54347317308686, -2.54815041172528, -2.54643190099391, -2.53831779724862, -2.5238083233804, -2.50290376658843, -2.47560447846956, -2.4419108798618, -2.40182347319128, -2.35534286561795, -2.30247905733001, -2.24330554699232, -2.17767208546814, -2.10440902379349, -2.02044529683185, -1.92063939844449, -1.79803629116538, -1.64397454468114, -1.44824501470383, -1.19930281613882, -0.884286855669256, -0.489232714767374, 0.000209854038746793, 0, -0.177075590145728, -0.347773834407276, -0.512094751963551, -0.670038363767179, -0.821604691866543, -0.966793758395985, -1.10560558416696, -1.23804018679803, -1.36409757833656, -1.48377776235343, -1.59708073053737, -1.70400645887999, -1.80455490362694, -1.89872599727016, -1.98651964496402, -2.06793572184626, -2.14297407181449, -2.21163450832069, -2.27391681767693, -2.32982076519365, -2.37934610419663, -2.42249258761112, -2.4592599814109, -2.48964807888079, -2.51365671441633, -2.53128577555863, -2.54253521217465, -2.54740504213479, -2.54589535344756, -2.53800630348722, -2.52373811658815, -2.50309108179881, -2.47606555296544, -2.44266195359826, -2.40288078928667, -2.35672267097886, -2.3041976025776, -2.24537908134213, -2.18011688089073, -2.10724434797171, -2.02368387473586, -1.92426540698529, -1.80198701409773, -1.64812447605316, -1.45238914482432, -1.2031422662418, -0.88741582416625, -0.491124292066836, 0.000209447037225419, 0, -0.176830643218106, -0.347300121603312, -0.511408454444812, -0.669155662811954, -0.8205417688714, -0.965566794870363, -1.10423076171834, -1.23653368710487, -1.36247558310588, -1.48205645325999, -1.59527628914143, -1.70213506652143, -1.8026327412945, -1.89676924544656, -1.9845444834497, -2.06595832956815, -2.14101062662885, -2.20970118682319, -2.27202979503572, -2.32799621502318, -2.37760019849028, -2.42084149674836, -2.45771987425041, -2.48823512294419, -2.51238707615916, -2.53017562071685, -2.54160070616838, -2.54666235050643, -2.54536064231145, -2.53769573997176, -2.52366786925898, -2.50327732106309, -2.47652445147033, -2.44340968665199, -2.40393353534755, -2.35809661227765, -2.30590892504034, -2.24744396946554, -2.18255154189325, -2.11006793116377, -2.02690907601374, -1.92787664998518, -1.80592208938412, -1.65225861161286, -1.4565182609099, -1.20696857362888, -0.890534728724311, -0.493010171106697, 0.000209042187439445, 0, -0.17658665987226, -0.34682827162857, -0.510724854667956, -0.668276430176015, -0.819483020437202, -0.964344647811141, -1.10286133330497, -1.23503309467891, -1.36085994403734, -1.48034188488676, -1.59347890868736, -1.70027099099088, -1.80071808734215, -1.89482012922307, -1.9825770204263, -2.06398863434604, -2.13905481274293, -2.20777536655286, -2.27015007923858, -2.32617871300945, -2.37586101795557, -2.41919674378082, -2.45618565342346, -2.48682753749945, -2.51112222827628, -2.52906961185867, -2.54066963748293, -2.54592232326329, -2.5448277583496, -2.53738610213984, -2.52359758183683, -2.50346249016434, -2.47698118543924, -2.44415409648283, -2.40498173517153, -2.3594647199827, -2.30761306219054, -2.24950025617204, -2.18497612095578, -2.11287983413373, -2.03012096981087, -1.93147320356654, -1.80984159736543, -1.65637703203671, -1.46063243918441, -1.21078180460503, -0.893643619814565, -0.494890380349737, 0.0002086393211988, 0, -0.176343635165774, -0.346358274928676, -0.510043938797121, -0.667400648072475, -0.818428425156504, -0.963127292520788, -1.10149727126971, -1.23353837923387, -1.35925062854601, -1.47863402268061, -1.59168855298431, -1.69841419479025, -1.798810903295, -1.89287860947849, -1.9806172164567, -2.06202659675733, -2.13710659107903, -2.20585700910726, -2.26827763288874, -2.32436822309159, -2.37412852819784, -2.4175582963103, -2.45465728885849, -2.48542529513184, -2.50986214633999, -2.52796772787355, -2.53974198865505, -2.54518494691958, -2.54429669238382, -2.53707738545108, -2.52352725474934, -2.50364659482846, -2.47743576622665, -2.44489520040417, -2.40602541236135, -2.36082702431664, -2.3093100512013, -2.25154798591595, -2.18739067014473, -2.11568011716999, -2.03331962473559, -1.93505514326334, -1.81374561776106, -1.66047981737149, -1.46473175526399, -1.21458202492359, -0.896742547449251, -0.496764947931204, 0.000208238426489316, 0, -0.176101564189541, -0.345890122013651, -0.509365693089682, -0.666528298834298, -0.817377961766101, -0.961914704468166, -1.10013854814172, -1.23204951068747, -1.3576476042664, -1.4769328323211, -1.58990518608512, -1.69656464067389, -1.79691115093713, -1.89094464735486, -1.9786650323691, -2.06007217764458, -2.13516592282223, -2.20394607634213, -2.26641241884066, -2.32256470945094, -2.3724026950533, -2.4159261221559, -2.45313475068549, -2.48402836861019, -2.50860680608589, -2.52686994779176, -2.53881774233764, -2.54445020807872, -2.54376743529598, -2.53676958539376, -2.52345688841918, -2.50382964074055, -2.47788820510815, -2.44563301561023, -2.40706459035805, -2.36218355529561, -2.31099992899223, -2.25358720284882, -2.18979524117229, -2.11846884015176, -2.03650510893256, -1.93862254410181, -1.81763422975755, -1.66456704713212, -1.46881628426524, -1.21836929990587, -0.899831561313733, -0.498633901803503, 0.000207839490694417, 0, -0.175860441979351, -0.345423803286815, -0.508690103648236, -0.665659364595107, -0.816331608762387, -0.960706858844192, -1.09878513613821, -1.23056645861496, -1.35605083846354, -1.4752382790948, -1.58812877162965, -1.69472229096671, -1.79501879161025, -1.88901820354239, -1.97672042853395, -2.05812533739016, -2.13323276869851, -2.20204252965872, -2.2645543995025, -2.32076813583409, -2.37068348393856, -2.41430018873577, -2.45161800865565, -2.48263673035018, -2.50735618292559, -2.5257762503523, -2.53789688092848, -2.5437180931287, -2.54323997779575, -2.53646269733069, -2.52338648319378, -2.50401163356418, -2.47833851339506, -2.44636755939172, -2.40809929276344, -2.36353434316427, -2.31268273278275, -2.25561795149688, -2.19218988620363, -2.12124606349177, -2.03967749116681, -1.94217548183134, -1.82150751339214, -1.66863880184323, -1.47288610251044, -1.22214369615611, -0.902910712187013, -0.500497270555325, 0.000207442589903906, 0, -0.175620265418783, -0.344959312725245, -0.508017161753282, -0.664793834148744, -0.815289352662476, -0.959503740099182, -1.09743701785261, -1.22908920396281, -1.35446031064689, -1.4735503412841, -1.58635928688314, -1.69288712212672, -1.79313380117506, -1.8870992535144, -1.97478338024708, -2.05618605132229, -2.13130710427838, -2.20014634507967, -2.26270355155885, -2.31897847979747, -2.36897087349168, -2.41268047597936, -2.45010704419958, -2.48125036349332, -2.50611026192126, -2.5246866227477, -2.53697939396019, -2.54298859415198, -2.54271431472514, -2.53615671907317, -2.52331604006351, -2.50419257767862, -2.47878669906534, -2.44709884353516, -2.4091295353825, -2.36487940795604, -2.31435848704473, -2.25764026098053, -2.19457463921791, -2.12401182617095, -2.04283681506809, -1.94571400357525, -1.82536551744845, -1.67269512960446, -1.47694125471303, -1.22590525207038, -0.905980029102103, -0.502355070772585, 0.000207046674469136, 0, -0.175381029767341, -0.344496641164937, -0.507346854134294, -0.663931690435156, -0.814251172933777, -0.958305324545, -1.09609416675824, -1.22761771768281, -1.3528759895637, -1.47186898574867, -1.58459669713472, -1.69105909818948, -1.79125614273053, -1.88518775975026, -1.9728538496852, -2.05425428163201, -2.12938889208408, -2.19825748577534, -2.2608598391451, -2.31719570675827, -2.36726483072849, -2.41106695281792, -2.44860182848067, -2.47986924175191, -2.50486901965076, -2.52360104473808, -2.53606526469185, -2.54226169822327, -2.54219043729117, -2.53585164627728, -2.52324555945028, -2.50437247858835, -2.47923277302289, -2.44782688466076, -2.41015534086871, -2.36621877867471, -2.31602722744938, -2.25965417395564, -2.19694955017307, -2.12676618603108, -2.04598314644655, -1.94923818175923, -1.82920831831864, -1.67673610704921, -1.48098181315587, -1.2296540303433, -0.909039559500413, -0.504207328728097, 0.000206652667581464, 0, -0.175142730232116, -0.344035779340515, -0.506679167373873, -0.663072916205364, -0.813217048816181, -0.95711158823086, -1.0947565560341, -1.22615197040418, -1.35129784361386, -1.47019417897956, -1.58284096728701, -1.68923818278964, -1.7893857789638, -1.88328368431001, -1.9709317986017, -2.05232999008641, -2.1274780942168, -2.19637591450138, -2.25902322599165, -2.31541978174198, -2.36556532228979, -2.40945958782781, -2.44710233233106, -2.478493338534, -2.50363243241823, -2.52251949584382, -2.53515447618017, -2.54153739225578, -2.54166833658373, -2.53554747452973, -2.5231750417578, -2.50455134183435, -2.47967674626625, -2.44855169954496, -2.4111767320968, -2.36755248461379, -2.3176889900296, -2.2616597335152, -2.19931466954301, -2.12950920152243, -2.04911655183076, -1.95274808964276, -1.83303599333712, -1.68076181184288, -1.48500785121431, -1.23339009478431, -0.912089351916475, -0.506054071720423, 0.000206260575692951, 0, -0.17490536205161, -0.343576718047318, -0.506014088142535, -0.662217494323402, -0.812186959685586, -0.955922507362866, -1.09342415903483, -1.22469193294846, -1.34972584140419, -1.46852588768719, -1.58109206247238, -1.68742433979989, -1.78752267280618, -1.8813869895019, -1.96901718900007, -2.05041313870255, -2.12557467302545, -2.19450159425678, -2.25719367606579, -2.31365067000237, -2.36387231503399, -2.40785834979022, -2.44560852677279, -2.47712262742056, -2.50240047668163, -2.52144195571788, -2.53424701159121, -2.54081566324663, -2.54114800374907, -2.53524419944397, -2.52310448738483, -2.50472917291883, -2.48011862971927, -2.44927330485147, -2.41219373178868, -2.36888055487173, -2.31934381057885, -2.26365698246628, -2.20167004746722, -2.13224093070882, -2.05223709731138, -1.95624380000593, -1.83684861933577, -1.68477232115045, -1.48901944179575, -1.23711350880129, -0.915129454585882, -0.507895326889137, 0.000205870386632112, 0, -0.174668920496157, -0.34311944814222, -0.505351603199898, -0.661365407767841, -0.811160885055723, -0.954738058306127, -1.09209694929315, -1.22323757633218, -1.34815995175122, -1.46686407880432, -1.57934994805606, -1.68561753333409, -1.7856667874364, -1.87949763788575, -1.96710998313737, -2.04850368975088, -2.12367859111001, -2.19263448828716, -2.2553711535749, -2.31188833702462, -2.36218577604012, -2.40626320769397, -2.44412038302047, -2.47575708216793, -2.50117312905494, -2.52036840414782, -2.53334285420193, -2.54009649827817, -2.5406294299908, -2.53494181666082, -2.52303389672538, -2.50490597730498, -2.48055843423036, -2.44999171713005, -2.4132063625116, -2.37020301834957, -2.32099172464827, -2.2656459633266, -2.20401573374657, -2.13496143126296, -2.05534484853576, -1.95972538514322, -1.84064627263683, -1.68876771162799, -1.49301665732944, -1.24082433538849, -0.918159915431033, -0.509731121198301, 0.00020548208830995, 0, -0.174433400867663, -0.342663960543119, -0.504691699393945, -0.660516639630843, -0.810138804577031, -0.953558217583451, -1.09077490051833, -1.22178887176519, -1.34660014367947, -1.46520871948426, -1.57761458963422, -1.68381772774541, -1.78381808627868, -1.87761559227087, -1.96521014352213, -2.04660160575318, -2.12178981131953, -2.19077456008285, -2.25355562296453, -2.31013274852348, -2.36050567260601, -2.40467413073389, -2.44263787247976, -2.47439667670643, -2.49995036630694, -2.51929882105463, -2.5324419873994, -2.53937988451728, -2.54011260656944, -2.53464032184828, -2.52296327016875, -2.50508176041731, -2.48099617057318, -2.45070695281751, -2.41421464667957, -2.37151990375263, -2.32263276754875, -2.26762671832694, -2.20635177784624, -2.13767076046965, -2.0584398707116, -1.96319291686752, -1.84442902905697, -1.69274805942679, -1.49699956977036, -1.24452263712981, -0.92118078206362, -0.511561481437839, 0.000205095668761701, 0, -0.174198798499345, -0.342210246228441, -0.504034363660304, -0.65967117311723, -0.809120698035525, -0.952382961874049, -1.08945798659477, -1.22034579064909, -1.34504638641975, -1.46355977709902, -1.57588595303208, -1.68202488762425, -1.78197653300062, -1.87574081571407, -1.96331763291228, -2.04470684948046, -2.11990829675004, -2.18892177337681, -2.25174704891645, -2.30838387044133, -2.35883197224651, -2.40309108830907, -2.44116096674574, -2.47304138513886, -2.49873216535987, -2.51823318649172, -2.53154439467983, -2.5386658092147, -2.53959752480196, -2.53433971070126, -2.52289260809958, -2.50525652764198, -2.48143184944725, -2.4514190282386, -2.41521860655456, -2.37283123959212, -2.32426697435286, -2.2695992894135, -2.20867822889844, -2.14036897522901, -2.06152222861059, -1.9666464665141, -1.84819696391151, -1.69671344019743, -1.50096825060307, -1.24820847620213, -0.924192101787151, -0.513386434224967, 0.000204711116090994, 0, -0.173965108755475, -0.341758296236641, -0.503379583021524, -0.658828991543564, -0.808106545351693, -0.951212268012255, -1.08814618158059, -1.21890830457567, -1.34349864940748, -1.46191721923755, -1.57416400430205, -1.68023897779639, -1.78014209151128, -1.87387327151757, -1.96143241431312, -2.04281938395096, -2.11803401074256, -2.18707609214265, -2.24994539634669, -2.30664166894639, -2.35716464269174, -2.40151405002124, -2.43968963760144, -2.47169118173919, -2.49751850328826, -2.51717148064379, -2.53065005964775, -2.53795425970437, -2.53908417606135, -2.53403997894146, -2.52282191089794, -2.50543028432714, -2.48186548147859, -2.45212795960703, -2.41621826424782, -2.3741370541868, -2.32589437989692, -2.27156371825028, -2.21099513570521, -2.14305613205968, -2.06459198657201, -1.97008610494451, -1.85195015201846, -1.7006639290939, -1.5049227708455, -1.25188191437862, -0.927193921599401, -0.515206006005551, 0.000204328418499156, 0, -0.173732327031125, -0.341308101665709, -0.502727344586363, -0.657990078337222, -0.807096326579386, -0.95004611298625, -1.08683945970614, -1.21747638532534, -1.34195690228096, -1.46028101370393, -1.57244870972183, -1.67845996332103, -1.77831472595917, -1.87201292322705, -1.95955445097528, -2.04093917242811, -2.1161669168811, -2.18523748059273, -2.24815063040364, -2.30490611043084, -2.35550365188532, -2.3999429856731, -2.43822385701625, -2.47034604095111, -2.49630935731766, -2.51611368382583, -2.52975896601507, -2.53724522340275, -2.53857255177616, -2.53374112231711, -2.52275117893937, -2.50560303578329, -2.48229707722034, -2.45283376302633, -2.41721364172111, -2.37543737566454, -2.32751501878288, -2.27352004622144, -2.21330254674115, -2.14573228710197, -2.06764920850628, -1.97351190255043, -1.85568866770258, -1.70459960077759, -1.50886320105269, -1.25554301303189, -0.930186288194846, -0.517020223055462, 0.000203947564293094, 0, -0.173500448751914, -0.340859653672685, -0.502077635549085, -0.657154417035494, -0.806090021904731, -0.948884473936804, -1.08553779537265, -1.21605000486561, -1.34042111487978, -1.45865112851564, -1.57074003579259, -1.67668780948883, -1.77649440073029, -1.8701597346296, -1.95768370639276, -2.03906617841852, -2.11430697899063, -2.1834059031761, -2.24636271646616, -2.30317716150895, -2.35384896798259, -2.39837786526667, -2.43676359714443, -2.46900593738664, -2.49510470482341, -2.51505977648196, -2.52887109760028, -2.53653868780813, -2.53806264343005, -2.53344313660276, -2.52268041259488, -2.50577478728355, -2.48272664715334, -2.4535364544908, -2.41820476078793, -2.37673223196391, -2.3291289253803, -2.2754683144336, -2.2156005101561, -2.14839749612093, -2.07069395789849, -1.97692392925757, -1.85941258479939, -1.70852052942125, -1.51278961132056, -1.25919183313729, -0.933169247967106, -0.518829111481956, 0.00020356854184389, 0, -0.173269469373759, -0.340412943473172, -0.501430443188753, -0.65632199128468, -0.805087611645039, -0.947727328156023, -1.08424116315081, -1.21462913534951, -1.33889125724312, -1.45702753190177, -1.56903794923715, -1.67492248182011, -1.77468108044617, -1.86831366975176, -1.95582014430085, -2.03720036566999, -2.11245416113516, -2.18158132457666, -2.24458162014169, -2.30145478901534, -2.35220055934895, -2.39681865900168, -2.43530883032359, -2.4676708458248, -2.49390452332941, -2.51400973918448, -2.52798643832753, -2.53583464050003, -2.53755444256137, -2.53314601759912, -2.52260961223111, -2.50594554406401, -2.48315420168682, -2.45423604988645, -2.41919164311483, -2.37802165083578, -2.3307361338283, -2.2774085637181, -2.21788907377786, -2.15105181450953, -2.07372629781186, -1.98032225452941, -1.86312197665913, -1.71242678871297, -1.51670207128953, -1.262828435276, -0.936142847011307, -0.520632697224975, 0.000203191339641973, 0, -0.173039384382627, -0.339967962340864, -0.500785754868545, -0.655492784839206, -0.804089076247748, -0.946574653086122, -1.08294953777938, -1.21321374911412, -1.33736729960815, -1.45541019230135, -1.56734241699816, -1.67316394606288, -1.77287472996199, -1.86647469285762, -1.95396372867425, -2.03534169816957, -2.11060842761578, -2.17976370971121, -2.24280730726437, -2.29973896000315, -2.3505583945581, -2.39526533727395, -2.43385952907321, -2.46634074121023, -2.49270879050696, -2.51296355263282, -2.52710497222582, -2.53513306913851, -2.53704794076271, -2.53284976113285, -2.52253877821027, -2.50611531132405, -2.48357975115892, -2.45493256499184, -2.42017431022252, -2.37930565984482, -2.33233667803741, -2.27934083463335, -2.2201682851148, -2.15369529729163, -2.07674629089122, -1.983706947371, -1.86681691615071, -1.71631845186007, -1.52060065014824, -1.26645287963823, -0.939107131126479, -0.522431006058501, 0.000202815946250379, 0, -0.172810189294289, -0.339524701607064, -0.500143558035063, -0.654666781560735, -0.803094396289352, -0.945426426318196, -1.08166289416381, -1.21180381867905, -1.33584921240838, -1.4537990783616, -1.56565340623629, -1.67141216819107, -1.77107531436467, -1.86464276844682, -1.9521144237251, -2.03349014014157, -2.1087697429687, -2.17795302372755, -2.24103974389325, -2.29802964174226, -2.34892244239036, -2.39371787067383, -2.43241566609317, -2.46501559865186, -2.49151748417352, -2.51192119765244, -2.52622668342813, -2.5344339614635, -2.53654312968049, -2.53255436305632, -2.52246791089026, -2.50628409422665, -2.48400330583731, -2.45562601547903, -2.42115278348716, -2.3805842863711, -2.33393059169147, -2.28126516746697, -2.22243819135854, -2.15632799912507, -2.07975399936642, -1.98707807633267, -1.87049747566556, -1.72019559159295, -1.5244854166371, -1.27006522602633, -0.942062145817897, -0.524224063591853, 0.000202442350327514, 0, -0.172581879654081, -0.339083152660224, -0.499503840217654, -0.653843965417299, -0.802103552474354, -0.944282625591009, -1.08038120737494, -1.21039931674497, -1.33433696627214, -1.45219415893626, -1.56397088432851, -1.66966711440263, -1.76928279897095, -1.86281786125267, -1.95027219390101, -2.03164565604568, -2.10693807196338, -2.17614923200261, -2.23927889631041, -2.29632680171754, -2.34729267183102, -2.39217622998456, -2.43097721426227, -2.46369539342157, -2.49033058229156, -2.51088265519392, -2.5253515561706, -2.53373730529424, -2.53604000101453, -2.53225981924748, -2.52239701062471, -2.50645189789871, -2.48442487591981, -2.45631641691444, -2.42212708414152, -2.38185755761156, -2.33551790824953, -2.28318160223814, -2.22469883938649, -2.15894997430464, -2.08274948505571, -1.99043570951375, -1.87416372712153, -1.72405828016895, -1.52835643905193, -1.27366553385785, -0.945007936299402, -0.526011895270991, 0.000202070540625376, 0, -0.172354451036659, -0.338643306945473, -0.498866589027743, -0.653024320482436, -0.801116525634229, -0.943143228789798, -1.07910445264758, -1.20900021619211, -1.33283053202089, -1.45059540308389, -1.56229481886628, -1.66792875111777, -1.76749714932556, -1.86099993624024, -1.94843700388319, -2.02980821057502, -2.10511337960064, -2.1743523001406, -2.23752473101918, -2.29463040762712, -2.34566905206864, -2.3906403861808, -2.42954414663681, -2.46238010095289, -2.48914806296739, -2.50984790633186, -2.5244795747917, -2.53304308852858, -2.53553854651762, -2.53196612560963, -2.522326077763, -2.50661872743135, -2.48484447153496, -2.45700378475972, -2.42309723327619, -2.38312550058156, -2.33709866094766, -2.2850901786997, -2.22695027576451, -2.16156127676506, -2.08573280936914, -1.99377991456618, -1.87781574196672, -1.72790658937614, -1.53221378524748, -1.27725386216864, -0.947944547495731, -0.527794526379818, 0.000201700505968017, 0, -0.172127899045764, -0.338205155964162, -0.49823179215816, -0.652207830934329, -0.800133296726388, -0.942008213945079, -1.07783260537924, -1.20760649007885, -1.33132988066777, -1.44900278006623, -1.56062517765384, -1.66619704497708, -1.76571833119936, -1.85918895860449, -1.94660881858457, -2.02797776865429, -2.10329563111074, -2.17256219397119, -2.23577721474233, -2.29294042738066, -2.34405155249345, -2.38911031042701, -2.42811643644915, -2.46106969683967, -2.48796990444997, -2.50881693226395, -2.5236107237314, -2.53235129914238, -2.53503875799509, -2.53167327807119, -2.52225511265035, -2.50678458788023, -2.48526210274256, -2.45768813437266, -2.42406325184071, -2.38438814211636, -2.3386728828008, -2.28699093634039, -2.22919254674938, -2.16416196008394, -2.08870403331179, -1.99711075869818, -1.8814535911832, -1.73174059053706, -1.53605752264094, -1.28083026961584, -0.950872024044774, -0.529571982041439, 0.000201332235269969, 0, -0.171902219313986, -0.337768691273407, -0.497599437382485, -0.651394481054962, -0.799153846833163, -0.940877559231476, -1.07656564112878, -1.20621811164022, -1.32983498341594, -1.44741625934653, -1.55896192870648, -1.66447196283984, -1.76394631058752, -1.85738489376842, -1.94478760314786, -2.02615429543786, -2.10148479195158, -2.17077887954762, -2.23403631442034, -2.2912568290976, -2.34244014269567, -2.38758597407593, -2.42669405710626, -2.45976415683481, -2.48679608512982, -2.50778971430994, -2.52274498753037, -2.53166192518887, -2.53454062730443, -2.53138127258561, -2.52218411562782, -2.50694948426582, -2.48567777953431, -2.45836948100797, -2.42502516064477, -2.38564550887256, -2.34024060660457, -2.288883914387, -2.23142569829137, -2.16675207748465, -2.09166321748716, -2.00042830867778, -1.88507734529078, -1.73556035451244, -1.53988771821544, -1.28439481448085, -0.953790410299835, -0.531344287219414, 0.000200965717552015, 0, -0.171677407502529, -0.337333904485636, -0.496969512554391, -0.650584255229278, -0.79817815716079, -0.939751242966548, -1.0753035356151, -1.20483505428653, -1.32834581165711, -1.44583581058796, -1.55730504024883, -1.66275347178218, -1.76218105370767, -1.8555877073812, -1.94297332294378, -2.02433775630794, -2.09968082780682, -2.16900232314497, -2.23230199720959, -2.28957958110555, -2.34083479246397, -2.3860673486671, -2.42527698218836, -2.45846345684901, -2.48562658353781, -2.5067662339107, -2.52188235082917, -2.53097495479808, -2.53404414635487, -2.53109010513108, -2.52211308703241, -2.50711342157375, -2.48609151183432, -2.45904783981822, -2.42598298035936, -2.38689762732963, -2.34180186493706, -2.29076915180651, -2.23364977603673, -2.16933168183926, -2.09461042210034, -2.00373263083644, -1.88868707435078, -1.73936595170491, -1.54370443852346, -1.28794755467242, -0.956699750331908, -0.533111466719052, 0.000200600941886897, 0, -0.171453459300983, -0.336900787268145, -0.496342005607003, -0.649777137944352, -0.797206209038419, -0.938629243609644, -1.0740462647159, -1.20345729160191, -1.32686233697002, -1.44426140365196, -1.55565448071318, -1.66104153909534, -1.76042252699818, -1.85379736531637, -1.94116594356915, -2.02252811687271, -2.0978837045841, -2.16723249125835, -2.23057423048067, -2.28790865193855, -2.3392354717838, -2.38455440592533, -2.42386518544751, -2.45716757294944, -2.48446137834414, -2.50574647262723, -2.52102279836749, -2.5302903761762, -2.53354930710696, -2.53079977171041, -2.52204202719708, -2.50727640475505, -2.48650330949973, -2.45972322585463, -2.42693673151789, -2.38814452379134, -2.34335669016061, -2.29264668730819, -2.23586482533021, -2.17190082567135, -2.09754570696131, -2.00702379107251, -1.89228284796962, -1.74315745206266, -1.54750774969032, -1.29148854772944, -0.959600087931858, -0.534873545188608, 0.000200237897456046, 0, -0.171230370427091, -0.336469331342656, -0.495716904552251, -0.64897311378856, -0.796237983917113, -0.937511539760755, -1.07279380446632, -1.20208479734294, -1.3253845311189, -1.44269300859665, -1.5540102187378, -1.65933613228399, -1.75867069711629, -1.85201383367003, -1.9393654308451, -2.02072534296456, -2.0960933884132, -2.16546935060109, -2.2288529818166, -2.28624401033544, -2.33764215083586, -2.38304711775922, -2.42245864080623, -2.45587648135853, -2.4833004483571, -2.50473041213968, -2.52016631498327, -2.52960817760494, -2.53305610157218, -2.53051026835082, -2.52197093645079, -2.50743843872651, -2.48691318232119, -2.4603956540679, -2.4278864345173, -2.38938622438715, -2.34490511442359, -2.29451655934575, -2.23807089121742, -2.17445956115886, -2.1004691314881, -2.01030185485474, -1.89586473530249, -1.74693492508299, -1.55129771741747, -1.29501785082396, -0.962491466612643, -0.536630547120537, 0.000199876573509061, 0, -0.171008136626526, -0.336039528484872, -0.495094197480238, -0.648172167450769, -0.795273463368869, -0.93639811015938, -1.07154613105774, -1.20071754543722, -1.32391236605197, -1.44113059567528, -1.55237222316528, -1.65763721906445, -1.75692553093643, -1.85023707875904, -1.93757175081528, -2.01892940063823, -2.09430984564427, -2.16371286810305, -2.2271382190112, -2.28458562523818, -2.33605479999451, -2.38154545625968, -2.42105732235613, -2.45459015845271, -2.48214377252206, -2.50371803424643, -2.51931288561203, -2.52892834744102, -2.53256452181254, -2.53022159110373, -2.52189981511856, -2.50759952837089, -2.48732114002348, -2.46106513930909, -2.42883210961924, -2.39062275507369, -2.34644716966209, -2.29637880611938, -2.24026801844738, -2.17700794013692, -2.10338075470992, -2.01356688722572, -1.89943280505697, -1.75069843981598, -1.55507440698589, -1.29853552076405, -0.96537392961147, -0.53838249685269, 0.000199516959397239, 0, -0.170784018477638, -0.335606080978576, -0.494466209508504, -0.647364428011938, -0.794300761569069, -0.935275235207613, -1.07028787225237, -1.19933869214132, -1.32242770765467, -1.43955492153632, -1.55072032254007, -1.65592388100748, -1.75516554418209, -1.84844523158028, -1.9357628308629, -2.01711819476625, -2.09251113973001, -2.16194144687363, -2.22540886589093, -2.28291312223302, -2.3344539276301, -2.38003099358722, -2.41964404703667, -2.45329284692406, -2.4809772002453, -2.50269697602146, -2.51845211594534, -2.52824264094504, -2.5320686536156, -2.52993033725321, -2.52182795296683, -2.50776183694393, -2.48773240038397, -2.4617401349399, -2.42978562686832, -2.39186958371999, -2.34800210276366, -2.29825663479557, -2.24248355581229, -2.17957763473723, -2.10631675354575, -2.01685975028692, -1.90303278408681, -1.75449651153483, -1.55888488943286, -1.30208292070583, -0.968278868756739, -0.540146551393052, 0.000200501944426446, 0, -0.17056071621677, -0.335174210815065, -0.493840505900689, -0.646559625524117, -0.79333159487292, -0.934156439077296, -1.06903418155107, -1.19796484179668, -1.32094843262029, -1.43798495673653, -1.54907440279526, -1.65421674093788, -1.75341191808906, -1.84665985330546, -1.93396043362814, -2.01531351099964, -2.09071890088662, -2.16017638326264, -2.2236857065236, -2.28124659470761, -2.33285875807003, -2.37852190664696, -2.41823576598569, -2.45200009381305, -2.47981469615176, -2.50167944136404, -2.51759427085017, -2.52755920564362, -2.53157434885313, -2.52963988469027, -2.52175607556388, -2.50792325932845, -2.48814184921225, -2.46241233927902, -2.43073531863933, -2.3931114982616, -2.34955097867749, -2.30012720872465, -2.24469058636608, -2.18213746964023, -2.10924151659661, -2.02014021829591, -1.90661965340876, -1.75828141106669, -1.56268297073822, -1.30561966748988, -0.971175986800883, -0.541906774290535, 0.000200130689390399, 0, -0.170338270790942, -0.334743997125872, -0.4932172012103, -0.64575790720024, -0.792366140390212, -0.933041926012483, -1.06778528756955, -1.19659624462804, -1.31947481001999, -1.43642098643088, -1.547434762407, -1.65251610789046, -1.75166496948827, -1.84488126579924, -1.9321648832471, -2.01351567298377, -2.08893344950675, -2.15841799164827, -2.22196904651141, -2.27958633672684, -2.33126957108087, -2.37701845814641, -2.4168327220911, -2.45071211942771, -2.47865645520945, -2.5006655971421, -2.51673948633439, -2.52687814392447, -2.53108167353257, -2.52935026028172, -2.52168416787524, -2.50808373582778, -2.48854937938813, -2.46308159502092, -2.43168097467901, -2.39434823273456, -2.35109347296507, -2.30199014222871, -2.24688866042527, -2.18468692864325, -2.11215445821221, -2.02340763196216, -1.91019267475108, -1.76205231482614, -1.56646773485534, -1.30914474485577, -0.97406415908967, -0.543661924016751, 0.000199770318313419, 0, -0.170116677721097, -0.334315431253644, -0.492596282902462, -0.644959256928678, -0.791404378733333, -0.931931673650357, -1.06654116527056, -1.19523287322451, -1.31800681037001, -1.43486297936349, -1.54580136864814, -1.6508219479675, -1.74992466361224, -1.84310943372512, -1.93037614411499, -2.0117246451463, -2.08715475035122, -2.15666623742516, -2.22025885218349, -2.27793231585495, -2.3296863357626, -2.37552061902184, -2.41543488842601, -2.44942889927851, -2.47750245566668, -2.49965542464229, -2.51588774702346, -2.52619944405238, -2.5305906198585, -2.52906146047247, -2.52161223088669, -2.50824327226919, -2.48895500188094, -2.46374791857769, -2.43262261714301, -2.39557981533885, -2.35262962017161, -2.3038454764992, -2.24907782612872, -2.18722606737999, -2.11505564164533, -2.02666206101615, -1.91375192203295, -1.76580929764509, -1.57023925344866, -1.31265821663616, -0.976943436571, -0.545412033354587, 0.000199411590893095, 0, -0.169895932813015, -0.333888505090257, -0.49197773923546, -0.644163659614444, -0.790446291734345, -0.930825661030348, -1.06530179118123, -1.19387470188124, -1.31654440601383, -1.43331090620653, -1.5441741907998, -1.64913422933944, -1.74819096780102, -1.84134432387307, -1.92859418275199, -2.00994039401789, -2.08538277024145, -2.15492108798571, -2.21855509178342, -2.27628450146693, -2.32810902290172, -2.3740283617514, -2.41404223944034, -2.44815041006718, -2.47635267675708, -2.49864890591019, -2.51503903805494, -2.52552309453695, -2.53010117999261, -2.52877348135637, -2.52154026490439, -2.50840187345122, -2.48935872626183, -2.46441132457331, -2.43356026598839, -2.39680627164497, -2.3541594517615, -2.30569324917498, -2.25125812757038, -2.18975493692528, -2.1179451250576, -2.02990356955461, -1.91729746299403, -1.76955242763304, -1.57399759092445, -1.31616013888005, -0.979813861895749, -0.547157126289139, 0.000199054553246758, 0, -0.169676031898044, -0.333463210577015, -0.491361558539166, -0.643371100254589, -0.789491861336092, -0.929723867319712, -1.06406714197183, -1.19252170505014, -1.31508756946366, -1.43176473781108, -1.54255319833058, -1.647452920371, -1.74646384959406, -1.83958590323586, -1.9268189658828, -2.00816288633374, -2.08361747620166, -2.15318251092171, -2.21685773374908, -2.27464286312519, -2.32653760346367, -2.37254165898195, -2.41265474974077, -2.44687662863862, -2.47520709784213, -2.49764602310217, -2.51419334465847, -2.5248490839594, -2.52961334614607, -2.52848631905294, -2.52146827023455, -2.50855954414527, -2.48976056204583, -2.46507182754496, -2.43449394105306, -2.39802762707024, -2.35568299901019, -2.3075334976684, -2.25342960857856, -2.19227358804627, -2.12082296626126, -2.03313222129155, -1.92082936497345, -1.77328177250232, -1.57774281132123, -1.31965056732726, -0.982675477495233, -0.54889722670782, 0.000198699194602692, 0, -0.169456970834495, -0.333039539707345, -0.490747729218926, -0.642581563943186, -0.788541069598184, -0.928626271820406, -1.0628371944635, -1.19117385734833, -1.31363627340937, -1.43022444521662, -1.54093836090637, -1.64577798963129, -1.7447432767405, -1.83783413901946, -1.92505046044698, -2.00639208904376, -2.08185883546887, -2.15145047403404, -2.21516674672188, -2.27300737058835, -2.32497204860091, -2.37106048353646, -2.41127239409733, -2.44560753198651, -2.47406569841567, -2.49664675848883, -2.51335065215791, -2.52417740097341, -2.52912711057895, -2.52819996970515, -2.5213962471797, -2.50871628909, -2.49016051868444, -2.46572944193371, -2.43542366204443, -2.3992439068652, -2.35720029298829, -2.30936625914722, -2.25559231269528, -2.19478207117927, -2.12368922269333, -2.03634807952956, -1.92434769487787, -1.77699739953294, -1.58147497827089, -1.32312955736542, -0.985528325533795, -0.55063235834817, 0.000198345504643593, 0, -0.169238745507419, -0.332617484526361, -0.490136239754929, -0.641795035870519, -0.787593898696015, -0.927532853967954, -1.0616119256269, -1.18983113355664, -1.31219049071701, -1.42868999964943, -1.53932964838871, -1.64410940589211, -1.74302921719739, -1.83608899864119, -1.92328863359711, -2.00462796931079, -2.08010681549112, -2.14972494533084, -2.21348209954501, -2.27137799380954, -2.32341232965136, -2.36958480841245, -2.40989514744198, -2.44434309725199, -2.47292845810284, -2.49565109445401, -2.51251094597056, -2.5235080343045, -2.52864246559973, -2.52791442947926, -2.52132419603865, -2.50887211299167, -2.4905586055662, -2.46638418208528, -2.43634944854041, -2.40045513611505, -2.35871136456338, -2.31119157053662, -2.2577462831787, -2.19728043643251, -2.12654395141872, -2.03955120716324, -1.92785251918519, -1.78069937557617, -1.58519415500205, -1.32659716403293, -0.988372447911172, -0.552362544799334, 0.000197993473147196, 0, -0.169021351828395, -0.332197037130454, -0.489527078701621, -0.641011501322322, -0.786650330919855, -0.926443593330403, -1.0603913125811, -1.18849350861842, -1.31075019442744, -1.42716137252113, -1.53772703083321, -1.64244713812632, -1.74132163912809, -1.83435044972811, -1.92153345269718, -2.00287049450892, -2.07836138392582, -2.14800589302601, -2.21180376126196, -2.26975470293495, -2.321858418137, -2.36811460678072, -2.40852298486738, -2.44308330172261, -2.47179535665903, -2.49465901349396, -2.51167421160649, -2.52284097274954, -2.52815940356505, -2.52762969456472, -2.52125211710668, -2.50902702052439, -2.49095483201721, -2.46703606225095, -2.43727131999062, -2.401661339741, -2.36021624440166, -2.31300946852124, -2.25989156300549, -2.19976873358884, -2.12938720913331, -2.0427416666825, -1.93134390394795, -1.78438776705799, -1.58890040434332, -1.33005344202183, -0.991207886264607, -0.554087809503275, 0.000197643089926425, 0, -0.168804785735317, -0.331778189666886, -0.488920234687106, -0.640230945679021, -0.785710348673925, -0.925358469607257, -1.05917533259237, -1.18716095763817, -1.30931535775491, -1.42563853542717, -1.53613047848802, -1.64079115550625, -1.73962051090059, -1.83261846011533, -1.91978488532085, -2.00111963222182, -2.07662250863804, -2.14629328553742, -2.2101317011148, -2.2681374683022, -2.32031028576231, -2.36664985198392, -2.40715588162561, -2.44182812283111, -2.47066637396888, -2.49367049821642, -2.51084043466778, -2.52217620517613, -2.52767791687931, -2.52734576117389, -2.52118001067543, -2.50918101633044, -2.49134920730168, -2.46768509658822, -2.43818929571733, -2.4028625425016, -2.36171496296954, -2.31481998954704, -2.26202819487301, -2.2022470121083, -2.1322190521668, -2.04591952017572, -1.93482191479663, -1.78806263998237, -1.59259378872636, -1.33349844568034, -0.994034681970826, -0.555808175755845, 0.000197294344895571, 0, -0.168589043192184, -0.331360934333383, -0.48831569641256, -0.639453354414974, -0.784773934475499, -0.924277462628432, -1.05796396307302, -1.18583345588033, -1.30788595408567, -1.42412146014542, -1.53453996179234, -1.63914142740213, -1.73792580108588, -1.83089299784433, -1.91804289924982, -1.99937535024108, -2.07489015769893, -2.14458709148543, -2.20846588854272, -2.26652626043889, -2.31876790441289, -2.36519051753522, -2.40579381312688, -2.44057753815428, -2.46954149004524, -2.49268553133976, -2.51000960084777, -2.52151372052209, -2.52719799799423, -2.52706262554197, -2.52110787703306, -2.50933410502047, -2.49174174062237, -2.46833129916161, -2.43910339491651, -2.40405876899403, -2.36320755053525, -2.31662316982326, -2.26415622120156, -2.2047153211307, -2.13503953648567, -2.04908482933296, -1.93828661694303, -1.79172405993458, -1.59627437018898, -1.33693222901563, -0.996852876148058, -0.557523666707923, 0.000196947228050859, 0, -0.168374120188898, -0.330945263377735, -0.48771345265166, -0.638678713097734, -0.783841070954002, -0.92320055235323, -1.0567571815802, -1.18451097876792, -1.30646195697667, -1.42261011863467, -1.53295545137482, -1.63749792338052, -1.73623747845639, -1.82917403116137, -1.91630746247215, -1.99763761656451, -2.07316429938402, -2.1428872796912, -2.20680629318038, -2.26492105006107, -2.31723124615402, -2.3637365771169, -2.40443675493831, -2.43933152541182, -2.46842068502813, -2.49170409569209, -2.50918169593037, -2.52085350779486, -2.52671963940857, -2.52678028392676, -2.52103571646421, -2.50948629117378, -2.49213244112111, -2.46897468394339, -2.44001363665884, -2.4052500436554, -2.36469403717043, -2.31841904532428, -2.2662756841366, -2.20717370947818, -2.13784871769606, -2.05223765544909, -1.9417380751835, -1.79537209208448, -1.59994221037822, -1.3403548456964, -0.999662509658049, -0.55923430536655, 0.000196601729450574, 0, -0.168160012741053, -0.330531169097405, -0.487113492250004, -0.637907007387313, -0.782911740850136, -0.922127718869314, -1.05555496581483, -1.1831935018814, -1.30504334015413, -1.42110448303325, -1.53137691805219, -1.63586061320276, -1.73455551198435, -1.82746152851588, -1.91457854318068, -1.99590639939463, -2.07144490217168, -2.14119381917515, -2.20515288485645, -2.26332180807181, -2.31570028322925, -2.36228800457912, -2.40308468278274, -2.43809006246527, -2.46730393918385, -2.49072617421043, -2.5083567057894, -2.52019555607105, -2.52624283366774, -2.52649873260854, -2.52096352925011, -2.50963757933865, -2.49252131787937, -2.4696152648144, -2.44092003989075, -2.40643639076406, -2.36617445275175, -2.32020765179156, -2.268386625551, -2.20962222565778, -2.14064665104664, -2.05537805942695, -1.94517635390229, -1.79900680118979, -1.6035973705534, -1.34376634905555, -1.00246362310804, -0.560940114596028, 0.000196257839228942, 0, -0.167970182622941, -0.330163979230699, -0.486581413088999, -0.63722250947608, -0.782087294823768, -0.921175795449836, -1.05448803579987, -1.18202403612342, -1.30378380952793, -1.41976735838918, -1.52997467015288, -1.6344057126416, -1.73306042908469, -1.82593873321146, -1.91304050487949, -1.99436558683085, -2.06991378325281, -2.13968486083431, -2.20367855292201, -2.26189456716805, -2.31433259672197, -2.36099233457845, -2.40187349021214, -2.4369758072004, -2.46629908025895, -2.48984317008344, -2.50760801465163, -2.51959363618407, -2.52580014370968, -2.52622773201491, -2.52087667854018, -2.50974734042691, -2.49284015438174, -2.47015564237062, -2.44169442653715, -2.40745725740658, -2.36745427288788, -2.32175889611951, -2.27022178561074, -2.21175484428275, -2.1430960929942, -2.05815398699542, -1.94825108294563, -1.80229599264633, -1.60694231934108, -1.34692035466402, -1.00507745905727, -0.562546442507837, 0.000189976357732435, 0, -0.167780915096567, -0.329797877058805, -0.486050909236954, -0.636540036998744, -0.78126528686674, -0.920226685245373, -1.05342425665559, -1.18085802140163, -1.30252799261318, -1.41843417264164, -1.52857654884529, -1.63295508887799, -1.73156973569989, -1.82442040265189, -1.91150696906747, -1.99282927701696, -2.06838712986351, -2.13818029332468, -2.20220849964579, -2.26047145527858, -2.31296885211793, -2.3597003819067, -2.40066575293642, -2.43586470773978, -2.46529704019354, -2.48896261041868, -2.50686135612698, -2.51899329960885, -2.52535855030831, -2.52595730376662, -2.52078983850444, -2.50985651305387, -2.4931577658175, -2.4706941207786, -2.44246620246969, -2.4084747642764, -2.36872994668804, -2.32330517003029, -2.27205111363413, -2.21388068499708, -2.14553763903103, -2.06092079749896, -1.95131557673266, -1.80557412400767, -1.61027584398378, -1.35006316628289, -1.00768102578816, -0.56414418968728, 0.000189784930057391, 0, -0.167592020517055, -0.329432496431965, -0.485521451179308, -0.635858910216112, -0.780444900155485, -0.919279447488332, -1.0523625768108, -1.17969430848169, -1.30127465565288, -1.41710362065145, -1.52718119074843, -1.6315073334293, -1.73008199138559, -1.82290507757062, -1.90997647079488, -1.99129601245836, -2.06686350510187, -2.13667871347366, -2.20074136872002, -2.2590511760949, -2.31160782624119, -2.35841100965261, -2.39946043344012, -2.43475583909398, -2.46429701965387, -2.48808383466732, -2.50611622158078, -2.51839420275441, -2.52491788804648, -2.52568747375155, -2.52070323946823, -2.50996554511642, -2.4934748307911, -2.47123162248863, -2.44323654712541, -2.40949036094146, -2.37000320699917, -2.32484850280287, -2.27387694849172, -2.21600240964602, -2.14797428776902, -2.06368183982924, -1.95437354709831, -1.80884528199449, -1.61360241747273, -1.35319965421222, -1.01027960182959, -0.56573905396807, 0.000189554779013945, 0, -0.167403498873119, -0.329067837320018, -0.484993038859429, -0.635179129037489, -0.779626134557653, -0.918334081997114, -1.05130299602706, -1.17853289706072, -1.30002379827213, -1.41577570196408, -1.52578859532055, -1.63006244565898, -1.72859719540286, -1.82139275711873, -1.9084490090952, -1.98976579206337, -2.06534290774343, -2.13518011991641, -2.19927715863193, -2.25763372794865, -2.31024951726023, -2.35712421581389, -2.39825752954258, -2.4336491988964, -2.46329901607973, -2.48720684006797, -2.5053726080428, -2.51779634243408, -2.52447815351347, -2.52541823832727, -2.52061687754983, -2.51007443248589, -2.49379134491931, -2.47176814285526, -2.44400545558904, -2.41050404220901, -2.3712740483434, -2.32638888866665, -2.27569928411251, -2.2181200120891, -2.1504060336719, -2.06643710947818, -1.95742499015414, -1.81210946220181, -1.61692203315298, -1.3563298073756, -1.01287316921812, -0.567331007859972, 0.000189325639447291, 0, -0.167215349042811, -0.328703897551593, -0.484465669129051, -0.634500689410243, -0.778808985188777, -0.917390583127946, -1.05024550797381, -1.17737378019393, -1.29877541298442, -1.41445040862386, -1.52439875420932, -1.62862041689058, -1.72711533882363, -1.81988343218909, -1.90692457475476, -1.98823860658428, -2.06382532857898, -2.1336845035547, -2.19781586046675, -2.25621910218108, -2.30889391684475, -2.35583999246117, -2.39705703378783, -2.43254478023693, -2.46230302317934, -2.48633162101959, -2.50463051067524, -2.51719971464571, -2.52403934361525, -2.52514959538034, -2.52053075168881, -2.51018317522737, -2.49410730946519, -2.47230368441204, -2.44477293173709, -2.41151581337109, -2.37254247750083, -2.32792633596232, -2.27751813047043, -2.22023350424361, -2.15283289135096, -2.06918662425357, -1.96046992657839, -1.81536668712844, -1.62023471369979, -1.35945364654521, -1.01546174445167, -0.568920061044126, 0.000189097263142868, 0, -0.167027569916959, -0.328340674979998, -0.483939338875615, -0.633823587327596, -0.77799344721951, -0.916448945300565, -1.04919010639154, -1.17621695101419, -1.29752949238667, -1.41312773276338, -1.52301165915468, -1.62718123854304, -1.72563641281752, -1.81837709377359, -1.90540315865939, -1.9867144468725, -2.06231075849713, -2.13219185538599, -2.19635746540241, -2.25480729022218, -2.30754101674842, -2.35455833174342, -2.39585893879171, -2.43144257626983, -2.461309034717, -2.4854581719681, -2.50388992467719, -2.51660431541315, -2.52360145527198, -2.52488154279881, -2.52044486081271, -2.51029177337947, -2.49442272565003, -2.47283824963455, -2.44553897937109, -2.41252567962678, -2.37380850113976, -2.32946085289915, -2.2793334973874, -2.22234289785228, -2.15525487521659, -2.07193040173336, -1.9635083767922, -1.81861697899385, -1.62354048149462, -1.36257119219462, -1.01804534373555, -0.570506222926496, 0.000188869647970935, 0, -0.166840160392152, -0.327978167469683, -0.483414045002709, -0.633147818803552, -0.77717951584555, -0.915509162963643, -1.04813678505316, -1.17506240268994, -1.29628602911413, -1.41180766655599, -1.52162730193935, -1.62574490207972, -1.72416040859978, -1.81687373291069, -1.90388475174201, -1.98519330382669, -2.06079918843353, -2.13070216645417, -2.19490196466229, -2.25339828354606, -2.30619080876732, -2.3532792258499, -2.39466323720789, -2.43034258018441, -2.46031704448882, -2.48458648738763, -2.50315084527199, -2.51601014078014, -2.52316448541902, -2.52461407848087, -2.52035920385374, -2.51040022697965, -2.49473759468776, -2.47337184098443, -2.44630360227164, -2.41353364614693, -2.37507212589259, -2.33099244764238, -2.28114539463289, -2.22444820459551, -2.15767199960356, -2.07466845940469, -1.96654036111278, -1.82186035990598, -1.62683935880802, -1.36568246469716, -1.02062398319676, -0.572089502868558, 0.0001886427902974, 0, -0.166653119370736, -0.327616372896244, -0.482889784430079, -0.63247337987291, -0.776367186287653, -0.914571230594792, -1.04708553776405, -1.17391012842523, -1.29504501584041, -1.41049020221578, -1.5202456743888, -1.62431139900837, -1.72268731743136, -1.81537334068543, -1.90236934498265, -1.98367516839272, -2.05929060937082, -2.12921542784952, -2.19344934951519, -2.25199207367089, -2.30484328473985, -2.35200266701009, -2.39346992172778, -2.42924478520483, -2.45932704632256, -2.48371656178035, -2.50241326770705, -2.51541718681017, -2.52272843100676, -2.5243472003346, -2.52027377974856, -2.51050853606396, -2.4950519177847, -2.47390446090914, -2.4470668041982, -2.41453971807391, -2.37633335835552, -2.33252112831299, -2.28295383192362, -2.22654943609108, -2.1600842787708, -2.07740081466362, -1.9695658997531, -1.8250968518609, -1.63013136779914, -1.3687874843253, -1.02319767888312, -0.573669910186142, 0.000188416686533244, 0, -0.166466445760777, -0.327255289146344, -0.482366554093513, -0.631800266591116, -0.775556453791452, -0.913635142700369, -1.04603635836181, -1.17276012145945, -1.29380644527724, -1.40917533199731, -1.51886676837099, -1.62288072088086, -1.72121713061858, -1.81387590822908, -1.90085692940807, -1.9821600315634, -2.05778501233831, -2.12773163070841, -2.191999611275, -2.25058865215861, -2.30349843654648, -2.35072864749345, -2.3922789850803, -2.42814918458997, -2.45833903407749, -2.48284838967638, -2.5016771872538, -2.51482544958641, -2.52229328900057, -2.52408090627807, -2.52018858743835, -2.5106167006672, -2.49536569613973, -2.47443611184214, -2.44782858888933, -2.4155439005219, -2.3775922050889, -2.33404690298805, -2.28475881892402, -2.22864660389465, -2.16249172690197, -2.08012748481584, -1.97258501282266, -1.82832647674355, -1.63341653051651, -1.3718862712513, -1.02576644676383, -0.575247454149748, 0.000188191333095777, 0, -0.166280138467184, -0.326894914100523, -0.481844350919912, -0.631128475002155, -0.774747313588744, -0.912700893770707, -1.04498924066606, -1.1716123750122, -1.29257031011492, -1.40786304813236, -1.51749057572984, -1.62145285922404, -1.7197498394419, -1.81238142664648, -1.89934749601816, -1.98064788430439, -2.05628238833819, -2.12625076614019, -2.19055274122898, -2.24918801054505, -2.3021562560423, -2.34945715954503, -2.39109041997111, -2.42705577157672, -2.45735300159242, -2.4819819655871, -2.50094259916682, -2.51423492517732, -2.52185905635341, -2.52381519421939, -2.52010362585706, -2.5107247208198, -2.49567893095046, -2.47496679621889, -2.44858896008906, -2.41654619861421, -2.37884867266606, -2.33556977976172, -2.28656036531984, -2.23073971958658, -2.16489435820607, -2.08284848719158, -1.97559772045743, -1.83154925647319, -1.63669486905943, -1.37497884572513, -1.02833030292432, -0.57682214412913, 0.00018796676186561, 0, -0.16609220224346, -0.326531386886015, -0.481317578031385, -0.630450801845134, -0.773931085658745, -0.911758456649191, -1.04393294000923, -1.17045455653047, -1.29132331954077, -1.40653923117406, -1.5161022780089, -1.62001242619459, -1.71826961629103, -1.81087375817599, -1.89782472650993, -1.97912235737397, -2.05476644678362, -2.12475675179598, -2.18909299483712, -2.24777487165682, -2.30080206296441, -2.34817424934245, -2.38989112853519, -2.42595243376255, -2.45635795142287, -2.48110753651494, -2.50020112438096, -2.51363873793591, -2.52142049032627, -2.52354658382502, -2.52001730658543, -2.51083302954025, -2.49599420621452, -2.47550137857906, -2.44935519246733, -2.41755642676975, -2.38011524491073, -2.33710504156523, -2.2883766829134, -2.23285005380418, -2.16731663244336, -2.08559160088703, -1.9786352509452, -1.83479999824546, -1.64000489942607, -1.37810395498456, -1.03092135093699, -0.57841250046611, 0.000189747453523514, 0, -0.165904566222385, -0.326168440501725, -0.480791647025416, -0.629774212047624, -0.773116162989668, -0.910817527114315, -1.04287832968893, -1.16929859155924, -1.2900783260751, -1.40521753534629, -1.51471620586478, -1.61857430361275, -1.71679176888351, -1.80936851117021, -1.89630440461432, -1.97759928463176, -2.05325294642199, -2.12326514608021, -2.18763560494195, -2.24636401756831, -2.2994500634263, -2.34689342185886, -2.38869378943877, -2.42485089835149, -2.45536453416464, -2.48023455130798, -2.49946088486032, -2.51304355780582, -2.52098268370199, -2.52327846556922, -2.51993119263041, -2.51094123719534, -2.49630905446837, -2.4760351884178, -2.45012028724256, -2.41856513266532, -2.38137989065735, -2.33863795304464, -2.29019020675751, -2.23495708711099, -2.16973495181961, -2.08833002623124, -1.98166747890786, -1.83804512674329, -1.64330947156643, -1.38122436125289, -1.03350915387872, -0.580001840465823, 0.000189506275085294, 0, -0.1657173006379, -0.325806210780328, -0.480266754698178, -0.629098958734031, -0.772302850398846, -0.909878457040996, -1.04182580400229, -1.16814491218246, -1.28883579495333, -1.40389845440054, -1.51333287692964, -1.61713902835607, -1.71531684870713, -1.80786624709213, -1.89478709713465, -1.97607923358685, -2.05174245083385, -2.12177650401104, -2.18618111336569, -2.24495597227281, -2.29810075895971, -2.34561515153243, -2.38749884539473, -2.4237515716999, -2.45437311518663, -2.47936332971688, -2.49872215010672, -2.51244959940937, -2.5205457915925, -2.52301093042242, -2.51984530618937, -2.51104929257729, -2.49662334646632, -2.47656801381804, -2.45088394519183, -2.41957192513667, -2.38264212216342, -2.34016792524061, -2.29200024203528, -2.23706001442946, -2.17214839703738, -2.09106272552494, -1.98469324327393, -1.84128335185725, -1.64660716008597, -1.38433849714621, -1.03609199532616, -0.581588291344407, 0.000189279976291146, 0, -0.165530404006828, -0.325444694854415, -0.479742896896976, -0.628425036565315, -0.77149114145984, -0.908941239014348, -1.04077535464493, -1.16699350930521, -1.28759571638889, -1.40258197795757, -1.51195228033056, -1.61570658915688, -1.71384484419836, -1.80636695418134, -1.89327279221258, -1.97456219238186, -2.05023494826174, -2.12029081402982, -2.18472950884742, -2.24355072490602, -2.29675413919586, -2.34433942858873, -2.38630628732193, -2.42265444551874, -2.45338368709077, -2.47849386533342, -2.4979849148006, -2.51185685861449, -2.52010981115212, -2.52274397692414, -2.51975964728593, -2.5111571972927, -2.49693708549685, -2.47709985984902, -2.45164617326411, -2.42057681311141, -2.38390195043421, -2.3416949713351, -2.29380680420442, -2.23915885381927, -2.17455698950623, -2.09378972403543, -1.98771257287866, -1.84451470500254, -1.64989799741759, -1.38744639411969, -1.03866990346746, -0.58317187556798, 0.000189054338052275, 0, -0.165343875314901, -0.325083890760925, -0.479220070775425, -0.627752441877242, -0.77068103175604, -0.908005867930857, -1.0397269758919, -1.16584437664658, -1.28635808361043, -1.40126809882103, -1.51057440851163, -1.61427697816521, -1.71237574727868, -1.80487062419619, -1.89176148150879, -1.97304815264531, -2.04873043036745, -2.11880806789705, -2.18328078331183, -2.24214826762223, -2.29541019658409, -2.34306624583759, -2.38511610845605, -2.42155951353501, -2.45239624416076, -2.47762615306338, -2.49724917453524, -2.51126533176738, -2.51967473954535, -2.52247760312259, -2.51967421491742, -2.51126495135345, -2.49725027265179, -2.47763072874801, -2.4524069749075, -2.42157980131399, -2.38515938153598, -2.34321909880173, -2.29560990221141, -2.24125361599151, -2.17696074241332, -2.09651103789888, -1.99072548648633, -1.84773920655559, -1.65318200404295, -1.3905480708983, -1.04124289311708, -0.584752601720762, 0.000188829397268164, 0, -0.165157713519204, -0.324723796485174, -0.478698273418229, -0.627081170925057, -0.769872516784387, -0.907072338600313, -1.03868066193701, -1.16469750785552, -1.2851228897932, -1.39995680976365, -1.50919925391423, -1.6128501875622, -1.71090954994015, -1.80337724901082, -1.89025315685066, -1.97153710622895, -2.04722888909823, -2.11732825772663, -2.18183492911058, -2.240748593082, -2.29406892416496, -2.34179559677067, -2.38392830281097, -2.42046677035589, -2.45141078166816, -2.47676018891382, -2.49651492612427, -2.51067501655933, -2.51924057541222, -2.52221180867767, -2.5195890098347, -2.51137255667245, -2.49756291107726, -2.47816062496544, -2.45316635594795, -2.422580897017, -2.38641442425918, -2.34474031801998, -2.29740954809605, -2.2433443145794, -2.17935967063802, -2.09922668266, -1.99373199957837, -1.85095687111775, -1.65645919294103, -1.39364353820908, -1.04381097215396, -0.586330474270379, 0.000188604638276857, 0, -0.164971917560498, -0.324364409977194, -0.478177501853193, -0.626411219882841, -0.769065591933742, -0.906140645694866, -1.03763640680419, -1.16355289637628, -1.28389012787026, -1.39864810327579, -1.50782680865452, -1.61142620915836, -1.7094462437561, -1.80188682002991, -1.8887478095427, -1.97002904440559, -2.0457303157637, -2.11585137493348, -2.18039193783236, -2.23935169311624, -2.29273031408009, -2.34052747390874, -2.38274286335507, -2.41937620946578, -2.45042729368187, -2.47589596760654, -2.49578216501083, -2.51008590922322, -2.51880731584383, -2.52194659160709, -2.51950403105056, -2.51148001332602, -2.49787500198156, -2.47868955091005, -2.45392432006312, -2.42358010523555, -2.38766708502487, -2.34625863688542, -2.29920575129701, -2.24543096085207, -2.18175378797317, -2.10193667509198, -1.99673213158699, -1.85416771977785, -1.65972958529664, -1.39673281535074, -1.04637415572013, -0.587905501765697, 0.000188380617949013, 0, -0.164786486370026, -0.324005729168512, -0.477657753081176, -0.625742584889835, -0.768260252550776, -0.90521078383766, -1.03659420446211, -1.16241053559211, -1.28265979070847, -1.39734197177698, -1.50645706477377, -1.61000503468571, -1.70798582021837, -1.80039932857413, -1.88724543080347, -1.96852395836074, -2.04423470158534, -2.11437741084408, -2.17895180097764, -2.23795755946846, -2.29139435838499, -2.33926186968834, -2.38155978297489, -2.41828782427023, -2.44944577419537, -2.47503348379196, -2.49505088657125, -2.50949800593028, -2.51837495787523, -2.52168194987875, -2.51941927753469, -2.51158732135464, -2.49818654654497, -2.47921750897096, -2.45468087091997, -2.42457743098346, -2.38891737026281, -2.34777406331285, -2.30099852128325, -2.24751356612734, -2.18414310829894, -2.10464103211566, -1.99972590216471, -1.85737177392156, -1.66299320266438, -1.39981592205557, -1.04893245944287, -0.589477693281266, 0.000188157332928429, 0, -0.164601418884354, -0.323647752000963, -0.477139024117979, -0.625075262104504, -0.76745649400532, -0.904282747678599, -1.03555404890944, -1.16127041891914, -1.28143187121015, -1.39603840772444, -1.50509001435275, -1.60858665591732, -1.706528270861, -1.79891476600722, -1.88574601189508, -1.96702183932357, -2.04274203782807, -2.11290635682774, -2.17751451008887, -2.23656618392286, -2.29006104917429, -2.33799877658316, -2.38037905459183, -2.41720160820697, -2.44846621723141, -2.47417273214641, -2.49432108620408, -2.50891130286992, -2.51794349855532, -2.52141788146964, -2.51933474826083, -2.51169448079746, -2.49849754594068, -2.47974450152405, -2.45543601216577, -2.42557287924811, -2.39016528636919, -2.34928660517601, -2.30278786747481, -2.24959214166489, -2.18652764542491, -2.10733977056677, -2.00271333086645, -1.86056905482962, -1.66625006649425, -1.40289287796107, -1.0514858988751, -0.591047057848842, 0.000187934779867227, 0, -0.164416714045496, -0.323290476426918, -0.476621311994679, -0.624409247704979, -0.766654311690905, -0.903356531894959, -1.03451593417557, -1.16013253980721, -1.28020636231393, -1.39473740361391, -1.50372564951272, -1.60717106466826, -1.70507358726126, -1.79743312373697, -1.88424954412419, -1.96552267856793, -2.04125231580127, -2.11143820429772, -2.17608005675144, -2.23517755830533, -2.28873037858267, -2.33673818710496, -2.37920067116303, -2.41611755474681, -2.4474886168427, -2.47331370737284, -2.49359275933076, -2.5083257962503, -2.51751293494729, -2.52115438436625, -2.51925044220706, -2.51180149169242, -2.4988080013348, -2.48027053093192, -2.45618974742793, -2.42656645499006, -2.39141083970609, -2.35079627030689, -2.30457379924202, -2.2516666986653, -2.18890741308897, -2.11003290719492, -2.00569443714843, -1.86375958367671, -1.66950019813059, -1.40596370260897, -1.05403448949456, -0.592613604456849, 0.00018771295534592, 0, -0.164232370800879, -0.322933900409229, -0.476104613757543, -0.623744537888938, -0.765853701024617, -0.902432131191228, -1.03347985432037, -1.15899689173958, -1.27898325699446, -1.39343895197945, -1.50236396241512, -1.60575825279536, -1.70362176103935, -1.79595439321493, -1.88275601884171, -1.96402646741207, -2.03976552685851, -2.10997294471089, -2.1746484325935, -2.23379167448323, -2.28740233878466, -2.33548009380341, -2.37802462568121, -2.41503565739344, -2.44651296711185, -2.47245640420067, -2.49286590139544, -2.50774148229826, -2.51708326412855, -2.52089145656453, -2.51916635835576, -2.51190835407629, -2.49911791388644, -2.48079559954399, -2.45694208031414, -2.42755816314325, -2.39265403660172, -2.352303066496, -2.30635632590577, -2.25373724827045, -2.19128242495783, -2.11272045866414, -2.00866924036885, -1.86694338153215, -1.67274361881272, -1.4090284154458, -1.05657824670418, -0.594177342050576, 0.000187491855953015, 0, -0.164048388103309, -0.322578021921148, -0.475588926467921, -0.623081128873471, -0.76505465744693, -0.901509540298916, -1.03244580343403, -1.15786346823278, -1.27776254826225, -1.39214304539319, -1.50100494526133, -1.60434821219694, -1.70217278385814, -1.79447856593619, -1.88126542744256, -1.9625331972184, -2.0382816623973, -2.10851056956748, -2.17321962928563, -2.23240852436509, -2.28607692199437, -2.33422448926575, -2.37685091117435, -2.41395590968318, -2.44553926215109, -2.47160081738562, -2.49214050786489, -2.50715835725917, -2.51665448319069, -2.5206290960698, -2.51908249569362, -2.51201506798469, -2.49942728474777, -2.48131970969657, -2.45769301441249, -2.4285480086152, -2.39389488335069, -2.35380700149271, -2.30813545673793, -2.25580380156392, -2.19365269462747, -2.11540244155343, -2.01163775978847, -1.87012046936059, -1.67598034967562, -1.41208703582347, -1.05911718583259, -0.595738279532436, 0.000187271478286899, 0, -0.163864883347036, -0.322223067680698, -0.475074578097071, -0.622419441812487, -0.764257687223762, -0.900589342525248, -1.03141443379436, -1.15673298246438, -1.27654500212388, -1.39085049461994, -1.49964944550371, -1.60294181894225, -1.70072755233337, -1.79300655099278, -1.8797786834252, -1.96104377782236, -2.03680162052109, -2.10705195717059, -2.17179449726287, -2.2310289224509, -2.28475489871042, -2.3329720919237, -2.37568018594235, -2.41287890171973, -2.44456801580399, -2.47074737644741, -2.49141691587136, -2.50657665781398, -2.51622672029911, -2.52036731446716, -2.51899874115984, -2.51212138764436, -2.49973572736532, -2.48184232598685, -2.45844185740009, -2.42953513409022, -2.39513234956937, -2.35530686376734, -2.3099097909806, -2.25786479898493, -2.19601657176842, -2.11807718290942, -2.01459836719772, -1.87328933037935, -1.67920905148014, -1.41513846772969, -1.06165051947717, -0.597296003324411, 0.000187026399922963, 0, -0.163681867024853, -0.321869057947409, -0.474561597945205, -0.621759514320812, -0.763462835558483, -0.899671589936066, -1.03038580360357, -1.15560549804695, -1.27533068687612, -1.38956137191463, -1.49829753862924, -1.60153915102429, -1.69928614623801, -1.79153842921159, -1.87829586794445, -1.95955828998071, -2.03532548086271, -2.10559718530323, -2.17037311173259, -2.22965294064664, -2.28343633681173, -2.33172296490349, -2.37451250763319, -2.41180468494732, -2.44359927258551, -2.46989611824629, -2.49069515389491, -2.5059964033371, -2.51579998499709, -2.52010611074317, -2.51891508245859, -2.51222728875139, -2.50004320470124, -2.48236339791712, -2.45918854459324, -2.43051945997235, -2.39636634002307, -2.35680254171966, -2.3116791999409, -2.25992009772853, -2.19837390618927, -2.12074453165163, -2.01755091639415, -1.87644982839173, -1.68242960263816, -1.4181826083912, -1.06417816761461, -0.598850459934226, 0.000186779865741338, 0, -0.163499337463089, -0.321515989484762, -0.474049981323773, -0.621101340368691, -0.762670095190955, -0.898756274151672, -1.02935990347324, -1.15448100469413, -1.27411959144555, -1.38827566552757, -1.49694921232281, -1.60014019567334, -1.69784855245853, -1.79007418724613, -1.87681696753167, -1.95807672021346, -2.0338532300416, -2.10414624079506, -2.16895545984547, -2.22828056653477, -2.28212122442329, -2.3304770969834, -2.37334786578914, -2.41073324978294, -2.44263302389811, -2.4690470352809, -2.48997521564106, -2.50541758885163, -2.515374273736, -2.51984548288821, -2.51883151923003, -2.51233277270644, -2.50034972002747, -2.48288293074135, -2.45993308333876, -2.43150099581209, -2.39759686657681, -2.35829404964013, -2.31344370044571, -2.26196971726907, -2.20072472025971, -2.12340451303031, -2.02049543477144, -1.87960199156547, -1.68564203020375, -1.42121948146969, -1.06670014796863, -0.600401658450983, 0.000186534183188924, 0, -0.163317292926166, -0.32116385893677, -0.473539723371554, -0.62044491370484, -0.761879458595005, -0.897843386486178, -1.02833672367295, -1.15335949174613, -1.2729117043582, -1.38699336328577, -1.49560445382759, -1.5987449396639, -1.69641475741595, -1.78861381127909, -1.87534196824637, -1.95659905457211, -2.0323848542164, -2.10269911002702, -2.16754152831983, -2.22691178728613, -2.28080954928359, -2.32923447658461, -2.37218624962921, -2.40966458635849, -2.44166926090161, -2.46820011985405, -2.48925709467066, -2.50484020929154, -2.514949582938, -2.5195854289277, -2.5187480512179, -2.51243784108665, -2.50065527686967, -2.48340093004888, -2.46067548140481, -2.43247975167158, -2.39882394170196, -2.3597814025246, -2.31520331013067, -2.26401367799735, -2.20306903737763, -2.12605715344092, -2.02343195099418, -1.88274584947654, -1.68884636279032, -1.42424911235262, -1.06921648017161, -0.601949610072397, 0.000186289333701684, 0, -0.163135731687162, -0.320812662964182, -0.473030819251562, -0.619790228109132, -0.761090918281961, -0.896932918296965, -1.02731625452072, -1.15224094859623, -1.27170701419718, -1.3857144530768, -1.49426325045019, -1.59735336983622, -1.69498474759874, -1.78715728756175, -1.87387085621723, -1.95512527917733, -2.03092033961432, -2.10125577944741, -2.16613130393966, -2.2255465901349, -2.27950129919151, -2.32799509218526, -2.37102764842527, -2.40859868485405, -2.44070797479883, -2.46735536430576, -2.48854078457545, -2.50426425961472, -2.51452590904162, -2.5193259468953, -2.5186646781655, -2.5125424954595, -2.50095987873402, -2.48391740139912, -2.46141574651862, -2.4334557375605, -2.40004757780527, -2.36126461529158, -2.31695804654077, -2.26605200019969, -2.20540688082148, -2.12870247914504, -2.02636049358242, -1.88588143155222, -1.6920426288672, -1.42727152629829, -1.071727183753, -0.603494325931225, 0.000186045313648964, 0, -0.162954652027343, -0.320462398243581, -0.472523264149744, -0.619137277390929, -0.760304466798652, -0.89602486098238, -1.02629848638046, -1.15112536468797, -1.27050550959971, -1.3844389228456, -1.49292558955734, -1.59596547309286, -1.69355850955934, -1.78570460241047, -1.87240361763858, -1.95365538021545, -2.02945967252771, -2.09981623556863, -2.16472477355138, -2.22418496237556, -2.27819646200355, -2.32675893231784, -2.36987205149976, -2.40753553549598, -2.43974915683397, -2.46651276101202, -2.48782627897709, -2.50368973480249, -2.51410324850179, -2.51906703483349, -2.5185813998168, -2.51264673738442, -2.50126352910943, -2.48443235032446, -2.46215388637007, -2.43442896344029, -2.40126778723383, -2.36274370278795, -2.31870792713688, -2.26808470406519, -2.20773827375853, -2.13134051627956, -2.0292810909217, -1.88900876708208, -1.69523085677148, -1.43028674844853, -1.07423227815272, -0.605035817109516, 0.000185802119330059, 0, -0.162774052236122, -0.320113061467297, -0.472017053274856, -0.618486055388921, -0.75952009672721, -0.895119205981507, -1.02528340966174, -1.15001272951487, -1.2693071792568, -1.38316676059419, -1.49159145857554, -1.59458123639834, -1.69213602991381, -1.78425574220635, -1.87094023877005, -1.95218934393809, -2.02800283931371, -2.09838046496677, -2.16332192406354, -2.22282689136252, -2.27689502563347, -2.32552598556887, -2.36871944822537, -2.40647512855655, -2.4387927982923, -2.46567230238447, -2.48711357152703, -2.50311662985948, -2.5136815977897, -2.51880869079343, -2.51849821591639, -2.51275056841284, -2.50156623146757, -2.48494578233032, -2.46288990861185, -2.43539943922439, -2.40248458227538, -2.36421867978935, -2.32045296929621, -2.27011180968636, -2.21006323924549, -2.13397129085728, -2.03219377126379, -1.89212788521867, -1.69841107470872, -1.43329480382924, -1.07673178272166, -0.606574094638823, 0.000185559747058806, 0, -0.162593930611005, -0.319764649343313, -0.471512181858327, -0.617836555970953, -0.758737800684866, -0.894215944773936, -1.02427101481946, -1.14890303262017, -1.26811201191295, -1.38189795438131, -1.49026084499078, -1.59320064677884, -1.69071729534146, -1.78281069339483, -1.86948070593614, -1.95072715666181, -2.02654982639384, -2.0969484542813, -2.16192274244643, -2.22147236450986, -2.27559697805199, -2.32429624057862, -2.36756982802483, -2.4054174543538, -2.43783889050001, -2.46483398087033, -2.48640265590637, -2.50254493981353, -2.51326095339279, -2.51855091283504, -2.51841512620951, -2.51285399008824, -2.50186798926311, -2.48545770289543, -2.4636238208597, -2.43636717477856, -2.40369797515872, -2.36568956100066, -2.32219319031281, -2.27213333705963, -2.21238180022916, -2.13659482876772, -2.03509856272746, -1.89523881497836, -1.70158331075365, -1.4362957173511, -1.07922571672216, -0.608109169500469, 0.000185318193186013, 0, -0.16241428545755, -0.319417158595175, -0.471008645154125, -0.61718877303385, -0.75795757132374, -0.893315068879516, -1.02326129235364, -1.14779626359647, -1.26691999636582, -1.3806324923221, -1.48893373634811, -1.59182369132176, -1.6893022925845, -1.78136944248531, -1.86802500552592, -1.94926880476772, -2.02510062025369, -2.09552019021465, -2.16052721573176, -2.22012136929089, -2.27430230728644, -2.32306968604078, -2.36642318037052, -2.40436250325115, -2.4368874248239, -2.46399778895211, -2.48569352582562, -2.50197465971548, -2.51284131181458, -2.51829369902683, -2.51833213044203, -2.5129570039462, -2.50216880593368, -2.48596811747192, -2.46435563069263, -2.43733217992114, -2.40490797805399, -2.36715636105636, -2.32392860739809, -2.27414930608595, -2.21469397954708, -2.1392111557778, -2.03799549329927, -1.89834158524209, -1.70474759285099, -1.43928951381023, -1.08171409932849, -0.609641052625867, 0.00018507745405727, 0, -0.162235115089315, -0.3190705859619, -0.470506438438628, -0.616542700503254, -0.757179401330639, -0.892416569858126, -1.02225423280914, -1.14669241208551, -1.26573112146594, -1.37937036258778, -1.48761012025134, -1.59045035717541, -1.68789100844763, -1.77993197605079, -1.86657312399256, -1.94781427470108, -2.02365520744246, -2.09409565953187, -2.15913533101223, -2.21877389323787, -2.27301100142044, -2.32184631070216, -2.36527949478424, -2.40331026565722, -2.43593839267119, -2.46316371914741, -2.48498617502459, -2.50140578463912, -2.51242266957461, -2.51803704744593, -2.51824922836046, -2.51305961151443, -2.50246868490006, -2.48647703148547, -2.46508534565314, -2.43829446442333, -2.40611460307307, -2.36861909452096, -2.32565923768123, -2.27615973657133, -2.21699979992814, -2.14182029753255, -2.0408845908343, -1.90143622475615, -1.70790394881615, -1.44227621788879, -1.08419694962739, -0.611169754896761, 0.000184837526057691, 0, -0.162056417827813, -0.318724928197888, -0.470005557010495, -0.615898332333455, -0.756403283426859, -0.891520439309441, -1.02124982677539, -1.14559146777786, -1.26454537611638, -1.3781115534053, -1.48628998436269, -1.58908063154864, -1.68648342979771, -1.77849828072753, -1.86512504785305, -1.94636355297096, -2.02221357457268, -2.09267484906023, -2.15774707544125, -2.21742992394164, -2.27172304859356, -2.32062610336237, -2.36413876083694, -2.40226073202553, -2.43499178548926, -2.46233176400875, -2.48428059727216, -2.50083830968099, -2.51200502320835, -2.51778095617799, -2.51816641971193, -2.51316181431284, -2.50276762956625, -2.48698445033549, -2.46581297324742, -2.43925403800949, -2.40731786226987, -2.37007777588943, -2.32738509820975, -2.27816464822742, -2.21929928399326, -2.14442227955583, -2.04376588305695, -1.90452276213298, -1.71105240633596, -1.44525585415565, -1.08667428661852, -0.612695287145524, 0.000184598405590375, 0, -0.161878192002467, -0.31838018207283, -0.469505996190531, -0.615255662507221, -0.75562921036798, -0.890626668872701, -1.02024806488614, -1.14449342041262, -1.26336274927245, -1.37685605305705, -1.48497331640245, -1.58771450171052, -1.6850795435634, -1.77706834321461, -1.86368076368777, -1.94491662614986, -2.02077570831976, -2.09125774568893, -2.15636243623257, -2.21608944905127, -2.27043843700101, -2.31940905287352, -2.36300096814838, -2.40121389285427, -2.43404759476546, -2.46150191612336, -2.48357678636621, -2.50027222996031, -2.51158836926714, -2.51752542331719, -2.51808370424423, -2.5132636138536, -2.50306564331958, -2.48749037939532, -2.4665385209456, -2.44021091035742, -2.40851776764075, -2.37153241958759, -2.32910620594996, -2.28016406067205, -2.22159245425602, -2.14701712725109, -2.0466393975617, -1.90760122585193, -1.71419299296946, -1.4482284470671, -1.08914612921501, -0.61421766015545, 0.000184360089065305, 0, -0.161700435950562, -0.318036344371619, -0.46900775132156, -0.614614685035631, -0.754857174943661, -0.889735250226473, -1.01924893781919, -1.14339825977717, -1.26218322994142, -1.3756038498805, -1.48366010414863, -1.5863519549899, -1.68367933673477, -1.77564215027361, -1.86224025814012, -1.9434734808733, -2.01934159542168, -2.08984433636865, -2.15498140065987, -2.21475245627374, -2.2691571548933, -2.31819514813989, -2.36186610638687, -2.40016973868599, -2.43310581202681, -2.46067416811294, -2.48287473613333, -2.4997075406188, -2.511172704318, -2.51727044696612, -2.51800108170575, -2.51336501164114, -2.50336272953079, -2.48799482401227, -2.4672619961819, -2.44116509109857, -2.40971433112477, -2.37298303997253, -2.3308225777874, -2.28215799342978, -2.22387933312326, -2.14960486590197, -2.04950516181381, -1.91067164426002, -1.71732573614856, -1.45119402096736, -1.09161249624388, -0.615736884660999, 0.000184122572925549, 0, -0.161523148017201, -0.317693411894262, -0.4685108177683, -0.613975393957918, -0.754087169977455, -0.888846175088437, -1.01825243629616, -1.14230597570685, -1.26100680718218, -1.3743549322679, -1.48235033543666, -1.58499297877519, -1.68228279636296, -1.77421968872827, -1.86080351791618, -1.94203410383954, -2.01791122267861, -2.08843460811128, -2.1536039560565, -2.21341893337361, -2.26787919057595, -2.3169843781177, -2.36073416526902, -2.39912826010741, -2.43216642883984, -2.45984851263354, -2.48217444042876, -2.49914423682059, -2.51075802494367, -2.51701602523583, -2.51791855184553, -2.51346600917227, -2.50365889155418, -2.4884977895079, -2.46798340635492, -2.4421165898184, -2.4109075646041, -2.374429651333, -2.33253423052738, -2.28414646593247, -2.2261599428957, -2.15218552067305, -2.05236320315013, -1.91373404557268, -1.72045066317882, -1.45415260008934, -1.09407340644658, -0.61725297134809, 0.000183885853633159, 0, -0.161346327166655, -0.317351382638165, -0.468015192630154, -0.613337785544343, -0.753319190979346, -0.887959438277163, -1.01725855451306, -1.141216561844, -1.25983347415225, -1.37310929296082, -1.48104400266101, -1.58363756518264, -1.68088991435489, -1.77280095034496, -1.85937053471071, -1.94059848674051, -2.01648458184854, -2.0870285528097, -2.15223009451908, -2.21208887272006, -2.26660453675952, -2.31577673592769, -2.35960513839458, -2.3980894512661, -2.43122943996871, -2.45902494513471, -2.48147589545626, -2.49858231559243, -2.51034432906267, -2.51676215700542, -2.51783611457209, -2.51356660745368, -2.50395413156349, -2.48899927929183, -2.46870275617901, -2.44306541260484, -2.41209747560915, -2.37587226271082, -2.33424117479205, -2.28612949045164, -2.22843429769511, -2.15475910749113, -2.05521353857374, -1.91678844704528, -1.72356779073287, -1.45710419932192, -1.09652887147205, -0.618765927024682, 0.000183649627481075, 0, -0.161169972713335, -0.317010255278627, -0.467520873989777, -0.612701857331399, -0.752553234986136, -0.887075036376238, -1.01626728864674, -1.1401300140052, -1.25866322635443, -1.37186692719474, -1.47974110083632, -1.58228570905252, -1.67950068542293, -1.77138592975466, -1.85794130311972, -1.93916662418376, -2.01506166759701, -2.0856261652339, -2.15085981096849, -2.21076226943133, -2.26533318880605, -2.31457221722216, -2.35847902175253, -2.39705330853413, -2.43029484221506, -2.45820346289407, -2.48077909901584, -2.49802177530316, -2.50993161565914, -2.51650884192071, -2.51775377023939, -2.51366680759395, -2.50424845146833, -2.48949929612117, -2.46942004930525, -2.44401156404946, -2.41328406971844, -2.37731088071799, -2.33594341827345, -2.2881070758059, -2.23070240732511, -2.15732563675744, -2.05805617859275, -1.91983485876786, -1.72667712795979, -1.46004882635356, -1.0989788970437, -0.62027575496318, 0.000183413545011946, 0, -0.160994083050342, -0.316670026708461, -0.467027857346324, -0.612067603531195, -0.751789295029514, -0.886192961343551, -1.01527862968791, -1.13904632232062, -1.25749605316494, -1.37062782369859, -1.47844161815084, -1.58093739813902, -1.67811509699381, -1.76997461416328, -1.85651581023489, -1.93773850325336, -2.01364246710708, -2.08422743277249, -2.14949309310551, -2.20943911162691, -2.26406513536031, -2.31337081127769, -2.35735580535781, -2.39601982277134, -2.42936262739012, -2.45738405878078, -2.48008404514111, -2.49746261125734, -2.50951988141507, -2.51625607814771, -2.51767151860396, -2.51376661104667, -2.50454185452594, -2.48999784516337, -2.47013529291794, -2.44495505345999, -2.41446735846982, -2.37874551922917, -2.3376409772898, -2.29007924086388, -2.23296429343984, -2.15988513290237, -2.06089114973037, -1.92287330808329, -1.72977870126389, -1.4629865045231, -1.10142350105436, -0.621782465083451, 0.00018317825399683, 0, -0.160818656545617, -0.316330693771836, -0.466536138128464, -0.611435018265185, -0.751027364032001, -0.885313205010973, -1.01429256848609, -1.13796547676568, -1.25633194379342, -1.36939197102447, -1.47714554260745, -1.57959262000405, -1.6767331362968, -1.76856699057567, -1.85509404294498, -1.9363141108302, -2.01222696736002, -2.08283234261541, -2.14812992843695, -2.20811938723873, -2.26280036488756, -2.31217250720108, -2.35623547906695, -2.39498898469219, -2.42843278717446, -2.45656672554966, -2.47939072776932, -2.49690481868284, -2.50910912295714, -2.51600386382007, -2.51758935941462, -2.51386601928406, -2.50483434404013, -2.4904949316621, -2.47084849430883, -2.44589589028459, -2.41564735357619, -2.38017619233035, -2.33933386840859, -2.29204600478305, -2.23521997802785, -2.16243762074362, -2.06371847895249, -1.92590382283009, -1.73287253759194, -1.46591725774996, -1.10386270200645, -0.623286067936949, 0.000182943750277276, 0, -0.160643691574714, -0.315992253327629, -0.466045711786175, -0.610804095682223, -0.750267434949099, -0.884435759248434, -1.0133090959334, -1.13688746736248, -1.25517088749973, -1.3681593577778, -1.47585286226486, -1.57825136226745, -1.67535479062058, -1.76716304605715, -1.85367598819968, -1.93489343385613, -2.0108151553976, -2.08144088201207, -2.14677030452762, -2.20680308425469, -2.26153886590651, -2.31097729414957, -2.35511803278339, -2.39396078505399, -2.42750531328693, -2.4557514559888, -2.47869914086546, -2.49634839282922, -2.50869933692714, -2.51575219707949, -2.51750729242067, -2.51396503377069, -2.5051259232985, -2.49099056083572, -2.47155966073479, -2.44683408392643, -2.41682406669481, -2.38160291404075, -2.34102210811894, -2.2940073866304, -2.23746948297412, -2.16498312498271, -2.06653819309956, -1.92892643071828, -1.73595866376726, -1.46884110984476, -1.10629651831868, -0.624786574027376, 0.000182710030467437, 0, -0.160469186520769, -0.315654702249385, -0.465556573790678, -0.610174829958476, -0.749509500769195, -0.883560615963811, -1.01232820296448, -1.13581228417972, -1.25401287359386, -1.36692997261714, -1.4745635652375, -1.57691361260675, -1.67398004731308, -1.76576276773332, -1.85226163300953, -1.93347645933386, -2.00940701832194, -2.08005303827126, -2.14541420900017, -2.20549019071857, -2.26028062698926, -2.30978516133075, -2.35400345645743, -2.39293521465691, -2.42658019748476, -2.45493824291964, -2.47800927842232, -2.49579332896778, -2.50829051998207, -2.51550107607584, -2.51742531737205, -2.51406365596378, -2.50541659557272, -2.49148473787758, -2.47226879941814, -2.44776964374405, -2.41799750942776, -2.38302569831337, -2.34270571283212, -2.29596340538298, -2.2397128300607, -2.16752167020558, -2.06935031888737, -1.93194115933016, -1.73903710649045, -1.47175808450997, -1.10872496832663, -0.62628399381131, 0.000182477091123179, 0, -0.160295139774468, -0.315318037425239, -0.465068719634328, -0.609547215297288, -0.748753554513389, -0.88268776710273, -1.01134988055626, -1.13473991733237, -1.25285789143564, -1.36570380425395, -1.47327763969521, -1.57557935875694, -1.67260889378122, -1.76436614278977, -1.85085096444554, -1.9320631743266, -2.00800254329521, -2.07866879876081, -2.14406162953486, -2.20418069472973, -2.25902563676099, -2.30859609800232, -2.35289174008597, -2.39191226434373, -2.42565743156326, -2.45412707919669, -2.47732113446031, -2.49523962239147, -2.50788266879407, -2.51525049896713, -2.51734343401931, -2.51416188731311, -2.50570636411855, -2.49197746795615, -2.47297591754678, -2.44870257905158, -2.41916769332222, -2.38444455903524, -2.34438469888196, -2.29791407992837, -2.24195004096724, -2.17005328088323, -2.07215488290768, -1.93494803612094, -1.74210789234003, -1.47466820534041, -1.11114807028312, -0.627778337698388, 0.000182244928819131, 0, -0.160121549733996, -0.31498225575783, -0.464582144830485, -0.60892124592901, -0.747999589235298, -0.881817204648344, -1.01037411972769, -1.13367035698149, -1.25170593043448, -1.36448084145223, -1.4719950738629, -1.57424858851011, -1.6712413174905, -1.76297315847172, -1.8494439696389, -1.93065356595775, -2.00660171753924, -2.07728815090726, -2.14271255386914, -2.20287458444278, -2.25777388389966, -2.3074100934718, -2.35178287371224, -2.3908919249996, -2.42473700735567, -2.45331795770743, -2.4766347030273, -2.49468726841473, -2.50747578005032, -2.51500046391945, -2.51726164211365, -2.51425972926119, -2.505995232176, -2.49246875621515, -2.47368102227444, -2.449632899119, -2.42033462987075, -2.38585951002787, -2.3460590825253, -2.29985942906522, -2.2441811372716, -2.1725779813724, -2.07495191162894, -1.93794708841948, -1.74517104777311, -1.4775714958239, -1.11356584235873, -0.629269616051578, 0.000182013540144244, 0, -0.159948413787848, -0.314647352200342, -0.464096842073218, -0.608296912464791, -0.747247593639342, -0.880948915574545, -1.00940090589835, -1.1326035871685, -1.25055697342987, -1.36326106602578, -1.47071584870481, -1.57292128215716, -1.6698772982347, -1.76158379425197, -1.84804062791763, -1.92924761358673, -2.00520452062102, -2.07591107466129, -2.14136696251353, -2.20157184110416, -2.25652535056375, -2.30622713098577, -2.35067684184702, -2.38987418257551, -2.42381891242923, -2.45251086781141, -2.47594997545115, -2.49413626050977, -2.50706984954345, -2.51475096922188, -2.51717994261665, -2.5143571856182, -2.50628320657997, -2.49295861269038, -2.47438412701395, -2.45056062091245, -2.42149833976903, -2.38727057589283, -2.34772889244605, -2.30179948573634, -2.24640615571316, -2.1750958107649, -2.07774144497034, -1.94093835543322, -1.74822660927473, -1.48046798734856, -1.11597830822073, -0.630757842051602, 0.000181783058304963