10000, 0, 0, 0, 0, 0, 0, 0, 0, 0, 0, 0, 0, 0, 0, 0, 0, 0, 0, 0, 0, 0, 0, 0, 0, 0, 0, 0, 0, 0, 0, 0, 0, 0, 0, 0, 0, 0, 0, 0
0, 10000, 0, 0, 0, 0, 0, 0, 0, 0, 0, 0, 0, 0, 0, 0, 0, 0, 0, 0, 0, 0, 0, 0, 0, 0, 0, 0, 0, 0, 0, 0, 0, 0, 0, 0, 0, 0, 0, 0
0, 0, 10000, 0, 0, 0, 0, 0, 0, 0, 0, 0, 0, 0, 0, 0, 0, 0, 0, 0, 0, 0, 0, 0, 0, 0, 0, 0, 0, 0, 0, 0, 0, 0, 0, 0, 0, 0, 0, 0
0, 0, 0, 10000, 0, 0, 0, 0, 0, 0, 0, 0, 0, 0, 0, 0, 0, 0, 0, 0, 0, 0, 0, 0, 0, 0, 0, 0, 0, 0, 0, 0, 0, 0, 0, 0, 0, 0, 0, 0
0, 0, 0, 0, 10, 0, 0, 0, 0, 0, 0, 0, 0, 0, 0, 0, 0, 0, 0, 0, 0, 0, 0, 0, 0, 0, 0, 0, 0, 0, 0, 0, 0, 0, 0, 0, 0, 0, 0, 0
0, 0, 0, 0, 0, 10, 0, 0, 0, 0, 0, 0, 0, 0, 0, 0, 0, 0, 0, 0, 0, 0, 0, 0, 0, 0, 0, 0, 0, 0, 0, 0, 0, 0, 0, 0, 0, 0, 0, 0
0, 0, 0, 0, 0, 0, 10, 0, 0, 0, 0, 0, 0, 0, 0, 0, 0, 0, 0, 0, 0, 0, 0, 0, 0, 0, 0, 0, 0, 0, 0, 0, 0, 0, 0, 0, 0, 0, 0, 0
0, 0, 0, 0, 0, 0, 0, 10, 0, 0, 0, 0, 0, 0, 0, 0, 0, 0, 0, 0, 0, 0, 0, 0, 0, 0, 0, 0, 0, 0, 0, 0, 0, 0, 0, 0, 0, 0, 0, 0
0, 0, 0, 0, 0, 0, 0, 0, 10, 0, 0, 0, 0, 0, 0, 0, 0, 0, 0, 0, 0, 0, 0, 0, 0, 0, 0, 0, 0, 0, 0, 0, 0, 0, 0, 0, 0, 0, 0, 0
0, 0, 0, 0, 0, 0, 0, 0, 0, 10, 0, 0, 0, 0, 0, 0, 0, 0, 0, 0, 0, 0, 0, 0, 0, 0, 0, 0, 0, 0, 0, 0, 0, 0, 0, 0, 0, 0, 0, 0
0, 0, 0, 0, 0, 0, 0, 0, 0, 0, 10, 0, 0, 0, 0, 0, 0, 0, 0, 0, 0, 0, 0, 0, 0, 0, 0, 0, 0, 0, 0, 0, 0, 0, 0, 0, 0, 0, 0, 0
0, 0, 0, 0, 0, 0, 0, 0, 0, 0, 0, 10, 0, 0, 0, 0, 0, 0, 0, 0, 0, 0, 0, 0, 0, 0, 0, 0, 0, 0, 0, 0, 0, 0, 0, 0, 0, 0, 0, 0
0, 0, 0, 0, 0, 0, 0, 0, 0, 0, 0, 0, 10, 0, 0, 0, 0, 0, 0, 0, 0, 0, 0, 0, 0, 0, 0, 0, 0, 0, 0, 0, 0, 0, 0, 0, 0, 0, 0, 0
0, 0, 0, 0, 0, 0, 0, 0, 0, 0, 0, 0, 0, 10, 0, 0, 0, 0, 0, 0, 0, 0, 0, 0, 0, 0, 0, 0, 0, 0, 0, 0, 0, 0, 0, 0, 0, 0, 0, 0
0, 0, 0, 0, 0, 0, 0, 0, 0, 0, 0, 0, 0, 0, 10, 0, 0, 0, 0, 0, 0, 0, 0, 0, 0, 0, 0, 0, 0, 0, 0, 0, 0, 0, 0, 0, 0, 0, 0, 0
0, 0, 0, 0, 0, 0, 0, 0, 0, 0, 0, 0, 0, 0, 0, 10, 0, 0, 0, 0, 0, 0, 0, 0, 0, 0, 0, 0, 0, 0, 0, 0, 0, 0, 0, 0, 0, 0, 0, 0
0, 0, 0, 0, 0, 0, 0, 0, 0, 0, 0, 0, 0, 0, 0, 0, 10, 0, 0, 0, 0, 0, 0, 0, 0, 0, 0, 0, 0, 0, 0, 0, 0, 0, 0, 0, 0, 0, 0, 0
0, 0, 0, 0, 0, 0, 0, 0, 0, 0, 0, 0, 0, 0, 0, 0, 0, 10, 0, 0, 0, 0, 0, 0, 0, 0, 0, 0, 0, 0, 0, 0, 0, 0, 0, 0, 0, 0, 0, 0
0, 0, 0, 0, 0, 0, 0, 0, 0, 0, 0, 0, 0, 0, 0, 0, 0, 0, 10, 0, 0, 0, 0, 0, 0, 0, 0, 0, 0, 0, 0, 0, 0, 0, 0, 0, 0, 0, 0, 0
0, 0, 0, 0, 0, 0, 0, 0, 0, 0, 0, 0, 0, 0, 0, 0, 0, 0, 0, 10, 0, 0, 0, 0, 0, 0, 0, 0, 0, 0, 0, 0, 0, 0, 0, 0, 0, 0, 0, 0
0, 0, 0, 0, 0, 0, 0, 0, 0, 0, 0, 0, 0, 0, 0, 0, 0, 0, 0, 0, 10, 0, 0, 0, 0, 0, 0, 0, 0, 0, 0, 0, 0, 0, 0, 0, 0, 0, 0, 0
0, 0, 0, 0, 0, 0, 0, 0, 0, 0, 0, 0, 0, 0, 0, 0, 0, 0, 0, 0, 0, 10, 0, 0, 0, 0, 0, 0, 0, 0, 0, 0, 0, 0, 0, 0, 0, 0, 0, 0
0, 0, 0, 0, 0, 0, 0, 0, 0, 0, 0, 0, 0, 0, 0, 0, 0, 0, 0, 0, 0, 0, 10, 0, 0, 0, 0, 0, 0, 0, 0, 0, 0, 0, 0, 0, 0, 0, 0, 0
0, 0, 0, 0, 0, 0, 0, 0, 0, 0, 0, 0, 0, 0, 0, 0, 0, 0, 0, 0, 0, 0, 0, 10, 0, 0, 0, 0, 0, 0, 0, 0, 0, 0, 0, 0, 0, 0, 0, 0
0, 0, 0, 0, 0, 0, 0, 0, 0, 0, 0, 0, 0, 0, 0, 0, 0, 0, 0, 0, 0, 0, 0, 0, 10, 0, 0, 0, 0, 0, 0, 0, 0, 0, 0, 0, 0, 0, 0, 0
0, 0, 0, 0, 0, 0, 0, 0, 0, 0, 0, 0, 0, 0, 0, 0, 0, 0, 0, 0, 0, 0, 0, 0, 0, 10, 0, 0, 0, 0, 0, 0, 0, 0, 0, 0, 0, 0, 0, 0
0, 0, 0, 0, 0, 0, 0, 0, 0, 0, 0, 0, 0, 0, 0, 0, 0, 0, 0, 0, 0, 0, 0, 0, 0, 0, 10, 0, 0, 0, 0, 0, 0, 0, 0, 0, 0, 0, 0, 0
0, 0, 0, 0, 0, 0, 0, 0, 0, 0, 0, 0, 0, 0, 0, 0, 0, 0, 0, 0, 0, 0, 0, 0, 0, 0, 0, 10, 0, 0, 0, 0, 0, 0, 0, 0, 0, 0, 0, 0
0, 0, 0, 0, 0, 0, 0, 0, 0, 0, 0, 0, 0, 0, 0, 0, 0, 0, 0, 0, 0, 0, 0, 0, 0, 0, 0, 0, 10, 0, 0, 0, 0, 0, 0, 0, 0, 0, 0, 0
0, 0, 0, 0, 0, 0, 0, 0, 0, 0, 0, 0, 0, 0, 0, 0, 0, 0, 0, 0, 0, 0, 0, 0, 0, 0, 0, 0, 0, 10, 0, 0, 0, 0, 0, 0, 0, 0, 0, 0
0, 0, 0, 0, 0, 0, 0, 0, 0, 0, 0, 0, 0, 0, 0, 0, 0, 0, 0, 0, 0, 0, 0, 0, 0, 0, 0, 0, 0, 0, 10, 0, 0, 0, 0, 0, 0, 0, 0, 0
0, 0, 0, 0, 0, 0, 0, 0, 0, 0, 0, 0, 0, 0, 0, 0, 0, 0, 0, 0, 0, 0, 0, 0, 0, 0, 0, 0, 0, 0, 0, 10, 0, 0, 0, 0, 0, 0, 0, 0
0, 0, 0, 0, 0, 0, 0, 0, 0, 0, 0, 0, 0, 0, 0, 0, 0, 0, 0, 0, 0, 0, 0, 0, 0, 0, 0, 0, 0, 0, 0, 0, 10, 0, 0, 0, 0, 0, 0, 0
0, 0, 0, 0, 0, 0, 0, 0, 0, 0, 0, 0, 0, 0, 0, 0, 0, 0, 0, 0, 0, 0, 0, 0, 0, 0, 0, 0, 0, 0, 0, 0, 0, 10, 0, 0, 0, 0, 0, 0
0, 0, 0, 0, 0, 0, 0, 0, 0, 0, 0, 0, 0, 0, 0, 0, 0, 0, 0, 0, 0, 0, 0, 0, 0, 0, 0, 0, 0, 0, 0, 0, 0, 0, 10, 0, 0, 0, 0, 0
0, 0, 0, 0, 0, 0, 0, 0, 0, 0, 0, 0, 0, 0, 0, 0, 0, 0, 0, 0, 0, 0, 0, 0, 0, 0, 0, 0, 0, 0, 0, 0, 0, 0, 0, 10, 0, 0, 0, 0
0, 0, 0, 0, 0, 0, 0, 0, 0, 0, 0, 0, 0, 0, 0, 0, 0, 0, 0, 0, 0, 0, 0, 0, 0, 0, 0, 0, 0, 0, 0, 0, 0, 0, 0, 0, 10000, 0, 0, 0
0, 0, 0, 0, 0, 0, 0, 0, 0, 0, 0, 0, 0, 0, 0, 0, 0, 0, 0, 0, 0, 0, 0, 0, 0, 0, 0, 0, 0, 0, 0, 0, 0, 0, 0, 0, 0, 10000, 0, 0
0, 0, 0, 0, 0, 0, 0, 0, 0, 0, 0, 0, 0, 0, 0, 0, 0, 0, 0, 0, 0, 0, 0, 0, 0, 0, 0, 0, 0, 0, 0, 0, 0, 0, 0, 0, 0, 0, 10000, 0
0, 0, 0, 0, 0, 0, 0, 0, 0, 0, 0, 0, 0, 0, 0, 0, 0, 0, 0, 0, 0, 0, 0, 0, 0, 0, 0, 0, 0, 0, 0, 0, 0, 0, 0, 0, 0, 0, 0, 10000
8848.59999999968, 3.24742009501581e-12, 4.04999999999457, -5.38420132516891e-13, -48.6000000000003, -1.93441149329201e-15, 4.05000000000001, 3.97046694025453e-17, 0, 0, 0, 0, 0, 0, 0, 0, 0, 0, 0, 0, 0, 0, 0, 0, 0, 0, 0, 0, 0, 0, 0, 0, 0, 0, 0, 0, 0, 0, 0, 0
3.24742009501581e-12, 8848.59999999971, 2.33619793222739e-12, 4.04999999999858, -3.89328106293598e-14, -48.6000000000002, 3.72747436351096e-15, 4.05000000000002, 0, 0, 0, 0, 0, 0, 0, 0, 0, 0, 0, 0, 0, 0, 0, 0, 0, 0, 0, 0, 0, 0, 0, 0, 0, 0, 0, 0, 0, 0, 0, 0
4.04999999999457, 2.33619793222739e-12, 8800.44999999522, -2.18201973785363e-13, -4.04999999999951, 1.55642304057978e-15, 0.224999999999966, -2.69197658549257e-16, 0, 0, 0, 0, 0, 0, 0, 0, 0, 0, 0, 0, 0, 0, 0, 0, 0, 0, 0, 0, 0, 0, 0, 0, 0, 0, 0, 0, 0, 0, 0, 0
-5.38420132516891e-13, 4.04999999999858, -2.18201973785363e-13, 8800.44999999523, -7.69317674343718e-15, -4.04999999999984, -6.78949846783525e-16, 0.22499999999999, 0, 0, 0, 0, 0, 0, 0, 0, 0, 0, 0, 0, 0, 0, 0, 0, 0, 0, 0, 0, 0, 0, 0, 0, 0, 0, 0, 0, 0, 0, 0, 0
-48.6000000000003, -3.89328106293598e-14, -4.04999999999951, -7.69317674343718e-15, 105.7, -8.21997829707015e-17, 4.05009359383257e-14, -1.08618634716445e-15, -48.6, 4.30060491358959e-15, 4.05000000000001, -1.31805208735466e-16, 0, 0, 0, 0, 0, 0, 0, 0, 0, 0, 0, 0, 0, 0, 0, 0, 0, 0, 0, 0, 0, 0, 0, 0, 0, 0, 0, 0
-1.93441149329201e-15, -48.6000000000002, 1.55642304057978e-15, -4.04999999999984, -8.21997829707015e-17, 105.7, -1.22086458577788e-15, 4.31654711974261e-14, 3.34302516699354e-15, -48.6000000000001, 2.59636774157124e-16, 4.05000000000002, 0, 0, 0, 0, 0, 0, 0, 0, 0, 0, 0, 0, 0, 0, 0, 0, 0, 0, 0, 0, 0, 0, 0, 0, 0, 0, 0, 0
4.05000000000001, 3.72747436351096e-15, 0.224999999999966, -6.78949846783525e-16, 4.05009359383257e-14, -1.22086458577788e-15, 9.40000000000016, 5.88783718943897e-16, -4.05000000000001, 8.24210173886125e-16, 0.225, -6.3814932850547e-17, 0, 0, 0, 0, 0, 0, 0, 0, 0, 0, 0, 0, 0, 0, 0, 0, 0, 0, 0, 0, 0, 0, 0, 0, 0, 0, 0, 0
3.97046694025453e-17, 4.05000000000002, -2.69197658549257e-16, 0.22499999999999, -1.08618634716445e-15, 4.31654711974261e-14, 5.88783718943897e-16, 9.40000000000021, -5.57201036714336e-16, -4.05000000000003, -4.35814333230099e-17, 0.225000000000001, 0, 0, 0, 0, 0, 0, 0, 0, 0, 0, 0, 0, 0, 0, 0, 0, 0, 0, 0, 0, 0, 0, 0, 0, 0, 0, 0, 0
0, 0, 0, 0, -48.6, 3.34302516699354e-15, -4.05000000000001, -5.57201036714336e-16, 105.699999999998, 3.42567123044833e-16, 1.3855583347322e-14, -9.46024099613134e-16, -48.6, 5.50530016979998e-15, 4.05000000000001, 3.13365132792649e-17, 0, 0, 0, 0, 0, 0, 0, 0, 0, 0, 0, 0, 0, 0, 0, 0, 0, 0, 0, 0, 0, 0, 0, 0
0, 0, 0, 0, 4.30060491358959e-15, -48.6000000000001, 8.24210173886125e-16, -4.05000000000003, 3.42567123044833e-16, 105.699999999999, -4.27200484612555e-15, 5.86197757002083e-15, 4.69650652494948e-15, -48.6000000000001, 1.38385066548855e-16, 4.05000000000002, 0, 0, 0, 0, 0, 0, 0, 0, 0, 0, 0, 0, 0, 0, 0, 0, 0, 0, 0, 0, 0, 0, 0, 0
0, 0, 0, 0, 4.05000000000001, 2.59636774157124e-16, 0.225, -4.35814333230099e-17, 1.3855583347322e-14, -4.27200484612555e-15, 9.4000000000015, 1.90822229335409e-15, -4.05000000000004, 1.02971360177982e-15, 0.225000000000001, -1.508094516983e-16, 0, 0, 0, 0, 0, 0, 0, 0, 0, 0, 0, 0, 0, 0, 0, 0, 0, 0, 0, 0, 0, 0, 0, 0
0, 0, 0, 0, -1.31805208735466e-16, 4.05000000000002, -6.3814932850547e-17, 0.225000000000001, -9.46024099613134e-16, 5.86197757002083e-15, 1.90822229335409e-15, 9.40000000000133, -2.48737048312738e-15, -4.05000000000002, -1.61280367113139e-16, 0.225, 0, 0, 0, 0, 0, 0, 0, 0, 0, 0, 0, 0, 0, 0, 0, 0, 0, 0, 0, 0, 0, 0, 0, 0
0, 0, 0, 0, 0, 0, 0, 0, -48.6, 4.69650652494948e-15, -4.05000000000004, -2.48737048312738e-15, 105.699999999998, 1.39593057292626e-14, 2.55795384873636e-14, 2.08746505290494e-15, -48.5999999999999, 7.1106790677531e-15, 4.05000000000001, -2.94856404103958e-16, 0, 0, 0, 0, 0, 0, 0, 0, 0, 0, 0, 0, 0, 0, 0, 0, 0, 0, 0, 0
0, 0, 0, 0, 0, 0, 0, 0, 5.50530016979998e-15, -48.6000000000001, 1.02971360177982e-15, -4.05000000000002, 1.39593057292626e-14, 105.699999999998, -2.72810783464889e-16, 2.29150032282632e-14, 3.14575172297361e-15, -48.6, -4.23031017869255e-16, 4.05000000000001, 0, 0, 0, 0, 0, 0, 0, 0, 0, 0, 0, 0, 0, 0, 0, 0, 0, 0, 0, 0
0, 0, 0, 0, 0, 0, 0, 0, 4.05000000000001, 1.38385066548855e-16, 0.225000000000001, -1.61280367113139e-16, 2.55795384873636e-14, -2.72810783464889e-16, 9.40000000000157, -2.18153335565345e-16, -4.05000000000004, -1.75159531349493e-16, 0.225000000000001, 9.54563779908234e-17, 0, 0, 0, 0, 0, 0, 0, 0, 0, 0, 0, 0, 0, 0, 0, 0, 0, 0, 0, 0
0, 0, 0, 0, 0, 0, 0, 0, 3.13365132792649e-17, 4.05000000000002, -1.508094516983e-16, 0.225, 2.08746505290494e-15, 2.29150032282632e-14, -2.18153335565345e-16, 9.40000000000138, -2.52679404347055e-15, -4.05000000000003, -3.92234488093865e-17, 0.225000000000001, 0, 0, 0, 0, 0, 0, 0, 0, 0, 0, 0, 0, 0, 0, 0, 0, 0, 0, 0, 0
0, 0, 0, 0, 0, 0, 0, 0, 0, 0, 0, 0, -48.5999999999999, 3.14575172297361e-15, -4.05000000000004, -2.52679404347055e-15, 111.276160438225, 1.6223764156378, -4.20996570937859e-14, 1.06877187916449e-15, -48.5999999999999, 5.33546741689753e-15, 4.05000000000001, 9.23054154270374e-17, 0, 0, 0, 0, 0, 0, 0, 0, 0, 0, 0, 0, 0, 0, 0, 0
0, 0, 0, 0, 0, 0, 0, 0, 0, 0, 0, 0, 7.1106790677531e-15, -48.6, -1.75159531349493e-16, -4.05000000000003, 1.6223764156378, 101.802777635624, -1.4329923407147e-15, -1.06581410364015e-15, 3.41683614741287e-15, -48.6000000000001, 3.01792015755195e-16, 4.05000000000001, 0, 0, 0, 0, 0, 0, 0, 0, 0, 0, 0, 0, 0, 0, 0, 0
0, 0, 0, 0, 0, 0, 0, 0, 0, 0, 0, 0, 4.05000000000001, -4.23031017869255e-16, 0.225000000000001, -3.92234488093865e-17, -4.20996570937859e-14, -1.4329923407147e-15, 9.40000000000154, 1.10260661024256e-15, -4.04999999999998, 1.06804766599459e-15, 0.224999999999998, -1.41882253829832e-16, 0, 0, 0, 0, 0, 0, 0, 0, 0, 0, 0, 0, 0, 0, 0, 0
0, 0, 0, 0, 0, 0, 0, 0, 0, 0, 0, 0, -2.94856404103958e-16, 4.05000000000001, 9.54563779908234e-17, 0.225000000000001, 1.06877187916449e-15, -1.06581410364015e-15, 1.10260661024256e-15, 9.40000000000142, -6.42416786372855e-16, -4.05000000000003, -1.69634229555435e-17, 0.225, 0, 0, 0, 0, 0, 0, 0, 0, 0, 0, 0, 0, 0, 0, 0, 0
0, 0, 0, 0, 0, 0, 0, 0, 0, 0, 0, 0, 0, 0, 0, 0, -48.5999999999999, 3.41683614741287e-15, -4.04999999999998, -6.42416786372855e-16, 113.621371549148, 4.98393243840276e-14, -3.30402372128447e-14, -4.28043335334632e-16, -48.5999999999999, 4.04732723928398e-15, 4.05000000000001, 2.27142472718081e-17, 0, 0, 0, 0, 0, 0, 0, 0, 0, 0, 0, 0
0, 0, 0, 0, 0, 0, 0, 0, 0, 0, 0, 0, 0, 0, 0, 0, 5.33546741689753e-15, -48.6000000000001, 1.06804766599459e-15, -4.05000000000003, 4.98393243840276e-14, 105.699999999999, 9.54007914536598e-16, 2.45137243837235e-14, 2.5745063505982e-15, -48.6, -3.5400842057987e-16, 4.05000000000002, 0, 0, 0, 0, 0, 0, 0, 0, 0, 0, 0, 0
0, 0, 0, 0, 0, 0, 0, 0, 0, 0, 0, 0, 0, 0, 0, 0, 4.05000000000001, 3.01792015755195e-16, 0.224999999999998, -1.69634229555435e-17, -3.30402372128447e-14, 9.54007914536598e-16, 9.40000000000155, 8.29991173751136e-16, -4.04999999999999, 1.96241122615468e-16, 0.224999999999998, 2.27142472718081e-17, 0, 0, 0, 0, 0, 0, 0, 0, 0, 0, 0, 0
0, 0, 0, 0, 0, 0, 0, 0, 0, 0, 0, 0, 0, 0, 0, 0, 9.23054154270374e-17, 4.05000000000001, -1.41882253829832e-16, 0.225, -4.28043335334632e-16, 2.45137243837235e-14, 8.29991173751136e-16, 9.40000000000142, -1.25055891393066e-15, -4.05, 1.79419048282998e-16, 0.225, 0, 0, 0, 0, 0, 0, 0, 0, 0, 0, 0, 0
0, 0, 0, 0, 0, 0, 0, 0, 0, 0, 0, 0, 0, 0, 0, 0, 0, 0, 0, 0, -48.5999999999999, 2.5745063505982e-15, -4.04999999999999, -1.25055891393066e-15, 109.812311783013, 2.83153675152488, -4.58300064565265e-14, 3.13298746585408e-15, -48.5999999999999, 3.35177925250341e-15, 4.05, -5.11142032020608e-17, 0, 0, 0, 0, 0, 0, 0, 0
0, 0, 0, 0, 0, 0, 0, 0, 0, 0, 0, 0, 0, 0, 0, 0, 0, 0, 0, 0, 4.04732723928398e-15, -48.6, 1.96241122615468e-16, -4.05, 2.83153675152488, 103.812308832314, -1.89231977916498e-15, -1.70530256582424e-14, 5.523707254535e-15, -48.6, 1.119989314507e-16, 4.05000000000001, 0, 0, 0, 0, 0, 0, 0, 0
0, 0, 0, 0, 0, 0, 0, 0, 0, 0, 0, 0, 0, 0, 0, 0, 0, 0, 0, 0, 4.05000000000001, -3.5400842057987e-16, 0.224999999999998, 1.79419048282998e-16, -4.58300064565265e-14, -1.89231977916498e-15, 9.40000000000165, 1.67445390540611e-15, -4.04999999999999, -3.95223455606488e-16, 0.224999999999998, 7.89900574961998e-17, 0, 0, 0, 0, 0, 0, 0, 0
0, 0, 0, 0, 0, 0, 0, 0, 0, 0, 0, 0, 0, 0, 0, 0, 0, 0, 0, 0, 2.27142472718081e-17, 4.05000000000002, 2.27142472718081e-17, 0.225, 3.13298746585408e-15, -1.70530256582424e-14, 1.67445390540611e-15, 9.40000000000154, -1.3197768581935e-15, -4.04999999999998, -6.36418204919519e-17, 0.224999999999997, 0, 0, 0, 0, 0, 0, 0, 0
0, 0, 0, 0, 0, 0, 0, 0, 0, 0, 0, 0, 0, 0, 0, 0, 0, 0, 0, 0, 0, 0, 0, 0, -48.5999999999999, 5.523707254535e-15, -4.04999999999999, -1.3197768581935e-15, 111.699995592558, 1.33865515794499e-14, -2.98427949019242e-14, 3.88468897247727e-16, -48.5999999999999, 4.53461470592754e-15, 4.05000000000001, 6.94355258511713e-17, 0, 0, 0, 0
0, 0, 0, 0, 0, 0, 0, 0, 0, 0, 0, 0, 0, 0, 0, 0, 0, 0, 0, 0, 0, 0, 0, 0, 3.35177925250341e-15, -48.6, -3.95223455606488e-16, -4.04999999999998, 1.33865515794499e-14, 105.699999999998, -2.97058425069023e-15, -1.17239551400417e-14, 2.88554320157709e-15, -48.6, 1.038912379587e-16, 4.05000000000001, 0, 0, 0, 0
0, 0, 0, 0, 0, 0, 0, 0, 0, 0, 0, 0, 0, 0, 0, 0, 0, 0, 0, 0, 0, 0, 0, 0, 4.05, 1.119989314507e-16, 0.224999999999998, -6.36418204919519e-17, -2.98427949019242e-14, -2.97058425069023e-15, 9.40000000000159, 8.21867598391375e-16, -4.04999999999999, 2.67194955024593e-16, 0.224999999999998, 4.34146737115192e-17, 0, 0, 0, 0
0, 0, 0, 0, 0, 0, 0, 0, 0, 0, 0, 0, 0, 0, 0, 0, 0, 0, 0, 0, 0, 0, 0, 0, -5.11142032020608e-17, 4.05000000000001, 7.89900574961998e-17, 0.224999999999997, 3.88468897247727e-16, -1.17239551400417e-14, 8.21867598391375e-16, 9.40000000000145, -1.17370973220864e-15, -4.04999999999999, 1.75448581342743e-16, 0.224999999999999, 0, 0, 0, 0
0, 0, 0, 0, 0, 0, 0, 0, 0, 0, 0, 0, 0, 0, 0, 0, 0, 0, 0, 0, 0, 0, 0, 0, 0, 0, 0, 0, -48.5999999999999, 2.88554320157709e-15, -4.04999999999999, -1.17370973220864e-15, 111.700001736286, 1.19135083446155e-14, -4.84945417156268e-14, 1.81400152467507e-15, -48.5999999999954, 4.10069825589488e-15, 4.04999999999965, -1.42777991171553e-15
0, 0, 0, 0, 0, 0, 0, 0, 0, 0, 0, 0, 0, 0, 0, 0, 0, 0, 0, 0, 0, 0, 0, 0, 0, 0, 0, 0, 4.53461470592754e-15, -48.6, 2.67194955024593e-16, -4.04999999999999, 1.19135083446155e-14, 105.699999999999, -1.68306028954581e-15, -4.68958205601666e-14, -3.21766640838227e-15, -48.5999999999953, -1.4897191959835e-15, 4.04999999999966
0, 0, 0, 0, 0, 0, 0, 0, 0, 0, 0, 0, 0, 0, 0, 0, 0, 0, 0, 0, 0, 0, 0, 0, 0, 0, 0, 0, 4.05000000000001, 1.038912379587e-16, 0.224999999999998, 1.75448581342743e-16, -4.84945417156268e-14, -1.68306028954581e-15, 9.40000000000056, 6.66326938287068e-16, -4.04999999999958, -7.28342455520292e-15, 0.224999999999989, -2.08052467669338e-16
0, 0, 0, 0, 0, 0, 0, 0, 0, 0, 0, 0, 0, 0, 0, 0, 0, 0, 0, 0, 0, 0, 0, 0, 0, 0, 0, 0, 6.94355258511713e-17, 4.05000000000001, 4.34146737115192e-17, 0.224999999999999, 1.81400152467507e-15, -4.68958205601666e-14, 6.66326938287068e-16, 9.40000000000039, -6.87684874052085e-15, -4.04999999999959, 1.96617522881404e-15, 0.224999999999982
0, 0, 0, 0, 0, 0, 0, 0, 0, 0, 0, 0, 0, 0, 0, 0, 0, 0, 0, 0, 0, 0, 0, 0, 0, 0, 0, 0, 0, 0, 0, 0, -48.5999999999954, -3.21766640838227e-15, -4.04999999999958, -6.87684874052085e-15, 8848.59999999512, 7.5687026048602e-14, -4.04999999999948, -1.65270686388095e-14
0, 0, 0, 0, 0, 0, 0, 0, 0, 0, 0, 0, 0, 0, 0, 0, 0, 0, 0, 0, 0, 0, 0, 0, 0, 0, 0, 0, 0, 0, 0, 0, 4.10069825589488e-15, -48.5999999999953, -7.28342455520292e-15, -4.04999999999959, 7.5687026048602e-14, 8848.59999999512, -2.97288712151558e-14, -4.04999999999928
0, 0, 0, 0, 0, 0, 0, 0, 0, 0, 0, 0, 0, 0, 0, 0, 0, 0, 0, 0, 0, 0, 0, 0, 0, 0, 0, 0, 0, 0, 0, 0, 4.04999999999965, -1.4897191959835e-15, 0.224999999999989, 1.96617522881404e-15, -4.04999999999948, -2.97288712151558e-14, 8800.44999999511, -2.87858853168454e-15
0, 0, 0, 0, 0, 0, 0, 0, 0, 0, 0, 0, 0, 0, 0, 0, 0, 0, 0, 0, 0, 0, 0, 0, 0, 0, 0, 0, 0, 0, 0, 0, -1.42777991171553e-15, 4.04999999999966, -2.08052467669338e-16, 0.224999999999982, -1.65270686388095e-14, -4.04999999999928, -2.87858853168454e-15, 8800.44999999511
7869.90999999971, 2.92557160272841e-12, 7.49250000012577, 6.78915834147813e-12, -89.9100000000003, -1.5548178794754e-14, 7.49250000000006, 2.77294606997306e-14, 0, 0, 0, 0, 0, 0, 0, 0, 0, 0, 0, 0, 0, 0, 0, 0, 0, 0, 0, 0, 0, 0, 0, 0, 0, 0, 0, 0, 0, 0, 0, 0
2.92557160272841e-12, 7869.90999999972, -9.32426808195088e-11, 7.49250000003429, 3.81906473651394e-14, -89.9100000000001, 4.35007083517577e-14, 7.49250000000003, 0, 0, 0, 0, 0, 0, 0, 0, 0, 0, 0, 0, 0, 0, 0, 0, 0, 0, 0, 0, 0, 0, 0, 0, 0, 0, 0, 0, 0, 0, 0, 0
7.49250000012577, -9.32426808195088e-11, 7780.83249999588, -4.27799517978528e-11, -7.49249999999987, 4.00614862112864e-13, 0.416250000000014, -2.9968171450544e-14, 0, 0, 0, 0, 0, 0, 0, 0, 0, 0, 0, 0, 0, 0, 0, 0, 0, 0, 0, 0, 0, 0, 0, 0, 0, 0, 0, 0, 0, 0, 0, 0
6.78915834147813e-12, 7.49250000003429, -4.27799517978528e-11, 7780.83249999569, -9.09499991855501e-14, -7.49249999999959, 7.17472684940748e-15, 0.416249999999985, 0, 0, 0, 0, 0, 0, 0, 0, 0, 0, 0, 0, 0, 0, 0, 0, 0, 0, 0, 0, 0, 0, 0, 0, 0, 0, 0, 0, 0, 0, 0, 0
-89.9100000000003, 3.81906473651394e-14, -7.49249999999987, -9.09499991855501e-14, 187.045, 6.10918745864688e-15, 9.09139430405048e-14, 5.90469128270676e-15, -89.9100000000004, -2.76225043838481e-14, 7.49250000000004, 4.00758732229097e-15, 0, 0, 0, 0, 0, 0, 0, 0, 0, 0, 0, 0, 0, 0, 0, 0, 0, 0, 0, 0, 0, 0, 0, 0, 0, 0, 0, 0
-1.5548178794754e-14, -89.9100000000001, 4.00614862112864e-13, -7.49249999999959, 6.10918745864688e-15, 187.044999999999, 2.0119737390556e-15, 5.58753043833349e-14, 2.1147765248797e-14, -89.9099999999998, -1.6489581449378e-15, 7.4925, 0, 0, 0, 0, 0, 0, 0, 0, 0, 0, 0, 0, 0, 0, 0, 0, 0, 0, 0, 0, 0, 0, 0, 0, 0, 0, 0, 0
7.49250000000006, 4.35007083517577e-14, 0.416250000000014, 7.17472684940748e-15, 9.09139430405048e-14, 2.0119737390556e-15, 8.89000000000017, -9.56321524759026e-16, -7.49250000000006, 5.18328314097986e-15, 0.416250000000004, 1.77210924026331e-17, 0, 0, 0, 0, 0, 0, 0, 0, 0, 0, 0, 0, 0, 0, 0, 0, 0, 0, 0, 0, 0, 0, 0, 0, 0, 0, 0, 0
2.77294606997306e-14, 7.49250000000003, -2.9968171450544e-14, 0.416249999999985, 5.90469128270676e-15, 5.58753043833349e-14, -9.56321524759026e-16, 8.89000000000015, -7.45278171011659e-15, -7.49250000000002, -3.15772452927691e-16, 0.416250000000001, 0, 0, 0, 0, 0, 0, 0, 0, 0, 0, 0, 0, 0, 0, 0, 0, 0, 0, 0, 0, 0, 0, 0, 0, 0, 0, 0, 0
0, 0, 0, 0, -89.9100000000004, 2.1147765248797e-14, -7.49250000000006, -7.45278171011659e-15, 187.044999999998, -6.69069856475513e-14, -4.79083439586248e-14, -3.32854491992178e-15, -89.9099999999995, 5.27074595276054e-14, 7.49249999999999, -4.96642662846662e-15, 0, 0, 0, 0, 0, 0, 0, 0, 0, 0, 0, 0, 0, 0, 0, 0, 0, 0, 0, 0, 0, 0, 0, 0
0, 0, 0, 0, -2.76225043838481e-14, -89.9099999999998, 5.18328314097986e-15, -7.49250000000002, -6.69069856475513e-14, 187.044999999999, 1.22202907661164e-14, 2.94964053182412e-14, 1.83237391763645e-14, -89.9100000000003, -2.67793037417536e-15, 7.49250000000004, 0, 0, 0, 0, 0, 0, 0, 0, 0, 0, 0, 0, 0, 0, 0, 0, 0, 0, 0, 0, 0, 0, 0, 0
0, 0, 0, 0, 7.49250000000004, -1.6489581449378e-15, 0.416250000000004, -3.15772452927691e-16, -4.79083439586248e-14, 1.22202907661164e-14, 8.89000000000131, 1.0291689436348e-15, -7.49249999999998, -3.44470902005686e-15, 0.416249999999998, -4.52472088436122e-16, 0, 0, 0, 0, 0, 0, 0, 0, 0, 0, 0, 0, 0, 0, 0, 0, 0, 0, 0, 0, 0, 0, 0, 0
0, 0, 0, 0, 4.00758732229097e-15, 7.4925, 1.77210924026331e-17, 0.416250000000001, -3.32854491992178e-15, 2.94964053182412e-14, 1.0291689436348e-15, 8.89000000000111, -1.54781236736335e-15, -7.49250000000002, 1.87801052823322e-18, 0.416250000000002, 0, 0, 0, 0, 0, 0, 0, 0, 0, 0, 0, 0, 0, 0, 0, 0, 0, 0, 0, 0, 0, 0, 0, 0
0, 0, 0, 0, 0, 0, 0, 0, -89.9099999999995, 1.83237391763645e-14, -7.49249999999998, -1.54781236736335e-15, 187.044999999997, 3.60609405407754e-14, 3.29336558024806e-14, 1.41361895078229e-14, -89.9099999999996, -1.66994806296483e-14, 7.49249999999995, 4.11742525884206e-16, 0, 0, 0, 0, 0, 0, 0, 0, 0, 0, 0, 0, 0, 0, 0, 0, 0, 0, 0, 0
0, 0, 0, 0, 0, 0, 0, 0, 5.27074595276054e-14, -89.9100000000003, -3.44470902005686e-15, -7.49250000000002, 3.60609405407754e-14, 187.044999999998, -1.11662415577657e-14, -1.67599267797414e-14, 6.69484949557331e-15, -89.9099999999998, -4.00418760508446e-15, 7.49249999999999, 0, 0, 0, 0, 0, 0, 0, 0, 0, 0, 0, 0, 0, 0, 0, 0, 0, 0, 0, 0
0, 0, 0, 0, 0, 0, 0, 0, 7.49249999999999, -2.67793037417536e-15, 0.416249999999998, 1.87801052823322e-18, 3.29336558024806e-14, -1.11662415577657e-14, 8.89000000000127, -2.11638415596541e-16, -7.49250000000003, 8.28362781431505e-15, 0.41625, -8.57755244994445e-16, 0, 0, 0, 0, 0, 0, 0, 0, 0, 0, 0, 0, 0, 0, 0, 0, 0, 0, 0, 0
0, 0, 0, 0, 0, 0, 0, 0, -4.96642662846662e-15, 7.49250000000004, -4.52472088436122e-16, 0.416250000000002, 1.41361895078229e-14, -1.67599267797414e-14, -2.11638415596541e-16, 8.89000000000117, -7.94567885027193e-15, -7.4925, -5.06752881159934e-16, 0.41625, 0, 0, 0, 0, 0, 0, 0, 0, 0, 0, 0, 0, 0, 0, 0, 0, 0, 0, 0, 0
0, 0, 0, 0, 0, 0, 0, 0, 0, 0, 0, 0, -89.9099999999996, 6.69484949557331e-15, -7.49250000000003, -7.94567885027193e-15, 197.285198488964, 3.35692397526411, 1.00452979268084e-14, -1.22240869227939e-15, -89.9100000000001, 1.07443944363131e-13, 7.49250000000001, -7.7368907470329e-15, 0, 0, 0, 0, 0, 0, 0, 0, 0, 0, 0, 0, 0, 0, 0, 0
0, 0, 0, 0, 0, 0, 0, 0, 0, 0, 0, 0, -1.66994806296483e-14, -89.9099999999998, 8.28362781431505e-15, -7.4925, 3.35692397526411, 181.138704143704, -3.68029911448002e-15, 1.82787118774286e-14, 4.84676259587915e-14, -89.9100000000003, 1.69833722614819e-16, 7.49250000000001, 0, 0, 0, 0, 0, 0, 0, 0, 0, 0, 0, 0, 0, 0, 0, 0
0, 0, 0, 0, 0, 0, 0, 0, 0, 0, 0, 0, 7.49249999999995, -4.00418760508446e-15, 0.41625, -5.06752881159934e-16, 1.00452979268084e-14, -3.68029911448002e-15, 8.89000000000117, -1.48558542449503e-15, -7.49249999999998, 1.09699148151497e-15, 0.41625, 2.04933192079412e-16, 0, 0, 0, 0, 0, 0, 0, 0, 0, 0, 0, 0, 0, 0, 0, 0
0, 0, 0, 0, 0, 0, 0, 0, 0, 0, 0, 0, 4.11742525884206e-16, 7.49249999999999, -8.57755244994445e-16, 0.41625, -1.22240869227939e-15, 1.82787118774286e-14, -1.48558542449503e-15, 8.89000000000118, 1.18182065826975e-14, -7.49250000000005, -2.99380446967761e-16, 0.416250000000001, 0, 0, 0, 0, 0, 0, 0, 0, 0, 0, 0, 0, 0, 0, 0, 0
0, 0, 0, 0, 0, 0, 0, 0, 0, 0, 0, 0, 0, 0, 0, 0, -89.9100000000001, 4.84676259587915e-14, -7.49249999999998, 1.18182065826975e-14, 199.778168184899, -2.76048537736071e-13, -1.1121770171485e-13, -1.56099745206994e-14, -89.9099999999996, -7.61120405713862e-14, 7.49249999999999, 3.05132005947024e-15, 0, 0, 0, 0, 0, 0, 0, 0, 0, 0, 0, 0
0, 0, 0, 0, 0, 0, 0, 0, 0, 0, 0, 0, 0, 0, 0, 0, 1.07443944363131e-13, -89.9100000000003, 1.09699148151497e-15, -7.49250000000005, -2.76048537736071e-13, 187.045000000001, 8.64862037881938e-17, 4.32187619026081e-14, 2.8612230656629e-15, -89.9100000000006, -8.32657849136591e-15, 7.49250000000005, 0, 0, 0, 0, 0, 0, 0, 0, 0, 0, 0, 0
0, 0, 0, 0, 0, 0, 0, 0, 0, 0, 0, 0, 0, 0, 0, 0, 7.49250000000001, 1.69833722614819e-16, 0.41625, -2.99380446967761e-16, -1.1121770171485e-13, 8.64862037881938e-17, 8.89000000000134, 4.26150215109332e-15, -7.4924999999999, 4.30842435516749e-15, 0.416249999999996, -8.16443670427678e-16, 0, 0, 0, 0, 0, 0, 0, 0, 0, 0, 0, 0
0, 0, 0, 0, 0, 0, 0, 0, 0, 0, 0, 0, 0, 0, 0, 0, -7.7368907470329e-15, 7.49250000000001, 2.04933192079412e-16, 0.416250000000001, -1.56099745206994e-14, 4.32187619026081e-14, 4.26150215109332e-15, 8.89000000000123, 3.63464657914139e-14, -7.49250000000002, -1.30370395914942e-16, 0.416250000000002, 0, 0, 0, 0, 0, 0, 0, 0, 0, 0, 0, 0
0, 0, 0, 0, 0, 0, 0, 0, 0, 0, 0, 0, 0, 0, 0, 0, 0, 0, 0, 0, -89.9099999999996, 2.8612230656629e-15, -7.4924999999999, 3.63464657914139e-14, 196.54039971743, 2.40680623879354, 2.28617125230812e-14, 6.29517074962753e-15, -89.9100000000006, 6.82735977146986e-15, 7.49250000000003, -4.70639251151403e-15, 0, 0, 0, 0, 0, 0, 0, 0
0, 0, 0, 0, 0, 0, 0, 0, 0, 0, 0, 0, 0, 0, 0, 0, 0, 0, 0, 0, -7.61120405713862e-14, -89.9100000000006, 4.30842435516749e-15, -7.49250000000002, 2.40680623879354, 185.440462507478, -1.25865574697076e-14, -4.54036808150704e-14, 1.77582170802227e-14, -89.9100000000001, -8.71254965672558e-16, 7.49249999999999, 0, 0, 0, 0, 0, 0, 0, 0
0, 0, 0, 0, 0, 0, 0, 0, 0, 0, 0, 0, 0, 0, 0, 0, 0, 0, 0, 0, 7.49249999999999, -8.32657849136591e-15, 0.416249999999996, -1.30370395914942e-16, 2.28617125230812e-14, -1.25865574697076e-14, 8.89000000000136, -4.07788060368826e-15, -7.49250000000003, -2.69643533730815e-15, 0.41625, 2.16134912080105e-15, 0, 0, 0, 0, 0, 0, 0, 0
0, 0, 0, 0, 0, 0, 0, 0, 0, 0, 0, 0, 0, 0, 0, 0, 0, 0, 0, 0, 3.05132005947024e-15, 7.49250000000005, -8.16443670427678e-16, 0.416250000000002, 6.29517074962753e-15, -4.54036808150704e-14, -4.07788060368826e-15, 8.89000000000133, -5.16261260199228e-15, -7.49250000000001, 4.74634983773127e-16, 0.416249999999999, 0, 0, 0, 0, 0, 0, 0, 0
0, 0, 0, 0, 0, 0, 0, 0, 0, 0, 0, 0, 0, 0, 0, 0, 0, 0, 0, 0, 0, 0, 0, 0, -89.9100000000006, 1.77582170802227e-14, -7.49250000000003, -5.16261260199228e-15, 198.144932069794, -2.84063357311554e-12, -1.68398628375144e-14, 4.14524444480612e-15, -89.9099999999998, 1.00722128875002e-13, 7.49249999999998, -6.45253888822574e-15, 0, 0, 0, 0
0, 0, 0, 0, 0, 0, 0, 0, 0, 0, 0, 0, 0, 0, 0, 0, 0, 0, 0, 0, 0, 0, 0, 0, 6.82735977146986e-15, -89.9100000000001, -2.69643533730815e-15, -7.49250000000001, -2.84063357311554e-12, 187.045000000001, -5.65255796676332e-14, -7.8337336617551e-15, 5.79764798974982e-14, -89.9100000000002, -4.62210093435367e-15, 7.49250000000004, 0, 0, 0, 0
0, 0, 0, 0, 0, 0, 0, 0, 0, 0, 0, 0, 0, 0, 0, 0, 0, 0, 0, 0, 0, 0, 0, 0, 7.49250000000003, -8.71254965672558e-16, 0.41625, 4.74634983773127e-16, -1.68398628375144e-14, -5.65255796676332e-14, 8.89000000000137, -3.13629799992485e-15, -7.49250000000013, 8.42680634342072e-14, 0.416250000000004, -2.13480986171588e-15, 0, 0, 0, 0
0, 0, 0, 0, 0, 0, 0, 0, 0, 0, 0, 0, 0, 0, 0, 0, 0, 0, 0, 0, 0, 0, 0, 0, -4.70639251151403e-15, 7.49249999999999, 2.16134912080105e-15, 0.416249999999999, 4.14524444480612e-15, -7.8337336617551e-15, -3.13629799992485e-15, 8.89000000000118, -1.57381267025921e-15, -7.49249999999992, 2.21613177966801e-16, 0.416249999999998, 0, 0, 0, 0
0, 0, 0, 0, 0, 0, 0, 0, 0, 0, 0, 0, 0, 0, 0, 0, 0, 0, 0, 0, 0, 0, 0, 0, 0, 0, 0, 0, -89.9099999999998, 5.79764798974982e-14, -7.49250000000013, -1.57381267025921e-15, 198.144977514728, -3.87708340704143e-12, 1.03730357636778e-13, -1.40328527394589e-14, -89.9100000000242, -1.04989550381536e-12, 7.49250000000269, 1.28622494885521e-12
0, 0, 0, 0, 0, 0, 0, 0, 0, 0, 0, 0, 0, 0, 0, 0, 0, 0, 0, 0, 0, 0, 0, 0, 0, 0, 0, 0, 1.00722128875002e-13, -89.9100000000002, 8.42680634342072e-14, -7.49249999999992, -3.87708340704143e-12, 187.044999999992, -2.28692811779535e-14, -8.72901750881283e-14, 1.47541136512906e-12, -89.9099999999878, -3.64849110795382e-13, 7.49250000000179
0, 0, 0, 0, 0, 0, 0, 0, 0, 0, 0, 0, 0, 0, 0, 0, 0, 0, 0, 0, 0, 0, 0, 0, 0, 0, 0, 0, 7.49249999999998, -4.62210093435367e-15, 0.416250000000004, 2.21613177966801e-16, 1.03730357636778e-13, -2.28692811779535e-14, 8.8900000000005, -6.69444430964087e-16, -7.49249999999842, 1.54877179287074e-13, 0.416249999999045, 8.2663756618827e-13
0, 0, 0, 0, 0, 0, 0, 0, 0, 0, 0, 0, 0, 0, 0, 0, 0, 0, 0, 0, 0, 0, 0, 0, 0, 0, 0, 0, -6.45253888822574e-15, 7.49250000000004, -2.13480986171588e-15, 0.416249999999998, -1.40328527394589e-14, -8.72901750881283e-14, -6.69444430964087e-16, 8.89000000000037, 3.90314513454665e-14, -7.49249999999936, -1.41262364907041e-13, 0.416250000000827
0, 0, 0, 0, 0, 0, 0, 0, 0, 0, 0, 0, 0, 0, 0, 0, 0, 0, 0, 0, 0, 0, 0, 0, 0, 0, 0, 0, 0, 0, 0, 0, -89.9100000000242, 1.47541136512906e-12, -7.49249999999842, 3.90314513454665e-14, 7869.90999999603, -2.51890792390787e-11, -7.49250000001527, -1.01807786933975e-11
0, 0, 0, 0, 0, 0, 0, 0, 0, 0, 0, 0, 0, 0, 0, 0, 0, 0, 0, 0, 0, 0, 0, 0, 0, 0, 0, 0, 0, 0, 0, 0, -1.04989550381536e-12, -89.9099999999878, 1.54877179287074e-13, -7.49249999999936, -2.51890792390787e-11, 7869.90999999583, 5.0545517341015e-12, -7.49250000000776
0, 0, 0, 0, 0, 0, 0, 0, 0, 0, 0, 0, 0, 0, 0, 0, 0, 0, 0, 0, 0, 0, 0, 0, 0, 0, 0, 0, 0, 0, 0, 0, 7.49250000000269, -3.64849110795382e-13, 0.416249999999045, -1.41262364907041e-13, -7.49250000001527, 5.0545517341015e-12, 7780.83249999586, 2.01672416089988e-12
0, 0, 0, 0, 0, 0, 0, 0, 0, 0, 0, 0, 0, 0, 0, 0, 0, 0, 0, 0, 0, 0, 0, 0, 0, 0, 0, 0, 0, 0, 0, 0, 1.28622494885521e-12, 7.49250000000179, 8.2663756618827e-13, 0.416250000000827, -1.01807786933975e-11, -7.49250000000776, 2.01672416089988e-12, 7780.83249999583
7038.02349999976, 3.23989936708614e-12, 10.4186250000456, -2.33465523546548e-11, -125.023500000001, 2.1115896280302e-13, 10.4186250000001, 8.7120674385786e-15, 0, 0, 0, 0, 0, 0, 0, 0, 0, 0, 0, 0, 0, 0, 0, 0, 0, 0, 0, 0, 0, 0, 0, 0, 0, 0, 0, 0, 0, 0, 0, 0
3.23989936708614e-12, 7038.02349999978, -5.9844830369055e-12, 10.4186249999947, -6.14529394168916e-14, -125.0235, 4.58708299836254e-14, 10.418625, 0, 0, 0, 0, 0, 0, 0, 0, 0, 0, 0, 0, 0, 0, 0, 0, 0, 0, 0, 0, 0, 0, 0, 0, 0, 0, 0, 0, 0, 0, 0, 0
10.4186250000456, -5.9844830369055e-12, 6914.15762499668, -8.07351576681896e-12, -10.4186249999999, 1.23707588513991e-13, 0.578812500000009, -2.24121470547777e-15, 0, 0, 0, 0, 0, 0, 0, 0, 0, 0, 0, 0, 0, 0, 0, 0, 0, 0, 0, 0, 0, 0, 0, 0, 0, 0, 0, 0, 0, 0, 0, 0
-2.33465523546548e-11, 10.4186249999947, -8.07351576681896e-12, 6914.1576249963, 8.59942379601554e-14, -10.4186249999994, -2.94219001735888e-15, 0.578812499999969, 0, 0, 0, 0, 0, 0, 0, 0, 0, 0, 0, 0, 0, 0, 0, 0, 0, 0, 0, 0, 0, 0, 0, 0, 0, 0, 0, 0, 0, 0, 0, 0
-125.023500000001, -6.14529394168916e-14, -10.4186249999999, 8.59942379601554e-14, 256.18825, -4.47772787292768e-15, 9.27311560872113e-14, 1.64046122635091e-14, -125.0235, -2.73337725866677e-14, 10.418625, 2.03101681949445e-15, 0, 0, 0, 0, 0, 0, 0, 0, 0, 0, 0, 0, 0, 0, 0, 0, 0, 0, 0, 0, 0, 0, 0, 0, 0, 0, 0, 0
2.1115896280302e-13, -125.0235, 1.23707588513991e-13, -10.4186249999994, -4.47772787292768e-15, 256.18825, -3.15122916622002e-15, 3.79016817930733e-14, 9.69412917367008e-14, -125.0235, -6.75384443411442e-15, 10.4186250000001, 0, 0, 0, 0, 0, 0, 0, 0, 0, 0, 0, 0, 0, 0, 0, 0, 0, 0, 0, 0, 0, 0, 0, 0, 0, 0, 0, 0
10.4186250000001, 4.58708299836254e-14, 0.578812500000009, -2.94219001735888e-15, 9.27311560872113e-14, -3.15122916622002e-15, 8.45650000000018, -8.52658726068077e-16, -10.4186250000001, 5.05152056659198e-15, 0.578812500000006, 2.22196126002354e-16, 0, 0, 0, 0, 0, 0, 0, 0, 0, 0, 0, 0, 0, 0, 0, 0, 0, 0, 0, 0, 0, 0, 0, 0, 0, 0, 0, 0
8.7120674385786e-15, 10.418625, -2.24121470547777e-15, 0.578812499999969, 1.64046122635091e-14, 3.79016817930733e-14, -8.52658726068077e-16, 8.45650000000014, -1.09270764980289e-14, -10.418625, -4.86601897967191e-16, 0.578812500000001, 0, 0, 0, 0, 0, 0, 0, 0, 0, 0, 0, 0, 0, 0, 0, 0, 0, 0, 0, 0, 0, 0, 0, 0, 0, 0, 0, 0
0, 0, 0, 0, -125.0235, 9.69412917367008e-14, -10.4186250000001, -1.09270764980289e-14, 256.188249999999, -7.24003065070324e-14, -7.00319802149352e-14, 1.46925775920539e-14, -125.023499999999, 2.4425826226337e-14, 10.418625, 2.71881433205146e-16, 0, 0, 0, 0, 0, 0, 0, 0, 0, 0, 0, 0, 0, 0, 0, 0, 0, 0, 0, 0, 0, 0, 0, 0
0, 0, 0, 0, -2.73337725866677e-14, -125.0235, 5.05152056659198e-15, -10.418625, -7.24003065070324e-14, 256.18825, 1.61129419951331e-14, 1.65454316913838e-14, 3.85418085537e-14, -125.0235, -4.70095054194146e-15, 10.418625, 0, 0, 0, 0, 0, 0, 0, 0, 0, 0, 0, 0, 0, 0, 0, 0, 0, 0, 0, 0, 0, 0, 0, 0
0, 0, 0, 0, 10.418625, -6.75384443411442e-15, 0.578812500000006, -4.86601897967191e-16, -7.00319802149352e-14, 1.61129419951331e-14, 8.45650000000105, 4.82551170575777e-15, -10.4186249999999, -4.62448940224213e-15, 0.578812499999996, -1.98515410050747e-16, 0, 0, 0, 0, 0, 0, 0, 0, 0, 0, 0, 0, 0, 0, 0, 0, 0, 0, 0, 0, 0, 0, 0, 0
0, 0, 0, 0, 2.03101681949445e-15, 10.4186250000001, 2.22196126002354e-16, 0.578812500000001, 1.46925775920539e-14, 1.65454316913838e-14, 4.82551170575777e-15, 8.45650000000094, -1.89730126805795e-14, -10.418625, 1.30678016409193e-15, 0.578812500000001, 0, 0, 0, 0, 0, 0, 0, 0, 0, 0, 0, 0, 0, 0, 0, 0, 0, 0, 0, 0, 0, 0, 0, 0
0, 0, 0, 0, 0, 0, 0, 0, -125.023499999999, 3.85418085537e-14, -10.4186249999999, -1.89730126805795e-14, 256.188249999997, -1.84708356205684e-13, 6.95603574740744e-14, -3.79212139806382e-15, -125.0235, 1.6633448219302e-13, 10.418625, -1.16547500692864e-14, 0, 0, 0, 0, 0, 0, 0, 0, 0, 0, 0, 0, 0, 0, 0, 0, 0, 0, 0, 0
0, 0, 0, 0, 0, 0, 0, 0, 2.4425826226337e-14, -125.0235, -4.62448940224213e-15, -10.418625, -1.84708356205684e-13, 256.188249999999, 1.16595813253891e-14, -2.38382646955415e-14, 3.67852381496729e-14, -125.0235, -7.40731046024575e-15, 10.418625, 0, 0, 0, 0, 0, 0, 0, 0, 0, 0, 0, 0, 0, 0, 0, 0, 0, 0, 0, 0
0, 0, 0, 0, 0, 0, 0, 0, 10.418625, -4.70095054194146e-15, 0.578812499999996, 1.30678016409193e-15, 6.95603574740744e-14, 1.16595813253891e-14, 8.4565000000011, 3.67524589601032e-15, -10.4186250000001, -1.79114546835053e-14, 0.578812500000003, 8.4586064870795e-16, 0, 0, 0, 0, 0, 0, 0, 0, 0, 0, 0, 0, 0, 0, 0, 0, 0, 0, 0, 0
0, 0, 0, 0, 0, 0, 0, 0, 2.71881433205146e-16, 10.418625, -1.98515410050747e-16, 0.578812500000001, -3.79212139806382e-15, -2.38382646955415e-14, 3.67524589601032e-15, 8.45650000000099, -1.9087183331075e-15, -10.418625, -5.46071953827444e-16, 0.5788125, 0, 0, 0, 0, 0, 0, 0, 0, 0, 0, 0, 0, 0, 0, 0, 0, 0, 0, 0, 0
0, 0, 0, 0, 0, 0, 0, 0, 0, 0, 0, 0, -125.0235, 3.67852381496729e-14, -10.4186250000001, -1.9087183331075e-15, 270.221317569658, 5.0275132175421, -5.54103429806219e-14, -2.28645391382582e-14, -125.0235, 1.18598040903546e-13, 10.418625, -6.34906833295726e-15, 0, 0, 0, 0, 0, 0, 0, 0, 0, 0, 0, 0, 0, 0, 0, 0
0, 0, 0, 0, 0, 0, 0, 0, 0, 0, 0, 0, 1.6633448219302e-13, -125.0235, -1.79114546835053e-14, -10.418625, 5.0275132175421, 249.914842485819, 6.67388090570635e-15, 9.67492752579346e-15, 9.76682543363937e-14, -125.023499999999, -1.8120258009125e-15, 10.4186249999999, 0, 0, 0, 0, 0, 0, 0, 0, 0, 0, 0, 0, 0, 0, 0, 0
0, 0, 0, 0, 0, 0, 0, 0, 0, 0, 0, 0, 10.418625, -7.40731046024575e-15, 0.578812500000003, -5.46071953827444e-16, -5.54103429806219e-14, 6.67388090570635e-15, 8.45650000000095, -3.61869402927567e-15, -10.4186249999999, -8.26553588212366e-15, 0.578812499999994, 9.6868818764892e-16, 0, 0, 0, 0, 0, 0, 0, 0, 0, 0, 0, 0, 0, 0, 0, 0
0, 0, 0, 0, 0, 0, 0, 0, 0, 0, 0, 0, -1.16547500692864e-14, 10.418625, 8.4586064870795e-16, 0.5788125, -2.28645391382582e-14, 9.67492752579346e-15, -3.61869402927567e-15, 8.45650000000103, 4.05692865908039e-14, -10.418625, -2.40208269936799e-15, 0.5788125, 0, 0, 0, 0, 0, 0, 0, 0, 0, 0, 0, 0, 0, 0, 0, 0
0, 0, 0, 0, 0, 0, 0, 0, 0, 0, 0, 0, 0, 0, 0, 0, -125.0235, 9.76682543363937e-14, -10.4186249999999, 4.05692865908039e-14, 273.011442223323, 1.37233995768778e-12, -2.09938733064519e-14, -4.39224526071636e-15, -125.0235, -3.9747773250266e-13, 10.4186250000001, 2.53213458616902e-14, 0, 0, 0, 0, 0, 0, 0, 0, 0, 0, 0, 0
0, 0, 0, 0, 0, 0, 0, 0, 0, 0, 0, 0, 0, 0, 0, 0, 1.18598040903546e-13, -125.023499999999, -8.26553588212366e-15, -10.418625, 1.37233995768778e-12, 256.18825, 8.95807302778278e-15, -2.69917421746868e-15, -2.07969136640474e-13, -125.0235, 1.11598030489434e-14, 10.418625, 0, 0, 0, 0, 0, 0, 0, 0, 0, 0, 0, 0
0, 0, 0, 0, 0, 0, 0, 0, 0, 0, 0, 0, 0, 0, 0, 0, 10.418625, -1.8120258009125e-15, 0.578812499999994, -2.40208269936799e-15, -2.09938733064519e-14, 8.95807302778278e-15, 8.45650000000118, 5.08673038684894e-15, -10.418625, -8.28731874249901e-15, 0.578812500000004, -6.01181173737631e-16, 0, 0, 0, 0, 0, 0, 0, 0, 0, 0, 0, 0
0, 0, 0, 0, 0, 0, 0, 0, 0, 0, 0, 0, 0, 0, 0, 0, -6.34906833295726e-15, 10.4186249999999, 9.6868818764892e-16, 0.5788125, -4.39224526071636e-15, -2.69917421746868e-15, 5.08673038684894e-15, 8.45650000000099, 3.57278891877376e-14, -10.4186249999999, -8.96807538129977e-16, 0.578812499999999, 0, 0, 0, 0, 0, 0, 0, 0, 0, 0, 0, 0
0, 0, 0, 0, 0, 0, 0, 0, 0, 0, 0, 0, 0, 0, 0, 0, 0, 0, 0, 0, -125.0235, -2.07969136640474e-13, -10.418625, 3.57278891877376e-14, 270.259384342479, 2.04578530297892, -7.16946502166138e-14, 2.14235854114091e-14, -125.023499999999, -1.0982270842946e-13, 10.4186249999999, 8.2406849299146e-15, 0, 0, 0, 0, 0, 0, 0, 0
0, 0, 0, 0, 0, 0, 0, 0, 0, 0, 0, 0, 0, 0, 0, 0, 0, 0, 0, 0, -3.9747773250266e-13, -125.0235, -8.28731874249901e-15, -10.4186249999999, 2.04578530297892, 254.82439313135, 2.05418882989992e-15, -1.24924071087662e-13, 2.01544875205079e-13, -125.023499999999, -3.45749640486348e-15, 10.4186249999999, 0, 0, 0, 0, 0, 0, 0, 0
0, 0, 0, 0, 0, 0, 0, 0, 0, 0, 0, 0, 0, 0, 0, 0, 0, 0, 0, 0, 10.4186250000001, 1.11598030489434e-14, 0.578812500000004, -8.96807538129977e-16, -7.16946502166138e-14, 2.05418882989992e-15, 8.45650000000121, -2.61760217647712e-15, -10.418625, -6.36631639982292e-15, 0.578812499999996, 2.43804598270603e-15, 0, 0, 0, 0, 0, 0, 0, 0
0, 0, 0, 0, 0, 0, 0, 0, 0, 0, 0, 0, 0, 0, 0, 0, 0, 0, 0, 0, 2.53213458616902e-14, 10.418625, -6.01181173737631e-16, 0.578812499999999, 2.14235854114091e-14, -1.24924071087662e-13, -2.61760217647712e-15, 8.45650000000115, -3.30971047309702e-14, -10.4186249999999, 2.63325828924787e-15, 0.57881249999999, 0, 0, 0, 0, 0, 0, 0, 0
0, 0, 0, 0, 0, 0, 0, 0, 0, 0, 0, 0, 0, 0, 0, 0, 0, 0, 0, 0, 0, 0, 0, 0, -125.023499999999, 2.01544875205079e-13, -10.418625, -3.30971047309702e-14, 271.623143373102, -1.4082363531322e-11, 8.6405549382107e-14, -2.65064939248228e-14, -125.0235, 6.36644378964001e-13, 10.418625, -5.56140189242275e-14, 0, 0, 0, 0
0, 0, 0, 0, 0, 0, 0, 0, 0, 0, 0, 0, 0, 0, 0, 0, 0, 0, 0, 0, 0, 0, 0, 0, -1.0982270842946e-13, -125.023499999999, -6.36631639982292e-15, -10.4186249999999, -1.4082363531322e-11, 256.188249999992, -3.31912483832621e-14, 8.66000604560213e-14, 1.05033169532431e-13, -125.0235, -1.48313917477328e-14, 10.4186249999999, 0, 0, 0, 0
0, 0, 0, 0, 0, 0, 0, 0, 0, 0, 0, 0, 0, 0, 0, 0, 0, 0, 0, 0, 0, 0, 0, 0, 10.4186249999999, -3.45749640486348e-15, 0.578812499999996, 2.63325828924787e-15, 8.6405549382107e-14, -3.31912483832621e-14, 8.45650000000118, -3.94209279547525e-15, -10.4186250000002, 8.04389566779622e-14, 0.578812500000006, -3.05897800427511e-15, 0, 0, 0, 0
0, 0, 0, 0, 0, 0, 0, 0, 0, 0, 0, 0, 0, 0, 0, 0, 0, 0, 0, 0, 0, 0, 0, 0, 8.2406849299146e-15, 10.4186249999999, 2.43804598270603e-15, 0.57881249999999, -2.65064939248228e-14, 8.66000604560213e-14, -3.94209279547525e-15, 8.45650000000104, 5.72930794588447e-15, -10.418625, -1.96839137624618e-16, 0.578812499999993, 0, 0, 0, 0
0, 0, 0, 0, 0, 0, 0, 0, 0, 0, 0, 0, 0, 0, 0, 0, 0, 0, 0, 0, 0, 0, 0, 0, 0, 0, 0, 0, -125.0235, 1.05033169532431e-13, -10.4186250000002, 5.72930794588447e-15, 271.62321790566, -5.26916586242144e-13, 7.21835924366587e-14, 1.363176973083e-14, -125.023499999996, -5.68283395091748e-12, 10.4186250000096, 7.72469033823518e-13
