7.1538, 7.15396326530612, 7.15412653061225, 7.15428979591837, 7.15445306122449, 7.15461632653061, 7.15477959183674, 7.15494285714286, 7.15510612244898, 7.1552693877551, 7.15543265306123, 7.15559591836735, 7.15575918367347, 7.15592244897959, 7.15608571428572, 7.15624897959184, 7.15641224489796, 7.15657551020408, 7.15673877551021, 7.15690204081633, 7.15706530612245, 7.15722857142857, 7.1573918367347, 7.15755510204082, 7.15771836734694, 7.15788163265306, 7.15804489795919, 7.15820816326531, 7.15837142857143, 7.15853469387755, 7.15869795918368, 7.1588612244898, 7.15902448979592, 7.15918775510204, 7.15935102040817, 7.15951428571429, 7.15967755102041, 7.15984081632653, 7.16000408163266, 7.16016734693878, 7.1603306122449, 7.16049387755102, 7.16065714285715, 7.16082040816327, 7.16098367346939, 7.16114693877551, 7.16131020408164, 7.16147346938776, 7.16163673469388, 7.1618, 7.1538, 7.15139523631726, 7.1440652089058, 7.13202042488881, 7.11547133176013, 7.09462831737759, 7.06970170995646, 7.04090177806276, 7.0084387306067, 6.97252271683603, 6.93336382632944, 6.89117208898993, 6.8461574750382, 6.79852989500603, 6.74849919972965, 6.69627518034316, 6.64206756827187, 6.58608603522574, 6.52854019319269, 6.46963959443209, 6.40959373146806, 6.34861203708291, 6.28690388431055, 6.22467858642985, 6.16214539695806, 6.09951350964422, 6.03699205846258, 5.97479011760596, 5.91311670147924, 5.85218076469271, 5.79219120205554, 5.73335684856915, 5.67588647942071, 5.6199888099765, 5.56587249577538, 5.51374613252221, 5.46381825608128, 5.41629734246977, 5.37139180785116, 5.32931000852865, 5.29026024093868, 5.25445074164424, 5.22208968732843, 5.19338519478781, 5.16854532092584, 5.14777806274637, 5.131291357347, 5.11929308191253, 5.11199105370838, 5.10959303007403, 7.1538, 7.15138909243694, 7.14404211697829, 7.13197100326072, 7.1153875619517, 7.09450348507453, 7.06953034644962, 7.04067960061326, 7.0081625824237, 6.97219050659535, 6.93297446719511, 6.89072543017785, 6.84565423307837, 6.79797157848536, 6.74788803413149, 6.69561403110516, 6.64135986719629, 6.58533572158639, 6.52775165633957, 6.46881762118194, 6.4087434526239, 6.34773886688673, 6.28601345943279, 6.22377669914882, 6.16123792358087, 6.09860633977116, 6.03609103964495, 5.97390100808988, 5.91224512316899, 5.85133215070102, 5.79137074468844, 5.73256945253143, 5.67513670930457, 5.6192808372239, 5.56521004018858, 5.51313240378979, 5.46325589108565, 5.41578834319007, 5.37093748700768, 5.32891093804208, 5.28991620928524, 5.25416071134244, 5.22185174912407, 5.19319652150966, 5.16840212106944, 5.14767552924324, 5.13122361627978, 5.1192531411974, 5.11197075176026, 5.10958298446259, 7.1538, 7.15138307499794, 7.14401951486496, 7.13192265582592, 7.11530565580439, 7.09438149508165, 7.06936297718846, 7.04046272677218, 7.00789318882667, 6.97186662778054, 6.9325951265096, 6.89029057143846, 6.84516465194674, 6.79742884735124, 6.74729442710992, 6.69497244715366, 6.64067375658952, 6.58460902710115, 6.52698875593804, 6.46802327557418, 6.40792275196866, 6.34689717045777, 6.28515633483152, 6.22290985573508, 6.16036714116938, 6.09773739813161, 6.03522966327946, 5.97305281911783, 5.91141559442969, 5.85052655346535, 5.79059409680149, 5.73182647174887, 5.67443176097803, 5.61861788145228, 5.56459257352771, 5.51256340096616, 5.46273774249387, 5.41532279297113, 5.37052557872739, 5.32855296318082, 5.28961166466353, 5.25390825666939, 5.22164916125728, 5.19304064837401, 5.16828883529243, 5.14759967696972, 5.13117896592154, 5.11923233214042, 5.11196524304652, 5.10958300345652, 7.1538, 7.1513770710517, 7.14399696410818, 7.13187441937706, 7.1152239394405, 7.09425979025012, 7.06919600247207, 7.04024636832535, 7.00762444044668, 6.97154353054583, 6.93221670794746, 6.88985677728271, 6.84467627762513, 6.79688746300848, 6.74670230276186, 6.69433247586287, 6.63998938100352, 6.583884180715, 6.526227805859, 6.46723097025555, 6.4071041680912, 6.34605765280838, 6.28430143573803, 6.22204526874669, 6.15949863002669, 6.09687072654255, 6.03437053981553, 5.97220685023909, 5.91058823772625, 5.84972306552936, 5.78981948152659, 5.73108543379698, 5.6737286536605, 5.61795665406957, 5.56397671327698, 5.5119958748416, 5.46222093497273, 5.41485844426586, 5.37011473049583, 5.32819590704437, 5.28930789970275, 5.25365644703387, 5.22144709050051, 5.1928851734353, 5.16817584018408, 5.14752402163707, 5.13113443502723, 5.11921158379643, 5.11195975751272, 5.10958303181766, 7.1538, 7.15137108052858, 7.14397446444035, 7.13182629333124, 7.11514241185534, 7.09413836905791, 7.06902942017647, 7.04003052247306, 7.0073563337451, 6.97122121056103, 6.93183920634451, 6.88942404167989, 6.84418910319321, 6.79634741763307, 6.74611165235382, 6.6936941075926, 6.63930672990304, 6.58316117101811, 6.52546879384774, 6.46644069216445, 6.40628768716858, 6.34522029940642, 6.28344874696866, 6.22118292241048, 6.15863237385526, 6.09600630824903, 6.03351365210972, 5.97136308399232, 5.90976303535123, 5.84892166901225, 5.78904688088281, 5.73034632066802, 5.67302736939007, 5.61729713723073, 5.56336244177679, 5.51142980800743, 5.46170545142597, 5.41439528034724, 5.36970492600782, 5.32783975379794, 5.28900489908301, 5.253405267671, 5.22124552267947, 5.19273008314071, 5.16806312283893, 5.14744855100817, 5.13109001204382, 5.11919088530709, 5.11195428500063, 5.10958306008808, 7.1538, 7.15136510339152, 7.14395201572018, 7.1317782773827, 7.11506107252545, 7.09401723071756, 7.06886322921078, 7.03981518778845, 7.00708886693331, 6.9708996656565, 6.93146261913729, 6.88899236166599, 6.84370312528553, 6.79580870746249, 6.74552247173548, 6.69305733781904, 6.63862579841043, 6.58243999280404, 6.52471171439959, 6.46565243553348, 6.40547330321021, 6.34438510408106, 6.28259826221762, 6.22032281033245, 6.15776836621986, 6.0951441368208, 6.03265899378226, 5.97052151409285, 5.90893998115858, 5.84812235794849, 5.78827628912522, 5.72960912687566, 5.67232790297405, 5.61663932606818, 5.56274975451181, 5.51086519632254, 5.46119128810291, 5.41393329786493, 5.36929616231718, 5.32748450089772, 5.2887026606551, 5.25315471681252, 5.22104445638697, 5.19257537641781, 5.16795068248656, 5.14737326457513, 5.13104569667985, 5.11917023654448, 5.11194882548615, 5.10958308828104, 7.1538, 7.15135913960336, 7.14392961780602, 7.13173037122498, 7.11497992092615, 7.09389637443976, 7.06869742848164, 7.03960036284151, 7.00682203821886, 6.97057889365819, 6.93108694375737, 6.88856173427158, 6.84321834053081, 6.79527132872823, 6.74493475675049, 6.69242216201241, 6.63794658164221, 6.5817206408608, 6.52395656200464, 6.46486619459023, 6.40466101022083, 6.34355206065704, 6.28174997517497, 6.21946492611464, 6.15690660068151, 6.09428420582397, 6.03180655844985, 5.96968213425256, 5.9081190689987, 5.84732512636894, 5.78750770050517, 5.72887384692962, 5.67163024921562, 5.61598321570993, 5.56213864696186, 5.51030203564052, 5.46067844124716, 5.41347249346234, 5.368888436471, 5.32713014579259, 5.28840118226201, 5.2529047926818, 5.22084389020682, 5.1924210521846, 5.16783851834632, 5.14729816181923, 5.13100148863238, 5.11914963736851, 5.11194337893236, 5.10958311639627, 7.1538, 7.15135318913055, 7.14390727056993, 7.13168257458112, 7.11489895658313, 7.09377579951074, 7.06853201699989, 7.03938604633801, 7.0065558459788, 6.97025889259682, 6.93071217787732, 6.88813215680497, 6.84273474587235, 6.79473527801286, 6.74434850362907, 6.69178857606341, 6.63726907516702, 6.5810031104571, 6.52320333165883, 6.4640819640893, 6.40385080274887, 6.3427211635149, 6.28090388009385, 6.21860926392468, 6.1560470713646, 6.09342650938142, 6.03095634027525, 5.96884493871488, 5.90730029323579, 5.84652996879756, 5.78674110974407, 5.72814047578499, 5.67093440333687, 5.61532880167487, 5.5615291149683, 5.50974032214602, 5.460166907402, 5.41301286405086, 5.36848174575255, 5.32677668613619, 5.28810046192076, 5.25265549364674, 5.22064382283952, 5.19226710944994, 5.16772662970524, 5.14722324226931, 5.13095738762949, 5.11912908765773, 5.11193794531324, 5.10958314444184, 7.1538, 7.15134725193823, 7.14388497387888, 7.13163488716312, 7.114818179003, 7.09365550518774, 7.06836699373586, 7.03917223693017, 7.00629028852232, 6.96993966041969, 6.93033831906973, 6.88770362645681, 6.84225233811709, 6.79420055174282, 6.74376370842498, 6.69115657566565, 6.63659327433592, 6.58028739662429, 6.52245201810176, 6.46329973851129, 6.40304267505269, 6.34189240673077, 6.2800599709107, 6.2177558176034, 6.15518977205903, 6.09257104127631, 6.03010833307886, 5.96800992138102, 5.90648364789477, 5.84573687942496, 5.78597651123902, 5.72740900808474, 5.67024036026268, 5.61467607920197, 5.56092115411165, 5.50918005178338, 5.45965668289211, 5.41255440634559, 5.36807608727147, 5.32642411943111, 5.28780049751946, 5.25240681796758, 5.22044425289797, 5.19211354715368, 5.16761501579792, 5.1471485054161, 5.13091339337287, 5.119108587273, 5.11193252459039, 5.10958317241503, 7.1538, 7.15134132798982, 7.14386272759349, 7.13158730866936, 7.11473758766938, 7.09353549069389, 7.06820235761336, 7.03895893321036, 7.00602536408486, 6.9696211949864, 6.92996536480565, 6.88727614030302, 6.84177111394487, 6.79366714620622, 6.74318036704372, 6.69052615635613, 6.63591917433681, 6.57957349422584, 6.52170261590268, 6.46251951216612, 6.40223662122191, 6.34106578421628, 6.27921824140383, 6.21690458084185, 6.15433469641489, 6.09171779516334, 6.02926253056488, 5.96717707604867, 5.90566912690965, 5.8449458523628, 5.7852138993188, 5.72667943841216, 5.66954811486542, 5.61402504348363, 5.56031475993102, 5.50862122046015, 5.45914776400944, 5.41209711703262, 5.36767145811185, 5.3260724431576, 5.28750128692699, 5.25215876388833, 5.2202451789817, 5.19196036422491, 5.16750367585071, 5.14707395074433, 5.13086950556006, 5.11908813607249, 5.11192711672369, 5.10958320031181, 7.1538, 7.15133541724697, 7.14384053156749, 7.1315398387833, 7.11465718204026, 7.09341575521377, 7.06803810750269, 7.03874613370083, 7.00576107081391, 6.96930349404966, 6.92959331242974, 6.88684969527323, 6.8412910698694, 6.79313505750552, 6.7425984751863, 6.68989731344952, 6.63524677011875, 6.57886139787161, 6.52095511936438, 6.4617412790868, 6.40143263506143, 6.34024128959354, 6.27837868506, 6.21605554704008, 6.15348183779427, 6.09086676441433, 6.02841892616175, 5.96634639624867, 5.9048567239581, 5.84415688147833, 5.78445326808091, 5.72595176113339, 5.66885766181524, 5.61337568952561, 5.55970992779492, 5.50806382392947, 5.4586401469079, 5.41164099267628, 5.36726785525194, 5.32572165470564, 5.28720282793677, 5.2519113295916, 5.2200465996419, 5.19180755955633, 5.16739260906412, 5.14699957772185, 5.1308257238791, 5.11906773391031, 5.11192172167235, 5.10958322812863, 7.1538, 7.15132951967626, 7.14381838567346, 7.13149247722915, 7.11457696164329, 7.09329629803642, 7.06787424241847, 7.03853383711211, 7.0054974070922, 6.96898655564673, 6.92922215962183, 6.88642428868344, 6.84081220284175, 6.79260428223078, 6.74201802909019, 6.68927004284398, 6.63457605725889, 6.57815110284123, 6.52020952349775, 6.46096503404908, 6.40063071114966, 6.33941891728495, 6.2775412961884, 6.21520871043742, 6.15263119040973, 6.09001794325692, 6.02757751415298, 5.96551787636005, 5.90404643355293, 5.84336996145471, 5.78369461241368, 5.72522597137463, 5.66816899650623, 5.61272801301663, 5.5591066537095, 5.50750785853326, 5.45813382827841, 5.41118603032414, 5.36686527609843, 5.32537175183843, 5.28690511866094, 5.25166451352565, 5.21984851364481, 5.19165513220855, 5.16728181476386, 5.14692538590458, 5.13078204807538, 5.11904738067483, 5.11191633941542, 5.10958325587703, 7.1538, 7.15132363524156, 7.14379628977363, 7.13144522370877, 7.11449692596803, 7.09317711839396, 7.06771076129694, 7.03832204205285, 7.00523437117564, 6.96867037766204, 6.92885190388233, 6.88599991764354, 6.84033450958039, 6.79207481671331, 6.74143902470858, 6.68864434012851, 6.63390703100119, 6.57744260405802, 6.51946582293527, 6.46019077142902, 6.39983084364477, 6.3385986612725, 6.27670606863894, 6.21436406479719, 6.15178274798374, 6.08917132541769, 6.0267382883137, 5.96469151024997, 5.90323824969566, 5.84258508646878, 5.78293792670828, 5.72450206377836, 5.66748211386641, 5.61208200920091, 5.55850493326158, 5.50695332022243, 5.45762880445183, 5.4107322266967, 5.36646371776523, 5.32502273206159, 5.28660815698937, 5.25141831395128, 5.21965091960279, 5.19150308111986, 5.16717129218219, 5.14685137478024, 5.13073847784705, 5.11902707622298, 5.11191096991028, 5.10958328354985, 7.1538, 7.15131774436683, 7.14377416912012, 7.13139791625927, 7.11441679734606, 7.09305779797453, 7.06754708379757, 7.03810998832109, 7.00497100872062, 6.96835380088233, 6.92848117395253, 6.88557499522531, 6.83985618741505, 6.79154464601941, 6.74085924187348, 6.68801779048081, 6.63323709600009, 6.57673314333536, 6.51872111788261, 6.4594154746086, 6.39902992743894, 6.33777735984154, 6.2758698139483, 6.21351842273984, 6.15093335002611, 6.08832380107354, 6.02589821123775, 5.96386435265114, 5.90242933695155, 5.84179954658332, 5.7821806401611, 5.72377761828151, 5.66679475415016, 5.61143558619661, 5.55790284794805, 5.5063984673555, 5.45712351209853, 5.41027819619306, 5.36606196976415, 5.3246735553509, 5.28631106668025, 5.25117200969464, 5.21945324066226, 5.19135096097594, 5.16706071272956, 5.146777315636, 5.13069486547625, 5.11900673291639, 5.11190556264882, 5.1095832727863, 7.1538, 7.15131186666303, 7.14375209859762, 7.13135071714634, 7.11433685397582, 7.09293875590556, 7.06738379141751, 7.03789843766884, 7.00470827606342, 6.96803798700187, 6.92811134410238, 6.885151111936, 6.83937904319551, 6.79101578988982, 6.74028090620808, 6.68739281484121, 6.6325688543915, 6.57602548632707, 6.51797831627796, 6.45864216902042, 6.39823107711214, 6.33695818481482, 6.27503573131354, 6.21267498300356, 6.15008616901754, 6.08747849268269, 6.02506033363001, 5.96303936281802, 5.90162254546129, 5.84101606719545, 5.78142533982917, 5.72305507203763, 5.66610919507671, 5.61079085478976, 5.55730233615419, 5.50584506248023, 5.45661953652226, 5.40982534749631, 5.36566126681122, 5.32432528713949, 5.28601475059854, 5.25092634979757, 5.21925608281733, 5.19119924752864, 5.16695043675099, 5.14670347027543, 5.13065139312031, 5.11898647419118, 5.1119002053008, 5.10958330047438, 7.1538, 7.15130600207704, 7.14373007800047, 7.13130362591916, 7.11425709507547, 7.09281999099511, 7.06722088248234, 7.0376873878736, 7.00444617037441, 6.96772293253126, 6.92774241013632, 6.88472826283344, 6.83890307119821, 6.79048824179008, 6.73970401034215, 6.68676940498386, 6.63190229707929, 6.57531962305731, 6.51723740726176, 6.45787084292179, 6.39743428004333, 6.33614112270087, 6.27420380638301, 6.21183373038815, 6.14924118892118, 6.08663538338277, 6.02422463781304, 5.9622165222677, 5.90081785594494, 5.84023462823635, 5.78067200486235, 5.72233440342194, 5.66542541425177, 5.61014779181933, 5.55670337395199, 5.50529308089774, 5.45611685224499, 5.40937365433606, 5.36526158182581, 5.32397789951439, 5.28571917997224, 5.25068130459781, 5.21905941547938, 5.19104790922189, 5.16684043167677, 5.14662980506367, 5.13060802602243, 5.11896626410648, 5.11189486067367, 5.10958332809681, 7.1538, 7.15130015067616, 7.14370810758812, 7.13125664314447, 7.11417752162447, 7.09270150473107, 7.06705835907442, 7.03747684168834, 7.00418469514346, 6.96740864175346, 6.92737437717639, 6.88430645391424, 6.83842827831894, 6.78996200952855, 6.73912856299831, 6.68614757053582, 6.63123743457386, 6.57461556488759, 6.51649840300317, 6.4571015092345, 6.39663954983939, 6.335326187711, 6.2733740538777, 6.21099468001449, 6.14839842513195, 6.08579448869974, 6.02339113928389, 5.96139584629113, 5.90001528329267, 5.83945524402701, 5.77992064887002, 5.72161562521552, 5.66474342353643, 5.60950640815904, 5.55610597118404, 5.50474253139863, 5.45561546700683, 5.40892312342508, 5.36486292053863, 5.32363139729178, 5.28542435877451, 5.25043687730084, 5.2188632411651, 5.19089694796591, 5.16673069889627, 5.1465563209581, 5.13056476479994, 5.11894610303453, 5.11188952899263, 5.10958335583287, 7.1538, 7.15129431242117, 7.14368618721103, 7.13120976849849, 7.11409813306821, 7.09258329627865, 7.0668962200366, 7.03726679759858, 7.00392384847082, 6.96709511236243, 6.92700724249592, 6.88388568202317, 6.8379546609721, 6.78943708909313, 6.738554559747, 6.68552730666446, 6.63057426165955, 6.57391330624492, 6.51576129760341, 6.45633416177052, 6.39584688006406, 6.33451337320535, 6.27254646700148, 6.21015782497919, 6.14755787068882, 6.08495580166405, 6.0225598311133, 5.96057732804753, 5.89921482079945, 5.83867790804376, 5.77917126555336, 5.72089873138551, 5.66406321720182, 5.6088666984182, 5.55551012282747, 5.50419340935222, 5.45511537658786, 5.40847375096646, 5.36446527958197, 5.32328577753358, 5.28513028449055, 5.25019306580175, 5.218667558159, 5.1907463624068, 5.16662123738183, 5.1464830172143, 5.13052160894102, 5.11892599063769, 5.11188421002802, 5.10958338348684, 7.1538, 7.15128849922307, 7.14366436269094, 7.13116310189314, 7.11401910176773, 7.09246562698658, 7.06673483042349, 7.03705773726254, 7.00366423969543, 6.96678309063426, 6.9266418967437, 6.88346698779618, 6.83748341357389, 6.78891483065153, 6.73798350665652, 6.68491027366577, 6.62991458936544, 6.57321480357516, 6.51502818578727, 6.45557102457361, 6.39505861329746, 6.33370512769432, 6.27172358576475, 6.20932578053725, 6.14672219800997, 6.08412203194874, 6.02173343849399, 5.95976368468717, 5.89841915218383, 5.83790524335618, 5.77842639292861, 5.72018615330316, 5.66338710119452, 5.60823082715056, 5.5549178388858, 5.50364755986472, 5.45461825365987, 5.40802703246995, 5.3640699753857, 5.32294217848205, 5.28483792087731, 5.24995066588459, 5.21847300359439, 5.19059664315897, 5.16651240617046, 5.14641013904292, 5.1304787103904, 5.11890600896468, 5.11187894211188, 5.10958343466279, 7.1538, 7.1512826990334, 7.14364258767851, 7.13111654226848, 7.11394025338552, 7.09234823251542, 7.06657382101205, 7.03684917353441, 7.00340525255206, 6.96647182182991, 6.92627743919457, 6.88304931885141, 6.83701332825656, 6.78839386886186, 6.73741388076295, 6.68429479264633, 6.62925658640164, 6.57251807856564, 6.51429694943347, 6.45480984876797, 6.39427238080237, 6.33289897531062, 6.27090284173863, 6.20849590210279, 6.14588870459188, 6.08329043920552, 6.02090920513935, 5.95895216772478, 5.89762556233432, 5.83713459563098, 5.77768346201434, 5.71947542908147, 5.66271273963271, 5.60759660055747, 5.55432708088803, 5.50310311020292, 5.45412239880247, 5.40758144656714, 5.36367566653697, 5.32259943774804, 5.28454628080205, 5.24970885906993, 5.21827891820618, 5.19044727789661, 5.16640382476421, 5.14633741982601, 5.13043589562576, 5.11888605396783, 5.11187366421355, 5.10958346205279, 7.1538, 7.15127691182137, 7.14362086205799, 7.13107008937693, 7.11386158750258, 7.09223111224256, 7.06641319095112, 7.03664110531683, 7.00314688568661, 6.96616130433495, 6.92591386797699, 6.88263267307, 6.8365444026699, 6.78787420116432, 6.73684567932396, 6.68368086071387, 6.62860024976438, 6.57182312814525, 6.51356758545366, 6.45405063130333, 6.39348817962661, 6.332094913264, 6.27008423236154, 6.20766818741161, 6.14505738853742, 6.08246102197389, 6.02008713009518, 5.95814277678181, 5.89683405151696, 5.83636596584637, 5.77694247456706, 5.71876656131954, 5.66204013601986, 5.60696402310535, 5.55373785431822, 5.50256006691865, 5.45362781968019, 5.40713700207441, 5.36328236303774, 5.32225756654761, 5.28425537671819, 5.24946765906658, 5.21808531697103, 5.19029828287096, 5.16629551068977, 5.14626487836068, 5.13039318470355, 5.11886614694579, 5.1118683988506, 5.10958348936397, 7.1538, 7.15127113755061, 7.14359918569068, 7.13102374291831, 7.11378310360496, 7.0921142653947, 7.0662529391693, 7.03643353120823, 7.00288913734185, 6.96585153601752, 6.92555118057171, 6.88221704753855, 6.83607663350527, 6.7873558238593, 6.73627889825797, 6.68306847341887, 6.62794557465541, 6.57112994719155, 6.51284008843112, 6.45329336650338, 6.392706003873, 6.33129293547843, 6.26926775142312, 6.20684263016496, 6.14422824350583, 6.08163377391688, 6.01926720707355, 5.95733550566401, 5.89604461367475, 5.83559934812445, 5.77620342492768, 5.71805954461459, 5.66136928524396, 5.60633309000375, 5.55315015473387, 5.50201842593865, 5.45313451260465, 5.40669369569765, 5.36289006199159, 5.3219165623798, 5.2839652065123, 5.24922706413489, 5.21789219850324, 5.19014965702424, 5.16618746318499, 5.14619251414159, 5.13035057732994, 5.11884628776435, 5.11186314598998, 5.10958351659933, 7.1538, 7.15126537614316, 7.14357755827846, 7.13097750224576, 7.11370480058208, 7.0919976902963, 7.06609306333841, 7.0362264481537, 7.00263200367549, 6.96554251220057, 6.9251893714327, 6.88180243582068, 6.83561001342715, 6.78683872871535, 6.7357135284526, 6.68245762079478, 6.6272925502929, 6.57043852415847, 6.51211444611877, 6.45253804149487, 6.39192584012792, 6.33049302809593, 6.26845338472623, 6.20601921594016, 6.14340125496977, 6.08080868052965, 6.01844942171241, 5.95653034026513, 5.89525723506287, 5.83483472917916, 5.77546630035779, 5.71735436685591, 5.66070017589269, 5.60570379059923, 5.55256397229002, 5.50147817826464, 5.45264246945025, 5.40625152019728, 5.36249875704587, 5.3215764197677, 5.28367576555991, 5.24898707046717, 5.21769955976387, 5.19000139802553, 5.16607968055343, 5.1461203260204, 5.13030807280532, 5.11882647606025, 5.11185790547935, 5.10958354367899, 7.1538, 7.15125962730276, 7.14355597868633, 7.13093136489316, 7.11362667419441, 7.09188138054203, 7.06593355454504, 7.03601984443934, 7.00237546993049, 6.96523421489083, 6.92482841918661, 6.88138881306799, 6.83514451406556, 6.78632288384232, 6.73514953454607, 6.6818482641042, 6.62664113470738, 6.56974881403559, 6.51139061070391, 6.45178460594818, 6.39114763587603, 6.32969513679128, 6.26764107655525, 6.20519788809282, 6.14257636585864, 6.0799856848574, 6.01763371767646, 5.95572722533438, 5.89447186194083, 5.83407205716583, 5.77473105125333, 5.71665098098378, 5.66003276371214, 5.60507608366218, 5.55197926895587, 5.50093928919415, 5.45215165892668, 5.40581044773234, 5.36210842380004, 5.32123711769624, 5.28338703613038, 5.24874766346999, 5.21750738910282, 5.18985349692748, 5.16597215626287, 5.14604830954527, 5.13026566837623, 5.11880671034906, 5.11185267662659, 5.10958357017898, 7.1538, 7.15125389099701, 7.14353444679086, 7.13088533059359, 7.11354872398516, 7.09176533544514, 7.06577441183846, 7.03581371882245, 7.00211953455021, 6.96492664220153, 6.92446832160602, 6.88097617670727, 6.83468013250142, 6.78580828597985, 6.73458691294555, 6.68124039943498, 6.62599132368524, 6.56906081233034, 6.51066857744232, 6.45103305489888, 6.39037138596762, 6.32889925626728, 6.26683082150507, 6.20437864115053, 6.14175357067328, 6.0791647814137, 6.01682008953149, 5.95492615552897, 5.89368848909594, 5.83331132703925, 5.77399767277238, 5.71594938239353, 5.65936704436644, 5.60444996515389, 5.55139604101435, 5.50040175535179, 5.45166207801512, 5.40537047564989, 5.36171905997091, 5.32089865425079, 5.28309901667135, 5.24850884194175, 5.21731568565232, 5.18970595317355, 5.16586489003977, 5.14597646469154, 5.13022336422687, 5.11878699097788, 5.1118474598898, 5.10958359661049, 7.1538, 7.15124816704458, 7.1435129619026, 7.13083939785839, 7.11347094741122, 7.0916495511885, 7.06561562994368, 7.03560806442212, 7.00186418893524, 6.96461978373765, 6.92410906645838, 6.88056451266155, 6.83421685284112, 6.78529491747972, 6.73402564434408, 6.68063400595132, 6.62534309502593, 6.56837449567585, 6.50994832203354, 6.45028336333852, 6.38959706490395, 6.32810536074396, 6.26602259371408, 6.20356144935922, 6.14093284394494, 6.07834594518051, 6.01600851286413, 5.95412710718252, 5.89290709373923, 5.83255251700561, 5.7732661442211, 5.71524955158297, 5.65870299962285, 5.6038254181743, 5.55081427294614, 5.49986556263118, 5.45117371403789, 5.40493159269962, 5.36133065571757, 5.3205610209654, 5.28281170004094, 5.24827059999707, 5.21712444469916, 5.18955876312144, 5.16575787919429, 5.14590478958625, 5.1301811591483, 5.1187673172316, 5.11184225486008, 5.10958362266596, 7.1538, 7.15124245721305, 7.14349153084959, 7.13079358162697, 7.11339337033227, 7.09153406711891, 7.06545726401953, 7.0354029542919, 7.00160952587439, 6.96431375362135, 6.92375079055478, 6.88015398154347, 6.83375486036826, 6.78478298892227, 6.7334659650003, 6.6800293457277, 6.62469673651357, 6.56769017721592, 6.50923018238745, 6.44953589309973, 6.38882505734685, 6.32731385636759, 6.26521681921622, 6.20274675679064, 6.14011464567917, 6.07752964973791, 6.01519947221557, 5.95333057292943, 5.89212817347558, 5.83179612626195, 5.7725369627545, 5.71455197977464, 5.65804111062413, 5.60320290938149, 5.5502344122613, 5.49933113447203, 5.45068696118231, 5.40449415965005, 5.36094353523919, 5.3202245033355, 5.28252533191257, 5.24803314338509, 5.21693383298171, 5.1894120564278, 5.16565121924592, 5.1458333495716, 5.13013909328053, 5.11874771003836, 5.11183707025926, 5.10958365288148, 7.1538, 7.15123675948385, 7.14347014583904, 7.13074786485792, 7.11331596326504, 7.09141883839933, 7.06529925124439, 7.03519830527598, 7.00135543980901, 6.96400842210344, 6.92339333844842, 6.87974440098203, 6.83329394484119, 6.78427226152843, 6.73290760721022, 6.67942612202716, 6.62405192254977, 6.56700750294199, 6.50851377681627, 6.44879023582603, 6.38805492956048, 6.32652428559047, 6.26441301849659, 6.20193406408367, 6.13929845906488, 6.07671536349536, 6.01439242416156, 5.95253600073239, 5.89135117115005, 5.83104159630497, 5.77180957256381, 5.71385611817065, 5.65738084017224, 5.60258191803822, 5.5496559598157, 5.49879799872621, 5.45020137996916, 5.40405777424194, 5.36055733692607, 5.3198887827092, 5.28223963777904, 5.24779624180879, 5.21674366335687, 5.18926568692536, 5.16554480170314, 5.14576206940963, 5.13009711909482, 5.11872814291206, 5.111831892855, 5.10958367836742, 7.1538, 7.15123107382658, 7.14344880675533, 7.13070224730153, 7.11323872578283, 7.09130386438901, 7.06514159073239, 7.03499411621814, 7.00110192929306, 6.96370378743419, 6.92303670807744, 6.87933576860002, 6.83283410356894, 6.78376273229958, 6.73235056767775, 6.67882433127047, 6.62340864929105, 6.56632646876964, 6.50779910102254, 6.44804638703925, 6.38728667692197, 6.32573664368408, 6.26361118676225, 6.20112336642342, 6.138484279308, 6.07590308172166, 6.0135873640761, 5.95174338611307, 5.89057608247417, 5.83028892307737, 5.77108396986301, 5.71316196329489, 5.65672218513757, 5.6019624413952, 5.54907891327074, 5.49826615349215, 5.4497169689556, 5.40362243550865, 5.36017206030126, 5.31955385910902, 5.28195461816846, 5.24755989630407, 5.21655393736653, 5.18911965665601, 5.16543862909752, 5.14569095210683, 5.13005524005332, 5.11870861974674, 5.11182672694485, 5.10958370379186, 7.1538, 7.15122540021228, 7.14342751348816, 7.13065672871928, 7.11316165747753, 7.09118914447446, 7.06498428163436, 7.0347903860086, 7.00084899293662, 6.96339984792917, 6.92268089745356, 6.87892808210071, 6.83237533394623, 6.78325439832588, 6.73179484319601, 6.67822396996518, 6.62276691297475, 6.56564707068555, 6.50708615076602, 6.44730434229983, 6.38652029482346, 6.32495092590582, 6.26281131917117, 6.20031465890462, 6.13767210147609, 6.07509279949218, 6.01278428707727, 5.95095272426677, 5.88980290275444, 5.82953810202941, 5.77036015027716, 5.71246951097643, 5.65606514157987, 5.60134447576638, 5.54850326921432, 5.49773559564704, 5.44923372531838, 5.4031881409321, 5.35978770315316, 5.31921973062706, 5.28167027146971, 5.24732410554545, 5.21636465395528, 5.18897396481425, 5.16533270084859, 5.14561999727808, 5.1300134559317, 5.11868914043929, 5.11182157250247, 5.10958372915577, 7.1538, 7.15121973861208, 7.14340626592753, 7.13061130887331, 7.11308475794225, 7.09107467804401, 7.06482732310359, 7.03458711354084, 7.00059662935385, 6.96309660190891, 6.92232590459438, 6.87852133919418, 6.83191763337553, 6.78274725670612, 6.73124043056773, 6.67762503462924, 6.62212670984951, 6.56496930468851, 6.50637492181925, 6.44656409718163, 6.385755778671, 6.32416712752739, 6.26201341089594, 6.19950793663683, 6.13686192065163, 6.07428451189715, 6.01198318829787, 5.95016401040326, 5.88903162731144, 5.82878912862503, 5.76963810944442, 5.71177875705676, 5.65540970557056, 5.60072801747663, 5.5479290242444, 5.49720632207717, 5.44875164624241, 5.40275488800144, 5.35940426327645, 5.31888639536075, 5.28138659607607, 5.24708886821098, 5.21617581207042, 5.18882861059652, 5.16522701637711, 5.14554920453887, 5.12997176650568, 5.11866970488627, 5.1118164295009, 5.10958375445932, 7.1538, 7.15121411030823, 7.14338514561251, 7.13056616494767, 7.11300833180774, 7.09096092539055, 7.06467135572407, 7.03438514073245, 7.00034589925186, 6.96279534273924, 6.92197326580676, 6.87811732582353, 6.83146304054391, 6.78224359839122, 6.73068986893933, 6.67703030495729, 6.62149104893205, 6.56429639431256, 6.50566883385019, 6.4458292455243, 6.38499687093426, 6.32338911052663, 6.26122141071969, 6.19870719892348, 6.13605774679033, 6.07348220265981, 6.01118799132797, 5.94938107706286, 5.88826596970278, 5.82804557248913, 5.76892125108977, 5.71109292037611, 5.6547588950622, 5.60011587056779, 5.54735875844846, 5.49668068185068, 5.44827284568963, 5.40232455446408, 5.35902338407442, 5.3185552672187, 5.28110478422997, 5.24685516568427, 5.2159881960228, 5.18868419800553, 5.16512201912071, 5.14547887948306, 5.12993036522496, 5.11865042307106, 5.11181135611315, 5.10958382069936, 7.1538, 7.15120849363903, 7.14336406952406, 7.1305211164946, 7.11293206875034, 7.09084741749139, 7.06451572657525, 7.0341836091902, 7.00009572081399, 6.96249475085324, 6.92162141307043, 6.87771421843565, 6.83100947290919, 6.78174108201677, 6.73014056191342, 6.67643693702579, 6.62085684999718, 6.56362503797287, 6.50496438257399, 6.44509610272001, 6.3842397327763, 6.32261291164762, 6.26043126449309, 6.19790833796163, 6.13525545938862, 6.07268177646875, 6.01039466088183, 5.94859998075928, 5.88750210695555, 5.82730375681561, 5.76820606716658, 5.71040868117908, 5.65410959506074, 5.59950513821526, 5.54678980351657, 5.49615624245427, 5.44779513116142, 5.4018951889904, 5.35864335347731, 5.3182248684185, 5.28082358440041, 5.24662196158626, 5.21580097042215, 5.18854007541283, 5.16501722092183, 5.14540867406912, 5.12988901774505, 5.11863114486303, 5.11180625387521, 5.10958384546704, 7.1538, 7.15120288115657, 7.1433430089339, 7.13047610073513, 7.1128558602323, 7.09073398940417, 7.0643602047264, 7.03398221347347, 6.99984570663013, 6.96219435047364, 6.92126977690504, 6.87731134957257, 6.8305561618225, 6.78123883559041, 6.72959153306204, 6.67584384993879, 6.62022292870861, 6.56295394998061, 6.50426018409723, 6.44436319087861, 6.38348279757754, 6.32183688186723, 6.25964124817318, 6.19710956312912, 6.13445321074188, 6.07188133909059, 6.00960126780894, 5.94781877009425, 5.88673807915065, 5.82656172794813, 5.76749062612144, 5.70972414691163, 5.65345996996364, 5.59889406077503, 5.54622049582478, 5.4956314531707, 5.4473170785584, 5.40146550463502, 5.3582630290551, 5.31789420523233, 5.28054215257405, 5.24638855945572, 5.21561358102215, 5.18839582227479, 5.16491232325218, 5.14533839692148, 5.12984762180517, 5.118611835903, 5.11180113194086, 5.10958385386503, 7.1538, 7.15119726099216, 7.14332192170941, 7.13043103221437, 7.11277956975498, 7.09062045120194, 7.06420454977464, 7.03378067099252, 6.99959554554964, 6.96189382085055, 6.92091804437815, 6.8769084299909, 6.83010285605564, 6.78073665867954, 6.72904264398238, 6.67525097701095, 6.61958929823982, 6.56228322996321, 6.50355642955031, 6.44363079613634, 6.38272644843603, 6.32106150165395, 6.25885193845933, 6.19631154466781, 6.13365176039627, 6.07108173358903, 6.00880873135621, 5.94703843161584, 5.88597492970732, 5.8258205741987, 5.7667760476319, 5.7090404535408, 5.65281115540197, 5.59828375536685, 5.54565191425563, 5.49510733761137, 5.44683964187852, 5.40103637413207, 5.35788319332014, 5.31756396368551, 5.28026107471671, 5.24615544431918, 5.2154264137227, 5.18825172986973, 5.16480752996592, 5.14526817435971, 5.1298062387721, 5.1185925078788, 5.11179597028499, 5.10958381481346, 7.1538, 7.15119165251433, 7.14330087891842, 7.13038605963035, 7.11270344317758, 7.09050715903608, 7.06404923489458, 7.03357957227636, 6.99934593938693, 6.96159396261466, 6.92056710295585, 6.87650642249928, 6.82965058275478, 6.78023563225041, 6.72849501943054, 6.67465947724475, 6.61895714278332, 6.5616140787341, 6.50285432828588, 6.44290012879053, 6.38197188948601, 6.32028796235715, 6.25806450777968, 6.1955154304328, 6.13285222646596, 6.07028404365414, 6.00801809659236, 5.94625996805984, 5.8852136158023, 5.82508120444366, 5.76606319001729, 5.70835840705672, 5.65216390374829, 5.59767491994066, 5.54508470201411, 5.49458448439616, 5.44636335579798, 5.40060827933759, 5.35750427691416, 5.31723452529398, 5.27998068578964, 5.24592290763683, 5.21523972001901, 5.18810801374614, 5.16470302516513, 5.14519816402192, 5.12976500528432, 5.11857328237563, 5.11179088186772, 5.10958383955747, 7.1538, 7.15118605565005, 7.14327988027647, 7.13034118235632, 7.11262747940789, 7.09039411123329, 7.06389425772383, 7.033378914173, 6.9990968841074, 6.96129477076298, 6.92021694658806, 6.87610531992875, 6.82919933356682, 6.77973574670668, 6.72794864851364, 6.67406933840267, 6.6183264487143, 6.56094648124401, 6.50215386379859, 6.44217117085346, 6.38121910123587, 6.31951624296385, 6.25727893358559, 6.19472119632796, 6.13205458329684, 6.06948824206584, 6.00722933472664, 5.94548334906325, 5.88445410550168, 5.82434358518165, 5.76535201821416, 5.70767797084086, 5.65151817683708, 5.59706751479244, 5.54451881786596, 5.49406285076799, 5.44588817604283, 5.40018117446561, 5.35712623254327, 5.31690584125944, 5.27970093549313, 5.24569089760981, 5.21505344661438, 5.18796461910981, 5.16459875255724, 5.14512830811501, 5.12972386204471, 5.11855409858743, 5.11178580436773, 5.10958386425267, 7.1538, 7.15118047037504, 7.14325892569133, 7.13029640019338, 7.11255167810638, 7.09028130728446, 7.06373961755955, 7.03317869576654, 6.99884837856739, 6.96099624391404, 6.91986757364983, 6.87570512040927, 6.82874910637892, 6.77923699969849, 6.72740352865355, 6.67348055768959, 6.61769721303467, 6.56028043430866, 6.50145503273755, 6.44144391882992, 6.38046808007033, 6.31874633976431, 6.25649521209902, 6.19392883853273, 6.13125882705045, 6.068694324992, 6.00644244195818, 5.94470857088182, 5.88369639514335, 5.82360771285768, 5.7646425287988, 5.70699914162402, 5.65087397157516, 5.59646153702427, 5.54395425912489, 5.49354243426501, 5.44541410038443, 5.39975505752568, 5.35674905845674, 5.31657791006921, 5.27942182254761, 5.24545941318341, 5.21486759266717, 5.18782154531664, 5.16449471167638, 5.14505860632809, 5.12968280887015, 5.11853495642756, 5.11178073775953, 5.10958388889535, 7.1538, 7.15117490686207, 7.1432380544766, 7.13025179918797, 7.11247618826837, 7.09016897397365, 7.06358563243843, 7.03297933843398, 6.99860095819572, 6.96069904088358, 6.91951977430236, 6.87530675202927, 6.8283009724114, 6.77874060940521, 6.726861027438, 6.67289465317247, 6.61707110398327, 6.55961775465328, 6.50075979725081, 6.44072047584888, 6.3797210642785, 6.31798061900743, 6.25571582894783, 6.19314095209198, 6.13046765084448, 6.06790507089778, 6.005660267994, 5.94393853897827, 5.88294342907881, 5.8228765524637, 5.76393768775204, 5.70632486532075, 5.65023419135159, 5.5958598236358, 5.54339377113179, 5.49302586189405, 5.4449436094136, 5.39933223320452, 5.35637485254315, 5.31625259975916, 5.27914496992121, 5.24522982488237, 5.21468327672226, 5.18767966723425, 5.16439154985435, 5.1449895024375, 5.12964211780055, 5.1185159958573, 5.11177573742222, 5.10958393961753, 7.1538, 7.15116935481396, 7.14321722684233, 7.13020729225903, 7.11240085912064, 7.09005688183177, 7.06343198058893, 7.03278041589206, 6.99835408138512, 6.96040249532493, 6.91917274944083, 6.87490927630338, 6.82785384857192, 6.77824534429665, 6.72631976246298, 6.67231009053183, 6.6164464356779, 6.55895660658001, 6.50006617496623, 6.43999871739924, 6.37897579313895, 6.31721669108241, 6.25493827434428, 6.19235491714365, 6.12967833623438, 6.06711767563783, 6.00487993726029, 5.94317032201299, 5.88219223725523, 5.82214711367513, 5.76323450429162, 5.70565217187746, 5.64959590939911, 5.59525951507428, 5.5428345868464, 5.492510485794, 5.44447420248311, 5.39891037747156, 5.35600149815963, 5.31592802398579, 5.27886873662181, 5.24500074425818, 5.21449936220695, 5.18753809163757, 5.16428860082515, 5.14492053288695, 5.12960149587928, 5.11849705454873, 5.11177072382474, 5.10958396399226, 7.1538, 7.1511638141927, 7.14319644264433, 7.13016287909591, 7.11232569013363, 7.08994503006574, 7.0632786609178, 7.03258192671831, 6.99810774636265, 6.96010660510091, 6.91882649655744, 6.87451269035394, 6.82740773162051, 6.77775120078455, 6.72577972981203, 6.67172686554856, 6.6158232036281, 6.55829698536413, 6.49937416096769, 6.43927863842206, 6.37823226150348, 6.31645455080974, 6.25416254313898, 6.19157072863273, 6.12889087832553, 6.06633213454668, 6.0041014453932, 5.94240391599968, 5.88144281614294, 5.82141939350054, 5.76253297604858, 5.70498105963427, 5.6489591248553, 5.59466061136435, 5.54227670727046, 5.49199630803378, 5.44400588281841, 5.39848949479789, 5.35562900111201, 5.31560418997872, 5.27859313139189, 5.24477218165508, 5.21431586115571, 5.18739683233938, 5.16418588026725, 5.14485171530734, 5.12956096277558, 5.11847815429454, 5.11176572096751, 5.10958398831105, 7.1538, 7.15115826446654, 7.14317562371341, 7.13011839074011, 7.11225039236148, 7.08983298449811, 7.0631250727255, 7.03238308635447, 6.9978609713282, 6.95981018174005, 6.91847961503313, 6.87411537989111, 6.82696079602623, 6.77725614847893, 6.72523870457018, 6.67114257306828, 6.61519884067731, 6.55763618403586, 6.49868093461301, 6.43855733469508, 6.37748750992605, 6.31569121013908, 6.25338564355928, 6.1907854142078, 6.12810234559207, 6.06554557658992, 6.00332199977828, 5.94163662293461, 5.88069257680186, 5.82069092477777, 5.7618307686145, 5.70430933617357, 5.64832179479112, 5.59406122482335, 5.54171840398495, 5.49148176173408, 5.44353724561425, 5.39806834124526, 5.35525627538092, 5.31528016494817, 5.27831736824083, 5.24454348970989, 5.21413225491973, 5.18725548775046, 5.16408309025454, 5.14478284029739, 5.12952038073283, 5.11845921036063, 5.11176067677481, 5.1095839710505, 7.1538, 7.15115272622773, 7.1431548484533, 7.13007399666488, 7.11217525564373, 7.08972118067023, 7.06297181862948, 7.03218468190706, 6.997614741329, 6.95951441772043, 6.91813351030536, 6.87371896487851, 6.82651487388362, 6.77676222524778, 6.72469892005883, 6.67055962758286, 6.61457592424239, 6.55697692072924, 6.49798932858336, 6.4378377233143, 6.37674451152952, 6.31492967157599, 6.25261058259237, 6.19000196217921, 6.12731568625083, 6.06476089021721, 6.0025444111683, 5.94087115968797, 5.87994412777759, 5.81996419502907, 5.76113023753289, 5.70363921584804, 5.64768598489906, 5.59346326675646, 5.54116142992243, 5.49096843921073, 5.44306972206648, 5.39764818812757, 5.35488443537793, 5.31495691112478, 5.27804226368139, 5.2443153474222, 5.21394909493155, 5.18711449342384, 5.16398056388934, 5.14471415367864, 5.12947992520286, 5.11844034648131, 5.11175568365676, 5.10958399543086, 7.1538, 7.1511471994287, 7.14313411667939, 7.13002969646456, 7.11210027927534, 7.08960961750486, 7.06281889711308, 7.03198671135819, 6.99736905378958, 6.95921930985786, 6.91778817853518, 6.87332344078126, 6.82606995992518, 6.77626942505851, 6.72416036945162, 6.66997802144664, 6.61395444583641, 6.55631918609749, 6.49729933265712, 6.43711979317164, 6.37600325431038, 6.31416992221453, 6.2518373464242, 6.18922035781946, 6.12653088465502, 6.06397805885701, 6.00176866206292, 5.94010750782756, 5.87919744970393, 5.81923918395221, 5.76043136156372, 5.70297067647815, 5.64705167205778, 5.59286671309706, 5.5406057600657, 5.49045631448827, 5.4426032852307, 5.39722900751816, 5.35451345217847, 5.31463439856799, 5.2777677867366, 5.24408772275564, 5.21376634806975, 5.18697381512448, 5.16387826579147, 5.14464561889117, 5.12943955840826, 5.11842152362075, 5.11175070127484, 5.10958401976353, 7.1538, 7.15114168401175, 7.14311342817109, 7.12998548966083, 7.11202546243558, 7.08949829376452, 7.0626663064579, 7.03178917245462, 6.99712390587798, 6.95892485470776, 6.91744361564127, 6.87292880286662, 6.82562604876146, 6.77577774186848, 6.72362304606469, 6.66939774735459, 6.61333439756127, 6.55566297168584, 6.49661093786752, 6.43640353484102, 6.37526372844339, 6.31341195189728, 6.25106592463802, 6.18844059053059, 6.12574793010789, 6.06319707180139, 6.00099474183673, 5.93934565689853, 5.87845253237862, 5.81851588167292, 5.75973413122965, 5.70230370904563, 5.64641884776294, 5.59227155590164, 5.54005138707047, 5.48994538085091, 5.44213792903924, 5.39681079400775, 5.35414332103293, 5.31431262318007, 5.27749393394368, 5.24386061285636, 5.21358401205394, 5.18683345110056, 5.16377619468308, 5.14457723506689, 5.12939927981659, 5.11840274149814, 5.111745729506, 5.10958404397934, 7.1538, 7.15113617987366, 7.14309278253326, 7.12994137539564, 7.1119508036502, 7.08938720722313, 7.06251404356812, 7.03159206113047, 6.99687929247541, 6.95863104603299, 6.91709981421983, 6.8725350425328, 6.82518313057785, 6.77528716465175, 6.72308693767799, 6.66881879192495, 6.6127157649214, 6.55500826194824, 6.49592412769678, 6.43568893092702, 6.37452591576417, 6.31265574181333, 6.25029629791196, 6.18766264062744, 6.12496680271989, 6.06241790912741, 6.00022263071746, 5.93858558745025, 5.87770935683035, 5.81779426984283, 5.75903852893483, 5.70163829682258, 5.64578749625506, 5.59167778046419, 5.53949829735303, 5.48943562588929, 5.44167364229167, 5.39639353762245, 5.35377403319466, 5.31399157742556, 5.27722069894546, 5.24363401249552, 5.21340208271653, 5.18669339816123, 5.16367434824819, 5.14450900064509, 5.12935908848527, 5.11838399963412, 5.1117407681615, 5.10958406798982, 7.1538, 7.15113068703397, 7.1430721798429, 7.12989735384012, 7.11187630322, 7.08927635834546, 7.06236210910558, 7.03139537827646, 6.99663521473193, 6.95833788527186, 6.91675677602467, 6.87214216187443, 6.82474120783295, 6.77479769625139, 6.72255204753666, 6.66824115881902, 6.61209855200502, 6.55435506140734, 6.49523890710636, 6.43497598683085, 6.37378982211023, 6.31190129822814, 6.24952847292519, 6.18688651518212, 6.12418750992784, 6.06164057860178, 5.99945233676122, 5.93782730778217, 5.87696793155012, 5.81707435708622, 5.75834456337228, 5.70097444849957, 5.64515762614398, 5.59108539522769, 5.53894649909508, 5.48892705742036, 5.4412104323273, 5.39597724513155, 5.35340559479155, 5.31367126674032, 5.27694808645606, 5.24340792565649, 5.21322056332169, 5.18655365888344, 5.1635727284287, 5.14444091700512, 5.12931898532357, 5.11836529858052, 5.11173581756835, 5.10958409204986, 7.1538, 7.15112519805953, 7.14305159154836, 7.12985336281868, 7.11180185401974, 7.08916558491079, 7.06221027678801, 7.03119882576247, 6.99639129606296, 6.95804491195833, 6.91641395246072, 6.87174952109909, 6.82429954764773, 6.77430850999128, 6.72201745563539, 6.66766383634823, 6.61148165826451, 6.55370218465896, 6.49455401101641, 6.43426336415616, 6.37305404330427, 6.31114715989475, 6.2487609412476, 6.18611066964233, 6.12340848329196, 6.06086350130662, 5.9986822851569, 5.93706926295067, 5.87622673578817, 5.81635466973873, 5.75765081941987, 5.70031081751881, 5.64452796802294, 5.59049321508741, 5.53839489720857, 5.48841867465068, 5.44074739548799, 5.39556111146373, 5.35303729940163, 5.31335108202549, 5.27667558198445, 5.24318192835192, 5.2130391148924, 5.18641397241791, 5.16347114423123, 5.14437285334816, 5.12927888867655, 5.1183465933861, 5.11173085564935, 5.1095841017371, 7.1538, 7.1511197205666, 7.14303104690872, 7.12980946605487, 7.11172756585438, 7.08905505321755, 7.06205877861457, 7.03100270929074, 6.99614792267124, 6.95775259838793, 6.91607190630333, 6.87135777664357, 6.82385890209625, 6.77382045435261, 6.72148410642593, 6.66708786329146, 6.61086621395587, 6.55305084937974, 6.49387073926133, 6.43355243842567, 6.37232002288082, 6.31039482947524, 6.24799525457615, 6.18533669343814, 6.12263133746379, 6.06008830339434, 5.99791409862933, 5.93631305611675, 5.87548733845905, 5.81563672923888, 5.75695875926368, 5.69964879649046, 5.64389983605522, 5.58990246834061, 5.53784462815708, 5.48791151769329, 5.44028547246974, 5.39514597628161, 5.35266988548832, 5.31303166182985, 5.27640372689994, 5.2429564689571, 5.21285809844565, 5.18627461950919, 5.16336980466368, 5.14430495693122, 5.12923889548593, 5.11832794356264, 5.11172591882154, 5.10958412615882
2.7576, 2.7576, 2.7576, 2.7576, 2.7576, 2.7576, 2.7576, 2.7576, 2.7576, 2.7576, 2.7576, 2.7576, 2.7576, 2.7576, 2.7576, 2.7576, 2.7576, 2.7576, 2.7576, 2.7576, 2.7576, 2.7576, 2.7576, 2.7576, 2.7576, 2.7576, 2.7576, 2.7576, 2.7576, 2.7576, 2.7576, 2.7576, 2.7576, 2.7576, 2.7576, 2.7576, 2.7576, 2.7576, 2.7576, 2.7576, 2.7576, 2.7576, 2.7576, 2.7576, 2.7576, 2.7576, 2.7576, 2.7576, 2.7576, 2.7576, 2.7576, 2.75881020056975, 2.76234381166616, 2.7681038275131, 2.77599312233211, 2.7859144503383, 2.79777044573608, 2.81146362271506, 2.82689637544583, 2.84397097807578, 2.86258958472498, 2.88265422948195, 2.90406682639955, 2.92672916949076, 2.95054293272456, 2.97540967002175, 3.00123081525079, 3.02790768222364, 3.05534146469161, 3.0834332363412, 3.11208395078994, 3.14119444158226, 3.1706654221853, 3.20039748598477, 3.23029110628081, 3.26024663628386, 3.29016430911044, 3.31994423777906, 3.34948641520607, 3.37869071420146, 3.40745688746477, 3.4356845675809, 3.463273267016, 3.49012237811329, 3.51613117308892, 3.54119880402786, 3.5652243028797, 3.58810658145456, 3.60974443141892, 3.63003652429148, 3.64888141143905, 3.66617752407239, 3.68182317324209, 3.69571654983445, 3.70775572456731, 3.717838647986, 3.72586315045914, 3.7317269421746, 3.73532761313533, 3.73656263315525, 2.7576, 2.75879987906882, 2.76230512369289, 2.76802120331385, 2.77585334685982, 2.78570654209387, 2.79748553470752, 2.8110948276537, 2.82643868207469, 2.84342112032996, 2.86194592745919, 2.88191665316062, 2.9032366141071, 2.92580889658282, 2.94953636265488, 2.97432165362715, 3.00006718745348, 3.02667515596935, 3.05404752060453, 3.08208601090801, 3.11069212640308, 3.13976713897821, 3.16921209798426, 3.19892783404337, 3.2288149631897, 3.25877388570705, 3.28870478409248, 3.31850762119513, 3.34808213962406, 3.37732786288132, 3.40614409548719, 3.43442992255381, 3.46208421099356, 3.48900561190652, 3.51509256326409, 3.54024329292197, 3.5643558241833, 3.58732797931145, 3.60905737792952, 3.62944143349161, 3.6483773500497, 3.66576212189213, 3.68149253356196, 3.69546516094116, 3.70757637227263, 3.71772232916041, 3.72579898923516, 3.7317021071274, 3.7353272352471, 3.73656972435228, 2.7576, 2.75878954661217, 2.76226639041639, 2.76793847460552, 2.77571338136677, 2.78549833059089, 2.79720017807429, 2.81072541421369, 2.82598016588419, 2.84287020251661, 2.8613009390468, 2.88117743989906, 2.90240442364131, 2.92488626828428, 2.94852702363916, 2.9732304181728, 2.99889985386331, 3.02543840070902, 3.05274878818618, 3.08073340237998, 3.1092942897062, 3.13833316171071, 3.16775140526191, 3.19745009017799, 3.22732997751375, 3.25729152299882, 3.28723486716536, 3.31705983166289, 3.34666591807803, 3.37595231020502, 3.40481787429534, 3.43316115819362, 3.46088039378151, 3.48787350173552, 3.51403809688327, 3.53927149421055, 3.56347071996534, 3.58653251866418, 3.60835334981065, 3.6288293808438, 3.64785648070512, 3.66533021910127, 3.68114586653895, 3.69519839647541, 3.70738248734582, 3.71759252455085, 3.72572260577326, 3.73166654291395, 3.73531786364315, 3.73656981253274, 2.7576, 2.75877924490323, 2.76222777404798, 2.76785599831565, 2.7755738471088, 2.78529076642935, 2.79691571620009, 2.81035716834549, 2.82552310963761, 2.84232105084033, 2.86065803116392, 2.8804406242759, 2.90157494531375, 2.92396665886818, 2.94752099753666, 2.97214277212556, 2.99773636397328, 3.02420571677739, 3.05145432616388, 3.07938523316096, 3.10790102979437, 3.13690386630862, 3.16629546644838, 3.19597713890877, 3.22584978976918, 3.25581393052442, 3.28576966034335, 3.31561666059154, 3.34525419306294, 3.37458110338763, 3.40349582140088, 3.4318963598264, 3.45968031797614, 3.48674488885749, 3.5129868671865, 3.538302658366, 3.5625882951039, 3.58573944788955, 3.60765141995365, 3.62821913669546, 3.6473371360758, 3.66489956748571, 3.6808001917906, 3.6949323845248, 3.70718913890405, 3.71746306878296, 3.72564641660459, 3.7316310562848, 3.7353084955233, 3.73656987749076, 2.7576, 2.75876896537213, 2.76218924208042, 2.76777370440243, 2.77543462468279, 2.78508367078835, 2.7966319025601, 2.80998976930428, 2.8250671136239, 2.84177318364724, 2.86001663900655, 2.87970555889844, 2.90074745147285, 2.92304926452152, 2.94651741023757, 2.97105777871026, 2.99657572774108, 3.02297607202959, 3.05016307087637, 3.07804041807989, 3.10651124941266, 3.13547815227717, 3.16484318606979, 3.19450789745903, 3.22437333696708, 3.25434007158627, 3.2843081591362, 3.31417714102576, 3.34384603989679, 3.37321336416865, 3.40217710852187, 3.43063475211392, 3.45848326355505, 3.48561911034373, 3.51193826952152, 3.53733623959911, 3.56170806266246, 3.5849483382958, 3.60695121670589, 3.62761038462967, 3.64681905257896, 3.66446995329671, 3.6804553418031, 3.69466699961223, 3.7069962387091, 3.71733390546001, 3.7255703911767, 3.73159563593469, 3.7352991316325, 3.73656992422463, 2.7576, 2.75875870797212, 2.76215079433719, 2.76769159248713, 2.77529571344574, 2.78487704270909, 2.79634873583852, 2.8096232153863, 2.82461217573053, 2.84122659840507, 2.85937675962123, 2.87897224039986, 2.899921938355, 2.92213408110885, 2.94551625726714, 2.96997543315323, 2.99541794014207, 3.02174946124532, 3.04887501697011, 3.07669895171858, 3.10512494315192, 3.13405601429396, 3.16339455897128, 3.19304236092407, 3.22290061453629, 3.25286994202972, 3.28285035988805, 3.3127412698894, 3.34244145616182, 3.37184909086452, 3.40086173478118, 3.42937633505338, 3.45728923145226, 3.48449616812135, 3.5108923068575, 3.53637224196208, 3.56083002780844, 3.58415919618832, 3.6062527475241, 3.6270031332585, 3.64630223997617, 3.66404138742952, 3.68011132857913, 3.69440225481079, 3.70680380085668, 3.7172050496414, 3.7254945454426, 3.73156029862895, 3.73528978945581, 3.73656997083524, 2.7576, 2.75874846253864, 2.76211239267967, 2.76760958116464, 2.77515697595077, 2.78467067844466, 2.79606593824715, 2.80925714953775, 2.82415785693041, 2.84068077392226, 2.85873779197697, 2.87823999275059, 2.89909766228832, 2.92122030718715, 2.94451668884717, 2.96889484634161, 2.99426208129401, 3.02052494190257, 3.04758920697699, 3.07535986891956, 3.10374114498426, 3.1326364918407, 3.16194863608415, 3.19157959718365, 3.22143071236165, 3.25140265835791, 3.28139540988996, 3.31130822898654, 3.3410396614552, 3.37048754369964, 3.39954900341799, 3.42812045683896, 3.4560976163089, 3.48337550432101, 3.50984846940708, 3.53541020389093, 3.55995377689092, 3.58337165506654, 3.60555569184294, 3.62639710628437, 3.64578646411746, 3.66361367530848, 3.67976799409069, 3.69413802515987, 3.70661172951933, 3.7170764302446, 3.7254188282223, 3.73152500779353, 3.73528044127422, 3.73656999225346, 2.7576, 2.7587382359489, 2.76207406258842, 2.76752772421862, 2.77501850195806, 2.78446470937878, 2.79578368641391, 2.80889179522482, 2.82370442709554, 2.84013602401732, 2.85810008935244, 2.87750920217585, 2.89827503390338, 2.92030836722306, 2.94351913363857, 2.96781644241634, 2.99310856303111, 3.01930290666956, 3.04630600846726, 3.07402350714966, 3.10236015819327, 3.13121985086271, 3.16050564378426, 3.19011979173585, 3.21996377467696, 3.24993832407481, 3.2799433733711, 3.30987804564679, 3.33964064950167, 3.36912868700755, 3.39823885450654, 3.42686703933531, 3.45490832731903, 3.48225702049368, 3.50880665559327, 3.53445002468281, 3.5590792135695, 3.58258562592647, 3.60485997045467, 3.62579223624133, 3.64527167070973, 3.66318677672962, 3.67942531262416, 3.69387429932205, 3.70642002710626, 3.71694806228016, 3.7253432654667, 3.73148979814286, 3.73527112787304, 3.73657003212695, 2.7576, 2.75872803136955, 2.76203581626096, 2.76744604827334, 2.77488033744594, 2.78425920530268, 2.79550207793315, 2.80852728136659, 2.82325204952242, 2.83959254894785, 2.85746389108078, 2.87678014872911, 2.8974543751487, 2.91939862576448, 2.94252399902195, 2.96674067135309, 2.9919578772155, 3.01808388811511, 3.04502599306526, 3.07269047496537, 3.10098262567106, 3.12980676551714, 3.15906628394815, 3.18866367015487, 3.21850054625533, 3.24847769817551, 3.27849501809335, 3.30845149046468, 3.33824518731482, 3.36777327732716, 3.39693202673664, 3.42561679552744, 3.4537220448578, 3.48114135844946, 3.50776746365494, 3.53349225494748, 3.55820683771465, 3.58180155573626, 3.60416597620917, 3.62518886159237, 3.64475814450735, 3.6627609243637, 3.67908346733806, 3.69361121446119, 3.70622878925017, 3.71682000525906, 3.72526788692016, 3.73145467695549, 3.7352618423115, 3.73657007848774, 2.7576, 2.75871784874223, 2.76199765347465, 2.76736455284639, 2.7747424815875, 2.78405416497069, 2.79522111107674, 2.80816360569915, 2.82280072136826, 2.83905034525909, 2.8568291930718, 2.87605282767066, 2.89663568062998, 2.91849107676585, 2.94153127831165, 2.96566752584512, 2.9908100159462, 3.01686787777831, 3.0437491517917, 3.07136076291681, 3.09960853755029, 3.12839722557653, 3.15763054604877, 3.18721122167673, 3.21704101615937, 3.24702076961263, 3.27705033296231, 3.30702855236059, 3.33685326388966, 3.36642130378535, 3.39562850942087, 3.42436971496337, 3.45253875875341, 3.48002850833535, 3.50673088408965, 3.53253688555705, 3.55733664058859, 3.58101943615461, 3.60347370115899, 3.62458697477213, 3.64424587830585, 3.66233611133615, 3.67874245164664, 3.69334876422888, 3.70603800977795, 3.71669225311062, 3.7251926865308, 3.73141963810371, 3.73525257828045, 3.73657012472861, 2.7576, 2.7587076805549, 2.76195954554621, 2.76728317578785, 2.7746048278342, 2.78384942786739, 2.79494056315758, 2.80780047652228, 2.82235007644156, 2.83850896815304, 2.85619546916856, 2.87532663009454, 2.89581825866403, 2.91758494710001, 2.94054011963078, 2.96459607932085, 2.98966398337275, 3.01565381730617, 3.04247437192764, 3.07003321341496, 3.09823670222601, 3.12699001763147, 3.15619720631373, 3.18576122283639, 3.21558397112959, 3.24556634445715, 3.27560815173068, 3.30560810034585, 3.33546379029804, 3.36507172554057, 3.39432731505383, 3.42312486794626, 3.45135760081167, 3.47891766637482, 3.50569617967344, 3.5315832471942, 3.55646802135308, 3.58023873461266, 3.60278268001271, 3.62398617599246, 3.64373453526363, 3.6619120604123, 3.6784020437993, 3.69308677745227, 3.70584756240444, 3.71656471796349, 3.72511760758316, 3.73138464798603, 3.73524331646632, 3.73657015621379, 2.7576, 2.75869753425259, 2.76192152090489, 2.76720197870076, 2.77446748180299, 2.78364515311408, 2.79466065494218, 2.80743818303885, 2.82190047782283, 2.83796885867911, 2.85556324113037, 2.87460215986041, 2.89500279525046, 2.91668100359484, 2.93955136797203, 2.96352725092266, 2.98852076742048, 3.01444275668848, 3.04120275745695, 3.06870897501472, 3.09686830204774, 3.12558634569529, 3.15476747906815, 3.18431488769661, 3.2141306151691, 3.24411560763115, 3.27416963199397, 3.30419125721914, 3.33407784784634, 3.36372557648558, 3.39302942496706, 3.42188317887188, 3.45017943489042, 3.47780963305707, 3.50466408546687, 3.53063200820094, 3.55560158111108, 3.57945998522267, 3.60209338090924, 3.6233868692053, 3.64322445770076, 3.66148905560401, 3.67806247359156, 3.6928254345704, 3.70565758383992, 3.71643749919458, 3.72504271928381, 3.73134975356924, 3.73523409029421, 3.73657020229226, 2.7576, 2.75868740977052, 2.76188357930256, 2.76712096104605, 2.7743304425672, 2.78344133931076, 2.79438138448235, 2.80707672268837, 2.8214519222857, 2.83743001290184, 2.85493250427952, 2.87387941152486, 2.89418928416602, 2.9157792392419, 2.9385650155447, 2.9624610320887, 2.98738035877567, 3.01323468588681, 3.03993429765118, 3.067388036339, 3.09550332503673, 3.12418619723931, 3.15334135128869, 3.18287220279712, 3.21268093443985, 3.24266854497824, 3.27273475933685, 3.30277800836488, 3.3326954217759, 3.36238284177366, 3.39173482427782, 3.42064463286996, 3.44900424617567, 3.47670439366267, 3.50363458687692, 3.52968315413522, 3.55473730558814, 3.57868317388578, 3.60140578992474, 3.62278904065265, 3.64271563200697, 3.66106708342127, 3.67772372761667, 3.69256472221285, 3.70546806069328, 3.71631058332483, 3.72496800798809, 3.73131494095499, 3.73522488551355, 3.73657024825214, 2.7576, 2.7586773070574, 2.76184572054383, 2.76704012240115, 2.77419370940367, 2.78323798537001, 2.7941027502723, 2.80671609350209, 2.82100440736321, 2.83689242782991, 2.85430325508298, 2.87315838100431, 2.89337772077577, 2.91487964886169, 2.9375810566385, 2.96139741659867, 2.98624275073568, 3.01202959775049, 3.03866898495231, 3.06607038946851, 3.09414176296296, 3.12278956377671, 3.1519188142896, 3.18143315931401, 3.21123492004225, 3.24122514758633, 3.27130352489828, 3.30136834503619, 3.33131650351607, 3.36104351307065, 3.39044350494612, 3.41940922224917, 3.447832027375, 3.47560194134316, 3.50260767753814, 3.52873667914681, 3.55387518947385, 3.57790829584786, 3.60071990286961, 3.62219268670954, 3.64220805511342, 3.66064614133407, 3.67738580385687, 3.69230463883812, 3.70527899185363, 3.71618396961846, 3.7248934732699, 3.73128020995143, 3.73521570208119, 3.73657029410345, 2.7576, 2.75866722609736, 2.7618079445683, 2.76695946263551, 2.77405728208924, 2.78303509095655, 2.79382475184817, 2.80635629487397, 2.82055793229638, 2.8363561025433, 2.85367549245414, 2.87243906704228, 2.89256810365222, 2.91398223085632, 2.93659948948733, 2.9603364025219, 2.98510794121039, 3.01082749003636, 3.03740681697167, 3.06475603187705, 3.09278361317056, 3.12139644252896, 3.15049986518109, 3.17999775426133, 3.20979256891236, 3.23978541233403, 3.26987592552213, 3.29996226406671, 3.32994108991596, 3.35970758726752, 3.38915546393146, 3.41817694406389, 3.44666277566312, 3.47450227341738, 3.50158335493506, 3.5277925809047, 3.55301523063727, 3.57713534918995, 3.60003571804522, 3.62159780590229, 3.64170172577211, 3.66022622831669, 3.67704870150097, 3.69204518383718, 3.70509037689699, 3.71605765781465, 3.72481911500475, 3.73124556053867, 3.73520654004512, 3.73657033992037, 2.7576, 2.75865716636602, 2.76177024936196, 2.76687897736377, 2.77392115306886, 2.78283264463074, 2.79354737325419, 2.80599730578383, 2.82011247053537, 2.83582100458013, 2.85304917771924, 2.87172142453554, 2.89176038112681, 2.91308692693745, 2.93562024920932, 2.95927791848997, 2.98397585253249, 3.00962827904624, 3.03614770432829, 3.06344486892814, 3.09142877627297, 3.12000672994203, 3.14908439690038, 3.17856587780126, 3.20835376924491, 3.23834922632907, 3.26845184818211, 3.29855965332083, 3.32856907082644, 3.3583749571961, 3.38787059793902, 3.41694769968231, 3.44549639775714, 3.47340530253261, 3.5005615381208, 3.52685078523721, 3.55215736194415, 3.57636427396983, 3.59935318274823, 3.62100435270565, 3.64119660546704, 3.65980731258509, 3.6767123951109, 3.69178633762301, 3.70490220148326, 3.71593163810671, 3.72474492709644, 3.73121098939847, 3.73519739782303, 3.73657038470478, 2.7576, 2.7586471290613, 2.76173263954718, 2.76679867669008, 2.7737853398166, 2.78263067295553, 2.79327065169182, 2.80563917545187, 2.81966808452982, 2.83528721066036, 2.8524244027394, 2.87100556118677, 2.89095467727346, 2.91219387790852, 2.93464349352393, 2.95822213915301, 2.98284667612544, 3.00843217264744, 3.03489187083135, 3.06213713969746, 3.09007750576268, 3.11862069290018, 3.14767268852205, 3.1771378198198, 3.2069188201799, 3.23691689622839, 3.26703160513508, 3.29716082855778, 3.32720076323021, 3.35704593880069, 3.38658921962916, 3.41572179625106, 3.44433319307476, 3.47231131817629, 3.49954250446408, 3.52591155521802, 3.55130183000828, 3.57559529818732, 3.59867250422131, 3.62041251147276, 3.64069285428325, 3.65938952933125, 3.67637699511381, 3.6915281867391, 3.70471452990622, 3.71580595492524, 3.72467093725143, 3.73117651140459, 3.73518828209979, 3.7365704323489, 2.7576, 2.75863710992793, 2.7616950986988, 2.76671852469999, 2.77364978020461, 2.78242908146071, 2.79299445481471, 2.80528172871688, 2.81922455195972, 2.83475444755591, 2.85180084022352, 2.87029109308093, 2.89015054958573, 2.91130258129741, 2.93366865921156, 2.95716844035455, 2.98171972729894, 3.00723842661088, 3.03363851429985, 3.06083198622972, 3.08872889067758, 3.11723737079076, 3.14626373372686, 3.17571253282161, 3.20548663816189, 3.23548730811679, 3.26561405839052, 3.29576463457931, 3.32583500217143, 3.35571936539938, 3.38531016920605, 3.41449809005236, 3.44317204374719, 3.47121923867735, 3.49852521941739, 3.52497391492514, 3.55044772743097, 3.57482759125997, 3.59799293538631, 3.61982162371288, 3.64018990503872, 3.65897240304096, 3.67604211565985, 3.69127043063367, 3.70452714018283, 3.71568045576342, 3.72459705098319, 3.73114207627153, 3.73517917060816, 3.73657047005751, 2.7576, 2.75862711237882, 2.76165763999215, 2.76663855020508, 2.77351452407873, 2.78222794594865, 2.7927188888282, 2.80492510615759, 2.81878205127159, 2.83422293459917, 2.85117875293138, 2.86957832846984, 2.88934835339496, 2.91041344062474, 2.93269619861373, 2.95611732341047, 2.98059555601849, 3.00604763874864, 3.03238827911076, 3.05953009770577, 3.08738366276114, 3.1158575351974, 3.14485834073409, 3.17429085797407, 3.20405809313473, 3.23406135605802, 3.26420012099019, 3.29437199777763, 3.32447272127887, 3.35439617125634, 3.38403437447202, 3.41327749483299, 3.44201384137451, 3.47012992489991, 3.49751050402064, 3.52403863598653, 3.54959576852767, 3.57406180397684, 3.59731505897889, 3.61923220126814, 3.6396881975286, 3.65855630199546, 3.67570805573566, 3.69101330290414, 3.70434020611251, 3.71555526189964, 3.7245233460118, 3.73110772880931, 3.73517008758201, 3.73657051550775, 2.7576, 2.75861713634132, 2.76162026315, 2.76655875260491, 2.77337957041001, 2.78202726486984, 2.79244395158336, 2.80456930495989, 2.81834057893319, 2.83369266749935, 2.85055813578551, 2.86886726147293, 2.88854808201234, 2.90952644839892, 2.93172610345142, 2.95506877927955, 2.97947415251564, 3.00485979860938, 3.03114115418326, 3.05823146247653, 3.08604180986397, 3.11448117354384, 3.14345649661804, 3.17287278208217, 3.20263317171548, 3.2326390265624, 3.2627897794183, 3.29298290468989, 3.32311390721923, 3.35307634324057, 3.38276182256633, 3.41205999806462, 3.44085857381598, 3.46904336513779, 3.49649834703985, 3.5231057076676, 3.54874594307899, 3.57329792663739, 3.59663886580869, 3.6186442354375, 3.63918772350772, 3.65814121835899, 3.67537480785509, 3.69075679634035, 3.7041537206735, 3.7154303663987, 3.72444981537231, 3.73107346189252, 3.73516102559013, 3.73657056080274, 2.7576, 2.75860718175864, 2.76158296795597, 2.76647913143137, 2.77324491839719, 2.78182703701907, 2.79216964141086, 2.80421432294063, 2.81790013220815, 2.83316364293759, 2.84993898486505, 2.86815788755735, 2.88774973029207, 2.90864159886885, 2.93075836738397, 2.95402280105519, 2.97835550934949, 3.00367489825712, 3.02989713113287, 3.05693607176207, 3.08470332286922, 3.11310827643929, 3.1420581917804, 3.17145829540889, 3.20121186409847, 3.23122030982594, 3.26138302394274, 3.29159734572528, 3.32175855061089, 3.35175987224494, 3.3814925047183, 3.41084559137108, 3.43970623314307, 3.46795955195735, 3.4954887415768, 3.52217512363863, 3.54789824534861, 3.57253595411472, 3.59596435136551, 3.61805772232582, 3.6386884796853, 3.65772714942509, 3.67504236986615, 3.69050090930501, 3.70396768269321, 3.71530576849235, 3.72437645863007, 3.73103927533879, 3.73515198461057, 3.73657060597854, 2.7576, 2.75859724857416, 2.76154575419417, 2.76639968621739, 2.77311056724075, 2.78162726119376, 2.79189595664499, 2.80386015792137, 2.81746070836599, 2.83263585760211, 2.84932129625744, 2.86745020219976, 2.88695329309904, 2.90775888629524, 2.9297929840835, 2.95297938184459, 2.97723961909374, 3.00249292977121, 3.02865620159103, 3.05564391679875, 3.0833681926765, 3.11173883450941, 3.14066341663912, 3.170047388233, 3.1997941604932, 3.22980519605898, 3.25997984484471, 3.29021531130503, 3.32040664208281, 3.35044674917126, 3.3802264121644, 3.40963426638141, 3.43855681143032, 3.46687847792576, 3.49448168073179, 3.52124687756598, 3.54705266959376, 3.57177588127291, 3.59529151112752, 3.61747265802378, 3.63819046275387, 3.65731409246807, 3.67471073959518, 3.69024564013676, 3.70378209097268, 3.71518146738386, 3.72430327531989, 3.73100516893332, 3.73514296458722, 3.73657065103542, 2.7576, 2.75858735081246, 2.76150867565042, 2.76632053393644, 2.77297671821794, 2.78142824178081, 2.79162332127781, 2.80350736768437, 2.81702301085356, 2.83211017016792, 2.84870609111831, 2.86674539397735, 2.88616012906111, 2.9068798396734, 2.92883165091663, 2.95194038307655, 2.97612850061733, 3.00131606052538, 3.02742067018725, 3.05435742590847, 3.08203895542121, 3.11037547350779, 3.13927486605321, 3.16864280168766, 3.19838282315608, 3.22839644116965, 3.25858296639559, 3.28883947095769, 3.31906077549627, 3.34913947346959, 3.37896593337952, 3.40842828621051, 3.43741243422615, 3.46580212099577, 3.49347898700912, 3.52032263082855, 3.54621071256588, 3.57101903890839, 3.59462151078284, 3.61689004613234, 3.63769451942244, 3.65690274467402, 3.67438047424786, 3.68999141777657, 3.70359726007693, 3.71505767932382, 3.72423040161231, 3.73097121917358, 3.73513400492419, 3.73657072303641, 2.7576, 2.75857747406283, 2.76147167705964, 2.76624155440074, 2.77284316452531, 2.78122966604338, 2.7913512996966, 2.80315537917353, 2.8165863169787, 2.83158569848854, 2.84809232040271, 2.86604224187618, 2.88536884249791, 2.90600288833142, 2.9278726242666, 2.95090389260757, 2.97502008003921, 3.00014206406074, 3.02618816941454, 3.05307410443443, 3.08071300556243, 3.10901549564108, 3.13788977097305, 3.1672417188263, 3.19697501296463, 3.22699121194089, 3.25718958714547, 3.28746707864151, 3.3177182816367, 3.34783547194825, 3.37770860816595, 3.4072253184002, 3.43627090933044, 3.46472843951568, 3.49247877736648, 3.51940066482392, 3.54537082370158, 3.57026404586364, 3.59395313771439, 3.61630883947663, 3.63719976262708, 3.65649237152504, 3.67405098205342, 3.68973778116747, 3.70341284539468, 3.71493415964368, 3.72415767404338, 3.73093732282697, 3.73512503941158, 3.73657076735052, 2.7576, 2.75856761828357, 2.76143475826509, 2.76616274727527, 2.77270990559636, 2.7810315331403, 2.79107989075228, 2.80280419090846, 2.81615062491599, 2.83106244038929, 2.84747998159162, 2.86534074304671, 2.88457943025163, 2.90512802883355, 2.92691590045744, 2.94986990656662, 2.97391435334582, 2.99897093628083, 3.02495869515993, 3.05179394831945, 3.07939033917609, 3.10765889719958, 3.13650812798763, 3.16584413662285, 3.19557072736484, 3.22558950637783, 3.25579970574598, 3.28609813374151, 3.31637916070841, 3.34653474571451, 3.37645443861485, 3.40602536610295, 3.43513224103001, 3.46365743897438, 3.49148105855645, 3.51848098762307, 3.54453301243739, 3.56951091297972, 3.59328640419854, 3.61572905179096, 3.63670620757418, 3.65608298970508, 3.6737222811697, 3.68948474992826, 3.70322886798325, 3.7148109308072, 3.72408511644146, 3.73090350503475, 3.7351160944421, 3.73657081155045, 2.7576, 2.75855778778095, 2.76139793563322, 2.76608414788273, 2.77257700174827, 2.78083393356362, 2.79080921943426, 2.80245396584041, 2.81571613818475, 2.83054064170541, 2.8468693637254, 2.86464122976456, 2.88379226700391, 2.90425567657835, 2.92596193305514, 2.94883891327719, 2.97281183934772, 2.99780322135202, 3.02373281095327, 3.05051753480368, 3.07807154189767, 3.10630626723638, 3.13513052492614, 3.16445063737628, 3.19417053915336, 3.22419188413575, 3.25441386540556, 3.28473316004664, 3.31504391444036, 3.34523777212795, 3.37520387573742, 3.40482885233243, 3.43399682302067, 3.4625894827574, 3.49048616298902, 3.51756390032152, 3.54369754854111, 3.56875987900857, 3.59262151860825, 3.61515086203127, 3.63621400508943, 3.65567472352079, 3.67339447131976, 3.68923240145774, 3.7030453855003, 3.71468803363752, 3.72401275602529, 3.73086978296482, 3.73510718100965, 3.73657086465638, 2.7576, 2.75854797799236, 2.76136119181997, 2.76600571878427, 2.77244438903958, 2.78063677136687, 2.79053915319399, 2.80210453112695, 2.81528264086194, 2.83002004155131, 2.8462601599785, 2.86394334919101, 2.88300695473333, 2.90338539009537, 2.92501023977654, 2.94781039318225, 2.97171198565518, 2.9966383393952, 3.02250991567097, 3.04924424743181, 3.07675598751963, 3.10495697503701, 3.13375633147709, 3.16306059575151, 3.19277383220738, 3.22279774220136, 3.25303147977924, 3.28337159110001, 3.31371199914351, 3.34394403280611, 3.37395642865475, 3.40363531556772, 3.43286422465034, 3.46152417224795, 3.48949372490369, 3.51664907048992, 3.54286413304249, 3.56801067820265, 3.5919582478181, 3.61457406872919, 3.6357229840318, 3.6552674304638, 3.67306743656782, 3.6889806439671, 3.70286232751249, 3.71456541589931, 3.72394055523399, 3.73083612984096, 3.73509827886675, 3.73657090832731, 2.7576, 2.75853818879884, 2.76132452636928, 2.76592745898838, 2.7723120657647, 2.78044004397144, 2.79026968844064, 2.80175588204528, 2.81485012699248, 2.82950063265844, 2.8456523617066, 2.86324709126215, 2.88222348193076, 2.90251715642225, 2.92406080621516, 2.94678433045732, 2.97061477506889, 2.99547627189597, 3.02128998955976, 3.04797406530366, 3.07544365410177, 3.10361099774197, 3.13238552399518, 3.16167398746275, 3.19138058175651, 3.22140705548519, 3.25165252363399, 3.28201340170978, 3.31238338986055, 3.34265350322699, 3.37271207348771, 3.40244473278616, 3.43173442397165, 3.46046148679685, 3.48850372517566, 3.51573648075656, 3.54203275055335, 3.56726329733941, 3.59129658090483, 3.61399866334609, 3.63523313828388, 3.65486110682556, 3.67274117555256, 3.68872947833091, 3.70267969696921, 3.71444308240573, 3.72386852048332, 3.73080255337024, 3.73508939665022, 3.73657095171809, 2.7576, 2.75852842015082, 2.76128793909237, 2.76584936808684, 2.77218003122515, 2.78024375032722, 2.79000082372035, 2.80140801669499, 2.81441859419558, 2.8289824121407, 2.84504596550195, 2.86255245204052, 2.88144184412882, 2.90165097056892, 2.9231136268724, 2.94576071911629, 2.96952020114302, 2.99431701198316, 3.02007302536371, 3.04670698082479, 3.07413453376221, 3.10226832723681, 3.13101809419116, 3.16029080410549, 3.18999077934145, 3.22001981553338, 3.25027698858189, 3.28065858361396, 3.3110580785143, 3.341366175555, 3.37147080269622, 3.40125709679375, 3.43060741418276, 3.45940142003537, 3.48751615790425, 3.51482612571693, 3.54120339618603, 3.5665177320614, 3.59063651404715, 3.61342464259539, 3.63474446508477, 3.65445575035381, 3.67241568650507, 3.68847890322995, 3.70249749295847, 3.71432103260076, 3.72379665151308, 3.7307690535191, 3.73508053447493, 3.73657099500477, 2.7576, 2.75851867199893, 2.76125142980113, 2.76577144567282, 2.77204828472484, 2.78004788938763, 2.78973255758415, 2.80106093318195, 2.81398804009824, 2.82846537712135, 2.8444409679677, 2.86185942760107, 2.880662036874, 2.90078682756054, 2.92216869626612, 2.9447395531906, 2.96842825745019, 2.99316055280467, 3.0188590158463, 3.04544298642027, 3.07282861863831, 3.10092895542575, 3.12965403379346, 3.15891103729161, 3.18860441651749, 3.2186360139045, 3.24890486624481, 3.27930712855734, 3.30973605703092, 3.34008204195391, 3.37023260873516, 3.40007240038648, 3.42948318846652, 3.45834396557363, 3.48653101716127, 3.5139179999322, 3.54037606501133, 3.56577397796187, 3.58997804336633, 3.61285200312448, 3.63425696159842, 3.65405135871165, 3.67209096756194, 3.68822891724008, 3.70231571445259, 3.71419926580152, 3.72372494792458, 3.73073563010345, 3.73507169229281, 3.73657103818762, 2.7576, 2.7585089442939, 2.7612149983079, 2.76569369134057, 2.7719168255695, 2.77985246010882, 2.78946488858682, 2.80071462961695, 2.81355846233367, 2.82794952473115, 2.84383736571589, 2.86116801402901, 2.87988405572443, 2.89992472243532, 2.92122600892857, 2.94372082672732, 2.96733893757987, 2.9920068875264, 3.01764795379007, 3.04418207453511, 3.07152590088818, 3.09959287423438, 3.12829333455236, 3.15753467865507, 3.18722148486219, 3.21725564217937, 3.24753614826673, 3.27795902830645, 3.30841731735779, 3.33880109460809, 3.36899748407921, 3.39889063637926, 3.42836174002358, 3.45728911703842, 3.48554829703399, 3.51301209797769, 3.53955075211281, 3.56503203064549, 3.58932116499364, 3.61228074158935, 3.63377062499609, 3.65364792956819, 3.6717670168645, 3.68797951894079, 3.7021343604265, 3.71407778132684, 3.72365340932012, 3.73070228293968, 3.73506287005591, 3.73657108126692, 2.7576, 2.7584992231184, 2.76117859148051, 2.76561598998017, 2.77178545644321, 2.77965716527516, 2.78919740445384, 2.80036856604181, 2.81312918316947, 2.82743403190702, 2.84323418533003, 2.86047708506521, 2.87910662162217, 2.89906322591295, 2.92028399046569, 2.94270282701249, 2.96625039897712, 2.9908540539163, 3.01643776913432, 3.04292208081247, 3.07022413707444, 3.09825777804267, 3.12693364724432, 3.15615935344549, 3.1858396016715, 3.21587632669993, 3.24616848646198, 3.27661197600057, 3.30709960923712, 3.33752115456508, 3.36776333520747, 3.39770981023213, 3.42724118626656, 3.4562351146693, 3.48456636936524, 3.51210692997715, 3.53872611047326, 3.5642906884329, 3.58866482296699, 3.61170994602526, 3.63328468349074, 3.65324482539455, 3.67144332312226, 3.68773031315973, 3.70195313960501, 3.71395637747695, 3.72358190715265, 3.73066893810976, 3.73505402785047, 3.73657109560743, 2.7576, 2.75848952220719, 2.76114226174107, 2.76553845513926, 2.77165437194291, 2.77946229794224, 2.78893051159434, 2.8000232745995, 2.81270087034803, 2.82691970934134, 2.8426323852879, 2.8597877492926, 2.87833099305903, 2.89820374368128, 2.91934418853137, 2.94168723682862, 2.9651644511085, 2.98970397807294, 3.0152304929501, 3.04166512802834, 3.06892552680169, 3.09692592679754, 3.12557727406122, 3.15478738858187, 3.18446110165196, 3.21450039355516, 3.24480418243218, 3.27526823341885, 3.30578513982461, 3.33624436008929, 3.3665322177577, 3.39653188175291, 3.42612337850111, 3.45518369065214, 3.4835868386572, 3.511203966238, 3.53790347174647, 3.56355114191771, 3.58801006646585, 3.61114052589618, 3.6327999105821, 3.65284268952976, 3.67112040736908, 3.68748170853282, 3.70177236018495, 3.71383527601977, 3.7235105928227, 3.73063569475953, 3.73504523273158, 3.73657113838849, 2.7576, 2.75847984150863, 2.76110600889108, 2.76546108638525, 2.77152357132268, 2.7792678569795, 2.78866420842972, 2.7996787532078, 2.81227352123551, 2.82640655380816, 2.84203196173802, 2.85910000220769, 2.87755716485949, 2.89734626987879, 2.91840659656965, 2.94067404892193, 2.96408108602387, 2.98855665135599, 3.01402611591741, 3.04041120619744, 3.06763005943671, 3.09559730923722, 3.12422420313326, 3.153418771607, 3.18308597177867, 3.21312782917177, 3.24344322207484, 3.27392778594801, 3.30447389401323, 3.33497069559452, 3.36530411567613, 3.39535683442817, 3.42500829975752, 3.45413482755895, 3.48260968701542, 3.51030318838804, 3.53708281706741, 3.56281337172329, 3.58735687557946, 3.61057246073099, 3.63231628520842, 3.65244150028688, 3.67079824725368, 3.68723368200054, 3.70159199834958, 3.71371445232726, 3.72343944083155, 3.73060252645495, 3.73503645725984, 3.73657118108997, 2.7576, 2.7584701761553, 2.761069815241, 2.76538384703027, 2.77139299449855, 2.77907375628752, 2.78839838200413, 2.79933486299167, 2.81184697375316, 2.82589438264169, 2.84143271394709, 2.85841362743165, 2.87678490732343, 2.89649056371021, 2.9174709648177, 2.93966300659069, 2.96300004201228, 2.98741180887574, 3.01282437169881, 3.03916004916575, 3.0663374705394, 3.09427166406473, 3.12287417763366, 3.15205325138848, 3.18171396773424, 3.21175839706474, 3.24208537765178, 3.27259041540775, 3.30316566388765, 3.33369996403285, 3.36407884327945, 3.3941844943308, 3.42389578815011, 3.45308837572371, 3.48163477706431, 3.50940447130572, 3.53626403342462, 3.56207727669675, 3.58670516065457, 3.61000567190958, 3.63183373920849, 3.6520411992815, 3.67047679337822, 3.68698619225306, 3.70141201987015, 3.7135938781363, 3.72336842765775, 3.73056941308361, 3.73502768329067, 3.7365712059853, 2.7576, 2.758460530972, 2.76103369831833, 2.76530677341233, 2.77126270095675, 2.77888008106843, 2.78813314403312, 2.79899174120748, 2.81142138795522, 2.82538337605894, 2.84083483976848, 2.85772883803634, 2.87601444643162, 2.8956368618636, 2.91653753857703, 2.93865436176325, 2.96192157574968, 2.9862697102836, 3.01162552125601, 3.03791191764661, 3.06504801912194, 3.0929492472434, 3.12152744923353, 3.15069107416541, 3.18034532928876, 3.2103923296013, 3.24073087329704, 3.27125633697169, 3.30186065503632, 3.33243236088437, 3.36285658551737, 3.39301503555867, 3.42278600670328, 3.45204448697484, 3.48066224941221, 3.50850794445299, 3.53544723930462, 3.56134296461756, 3.58605501912924, 3.60944024699159, 3.63135235082373, 3.65164185609383, 3.67015610741537, 3.68673929390559, 3.7012324732508, 3.71347359688248, 3.72329759280688, 3.73053639145575, 3.7350189462696, 3.7365712485819, 2.7576, 2.75845090589943, 2.76099765789544, 2.76522986503608, 2.77113268984448, 2.77868683003177, 2.78786849271791, 2.79864938548683, 2.81099676085168, 2.82487353040534, 2.84023833484888, 2.85704562894402, 2.87524577636427, 2.89478515776724, 2.91560631052119, 2.93764810636234, 2.96084567841834, 2.98513034603809, 3.01042955434643, 3.03666680072448, 3.06376169362857, 3.0916300466136, 3.1201840052085, 3.14933222668959, 3.17898004271179, 3.20902961261161, 3.23937969444574, 3.26992553572507, 3.30055885223996, 3.33116787066991, 3.36163732669405, 3.39184844224039, 3.42167893940833, 3.45100314520082, 3.47969208787467, 3.50761359159718, 3.53463241844528, 3.56061041920698, 3.58540643471515, 3.60887616968026, 3.63087210374386, 3.65124345438862, 3.66983617298667, 3.6864929705113, 3.70105334194391, 3.71335359187767, 3.72322691940318, 3.73050344445326, 3.73501022877392, 3.73657129108265, 2.7576, 2.75844130089238, 2.76096169380029, 2.76515312152984, 2.77100296052634, 2.77849400222309, 2.78760442673835, 2.79830779410583, 2.81057309028526, 2.82436484306878, 2.83964319610787, 2.85636399660011, 2.8744788930941, 2.89393544692937, 2.9146772757086, 2.93664423501691, 2.95977234424389, 2.9839937099931, 3.00923646448898, 3.03542469162464, 3.0624784870361, 3.09031405495173, 3.11884383818449, 3.14797670148731, 3.17761810048092, 3.2076702385758, 3.23803183363252, 3.26859800430907, 3.29926024829776, 3.32990648639655, 3.36042106007208, 3.39068470793902, 3.42057458016996, 3.44996434468466, 3.47872428714443, 3.5067214078661, 3.5338195664282, 3.55987963651254, 3.58475940393131, 3.60831343696496, 3.63039299542065, 3.65084599206488, 3.66951698841583, 3.68624722078827, 3.70087462502379, 3.71323386250623, 3.72315640708675, 3.73047057190952, 3.73500153075958, 3.73657133348713, 2.7576, 2.75843171918646, 2.76092581848208, 2.7650765700416, 2.77087355984153, 2.77830166867242, 2.78734104532206, 2.79796709800345, 2.81015054192694, 2.82385751697954, 2.83904966576877, 2.85568422406081, 2.87371412155572, 2.89308809671389, 2.91375084398803, 2.93564319962053, 2.95870206622879, 2.98286033482796, 3.00804682211146, 3.03418619609812, 3.0611990374957, 3.0890019393874, 3.11750764034823, 3.14662521138052, 3.17626023112992, 3.20631494631486, 3.23668803404019, 3.26727448384146, 3.29796557533345, 3.32864892376191, 3.35920847825829, 3.38952449627253, 3.41947355848518, 3.44892867643524, 3.47775939613937, 3.50583189724729, 3.53300914023414, 3.55915102519471, 3.58411428656735, 3.60775235998591, 3.62991528933804, 3.65044968671491, 3.66919872793921, 3.68600217892365, 3.70069642070579, 3.71311447585972, 3.72308609744388, 3.73043779629448, 3.73499286273955, 3.73657138228103, 2.7576, 2.75842215737697, 2.76089001884554, 2.76500018202263, 2.77074443854798, 2.7781097547274, 2.78707824421232, 2.79762715964729, 2.80972894181977, 2.82335133912961, 2.83845748966781, 2.85500601442336, 2.87295112104513, 2.89224272207362, 2.91282658594697, 2.93464452689204, 2.95763432823863, 2.98172966308881, 3.00686003049224, 3.03295068072432, 3.05992267797263, 3.08769300287126, 3.11617468874873, 3.14527701214167, 3.17490567429039, 3.20496296496632, 3.23534752047018, 3.26595420145585, 3.29667406999036, 3.32739443660443, 3.35799885917946, 3.38836711535625, 3.41837521796351, 3.4478955240664, 3.47679684219077, 3.5049445337046, 3.53220066257554, 3.55842415803144, 3.58347070598442, 3.60719261241223, 3.62943870840466, 3.65005430862458, 3.66888120656346, 3.68575770119367, 3.70051862228949, 3.7129953572196, 3.72301594190092, 3.73040508854683, 3.7349842077366, 3.73657142434724, 2.7576, 2.75841261542142, 2.76085429472946, 2.76492395712551, 2.77061559605327, 2.77791825950051, 2.78681602218504, 2.79728797744372, 2.80930828797605, 2.82284630712074, 2.83786666498771, 2.85432936445054, 2.87218988791149, 2.89139931895729, 2.91190449715311, 2.93364821204333, 2.95656912516048, 2.98060168937424, 3.00567608398299, 3.03171813965412, 3.05864940246691, 3.0863872393053, 3.1148449772447, 3.14393209764194, 3.17355442390181, 3.2036142885942, 3.23401028716806, 3.26463715163641, 3.29538572704784, 3.32614302005372, 3.35679219836868, 3.38721256117753, 3.41727955509415, 3.44686488461249, 3.4758366229167, 3.50405931547277, 3.53139413233055, 3.55769903456486, 3.58282866240303, 3.60663419515083, 3.62896325421518, 3.64965986007076, 3.66856442723492, 3.68551379119391, 3.70034123399195, 3.7128765113888, 3.72294594580325, 3.73037245450303, 3.73497557201899, 3.73657146631857, 2.7576, 2.75840309330045, 2.7608186460602, 2.76484789519126, 2.77048703208582, 2.77772718258407, 2.78655437867668, 2.79694955065719, 2.80888857947552, 2.82234241983857, 2.83727719041356, 2.8536542726232, 2.87143042043004, 2.890557885435, 2.91098457547341, 2.93265425274104, 2.95550645446427, 2.97947641096166, 3.004494979673, 3.03048856979286, 3.05737920770983, 3.08508464526144, 3.11351850226731, 3.14259046419332, 3.17220647618059, 3.20226891334526, 3.23267633023957, 3.26332333047859, 3.29410054262315, 3.32489467028141, 3.3555884920847, 3.38606083011446, 3.41618656640537, 3.44583675478076, 3.47487873522919, 3.50317623969082, 3.53058954688312, 3.55697565243763, 3.5821881537341, 3.60607710638601, 3.62848892522769, 3.64926633978085, 3.66824838894046, 3.68527044815549, 3.70016425526756, 3.71275793801827, 3.72287610896572, 3.73033989410325, 3.73496695560755, 3.73657150824588, 2.7576, 2.75839359099026, 2.76078307274718, 2.76477199602398, 2.77035874631045, 2.77753652347415, 2.78629331298951, 2.79661187837554, 2.80846981517527, 2.82183967589728, 2.83668906430859, 2.85298073704945, 2.87067271645334, 2.88971841910689, 2.91006681826193, 2.93166264610259, 2.95444631304318, 2.97835382453528, 3.00331671405546, 3.029261967463, 3.05611208987591, 3.08378521679108, 3.11219525977101, 3.14125210768036, 3.17086182696868, 3.20092683504682, 3.23134564552631, 3.26201273386768, 3.29281851267479, 3.32364938334809, 3.35438773651825, 3.38491191851481, 3.415096248427, 3.44481113130569, 3.47392317608703, 3.50229530355811, 3.52978690368568, 3.55625400936394, 3.58154917795858, 3.60552134436651, 3.62801571995568, 3.64887374652568, 3.66793309069639, 3.68502767132356, 3.69998768556893, 3.71263963674172, 3.72280643117188, 3.73030740724452, 3.7349583584715, 3.73657155012416, 2.7576, 2.75838410809461, 2.76074757325866, 2.76469625627049, 2.77023073291973, 2.7773462733295, 2.78603281272202, 2.79627494416357, 2.80805197418581, 2.82133804958524, 2.83610225582357, 2.85230872147907, 2.86991673411858, 2.88888087233724, 2.9091511720006, 2.93067333266834, 2.95338863548705, 2.97723385877541, 3.0021412099918, 3.02803824984686, 3.05484796065639, 3.08248886032977, 3.11087515121756, 3.13991692491832, 3.1695203688068, 3.19958794238185, 3.23001811831557, 3.26070524420194, 3.29153951726255, 3.32240703756869, 3.35318980887567, 3.3837657031546, 3.41400847822426, 3.44378789230158, 3.4729698254531, 3.50141638972451, 3.52898608895181, 3.55553399603612, 3.58091163120091, 3.60496681164033, 3.62754354840001, 3.64848199882583, 3.66761846064711, 3.68478539960755, 3.69981147574851, 3.71252157156935, 3.72273688928306, 3.73027498181133, 3.73494977616904, 3.73657159031445, 2.7576, 2.75837464704132, 2.76071215692701, 2.76462069626589, 2.77010302697109, 2.77715648527088, 2.78577295202066, 2.79593884577703, 2.80763518007692, 2.82083769211184, 2.83551694525371, 2.85163843635972, 2.8691627147124, 2.88804551755781, 2.90823794019149, 2.92968664655445, 2.95233378568838, 2.97611690613134, 3.00096888688652, 3.02681786131998, 3.05358728703031, 3.08119606270816, 3.10955868015208, 3.13858543264364, 3.16818262771235, 3.19825276635177, 3.22869427990939, 3.25940138872153, 3.2902640755225, 3.32116814025223, 3.35199520123498, 3.38262265779533, 3.41292370847416, 3.44276746690974, 3.47201908679791, 3.50053987416998, 3.52818744966584, 3.55481592925269, 3.58027579919842, 3.60441376232282, 3.62707263280757, 3.64809128712744, 3.66730465781956, 3.68454376131031, 3.69963572439365, 3.71240381269492, 3.7226675282936, 3.73024264266496, 3.73494122036692, 3.73657163609971, 2.7576, 2.75836520558572, 2.76067681513786, 2.76454529726499, 2.76997559619143, 2.776967110464, 2.78551366282057, 2.79560349361478, 2.80721931976907, 2.82033846534037, 2.83493296818946, 2.85096969015606, 2.86841043908313, 2.88721210787192, 2.9073268484257, 2.9287022864334, 2.95128143635535, 2.97500261466172, 2.99979936982354, 3.02560040602592, 3.05232965459372, 3.07990639372536, 3.10824540368395, 3.13725717873876, 3.1668481461584, 3.19692084819273, 3.22737367483474, 3.25810071939312, 3.28899175063023, 3.31993226917192, 3.35080350897473, 3.38148239804697, 3.41184157726157, 3.44174951755005, 3.47107064835213, 3.49966547202684, 3.52739072856702, 3.55409957967943, 3.57964148047733, 3.60386202234861, 3.62660282568323, 3.64770148928085, 3.66699158379795, 3.68430267975131, 3.69946037417313, 3.7122863193632, 3.72259832086332, 3.73021037233184, 3.73493267952206, 3.73657167754353, 2.7576, 2.75835577687065, 2.76064152169259, 2.76447000247209, 2.76984834316106, 2.77677800206699, 2.78525474128808, 2.79526862051033, 2.80680405765021, 2.81983996132873, 2.83434984170204, 2.85030192352363, 2.86765927126888, 2.88637993172541, 2.90641711180822, 2.92771939754662, 2.95023066756887, 2.97389000521547, 2.99863162757355, 3.02438480903549, 3.05107395290335, 3.07861871541625, 3.10693416412401, 3.13593099339302, 3.16551574961899, 3.19559101587376, 3.22605514057032, 3.25680209002376, 3.28772141934337, 3.3186983304606, 3.34961367382974, 3.38034390727468, 3.41076111541109, 3.44073312813551, 3.47012365254536, 3.49879238946794, 3.52659520059594, 3.55338429465134, 3.57900809699589, 3.60331108912999, 3.62613369932575, 3.64731225050515, 3.66667895335672, 3.68406193449619, 3.69928526328044, 3.71216898083265, 3.72252919835339, 3.73017813391389, 3.73492413671559, 3.7365717045451, 2.7576, 2.75834636783052, 2.76060630309131, 2.76439486934821, 2.76972136646078, 2.77658930870312, 2.78499639377533, 2.7949344969947, 2.80638973364385, 2.81934259336983, 2.83376805519388, 2.8496357034774, 2.86690985616287, 2.88554971091767, 2.90550952683454, 2.9267388476371, 2.9491824136323, 2.97278007273057, 2.99746670854464, 3.0231721638233, 3.04982131227805, 3.07733418690227, 3.10562614153454, 3.13460806992682, 3.16418663716832, 3.1942644668974, 3.2247398659008, 3.2555066737133, 3.28645423230854, 3.31746744574122, 3.34842678202658, 3.37920823013326, 3.40968332002698, 3.43971924243711, 3.469178984228, 3.49792144703056, 3.52580161677864, 3.55267075192423, 3.57837625091992, 3.60276148836206, 3.62566570351777, 3.64692394666756, 3.66636707188324, 3.68382176532641, 3.6991105722033, 3.7120519260476, 3.72246024735309, 3.73014598227173, 3.7349156271439, 3.73657174613894, 2.7576, 2.75833697844809, 2.76057115926824, 2.76431989775069, 2.76959466584589, 2.77640103000347, 2.78473861977001, 2.79460112239594, 2.80597634690487, 2.81884636043451, 2.83318760744332, 2.84897102859694, 2.86616219214143, 2.88472144361892, 2.90460409146705, 2.92576063445836, 2.94813667209004, 2.97167281454246, 2.99630460986369, 3.02196246730783, 3.04857172942713, 3.07605280468119, 3.10432133219694, 3.1332884043973, 3.16286080462747, 3.19294119683332, 3.2234278461259, 3.25421446546943, 3.2851901842232, 3.31623960938577, 3.34724282759937, 3.3780753603088, 3.40860818443876, 3.43870785342017, 3.46823663599384, 3.49705263692948, 3.52500996894266, 3.55195894292912, 3.57774593327367, 3.60221321065083, 3.62519882843412, 3.64653656749713, 3.66605592864428, 3.68358216102787, 3.69893628922589, 3.71193514276734, 3.72239145507121, 3.73011390403561, 3.73490713682807, 3.73657178770387
0.01, 0.01, 0.01, 0.01, 0.01, 0.01, 0.01, 0.01, 0.01, 0.01, 0.01, 0.01, 0.01, 0.01, 0.01, 0.01, 0.01, 0.01, 0.01, 0.01, 0.01, 0.01, 0.01, 0.01, 0.01, 0.01, 0.01, 0.01, 0.01, 0.01, 0.01, 0.01, 0.01, 0.01, 0.01, 0.01, 0.01, 0.01, 0.01, 0.01, 0.01, 0.01, 0.01, 0.01, 0.01, 0.01, 0.01, 0.01, 0.01, 0.01, 0.01, -0.298121387958704, -0.593347389923466, -0.875681658192921, -1.14512784544094, -1.4016896047159, -1.64537058943981, -1.87617445340747, -2.09410485078553, -2.29916543611158, -2.49135986429329, -2.67069179060752, -2.8371648706996, -2.99078276058267, -3.13154911663717, -3.25946759561053, -3.37454185461706, -3.47677555113806, -3.56617234302222, -3.64273588848633, -3.70646984611626, -3.75737787486839, -3.79546363407126, -3.8207307834277, -3.83318298301729, -3.83282389329923, -3.81965717511545, -3.79368648969425, -3.75491549865407, -3.70334786400766, -3.63898724816644, -3.561837313945, -3.47190172456583, -3.369184143664, -3.25368823529191, -3.12541766392396, -2.98437609446106, -2.83056719223493, -2.66399462301215, -2.48466205299788, -2.29257314883914, -2.08773157762775, -1.87014100690272, -1.63980510465215, -1.39672753931465, -1.14091197978025, -0.872362095390687, -0.591081555939297, -0.297074031670362, 0.00965680672198588, 0.01, -0.298828533606994, -0.594672728767343, -0.877539878569317, -1.1474372600778, -1.40437212685848, -1.64835175209238, -1.87938345403822, -2.09747457727093, -2.30263249602035, -2.49486482868012, -2.6741794312735, -2.84058436940943, -2.99408790546167, -3.13469835396754, -3.26242398159593, -3.37727250257963, -3.47925113595882, -3.5683669084414, -3.64462672730398, -3.70803774323737, -3.75860733783374, -3.7963430852182, -3.82125288352663, -3.83334475122286, -3.83262621008143, -3.81910406302943, -3.79278485892041, -3.75367530600061, -3.70178226562754, -3.63711242641856, -3.5596724920734, -3.46946935840741, -3.36651010433912, -3.250801976145, -3.12235234879066, -2.98116870910477, -2.8272582892596, -2.66062799784964, -2.48128438600699, -2.28923372776224, -2.08448239498453, -1.86703687170322, -1.63690366058582, -1.39408942007681, -1.13860095905634, -0.870445089081484, -0.589628623691544, -0.29615837768497, 0.00995883320456847, 0.01, -0.299520679295492, -0.595969043315517, -0.879356025500228, -1.14969252675997, -1.40698940048294, -1.65125753812826, -1.88250791989638, -2.10075157750289, -2.30599960079282, -2.49826356642767, -2.67755552474609, -2.84388794356395, -2.99727368248322, -3.1377257075552, -3.26525689158261, -3.37987900155384, -3.48160281327055, -3.57043871462723, -3.64639685114158, -3.70948785351656, -3.75972281260432, -3.79711320279389, -3.82167114451952, -3.83340899897189, -3.83233813835641, -3.81846849970488, -3.7918095109112, -3.75237091763954, -3.70016277081945, -3.63519477643117, -3.55747666902954, -3.4670185652082, -3.36383094728388, -3.24792463191139, -3.11931069298104, -2.97800042806124, -2.82400462974395, -2.65733344748329, -2.4779963142507, -2.28600210741024, -2.0813598994268, -1.86407898659247, -1.63416870274199, -1.39163869335396, -1.13649890484937, -0.868759289184414, -0.588429802376103, -0.295520402949318, 0.00995894883636611, 0.01, -0.300211252268796, -0.597262372211621, -0.881167933182761, -1.15194245939355, -1.40960040336237, -1.65415627334966, -1.88562470898154, -2.10402042585553, -2.30935822536699, -2.50165363724548, -2.68092289973985, -2.84718287515158, -3.00045101122497, -3.14074491893208, -3.26808207347012, -3.38247829026111, -3.48394789699787, -3.57250463502004, -3.64816187731148, -3.71093372255036, -3.76083495754212, -3.79788094249178, -3.82208800410719, -3.83347282947989, -3.83205062916004, -3.81783446635452, -3.79083663945407, -3.75106992238014, -3.69854754591839, -3.63328222461664, -3.55528671389823, -3.46457433936793, -3.36115897491238, -3.24505499578566, -3.11627716331381, -2.97484057470545, -2.82075957666555, -2.6540475576734, -2.47471682952751, -2.28277886889655, -2.07824544466704, -1.86112866116042, -1.63144067985917, -1.38919413030034, -1.13440209399582, -0.867077661481409, -0.587233929978082, -0.294884000901587, 0.00995902148625222, 0.01, -0.300900260721513, -0.598552731174894, -0.882975624191035, -1.15418708673827, -1.4122051697736, -1.65704799688551, -1.888733864617, -2.1072811691989, -2.31270841952542, -2.5050350932124, -2.68428161003661, -2.85046921909247, -3.00361994721561, -3.14375604371782, -3.27089958243644, -3.38507042289554, -3.48628643979917, -3.57456472020607, -3.64992185384026, -3.71237539537328, -3.76194381431893, -3.7986463423181, -3.82250349640176, -3.83353627281386, -3.83176370839787, -3.81720198461222, -3.78986626182145, -3.74977233306678, -3.69693659929965, -3.63137477486241, -3.55310262609699, -3.46213667590472, -3.35849417796521, -3.24219305440248, -3.11325174253656, -2.97168912816121, -2.81752310579749, -2.65077030109482, -2.47144590166268, -2.27956397945563, -2.07513899561999, -1.85818585828692, -1.62871955307794, -1.38675569062163, -1.13231048507741, -0.86540016374575, -0.586040963780562, -0.294249128654346, 0.00995909389198318, 0.01, -0.301587708980459, -0.599840128433062, -0.884779110227979, -1.15642642354696, -1.41480371709469, -1.65993272831713, -1.8918354081711, -2.11053383028019, -2.31605020699669, -2.50840795865542, -2.6876316801975, -2.85374699984111, -3.00678051449122, -3.14675910522715, -3.2737094407564, -3.3876554203626, -3.48861846087588, -3.57661898736503, -3.6516767956099, -3.71381288434068, -3.76304939258796, -3.79940940910728, -3.82291762536724, -3.83359933008393, -3.83147737437129, -3.81657105001815, -3.78889837085598, -3.74847813992685, -3.69532991867859, -3.62947241249309, -3.55092438871269, -3.45970555586742, -3.35583653569863, -3.23933878551509, -3.11023440723124, -2.96854606421072, -2.81429519250132, -2.64750165304718, -2.46818350624814, -2.2763574153345, -2.07204052956124, -1.85525055666168, -1.62600530289722, -1.38432335702858, -1.13022406342515, -0.863726784341132, -0.584850895594759, -0.293615781882384, 0.00995916609871156, 0.01, -0.302273601383401, -0.601124572234044, -0.886578403024238, -1.15866048460596, -1.41739606274128, -1.66281048726578, -1.89492936105278, -2.11377843188601, -2.31938361154586, -2.51177225793321, -2.69097313480862, -2.85701624186831, -3.00993273709508, -3.14975412677409, -3.27651167069756, -3.39023330355541, -3.4909439794135, -3.57866745365867, -3.65342671748379, -3.71524620178981, -3.76415170198572, -3.80017014967916, -3.82333039495562, -3.83366200239085, -3.83119162537505, -3.81594165810879, -3.78793295939973, -3.74718733319045, -3.69372749177674, -3.62757512284312, -3.54875198484578, -3.4572809603222, -3.35318602738974, -3.23649216690079, -3.10722513400669, -2.96541135866533, -2.81107581216954, -2.64424158886258, -2.46492961890958, -2.273159152815, -2.06895002380208, -1.85232273501089, -1.62329790985312, -1.38189711226987, -1.12814281440892, -0.862057511671209, -0.58366371727327, -0.292983956303749, 0.00995923810588628, 0.01, -0.302957941848495, -0.602406070031536, -0.888373513186592, -1.16088928329297, -1.41998222248031, -1.6656812915078, -1.8980157426719, -2.11701499468959, -2.32270865474702, -2.51512801316899, -2.69430599620468, -2.8602769674007, -3.01307663686456, -3.15274112954646, -3.27930629252197, -3.39280409152184, -3.49326301295008, -3.58071013483225, -3.65517163316628, -3.71667535917596, -3.7652507515559, -3.80092857055436, -3.82374180910957, -3.8337242911043, -3.83090646023419, -3.81531380519224, -3.78697002128403, -3.74589990426712, -3.69212930765374, -3.62568289270876, -3.54658539916302, -3.45486287200165, -3.35054263407301, -3.23365317817156, -3.10422390136579, -2.96228498926794, -2.80786494214007, -2.64099008580899, -2.46168421717494, -2.26996917002231, -2.06586745741153, -1.84940237370461, -1.62059735598239, -1.37947694042118, -1.12606672452066, -0.860392335025061, -0.582479421285181, -0.292353647951451, 0.00995930993234018, 0.01, -0.303640734449262, -0.603684629577857, -0.890164451751619, -1.16311283353468, -1.42256221273493, -1.66854515957166, -1.90109457327609, -2.12024354027872, -2.32602535915871, -2.51847524753554, -2.69763028783294, -2.86352919984139, -3.01621223686576, -3.15572013598755, -3.28209332774869, -3.395367804544, -3.49557558021189, -3.58274704775187, -3.65691155739629, -3.71810036888611, -3.7663465511568, -3.80168467893871, -3.8241518723172, -3.83378619799075, -3.8306218780139, -3.81468748765272, -3.78600955024523, -3.7446158442934, -3.69053535491153, -3.62379570823696, -3.54442461550044, -3.45245127265333, -3.34790633566999, -3.23082179772408, -3.10123068651835, -2.95916693241434, -2.8046625583731, -2.63774711976949, -2.45844727720354, -2.26678744375231, -2.06279280819132, -1.84648945193008, -1.6179036222455, -1.37706282461055, -1.12399577945534, -0.858731243067418, -0.581297999670068, -0.291724852646241, 0.00995938156922982, 0.01, -0.304321983454229, -0.604960258989889, -0.891951230264578, -1.16533114988513, -1.42513605064903, -1.67140211077482, -1.90416587394584, -2.12346409109428, -2.32933374819016, -2.52181398503272, -2.70094603392466, -2.86677296331706, -3.01933956081302, -3.15869116910011, -3.28487279835462, -3.39792446324813, -3.49788170014482, -3.58477820937024, -3.65864650486156, -3.71952124311763, -3.76743911032242, -3.80243848158786, -3.82456058850474, -3.8338477241629, -3.83033787705768, -3.8140627011115, -3.78505153924552, -3.7433351436541, -3.68894562146007, -3.62191355498343, -3.54226961721058, -3.45004614362286, -3.34527711176059, -3.22799800365736, -3.09824546640891, -2.95605716426022, -2.80146863660876, -2.6345126664222, -2.45521877496072, -2.26361395061538, -2.05972605376535, -1.84358394870525, -1.61521668944454, -1.37465474782185, -1.12192996478219, -0.857074224360498, -0.580119444393336, -0.291097566168276, 0.00995945300949008, 0.01, -0.305001693343044, -0.606232966786674, -0.893733860843838, -1.16754424762235, -1.42770375422126, -1.6742521654002, -1.90722966681763, -2.12667667070354, -2.33263384642722, -2.52514425086706, -2.70425325992752, -2.87000828316008, -3.02245863359519, -3.16165425300978, -3.28764472736751, -3.40047408921908, -3.50018139254088, -3.58680363735356, -3.66037649081026, -3.7209379944546, -3.76852843879594, -3.80318998530187, -3.82496796149051, -3.83390887048547, -3.83005445533298, -3.81343944069794, -3.78409598065144, -3.74205779204674, -3.68736009444242, -3.62003641766939, -3.54012038675579, -3.44764746532161, -3.34265494095793, -3.22518177308231, -3.09526821698359, -2.95295565996342, -2.79828315160077, -2.63128670048125, -2.45199868548127, -2.26044866633582, -2.05666717092689, -1.84068584228378, -1.61253653769444, -1.37225269243973, -1.11986926556988, -0.855421267075324, -0.578943747149159, -0.290471784157029, 0.00995952424565177, 0.01, -0.305679868017123, -0.607502760391141, -0.895512354054108, -1.16975214007342, -1.43026533916216, -1.6770953411649, -1.91028597124247, -2.12988129972486, -2.33592567539711, -2.52846606712724, -2.70755198815882, -2.87323518160189, -3.02556947706598, -3.16460940890597, -3.29040913501038, -3.40301670139949, -3.50247467474135, -3.58882334713272, -3.66210152848722, -3.72235063371802, -3.76961454482199, -3.80393919568673, -3.82537399423298, -3.83396963731687, -3.82977161066716, -3.81281770177577, -3.78314286744156, -3.74078378015647, -3.68577876235738, -3.61816428272741, -3.5379769086472, -3.44525522052216, -3.34003980451693, -3.22237308599408, -3.09229891727096, -2.9498623979125, -2.79510608142943, -2.62806920003086, -2.44878698716044, -2.2572915699336, -2.05361613964294, -1.8377951139119, -1.60986314986066, -1.36985664329506, -1.1178136689656, -0.853772361029579, -0.577770900781845, -0.289847502840576, 0.00995959530838225, 0.01, -0.306356511695813, -0.60876964782655, -0.897286721307319, -1.1719548416241, -1.43282082241706, -1.67993165716233, -1.91333480805594, -2.1330780003379, -2.33920925823611, -2.53177945753287, -2.71084224256642, -2.87645368248664, -3.02867211466177, -3.16755665952181, -3.29316604300288, -3.40555232017522, -3.5047615654732, -3.59083735546757, -3.66382163241746, -3.72375917297617, -3.77069743784111, -3.80468611944037, -3.82577869063586, -3.8340300257811, -3.82948934144714, -3.81219748004047, -3.78219219268167, -3.7395130984996, -3.68420161327284, -3.61629713589596, -3.53583916644314, -3.44286939079654, -3.33743168226171, -3.2195719207503, -3.08933754448473, -2.94677735453868, -2.79193740211254, -2.62486014102521, -2.44558365623436, -2.25414263828103, -2.05057293778682, -1.83491174284074, -1.60719650695842, -1.36746658356102, -1.11576316070031, -0.85212749491586, -0.576600897352096, -0.289224718055607, 0.00995966617646887, 0.01, -0.307033913425282, -0.610037989585581, -0.899063176943097, -1.17416020286169, -1.43537947322224, -1.6827715836816, -1.91638763100943, -2.13627899217361, -2.34249736288245, -2.53509752077129, -2.71413723504694, -2.87967689340319, -3.03177933217462, -3.1705082513721, -3.2959269410876, -3.40809146101162, -3.50705138841503, -3.59285357675731, -3.66554309026845, -3.72516805575814, -3.77177967056641, -3.8054315424951, -3.82618119396159, -3.83408766064753, -3.82920387815408, -3.81157373589277, -3.78123777091584, -3.73823854000573, -3.68262054276677, -3.6144260996821, -3.53369763389046, -3.44047992548643, -3.33482012352798, -3.21676755112274, -3.08637322131562, -2.94368962597309, -2.78876630775085, -2.62164894004457, -2.44237845626883, -2.25099210644392, -2.04752839644945, -1.83202728072339, -1.6045290057495, -1.36507587966221, -1.11371220142143, -0.850482348168498, -0.575430759647814, -0.288601920511666, 0.00995965365006296, 0.01, -0.307709779969747, -0.611303416971844, -0.900835494579798, -1.17636035749486, -1.4379320031524, -1.68560462794105, -1.91943296074696, -2.13947202708992, -2.34577719020439, -2.53840712452856, -2.71742371792557, -2.88289166915453, -3.03487830474465, -3.17345189779345, -3.29868029863276, -3.41062356712523, -3.5093347784366, -3.59486405533974, -3.66725957369443, -3.72657279892031, -3.7728586516487, -3.80617464062054, -3.82658232245887, -3.83414487805484, -3.828918950243, -3.81095146752494, -3.78028574450374, -3.73696726664302, -3.68104360786953, -3.6125600016431, -3.53156178456149, -3.43809681970457, -3.33221552053078, -3.2139706420255, -3.0834167610062, -2.94061004944653, -2.78560353522387, -2.61844610925331, -2.43918155034124, -2.24784966404675, -2.04449160744457, -1.8291500972146, -1.60186816938896, -1.36269108391907, -1.11166624828427, -0.848841158450104, -0.574263381513044, -0.287980535909204, 0.00995972449709426, 0.01, -0.308384117626798, -0.612565942164863, -0.902603691863419, -1.17855532822101, -1.44047843954188, -1.68843082150024, -1.92247083264708, -2.14265714388601, -2.34904878203386, -2.54170831329551, -2.72070173799639, -2.88609805850508, -3.0379690828015, -3.17638765058413, -3.30142616849447, -3.41314869210931, -3.5116117895433, -3.59686884532406, -3.66897113664014, -3.72797345602007, -3.77393443408761, -3.80691546614613, -3.82698212773697, -3.83420172890747, -3.82863460795698, -3.8103307245654, -3.77933616252186, -3.73569932697986, -3.67947085666842, -3.61069888943021, -3.5294316657464, -3.43572012049916, -3.32961792023946, -3.21118124055478, -3.08046821102598, -2.93753867308669, -2.78244913361025, -2.61525169895483, -2.43599299024975, -2.24471536466099, -2.04146262640606, -1.82628025031165, -1.59921405854783, -1.36031225999438, -1.10962536826717, -0.847203996382504, -0.573098837543611, -0.287360643150004, 0.00995979517719259, 0.01, -0.309056918451721, -0.613825549869697, -0.904367746743472, -1.18074508682916, -1.44301874861494, -1.69125012561691, -1.92550120360486, -2.14583429570572, -2.35231208838519, -2.54500103459251, -2.72397124093915, -2.88929600596974, -3.04105161039826, -3.17931545404681, -3.30416449592214, -3.41566678284732, -3.51388237093543, -3.59886789892659, -3.67067773507644, -3.72936998756578, -3.77500698376364, -3.8076539912161, -3.82738058915663, -3.83425820079982, -3.82835084816857, -3.80971151421215, -3.77838904355669, -3.73443475072247, -3.6779023283881, -3.6088428102036, -3.5273073309873, -3.43334988628388, -3.32702738447198, -3.20839941050731, -3.07752763576481, -2.93447556052855, -2.77930316444954, -2.61206576723395, -2.43281282981877, -2.24158925761498, -2.03844149793942, -1.82341777968202, -1.59656670774954, -1.35793943706873, -1.1075895850148, -0.845570879885184, -0.571937139747006, -0.286742248144027, 0.00995986606294419, 0.01, -0.309728187023989, -0.615082248800567, -0.906127671624392, -1.18292964896985, -1.44555294882468, -1.69406256110605, -1.92852409636206, -2.14900350679059, -2.35556713458329, -2.54828531442578, -2.72723225305786, -2.89248553778994, -3.04412591338156, -3.18223533331024, -3.30689530498958, -3.41817786201178, -3.51614654353392, -3.60086123498372, -3.67237938546292, -3.73076240739399, -3.77607631169755, -3.80839022390141, -3.82777771176846, -3.834314295758, -3.82806766990433, -3.80909383252133, -3.77744438074004, -3.73317352815875, -3.67633801058937, -3.60699174893285, -3.52518876282945, -3.43098609739185, -3.32444389160671, -3.20562512860804, -3.07459501063175, -2.93142068623681, -2.77616560164218, -2.60888828778836, -2.42964104292821, -2.23847131739208, -2.03542819756385, -1.82056266232561, -1.59392609592956, -1.35557259647597, -1.10555888272842, -0.843941796500139, -0.570778279481924, -0.286125346544093, 0.009959936729381, 0.01, -0.310396520107532, -0.616333343983784, -0.907879591293568, -1.18510407069065, -1.44807513897863, -1.69686138103719, -1.93153202975732, -2.15215667326226, -2.35880530555595, -2.55155213806481, -2.73047547151531, -2.89565717459358, -3.04718244744095, -3.18513779072896, -3.3096092563054, -3.42067286004401, -3.51839561918598, -3.6028406583356, -3.67406849725506, -3.73214384123786, -3.77713637160895, -3.80911905766821, -3.82816944060035, -3.83436712224475, -3.82778345695806, -3.80847745051416, -3.77650344422924, -3.73191854051844, -3.67478236554436, -3.6051515765264, -3.52308306856084, -3.4286369252711, -3.3218765050692, -3.20286817811306, -3.07168066659308, -2.92838475679206, -2.77304735529203, -2.60573020213557, -2.42648843039126, -2.23537203198589, -2.03243272834587, -1.81772424428338, -1.59130074001169, -1.3532192539367, -1.10353960384354, -0.842321743298727, -0.569625736378185, -0.285511728461922, 0.00996007865916998, 0.01, -0.311063337095113, -0.617581561340183, -0.909627425335411, -1.18727335237557, -1.4505912873973, -1.69965340880743, -1.93453256941063, -2.15530199011877, -2.36203531284609, -2.55481062078017, -2.73371030251314, -2.89882050074298, -3.05023086236103, -3.18803242878589, -3.31231579231976, -3.42316094662691, -3.52063838207373, -3.60481445495158, -3.67575274554155, -3.73352124068801, -3.77819327903252, -3.80984565950344, -3.82855988167175, -3.8344196129687, -3.82749985642257, -3.80786261737352, -3.77556497302538, -3.73066690438866, -3.67323091787996, -3.60331639916801, -3.52098310934996, -3.426294159553, -3.31931611648264, -3.20011872621633, -3.06877422004059, -2.92535701145704, -2.76993746122113, -2.60258051633278, -2.42334414217286, -2.23228086894922, -2.0294450491194, -1.81489314937767, -1.5886821025254, -1.35087188441541, -1.10152540949486, -0.840705741326179, -0.56847606513516, -0.284899655996491, 0.00996014860740313, 0.01, -0.311728641531482, -0.618826907510015, -0.911371183036618, -1.1894375055091, -1.4531014073149, -1.70243865895532, -1.937525730725, -2.1584394731954, -2.36525717229935, -2.55806077801986, -2.73693676071153, -2.90197552974267, -3.05327117015011, -3.1909192576612, -3.31501492103915, -3.42564212723844, -3.52287483478781, -3.60678262419274, -3.67743212615092, -3.73489459778166, -3.77924702200689, -3.81057001329652, -3.82894901463318, -3.83447174331569, -3.82721683942098, -3.80724929996531, -3.7746289297587, -3.7294185782181, -3.67168362194985, -3.6014861672185, -3.51888883169625, -3.42395774305026, -3.31676266519063, -3.19737670905162, -3.06587560419694, -2.92233738087937, -2.76683584784579, -2.59943915689049, -2.42020810319577, -2.22919775193979, -2.02646508261011, -1.81206929974672, -1.58607010537521, -1.34853040994393, -1.09951622220825, -0.839093713972924, -0.567329190380745, -0.284289055387301, 0.00996021834837063, 0.01, -0.312392437664005, -0.620069390571231, -0.913110875889133, -1.19159654458097, -1.45560551580339, -1.70521715072208, -1.94051153470346, -2.16156914485725, -2.36847090725339, -2.56130263371837, -2.74015487028387, -2.90512228566935, -3.05630339447976, -3.19379830032145, -3.31770666441177, -3.42811642248596, -3.52510499626837, -3.60874518302218, -3.67910665379836, -3.73626392475938, -3.78029761012251, -3.81129212586868, -3.8293368434782, -3.83452351445685, -3.82693440433483, -3.80663749391793, -3.77369530735697, -3.72817355231891, -3.67014046556794, -3.59966086612631, -3.51680021884488, -3.42162765700991, -3.31421613068997, -3.19464210465497, -3.06298479596621, -2.91932584119707, -2.76374249091171, -2.59630609951776, -2.41708028948072, -2.22612265764297, -2.02349280653135, -1.80925267450673, -1.58346472946424, -1.3461948136037, -1.0975120276405, -0.837485649872103, -0.56618510412784, -0.283679922431725, 0.00996028789498915, 0.01, -0.313054734622495, -0.62130902794713, -0.914846528773605, -1.19375050109342, -1.4581036501515, -1.70798892635043, -1.94349002771569, -2.1646910547816, -2.37167656988397, -2.56453624175453, -2.7433646860344, -2.90826082349726, -3.05932758976576, -3.19666960990423, -3.32039107356385, -3.43058388074216, -3.52732891138854, -3.61070217208394, -3.68077636420815, -3.73762925177896, -3.78134506737489, -3.81201201451343, -3.82972337831908, -3.8345749289073, -3.82665254610204, -3.8060271870246, -3.77276408691712, -3.7269318015724, -3.66860141791287, -3.59784045989584, -3.51471723018368, -3.41930385680357, -3.3116764649791, -3.19191486233596, -3.06010174269267, -2.91632233854962, -2.76065733612185, -2.59318129023141, -2.41396064810152, -2.22305553493733, -2.02052817232452, -1.80644322843154, -1.58086593367751, -1.34386505917698, -1.09551279526284, -0.835881524979516, -0.565043789614853, -0.283072248450117, 0.00996035704508491, 0.01, -0.313715567164341, -0.622545886086962, -0.916578236765859, -1.19589949568412, -1.46059595349479, -1.71075414841386, -1.9464613887212, -2.1678053952733, -2.37487436281537, -2.56776181206596, -2.74656642223305, -2.91139135887874, -3.06234397013071, -3.19953339610516, -3.32306835085552, -3.43304469411761, -3.52954675909659, -3.61265375427763, -3.6824414013985, -3.73899070120476, -3.7823894917717, -3.81272975025507, -3.83010866065139, -3.83462599617361, -3.82637124220268, -3.80541832709825, -3.77183518897129, -3.72569322166368, -3.66706635230332, -3.5960248019865, -3.51263970186266, -3.41698616388039, -3.30914347747306, -3.18919478219868, -3.05722623794607, -2.9133266627995, -2.75758017247286, -2.5900645199861, -2.41084897478933, -2.21999618715745, -2.01757099376983, -1.80364078860586, -1.57827356127644, -1.34154100898474, -1.09351840934702, -0.834281248414736, -0.563905183709924, -0.282466000961998, 0.00996042472399528, 0.01, -0.314374939069712, -0.623779972173494, -0.918306010073876, -1.19804354120923, -1.46308244096128, -1.71351283393837, -1.94942563627553, -2.17091218605649, -2.37806430658946, -2.57097936567476, -2.74976010006209, -2.91451391285801, -3.06535255620888, -3.20238967888521, -3.32573851529769, -3.43549888038752, -3.5317585556425, -3.61459994405456, -3.68410177778668, -3.7403482832276, -3.78343089113485, -3.813445338459, -3.83049269335555, -3.83467671668468, -3.82609049064708, -3.8048109097396, -3.77090860673529, -3.72445780347984, -3.66553525738543, -3.59421387890627, -3.51056761838305, -3.41467456090805, -3.3066171492208, -3.18648184392861, -3.054358260342, -2.91033879182203, -2.75451097743694, -2.58695576617039, -2.40774524716127, -2.21694459246575, -2.01462124990172, -1.80084533527409, -1.57568759406206, -1.33922264673845, -1.09152885587407, -0.832684808791173, -0.56276927802385, -0.281861174941651, 0.00996049222751683, 0.01, -0.315032871451915, -0.62501132624256, -0.920029905465425, -1.20018270897827, -1.46556319621257, -1.71626507675063, -1.95238287218875, -2.17401153475046, -2.38124651247052, -2.57418901533948, -2.75294583164089, -2.91762859480348, -3.06835345253247, -3.20523855586334, -3.32840165550605, -3.43794651706533, -3.53396436533471, -3.61654079168725, -3.68575753007065, -3.74170202147559, -3.78446927657697, -3.81415877833142, -3.8308754643993, -3.83472706789946, -3.82581025911456, -3.80420489355384, -3.76998429046125, -3.72322548967266, -3.6640080689947, -3.59240762047356, -3.50850090437388, -3.41236896819557, -3.30409739712231, -3.183775961968, -3.05149772285441, -2.90735863814848, -2.7514496641358, -2.58385494351198, -2.40464938255951, -2.21390067183187, -2.01167886634038, -1.79805679974127, -1.5731079700676, -1.33690991824989, -1.08954408949034, -0.831092170649483, -0.561636048053739, -0.281257757906056, 0.00996055895486547, 0.01, -0.315689155209496, -0.62623954491369, -0.921749340103662, -1.20231625152109, -1.468037321969, -1.71900984458816, -1.95533194404838, -2.1771021836341, -2.38441963228148, -2.57738933729485, -2.75612213250313, -2.92073387445912, -3.07134509799621, -3.2080784500357, -3.33105619351628, -3.4403860401564, -3.5361626530761, -3.61847480608384, -3.68740722647435, -3.74305055884557, -3.78550338107883, -3.81486890840709, -3.8312559334046, -3.83477614612649, -3.82552979620136, -3.80359969500341, -3.76906184007438, -3.72199607926103, -3.66248480090886, -3.59060627090732, -3.50644005020869, -3.410070138029, -3.30158525117839, -3.18107845987761, -3.04864625848994, -2.90438812115902, -2.74839837603426, -2.58076435732848, -2.40156378591583, -2.21086686756836, -2.00874626055668, -1.79527751242632, -1.57053687045931, -1.33460479323973, -1.08756580628388, -0.829504694262313, -0.560506456076576, -0.280656251957688, 0.00996064515631373, 0.01, -0.316344028988328, -0.627465088253391, -0.923464978250675, -1.20444502007069, -1.47050583921046, -1.72174831095635, -1.95827416066928, -2.1801855596233, -2.38758519384083, -2.5805819430772, -2.75929068073564, -2.92383147931689, -3.07432925237866, -3.21091113635807, -3.33370390234003, -3.44281920359918, -3.53835513659992, -3.62040365164543, -3.68905246096626, -3.74439540181619, -3.7865346066222, -3.81557700921931, -3.83163524256454, -3.83482493838979, -3.8252499169348, -3.80299594026924, -3.76814167607614, -3.72076977026615, -3.66096541190039, -3.58880953297888, -3.50438448593462, -3.40777721105075, -3.29907954598869, -3.17838784961773, -3.04580204001246, -2.90142510042402, -2.74535472829306, -2.57768144705788, -2.39848578962639, -2.20784047371569, -2.00582075693209, -1.79250489676009, -1.56797188643516, -1.3323050993982, -1.08559213916827, -0.827920886501547, -0.559379451660088, -0.280056118098965, 0.00996070965538609, 0.01, -0.316997496328531, -0.62868796297767, -0.925176829434314, -1.2065690266031, -1.47296876199805, -1.72448049164081, -1.96120953920625, -2.18326168089405, -2.39074321600761, -2.5837668519035, -2.76245149560526, -2.92692142840667, -3.07730593421162, -3.21373663261126, -3.33634479874127, -3.44524602286614, -3.54054182980877, -3.62232734043053, -3.6906932435121, -3.74573655805347, -3.78756295841515, -3.81628308341333, -3.83201339191413, -3.83487344212692, -3.82497061616715, -3.80239362160705, -3.76722378812965, -3.71954654979342, -3.65944988658239, -3.58701738888924, -3.50233419144865, -3.40549016500246, -3.29658025732877, -3.17570410522639, -3.04296503998829, -2.89846954731073, -2.74231869133189, -2.57460618240649, -2.39541536291128, -2.20482145923926, -2.00290232441866, -1.78973892193359, -1.56541298768614, -1.33001080718426, -1.08362305964372, -0.826340720185749, -0.558255009220505, -0.279457332624343, 0.00996077399835765, 0.01, -0.317649560608446, -0.629908175504592, -0.92688490277393, -1.20868828260089, -1.4754261038401, -1.72720640184063, -1.96413809621944, -2.18633056504516, -2.39389371710658, -2.58694408252497, -2.76560459600697, -2.93000374050566, -3.08027516191879, -3.21655495663775, -3.3389788997408, -3.44766651390725, -3.54272274732895, -3.62424588549316, -3.69232958537041, -3.74707403683896, -3.78858844362903, -3.81698713597029, -3.83239038422151, -3.83492165793021, -3.82469189235147, -3.80179273534391, -3.76630817046462, -3.71832641003442, -3.65793821519817, -3.585229827038, -3.50028915343892, -3.40320898503363, -3.29408736902264, -3.17302720945445, -3.0401352403845, -2.89552144329879, -2.73929024641816, -2.57153854468762, -2.39235248738085, -2.20180980630201, -1.99999094599725, -1.78697957202192, -1.5628601596665, -1.3277219037232, -1.08165855680387, -0.824764186677828, -0.557133122693285, -0.278859892346327, 0.00996083819066601, 0.01, -0.318300225196468, -0.631125732233303, -0.928589207361957, -1.2108027995127, -1.47787787820494, -1.72992605670986, -1.96705984821981, -2.18939222962303, -2.39703671540782, -2.59011365363665, -2.76875000077893, -2.93307843433436, -3.0832369538678, -3.21936612622537, -3.34160622230686, -3.45008069262283, -3.54489790374103, -3.62615929984644, -3.69396149776455, -3.74840784742541, -3.78961106941328, -3.81768917185656, -3.83276622224716, -3.83496958639114, -3.82441374394654, -3.80119327781922, -3.76539481732959, -3.7171093432059, -3.65643038802231, -3.58344683586179, -3.49824935863603, -3.40093365634106, -3.29160086494576, -3.17035714510743, -3.03731262322505, -2.89258076992583, -2.73626937487757, -2.56847851527242, -2.38929714470219, -2.19880549712187, -1.99708660470126, -1.78422683114946, -1.56031338787585, -1.32543837618097, -1.07969861977745, -0.823191277369482, -0.556013786035557, -0.27826379409117, 0.00996090223273799, 0.01, -0.31894699306717, -0.632335858778346, -0.930282911118598, -1.21290390723055, -1.48031379662326, -1.73262776908728, -1.96996192902892, -2.19243284911399, -2.40015764575416, -2.59326048014264, -2.771872324608, -2.93613004410491, -3.0861759835641, -3.22215517366953, -3.3442123767301, -3.45247496649527, -3.54705472291203, -3.62805624293916, -3.69557909494731, -3.74972977813315, -3.79062451746715, -3.8183849855205, -3.83313903262159, -3.83501770475394, -3.82413881600832, -3.80059987912537, -3.76449016109347, -3.71590340122396, -3.65493589381908, -3.58167915828896, -3.49622662147589, -3.39867688228813, -3.28913415488531, -3.16770784593151, -3.03451146378715, -2.88966196157903, -2.73327048776551, -2.56544029942581, -2.38626315188418, -2.19582177799047, -1.99420179365351, -1.78149225682945, -1.55778311178551, -1.32316936356144, -1.07775090468059, -0.821627983072328, -0.554901142339816, -0.277671150818772, 0.00996106571032662, 0.01, -0.319592406568709, -0.633543417854665, -0.93197297514436, -1.21500044325973, -1.48274435102519, -1.73532346335, -1.97285747349698, -2.19546654687311, -2.40327139804487, -2.59639999653652, -2.77498732464649, -2.93917442771139, -3.08910798774989, -3.22493748976895, -3.34681218016663, -3.45486335133553, -3.54920619160559, -3.62994844479116, -3.69719262252015, -3.75104836250642, -3.79163538168235, -3.8190790036687, -3.83351084740161, -3.83506563036188, -3.82386449862931, -3.80000788949983, -3.76358769954833, -3.71470041687203, -3.65344508782716, -3.57991585949054, -3.49420890456329, -3.39642571045179, -3.28667355896644, -3.16506509221168, -3.03171719016183, -2.88675028181285, -2.73027887174554, -2.5624093945566, -2.38323640471396, -2.19284513071096, -1.99132376831925, -1.7787640658445, -1.55525869715806, -1.32090556827571, -1.07580763824621, -0.820068242517745, -0.553791030014607, -0.277079888294678, 0.00996112782057784, 0.01, -0.32023734547266, -0.634750103945085, -0.933661843573123, -1.21709553632531, -1.48517328966767, -1.73801744222994, -1.9757512737791, -2.19849853943408, -2.40638354815713, -2.59953807301667, -2.77810110040825, -2.94221784899806, -3.09203932963993, -3.22771947217875, -3.34941199979112, -3.45725211890844, -3.55135842124382, -3.63184179155303, -3.6988076764581, -3.75236884148133, -3.79264848313977, -3.81977556276146, -3.83388545371646, -3.83511653630224, -3.82359328608428, -3.79941905961143, -3.76268837497851, -3.71350045930121, -3.65195710134531, -3.57815506820817, -3.49219326940491, -3.39417607046455, -3.28421381034692, -3.16242248535455, -3.02892246668991, -2.88383765238705, -2.72728590046037, -2.5593768206375, -2.38020776393441, -2.18986645124081, -1.98844365432459, -1.77603380795419, -1.55273231235995, -1.31863997177741, -1.07386280950082, -0.818507246794528, -0.55268003670283, -0.27648818520905, 0.00996112433229895, 0.01, -0.32088309993165, -0.635958170469691, -0.935352406207357, -1.21919238572731, -1.48760379446373, -1.7407125433708, -1.97864549637195, -2.2015299953007, -2.40949415068763, -2.60267374472328, -2.78121176222594, -2.94525758815741, -3.09496655397604, -3.23049702490559, -3.35200719359541, -3.4596361758991, -3.55350596190626, -3.63373057140084, -3.70041837775751, -3.75368526363485, -3.79365789279908, -3.82046885098804, -3.83425725187939, -3.83516512989896, -3.82332028752871, -3.79882899524001, -3.76178838459148, -3.71230041197469, -3.65046959894524, -3.57639532498463, -3.49017922739922, -3.39192853949856, -3.28175664692313, -3.15978288923898, -3.0261311181544, -2.88092869411789, -2.7242968258618, -2.55634829583618, -2.37718324899884, -2.18689189539055, -1.98556757891598, -1.77330741692811, -1.55020953277776, -1.31637762616911, -1.07192078236583, -0.816948506748342, -0.551570655281381, -0.275897351577761, 0.0099610929826241, 0.01, -0.321527493684148, -0.63716365690092, -0.937039310249096, -1.22128463839309, -1.49002890406192, -1.7434015891395, -1.98153313936141, -2.20455448028505, -2.41259752004796, -2.60580204495258, -2.78431503239392, -2.94829002661081, -3.09788667145456, -3.2332677580917, -3.35459594134141, -3.46201424184966, -3.55564804306823, -3.63561449389623, -3.70202488624005, -3.7549982092577, -3.79466458166992, -3.82116020037106, -3.83462790526775, -3.83521337621994, -3.82304773999394, -3.79824017562727, -3.76089042009767, -3.711103149356, -3.64898560815396, -3.57463978073218, -3.48817002318918, -3.38968642630804, -3.27930541197604, -3.15714965212344, -3.02334646827546, -2.87802667667498, -2.721314834034, -2.55332689309811, -2.37416579015262, -2.18392422114711, -1.982698098272, -1.77058721759602, -1.54769242235945, -1.31412030498979, -1.06998301044851, -0.815393126535008, -0.550463610936583, -0.27530770410038, 0.00996115507586143, 0.01, -0.322170535442144, -0.638366580196325, -0.93872258043521, -1.22337232637297, -1.49244865736068, -1.74608462481977, -1.98441425395872, -2.20757205107519, -2.41569371796228, -2.60892304003747, -2.78741098144283, -2.95131523869627, -3.10079975985538, -3.23603175262298, -3.35717832669449, -3.46438640287028, -3.55778475294671, -3.63749364902918, -3.70362729335952, -3.75630777099855, -3.79566864337349, -3.82184970533244, -3.83499750898673, -3.83526137093601, -3.8227757395403, -3.79765269702464, -3.75999457775619, -3.7099087675582, -3.6475052248143, -3.57288853091372, -3.48616575177492, -3.38744982538605, -3.27686019948567, -3.15452286750822, -3.02056861014421, -2.87513169281765, -2.71834001746195, -2.55031270467501, -2.37115547944882, -2.18096352040407, -1.97983530417544, -1.76787330168954, -1.54518107285365, -1.31186810008034, -1.06804958576273, -0.813841198426001, -0.549358996284686, -0.274719335826631, 0.0099612170392766, 0.01, -0.322812228029526, -0.639566945704169, -0.940402224339005, -1.22545545916633, -1.49486306548706, -1.74876166287039, -1.98728885366356, -2.21058272192779, -2.41878275917032, -2.61203674494016, -2.79049962431307, -2.95433323910851, -3.10370583342858, -3.23878902213531, -3.35975436251607, -3.46675267087953, -3.5599161023457, -3.63936804632176, -3.7052256072131, -3.75761395542674, -3.79667008289465, -3.82253736926612, -3.83536606488696, -3.83530911440191, -3.8225042850158, -3.79706655674041, -3.75910085331747, -3.70871726078523, -3.64602844162448, -3.57114156677677, -3.48416640303501, -3.38521872536213, -3.27442099699055, -3.15190252203766, -3.01779752974452, -2.87224372810977, -2.71537236150979, -2.54730571593533, -2.36815230245766, -2.17800977913514, -1.97697918321475, -1.76516565663362, -1.542675472752, -1.30962100123595, -1.06612049964929, -0.812292715553349, -0.548256806496831, -0.274132244215841, 0.00996127887579834, 0.01, -0.323451367509323, -0.640762429833099, -0.942074882997566, -1.22752972672192, -1.49726695158537, -1.75142674391753, -1.99015028087542, -2.21357922131413, -2.42185684252355, -2.61513491321393, -2.79357235359773, -2.95733514383878, -3.10659581594656, -3.24153038259462, -3.36231484138728, -3.46910389948732, -3.5620330903143, -3.64122891467676, -3.7068113709962, -3.75890870450899, -3.79766132549621, -3.82321618530577, -3.83572721860145, -3.83535098937831, -3.82222858087915, -3.79647786547982, -3.75820634829655, -3.70752680595461, -3.64455459618602, -3.56939947256404, -3.48217389383659, -3.3829964617492, -3.27199264470876, -3.14929504673315, -3.01504133503614, -2.8693726535912, -2.71242358641956, -2.54431929993982, -2.36517080426157, -2.17507823427815, -1.97414518402627, -1.76247946261672, -1.54019005365693, -1.30739221134144, -1.06420724614889, -0.810756982990533, -0.547163677558222, -0.273549916044935, 0.00996148313641082, 0.01, -0.324089172406311, -0.641955384048543, -0.943743955233043, -1.22959948963518, -1.49966555244177, -1.75408589535867, -1.99300526802999, -2.21656890114373, -2.42492385385329, -2.61822587907652, -2.79663786638591, -2.96032992735815, -3.10947887380429, -3.24426510689897, -3.3648690573059, -3.47144931838645, -3.56414479683853, -3.64308509898238, -3.70839310913985, -3.76020013690882, -3.79864999882168, -3.82389320488573, -3.83608736023514, -3.83539263953375, -3.82195343920754, -3.79589051856144, -3.75731395611081, -3.70633920948056, -3.64308432333683, -3.56766162747777, -3.48018626372427, -3.38077965046275, -3.26957025100655, -3.14669395854565, -3.01229186774139, -2.86650855196294, -2.70948193206942, -2.54134005189277, -2.36219641741208, -2.17215363713793, -1.97131785808946, -1.75979955273036, -1.53771041172255, -1.30516857107486, -1.06229839193361, -0.809224774879951, -0.546073072561869, -0.272968984840118, 0.00996154437805447, 0.01, -0.32472564713614, -0.643145816700056, -0.94540945284733, -1.23166476267915, -1.50205888531978, -1.75673913646962, -1.99585383594219, -2.21955178330431, -2.42798381566358, -2.62130966520497, -2.79969618510046, -2.9633176114282, -3.11235502771946, -3.2469932143686, -3.36741702785039, -3.47378894306138, -3.56625123495359, -3.64493660947353, -3.70997082875179, -3.76148825631924, -3.79963610290736, -3.82456842419293, -3.83644648198612, -3.83543405293782, -3.82167884374533, -3.79530449518613, -3.75642365121397, -3.70515444089509, -3.64161758753046, -3.56592799073929, -3.47820346655967, -3.37856823991477, -3.26715375879375, -3.14409919486848, -3.00954905975902, -2.86365134965768, -2.70654731943493, -2.53836788731327, -2.35922905197365, -2.16923589233044, -1.96849710458721, -1.75712582075014, -1.53523643535118, -1.3029499635058, -1.06039381478592, -0.807695963765949, -0.544984858865135, -0.272389312823977, 0.00996160546036473, 0.01, -0.32536318551072, -0.644338273240003, -0.947077830761862, -1.2337336680732, -1.5044564975661, -1.75939719755609, -1.99870765571341, -2.22254023753649, -2.43104955418757, -2.62439931219135, -2.80276032257479, -2.9663109390263, -3.11523650874042, -3.24972618207882, -3.36996923408832, -3.47613201652957, -3.56836016758145, -3.64678948693572, -3.71154878066936, -3.76277562993911, -3.80062062771502, -3.82524136240266, -3.83680273874656, -3.83547212670297, -3.82140054027182, -3.79471449622509, -3.7555291960089, -3.70396543060142, -3.64014659365681, -3.56419014821452, -3.47621657570023, -3.3763528975071, -3.26473353610673, -3.14150093100064, -3.00680300031493, -2.86079115649915, -2.70360998558916, -2.53539327716701, -2.35625951944932, -2.16631625854508, -1.96567473605365, -1.75445073972382, -1.5327613647814, -1.30073050274755, -1.05848860938286, -0.806166731582085, -0.543896412353059, -0.271809576529254, 0.00996158250611973, 0.01, -0.325999386535151, -0.645528194304448, -0.948742613869688, -1.23579805759355, -1.50684881046637, -1.76204931204103, -2.00155501553556, -2.22552184943797, -2.4341081950728, -2.62748172838667, -2.80581721252884, -2.96929711192121, -3.11811102938194, -3.25245247600777, -3.37251513817763, -3.47846923982846, -3.57046377732837, -3.64863763823076, -3.71312266389619, -3.76405964213699, -3.80160253619039, -3.82591245428815, -3.83715793040808, -3.8355099191176, -3.82112273868315, -3.79412577636354, -3.75463678315947, -3.7027792024537, -3.63867908998315, -3.56245646580403, -3.47423446792027, -3.37414290415936, -3.2623191613126, -3.13890893608951, -3.00406354269792, -2.85793780327824, -2.70067963216009, -2.5324256872415, -2.35329694310698, -2.16340340985292, -1.96285887069295, -1.75178176532697, -1.53029188650504, -1.29851599945825, -1.05658760390281, -0.804640817383354, -0.542810276315232, -0.271231016838826, 0.00996164368028757, 0.01, -0.326634255863463, -0.64671559085981, -0.950403818108159, -1.23785795180738, -1.50923584887709, -1.76469550873213, -2.00439594783442, -2.22849665472634, -2.43715977701223, -2.63055695515583, -2.808866898712, -2.97227617597942, -3.12097863738452, -3.25517214555567, -3.37505479097325, -3.48080066505528, -3.57256211731846, -3.65048111729871, -3.7146925330035, -3.76534034797145, -3.80258188378078, -3.82658175563575, -3.83751211309894, -3.83554748665489, -3.82084549574448, -3.79353839258455, -3.75374646980739, -3.70159581372193, -3.63721513389518, -3.56072700099984, -3.47225720083492, -3.37193831766384, -3.25991069247203, -3.13632326859316, -3.00133074592865, -2.85509134975015, -2.69775631979042, -2.52946517921193, -2.35034138580076, -2.16049741043781, -1.9600495741789, -1.74911896489391, -1.52782806969593, -1.29630652483679, -1.05469087176069, -0.803118296995592, -0.541726529185548, -0.270653714993111, 0.0099617047368345, 0.01, -0.327267800250839, -0.647900475787631, -0.952061461856518, -1.23991337396334, -1.51161764028857, -1.76733581873601, -2.00723048671246, -2.23146468988628, -2.44020433826862, -2.63362503194842, -2.81190942118524, -2.97524817131748, -3.12383937238839, -3.25788522938291, -3.37758822966135, -3.48312632741987, -3.57465522028034, -3.65231995388622, -3.71625841428078, -3.76661776984003, -3.80355868860134, -3.82724927993576, -3.83786529539388, -3.83558483268312, -3.82056880927089, -3.79295233713748, -3.75285824299388, -3.70041524662476, -3.63575470319173, -3.55900172758657, -3.47028474464559, -3.36973910510598, -3.25750809405785, -3.13374389091201, -2.99860457091018, -2.85225175590204, -2.69484000811373, -2.52651171291251, -2.3473928081208, -2.15759822220516, -1.95724681030016, -1.74646230467441, -1.52536988365043, -1.29410205181778, -1.05279839012822, -0.801599152432122, -0.54064515842546, -0.270077664509255, 0.00996176549493888, 0.01, -0.327900031797471, -0.649082872203928, -0.953715578162431, -1.24196436595693, -1.51399423436098, -1.76997029839688, -2.0100586941227, -2.23442602141174, -2.44324194881938, -2.6366860311818, -2.81494485377928, -2.97821317217413, -3.12669330806074, -3.26059179963588, -3.3801155239288, -3.48544629320419, -3.57674314814366, -3.65415420462889, -3.71782035815573, -3.76789195109197, -3.80453298609977, -3.82791505396283, -3.83821749467821, -3.83562196448376, -3.82029267567015, -3.79236759555681, -3.75197207818854, -3.69923746740585, -3.63429775574916, -3.55728059593662, -3.46831704311213, -3.36754520456388, -3.25511129943632, -3.13117073271047, -2.9958849446531, -2.84941894714654, -2.69193062198193, -2.52356521366412, -2.34445113688869, -2.15470577451389, -1.95445051199972, -1.74381172225335, -1.52291727166198, -1.29190253047698, -1.05091011694268, -0.80008335057483, -0.539566140946878, -0.269502853415924, 0.00996182572188592, 0.01, -0.328530948145584, -0.650262775466084, -0.955366160171538, -1.24401091879553, -1.51636562003744, -1.77259893467003, -2.01288055511393, -2.23738063253314, -2.44627259017436, -2.63973993275582, -2.81797317491039, -2.98117115562825, -3.12954042031305, -3.26329183125714, -3.38263664795687, -3.4877605360285, -3.57882587416527, -3.65598384262216, -3.71937833779917, -3.76916286525962, -3.80550475050059, -3.82857905301229, -3.83856868774841, -3.83565886078493, -3.82001707597737, -3.79178415152765, -3.75108796207233, -3.6980624661163, -3.63284428538048, -3.55556360401996, -3.46635409878224, -3.36535662362029, -3.25272032171909, -3.12860381316007, -2.99317189295521, -2.84659295556994, -2.68902819849697, -2.52062572230544, -2.34151641540231, -2.15182011184784, -1.95166072368332, -1.74116726070443, -1.52047027422645, -1.28970799749306, -1.04902608383125, -0.798570916768473, -0.538489494583367, -0.268929290807857, 0.00996188628894951, 0.01, -0.329161423653426, -0.651441862026518, -0.95701561416647, -1.24605609632826, -1.51873544647026, -1.77522588974939, -2.01570067266384, -2.24033349475909, -2.44930153012756, -2.64279222851432, -2.82100002824899, -2.98412784496902, -3.13238643986457, -3.26599099022992, -3.38515713083241, -3.49007437591376, -3.58090843712558, -3.65781355323235, -3.72093661305312, -3.77043427462677, -3.80647717453163, -3.82924382829782, -3.83892071238858, -3.83569657402147, -3.81974220530367, -3.79120127082919, -3.75020423895597, -3.69688775351397, -3.63139105716951, -3.55384685912451, -3.46439144904587, -3.36316841769469, -3.2503298223121, -3.1260374876403, -2.99045955318514, -2.84376778709173, -2.68612669720625, -2.51768723708273, -2.33858276567733, -2.1489355650651, -1.94887207013108, -1.73852392381719, -1.51802435923612, -1.28751446995922, -1.04714294218984, -0.797059221816027, -0.537413394650851, -0.268356041620612, 0.00996190753396337, 0.01, -0.329790562298702, -0.652618413635099, -0.958661473463891, -1.2480967572335, -1.52109997149485, -1.7778468944248, -2.01851432431858, -2.24327950620011, -2.45232336117061, -2.64583727915834, -2.8240196165479, -2.98707735886107, -3.1352254751728, -3.26868344871064, -3.38767128232182, -3.49238233413662, -3.58298564370602, -3.65963850244175, -3.72249078311873, -3.77170228556727, -3.80744694573319, -3.82990672256265, -3.83927164062694, -3.8357339795826, -3.81946781641488, -3.79061965758293, -3.74932255684124, -3.69571583241577, -3.62994133974694, -3.55213430669348, -3.46243362717978, -3.36098561895128, -3.24794524335347, -3.12347751938232, -2.98775392081697, -2.84094958060048, -2.68323231158139, -2.51475591720857, -2.335656223825, -2.14605795833607, -1.94609007474097, -1.73588684539452, -1.51558418208341, -1.28532603604759, -1.04526412416486, -0.795550953035656, -0.536339694838605, -0.267784037114926, 0.00996196942395405
0, 0, 0, 0, 0, 0, 0, 0, 0, 0, 0, 0, 0, 0, 0, 0, 0, 0, 0, 0, 0, 0, 0, 0, 0, 0, 0, 0, 0, 0, 0, 0, 0, 0, 0, 0, 0, 0, 0, 0, 0, 0, 0, 0, 0, 0, 0, 0, 0, 0, 0, 0.145276195957891, 0.28461446360525, 0.418007453058767, 0.545447814165572, 0.666928196503017, 0.782441249378392, 0.891979621828615, 0.995535962619882, 1.0931029202473, 1.18467314293452, 1.27023927863335, 1.34979397502344, 1.42332987951193, 1.49083963923321, 1.55231590104869, 1.60775131154671, 1.65713851704249, 1.70047016357822, 1.73773889692327, 1.76893736257453, 1.79405820575694, 1.81309407142413, 1.82603760425927, 1.83288144867606, 1.83361824881996, 1.82824064856955, 1.81674129153804, 1.79911282107505, 1.77534788026839, 1.74543911194613, 1.70937915867869, 1.66716066278102, 1.61877626631495, 1.56421861109142, 1.50348033867286, 1.43655409037549, 1.36343250727153, 1.28410823019137, 1.19857389972563, 1.10682215622702, 1.0088456398121, 0.904636990362785, 0.794188847527678, 0.677493850723179, 0.554544639134352, 0.425333851715556, 0.289854127190854, 0.148098104054178, 5.84205692907847e-05, 0, 0.144091454618152, 0.282400266564693, 0.414911716717538, 0.541611053806341, 0.662483478833491, 0.777514144613001, 0.886688211973618, 0.989990962885451, 1.08740781673174, 1.17892429832879, 1.26452606398597, 1.3441989216707, 1.41792894914919, 1.48570251880912, 1.54750602953232, 1.60332571630925, 1.65314759801963, 1.69695751710668, 1.73474132761176, 1.76648501354717, 1.79217478822416, 1.81179713766237, 1.82533879132451, 1.83278656991531, 1.83412719616906, 1.82934727343752, 1.81843332990234, 1.80137191027044, 1.77814959782889, 1.74875296663238, 1.71316861460643, 1.67138324978935, 1.62338373554003, 1.56915710967118, 1.50869067251221, 1.44197200258416, 1.36898873721106, 1.28972835650387, 1.20417813337, 1.11232523043465, 1.01415679999118, 0.909660028048882, 0.798822165226006, 0.681630524087485, 0.55807252930915, 0.428135717356294, 0.291807678254217, 0.149076043344181, -7.15281067622531e-05, 0, 0.142905325877687, 0.280183204473513, 0.411811548434367, 0.537768206788344, 0.658030933961749, 0.772577389362063, 0.881385249999113, 0.984432436522451, 1.08169714580131, 1.1731577871183, 1.2587930342807, 1.3385818659253, 1.41250380153743, 1.48053894869459, 1.54266746727147, 1.59886919166907, 1.64912352647285, 1.69340952689263, 1.73170627418912, 1.76399311047809, 1.79024983697462, 1.81045680055705, 1.82459483545848, 1.83264513501347, 1.83458869566251, 1.83040609847859, 1.8200777755128, 1.80358419213484, 1.78090589099054, 1.75202339589508, 1.71691727888684, 1.67556833254155, 1.62795765921655, 1.57406670925586, 1.51387745677329, 1.44737243098699, 1.37453427566144, 1.29534531782978, 1.20978747130224, 1.11784242989727, 1.01949186625778, 0.914717519836411, 0.803501258224917, 0.685825071985145, 0.561671175045753, 0.431022004133477, 0.29386010250962, 0.150168095650067, -7.13353477050926e-05, 0, 0.141722777264517, 0.277972930870283, 0.408721006240303, 0.533937454116176, 0.653592584345886, 0.767656566007293, 0.876099596658492, 0.978892241073535, 1.07600548016551, 1.16741061550413, 1.25307934746799, 1.33298383566201, 1.40709705255051, 1.47539285079546, 1.53784516026354, 1.59442742578733, 1.64511252243243, 1.68987280602235, 1.72868060387798, 1.76150863564874, 1.78833031008957, 1.80911985452672, 1.82385222772563, 1.83250301520295, 1.8350475054071, 1.83146027539421, 1.82171568032461, 1.80578812546222, 1.78365213188456, 1.75528219163241, 1.72065286949042, 1.67973906118854, 1.63251612557468, 1.57895994183347, 1.51904717264996, 1.45275531119243, 1.38006201782373, 1.30094447432088, 1.21537924406833, 1.12334256098803, 1.02481062619308, 0.919759739801468, 0.808166392296388, 0.690007256998366, 0.565259340762276, 0.433899983247541, 0.295906682820613, 0.151257060328313, -7.11805097549645e-05, 0, 0.140542813296903, 0.275767563228645, 0.405637429000653, 0.530115464481025, 0.649164536933418, 0.76274732817583, 0.870826560670396, 0.973365448745552, 1.07032776389684, 1.16167770777791, 1.24738001638319, 1.32740004055071, 1.40170421694527, 1.47026015318354, 1.53303555811375, 1.58999749800352, 1.64111233132442, 1.68634573057762, 1.72566328788351, 1.7590311197815, 1.78641626212626, 1.80778684220375, 1.82311196299517, 1.83236162167341, 1.83550541694318, 1.83251194006364, 1.82334948848945, 1.80798642655521, 1.78639127278802, 1.75853250586679, 1.7243787018944, 1.68389887830251, 1.63706266785719, 1.58384039483373, 1.52420342522214, 1.45812422934659, 1.38557549430339, 1.30652926443185, 1.22095676134666, 1.12882876795941, 1.03011602195102, 0.924789391305535, 0.812819995298745, 0.694179194758733, 0.568838793130554, 0.436771035671239, 0.297948377717628, 0.152343436721754, -7.10601837089209e-05, 0, 0.139365428570146, 0.273567091382191, 0.402560802429605, 0.526302220118409, 0.644746771119101, 0.757849653053957, 0.865566117635736, 0.967852034164826, 1.06466397124212, 1.15595903838231, 1.24169501621624, 1.32183045705177, 1.39632527294332, 1.46514083631406, 1.5282386439808, 1.58557939463987, 1.63712294307741, 1.68282829449799, 1.72265432450128, 1.75656056581014, 1.78450770087317, 1.8064577763803, 1.82237405914294, 1.83222097739532, 1.83596245830276, 1.83356112551551, 1.82497923792342, 1.81017913806311, 1.78912336088359, 1.76177439007109, 1.72809483156591, 1.68804784298749, 1.64159734839053, 1.58870813333816, 1.52934628181141, 1.46347925445387, 1.39107477521158, 1.31209975880523, 1.22652009372427, 1.13430112073554, 1.03540812216543, 0.929806541046064, 0.817462131332217, 0.698340946097062, 0.572409589031519, 0.4396352136496, 0.29998523412039, 0.153427265733651, -7.09401745539739e-05, 0, 0.138189455163837, 0.271369333663307, 0.399488085284909, 0.522493974382482, 0.640334989021746, 0.752958845687822, 0.860313329681517, 0.96234697068047, 1.05900914089815, 1.15024986546769, 1.23601997865312, 1.31627124444058, 1.39095697103796, 1.46003221529962, 1.523452270932, 1.58117148004417, 1.63314320662796, 1.67931980457905, 1.71965345159678, 1.75409711581826, 1.78260514571471, 1.8051335267571, 1.82163970913266, 1.83208257147336, 1.83642038756551, 1.83460983160663, 1.82660714301841, 1.8123686616258, 1.79185095772664, 1.76501053834016, 1.73180405771074, 1.69218883207046, 1.64612309407599, 1.59356610672289, 1.53447868662175, 1.46882329785675, 1.39656271132127, 1.31765871993685, 1.23207188770057, 1.13976212207954, 1.04068925810321, 0.934813321014965, 0.8220947053201, 0.702494161062937, 0.575973095827525, 0.442493574038533, 0.302017970555594, 0.154508899736809, -7.08620888442146e-05, 0, 0.137015673359731, 0.269175726522023, 0.396421246070935, 0.51869310371702, 0.635931850907899, 0.748077726046273, 0.855071052351763, 0.956853025275503, 1.05336582713899, 1.1445524064362, 1.23035666004246, 1.31072357380833, 1.38559986341867, 1.45493428017282, 1.5186759236551, 1.5767727903693, 1.62917176639526, 1.67581857027872, 1.71665870038968, 1.75163857945725, 1.78070624134768, 1.80381162963149, 1.82090639735677, 1.83194389282856, 1.83687675457861, 1.83565572548475, 1.82823104456166, 1.81455306797237, 1.79457242025294, 1.7682396500456, 1.73550543465661, 1.69632122347959, 1.65063957508616, 1.59841424600155, 1.53960080006162, 1.474156717874, 1.40203982736178, 1.32320680747059, 1.23761290632974, 1.14521260693402, 1.04596030505611, 0.939810615297238, 0.826718578571679, 0.706639646610895, 0.579530034531969, 0.445346720318996, 0.304047041377473, 0.155588612362942, -7.07646136720586e-05, 0, 0.135844456692943, 0.266986988334839, 0.393361319311216, 0.514900930096859, 0.631538937505521, 0.743208104907243, 0.849841297762962, 0.951372382682484, 1.04773635857663, 1.1388691050248, 1.22470759047008, 1.3051900327879, 1.38025656643396, 1.44984964715067, 1.5139121893888, 1.57238585502283, 1.62521106509011, 1.67232691871265, 1.71367225344891, 1.74918696574141, 1.77881279416476, 1.8024936596466, 1.82017543751851, 1.83180596497145, 1.8373322633697, 1.83669916238007, 1.8298509196351, 1.81673192664844, 1.79728688104627, 1.77146039134826, 1.739197176463, 1.7004428374269, 1.65514427593857, 1.60324975810373, 1.54470960953729, 1.47947634041581, 1.4075028457599, 1.32874069836708, 1.24313983911584, 1.1506493353393, 1.05121815157677, 0.944795498917832, 0.831331070531467, 0.71077502454244, 0.583078387233517, 0.448193052792038, 0.306071323021555, 0.156665814102415, -7.06452842822169e-05, 0, 0.134675798344706, 0.264803106114864, 0.390308286500709, 0.511117430147204, 0.627156221215664, 0.738349951087655, 0.844624031778834, 0.945905006430659, 1.04212069700902, 1.13319992188382, 1.21907272999872, 1.29967058138654, 1.3749270405354, 1.44477827761036, 1.50916103091419, 1.56801063865818, 1.62126106968918, 1.66884481959388, 1.71069408357817, 1.74674225085736, 1.77692478396294, 1.8011796003708, 1.81944681705061, 1.83166877922406, 1.83778690913145, 1.83774014130527, 1.83146677097675, 1.81890524397795, 1.79999434983174, 1.77467277514645, 1.74287929892145, 1.70455369225669, 1.65963721713325, 1.60807266523607, 1.54980513846585, 1.48478218957161, 1.41295179072065, 1.33426041639026, 1.24865270881336, 1.15607232845155, 1.05646281661422, 0.94976798799109, 0.835932193836855, 0.714900303364327, 0.586618157646215, 0.451032569711249, 0.308090807609679, 0.157740490272081, -7.05262628565018e-05, 0, 0.133508819931618, 0.262622406617401, 0.387259763054891, 0.507339591463652, 0.622780145331221, 0.733499247089349, 0.839414859612751, 0.940446207935385, 1.03651394352848, 1.12753983123802, 1.21344700941753, 1.29416019036184, 1.36960637982096, 1.43971547234367, 1.50441803906717, 1.56364310549573, 1.61731820112023, 1.66536923384253, 1.70772177491647, 1.74430272532767, 1.77504122563228, 1.79986914387133, 1.8187208579345, 1.83153324015134, 1.83824213163807, 1.83878058983777, 1.83308096651723, 1.82107578075003, 1.8026979327172, 1.77788020528391, 1.74655545597683, 1.70865764432003, 1.66412240967637, 1.61288708525675, 1.55489156370757, 1.49007845331218, 1.41839081341501, 1.3397700280011, 1.25415544925138, 1.16148533952553, 1.06169782488668, 0.954731330717834, 0.840524872175676, 0.719018034244449, 0.590151476402722, 0.453866933153108, 0.310106640637665, 0.158813221760732, -7.04392948080446e-05, 0, 0.132344392058175, 0.260446548391943, 0.384218112808219, 0.503570400504459, 0.618414236271121, 0.728659976624628, 0.834218139595988, 0.935000637462953, 1.03092095764005, 1.12189381911944, 1.2078354585547, 1.28866385058465, 1.36429945342426, 1.43466589595463, 1.49968759113342, 1.55928726271201, 1.61338601365143, 1.66190317999195, 1.70475772738855, 1.74187008754434, 1.77316309840782, 1.79856259789168, 1.81799724403515, 1.83139845529508, 1.83869650963055, 1.83981860542002, 1.83469116987073, 1.82324081418772, 1.80539456793761, 1.78107932837824, 1.75022204995857, 1.7127508989367, 1.6685959091088, 1.61768897111418, 1.55996478276463, 1.49536102080366, 1.42381584176974, 1.34526554698864, 1.25964420717597, 1.16688469534317, 1.06691973027461, 0.959682355124381, 0.845106254755224, 0.723125734596834, 0.593676276142697, 0.456694537997203, 0.312117726236523, 0.159883468960841, -7.03207166543873e-05, 0, 0.131182507125838, 0.258275516913474, 0.381183314980596, 0.499809830904283, 0.614058462751823, 0.72383210415326, 0.829033832584091, 0.929568252905059, 1.02534169489653, 1.11626183934756, 1.20223803007852, 1.28318151412653, 1.35900621334266, 1.42962950087039, 1.49496964047069, 1.55494306508603, 1.60946446395627, 1.65844661704557, 1.70180190270511, 1.73944430224121, 1.77129037029843, 1.79725993390178, 1.81727595040242, 1.83126440333666, 1.83915002542996, 1.84085417398904, 1.83629737052263, 1.82540033721249, 1.80808425169331, 1.78427014370838, 1.75387908297223, 1.71683346072706, 1.67305772219792, 1.62247833130334, 1.56502480539357, 1.50062990255668, 1.42922688652333, 1.35074698379282, 1.26511899219033, 1.17227040411222, 1.07212853901183, 0.964621064873446, 0.849676342055273, 0.727223401095088, 0.59719254910196, 0.459515371404252, 0.314124045850962, 0.160951206958216, -7.02024452761962e-05, 0, 0.130023159151276, 0.256109300811333, 0.37815535340936, 0.496057862302232, 0.609712800805199, 0.719015602685354, 0.823861909141865, 0.924149022945605, 1.01977612264994, 1.11064385847226, 1.19665469024314, 1.27771314742463, 1.35372662664325, 1.42460625521655, 1.49026415668826, 1.55061048412594, 1.60555352583927, 1.6549995214643, 1.69885428028558, 1.73702535203718, 1.76942302734784, 1.79596114157849, 1.8165569704876, 1.8311310815762, 1.83960268021636, 1.84188730060405, 1.83789957736686, 1.82755436246408, 1.810767000236, 1.78745267096129, 1.75752657791192, 1.72090535550464, 1.67750787733333, 1.62725519639509, 1.57007166390543, 1.50588513214004, 1.43462398200134, 1.3562143729948, 1.27057983861826, 1.17764249936591, 1.07732428328802, 0.969547490239821, 0.854235161849782, 0.731311058415161, 0.60070031625303, 0.462329450032353, 0.316125611210191, 0.162016441936852, -7.00844589753835e-05, 0, 0.128866346284525, 0.253947896574425, 0.375134223110526, 0.492314488428312, 0.605377243059691, 0.714210463928469, 0.818702360231274, 0.918742937969113, 1.01422423086649, 1.10503986618947, 1.19108542860898, 1.27225874002336, 1.34846068295641, 1.41959614880138, 1.48557112986305, 1.54628951026196, 1.60165319015739, 1.65156188458033, 1.69591485194719, 1.73461322920437, 1.76756106239212, 1.79466621456966, 1.81584029895715, 1.83099848586504, 1.84005447116687, 1.84291798388852, 1.83949779056332, 1.82970289169833, 1.81344281694652, 1.79062691514191, 1.76116454136918, 1.72496659136812, 1.68194638400287, 1.63201957711362, 1.57510537007701, 1.51112672217276, 1.44000714144265, 1.36166772823075, 1.27602676026157, 1.18300099482469, 1.08250697648088, 0.974461643983959, 0.858782725997303, 0.735388717221368, 0.604199586768227, 0.465136781260537, 0.318122427596571, 0.163079176778053, -6.9966582157216e-05, 0, 0.127712006849131, 0.251791185962297, 0.372119754391426, 0.488579493247877, 0.60105153224614, 0.709416394480885, 0.813554861411, 0.913349647575597, 1.00868564825309, 1.09944947535936, 1.18552984721252, 1.26681788813099, 1.34320797762593, 1.41459878104955, 1.48089016844247, 1.54197976589599, 1.59776309818106, 1.64813337140925, 1.69298331126956, 1.73220766064434, 1.76570424034814, 1.79337496043472, 1.81512579057356, 1.83086652266257, 1.84050536088836, 1.84394624701543, 1.84109209822607, 1.83184607704773, 1.81611191174264, 1.79379313768128, 1.76479327996492, 1.72901751374544, 1.68637362000318, 1.63677187713456, 1.58012634692703, 1.51635510843938, 1.44537680680179, 1.36710749102894, 1.28146019161427, 1.1883463113199, 1.08767701911089, 0.979363899648735, 0.863319374381638, 0.739456677045557, 0.607690613126119, 0.467937563806966, 0.32011463325702, 0.164139482544541, -6.98516502742885e-05, 0, 0.126560282400068, 0.249639441723145, 0.369112340831068, 0.484853380806811, 0.596736272510646, 0.704634088216861, 0.808420185902544, 0.907969993941065, 1.00316127553245, 1.09387363482457, 1.17998893256668, 1.26139160545393, 1.33796954104376, 1.40961518851254, 1.47622230460856, 1.53768226830199, 1.59388424172055, 1.64471493770535, 1.69006056730211, 1.72980949799287, 1.76385334466591, 1.79208808360072, 1.81441405983825, 1.83073570557632, 1.84095575108396, 1.84497236874219, 1.84268264508294, 1.83398392417491, 1.81877415224844, 1.79695106914526, 1.76841238813703, 1.73305758181853, 1.69078891007787, 1.64151128753064, 1.58513365257937, 1.52156921679666, 1.45073177233199, 1.37253232470286, 1.28687868841268, 1.19367694322845, 1.09283289034019, 0.984252767308187, 0.867843694101202, 0.74351364811203, 0.611172274770361, 0.470730892422693, 0.322101584334668, 0.165197022854398, -6.97224881415492e-05, 0, 0.125410669935079, 0.247491694312234, 0.366110582801353, 0.481134357851194, 0.592429313428174, 0.699861073989326, 0.80329557827672, 0.902600973781869, 0.997647897978483, 1.08830895480902, 1.17445915621408, 1.25597626119427, 1.3327416763799, 1.40464164461759, 1.47156381833073, 1.53339334026513, 1.59001302263152, 1.64130310061082, 1.68714328863067, 1.72741559737445, 1.76200545503786, 1.79080292329007, 1.81370274139771, 1.83060400050318, 1.84140397468249, 1.84599508477697, 1.84426860532323, 1.83611608139418, 1.82142969648879, 1.80010141281001, 1.77202314990021, 1.73708869576685, 1.69519480594014, 1.64624104686495, 1.59013118108537, 1.5267734983899, 1.4560769479749, 1.37794749969073, 1.29228776016522, 1.19899849439985, 1.09798014366419, 0.989133605388931, 0.87236070378361, 0.747564164507229, 0.614648476495226, 0.473519897852831, 0.324085492764703, 0.166252946070073, -6.96390697459692e-05, 0, 0.1242635729339, 0.245348721549803, 0.363115603323191, 0.477423863461435, 0.588132380995086, 0.69509933556222, 0.798183250908672, 0.897244998917266, 0.992148097673772, 1.08275815846066, 1.16894335314914, 1.25057477294925, 1.32752735456221, 1.39968114433568, 1.46691769933558, 1.52911593697408, 1.58615233225853, 1.63790065828848, 1.68423415084787, 1.7250284823693, 1.7601629135325, 1.78952161050146, 1.81299372556334, 1.83047302739035, 1.84185135155449, 1.84701538517805, 1.84585060942291, 1.838242789783, 1.82407836602939, 1.80324354033164, 1.77562445656197, 1.74110923606037, 1.69958914668701, 1.65095842228321, 1.59511566388948, 1.53196425240625, 1.46140830397448, 1.38334876061301, 1.29768302918555, 1.20430656814616, 1.10311446668378, 0.994002289056914, 0.876866569425019, 0.751604786314102, 0.618116275720777, 0.476302238100692, 0.326064720377272, 0.167306421090806, -6.95221849718042e-05, 0, 0.123118982906991, 0.243210507272888, 0.3601273793756, 0.473721868572278, 0.58384544091262, 0.690348834207495, 0.793083161434084, 0.891902024124669, 0.986661827296228, 1.07722119709235, 1.16344147402456, 1.24518709138109, 1.3223265268913, 1.39473364021064, 1.4622839020097, 1.52485001524428, 1.58230213040976, 1.63450757405695, 1.68133312122985, 1.72264812458267, 1.75832569637464, 1.7882441262855, 1.81228699833189, 1.8303427772143, 1.84229787763191, 1.84803327076653, 1.84742866297071, 1.8403640595055, 1.82672017534286, 1.80637747016675, 1.77921633017296, 1.74511922787804, 1.703971960088, 1.65566344354042, 1.60008713206512, 1.5371415105144, 1.46672587184561, 1.3887361380808, 1.30306452442029, 1.20960119096728, 1.10823588264468, 0.998858837472114, 0.881361305248827, 0.755635521953578, 0.621575674188287, 0.479077907342946, 0.328039252894554, 0.168357424291653, -6.94056997821713e-05, 0, 0.121976893227948, 0.241077038884608, 0.357145893046487, 0.470028350610152, 0.579568466596706, 0.685609539976119, 0.787995277175617, 0.886572014623211, 0.98118905057111, 1.0716980335262, 1.157953481327, 1.23981317918166, 1.3171391567737, 1.38979909685477, 1.45766239265842, 1.52059554355089, 1.57846238818916, 1.63112382207092, 1.67844017734727, 1.72027450530664, 1.75649378881996, 1.78697046003882, 1.81158255335299, 1.83021324792442, 1.84274355516791, 1.84904874807144, 1.84900277670031, 1.84247990537375, 1.82935514313927, 1.80950322470183, 1.78279879652407, 1.74911870008483, 1.70834327769752, 1.66035614444566, 1.60504562119559, 1.54230530955074, 1.47202968913819, 1.39410966981711, 1.30843228321623, 1.21488239926744, 1.11334442642291, 1.00370328337866, 0.885844941249397, 0.759656398041443, 0.625026694498169, 0.481846923522489, 0.330009102956515, 0.169405962362551, -6.92895219531475e-05, 0, 0.120837297285164, 0.238948303816004, 0.354171126463135, 0.466343287050641, 0.575301431520552, 0.680881422982806, 0.782919565524525, 0.881254935703883, 0.975729731297254, 1.06618863065807, 1.15247933761573, 1.23445299911295, 1.31196520768231, 1.38487747894179, 1.45305313764229, 1.51635249041674, 1.57463307673953, 1.62774937651383, 1.67555529678842, 1.717907605839, 1.75466717611732, 1.78570060113838, 1.81088038424365, 1.83008443742463, 1.84318838635763, 1.85006182355143, 1.85057296126301, 1.84459034210587, 1.83198328802374, 1.81262082620816, 1.78637188128141, 1.75310768141241, 1.7127031309293, 1.6650365586611, 1.60999116671242, 1.54745568619651, 1.47731979324498, 1.39946939338713, 1.31378634276294, 1.22015022929552, 1.11844013274224, 1.00853565937274, 0.890317507278614, 0.763667441057515, 0.628469359122332, 0.484609304462006, 0.331974283091895, 0.170452041891748, -6.91736510298746e-05, 0, 0.119701842199983, 0.236827454808061, 0.351207596483734, 0.46267241736511, 0.57105115626186, 0.676172243399302, 0.777864584725419, 0.875960002151153, 0.970293599250921, 1.06070309168914, 1.14702937792708, 1.22911697642984, 1.30681505344302, 1.37997896720274, 1.44846598292776, 1.51213022536343, 1.57082294743958, 1.62439222888666, 1.67268556938548, 1.71555347249273, 1.7528507191474, 1.78443808305516, 1.81018255502291, 1.8299567981751, 1.84363120783044, 1.85106985174618, 1.85213522275648, 1.84669016095053, 1.83459831993495, 1.81572303681245, 1.78992753220742, 1.75707743864873, 1.71704223893257, 1.66969499098312, 1.61491379229958, 1.55258251622332, 1.48258604520674, 1.40480528828136, 1.3191169341723, 1.22539529693947, 1.12351413540216, 1.01334775028293, 0.894771572297508, 0.767662137187797, 0.631898204556275, 0.487360770045662, 0.333931829649385, 0.171494148766568, -6.89895876330449e-05, 0, 0.118568835550651, 0.234711252507956, 0.348250662314147, 0.45900984480554, 0.566810633601835, 0.671474029011148, 0.77282154303073, 0.870677748130218, 0.964870659934844, 1.05523103885824, 1.14159298660315, 1.22379440290813, 1.30167803855373, 1.37509310411582, 1.44389081421395, 1.50791912252472, 1.56702300803484, 1.62104416566581, 1.66982370538596, 1.71320588424418, 1.75103941048702, 1.78317925675103, 1.8094869197357, 1.82982983191576, 1.84407317339023, 1.85207550248669, 1.85369361098219, 1.84878465554115, 1.83720664011981, 1.81881722908999, 1.79347395684579, 1.76103687786567, 1.72137006979306, 1.67434133492895, 1.61982368026195, 1.55769613402546, 1.48783879477764, 1.41012758287039, 1.32443402766664, 1.23062717748071, 1.12857547792176, 1.0181479310188, 0.899214705738521, 0.7716471135041, 0.635318778616056, 0.490105651930692, 0.335884721219269, 0.172533771599379, -6.88756095973686e-05, 0, 0.11743827253792, 0.232599687933749, 0.345300311405656, 0.455355553870837, 0.562579845698734, 0.666786760242359, 0.767790419727998, 0.865408152378351, 0.959460892107511, 1.04977245149812, 1.1361701440817, 1.21848526059494, 1.29655414714503, 1.3702198763513, 1.43932762116321, 1.50371917499717, 1.56323325548087, 1.61770518805455, 1.66696971057448, 1.71086485173498, 1.74923326584907, 1.78192414316153, 1.8087935046282, 1.82970357022824, 1.84451431995951, 1.85307881803276, 1.85524817349153, 1.85087387862164, 1.83980830636303, 1.82190346567461, 1.79701122243874, 1.76498607061656, 1.72568669902528, 1.67897566957566, 1.62472091279622, 1.5627966244369, 1.49307812892862, 1.41543636576103, 1.32973771297897, 1.23584596125227, 1.13362425068922, 1.02293629146135, 0.903646996399385, 0.775622457134268, 0.638731166165305, 0.492844032117059, 0.337833036335277, 0.173570984853543, -6.87619285609786e-05, 0, 0.116310654358048, 0.230493710937368, 0.342357889724598, 0.451711234098979, 0.558360773116695, 0.662112656132455, 0.762773619772697, 0.860153753196023, 0.954066914828744, 1.04432997682393, 1.13076347310688, 1.21319209511092, 1.29144579503128, 1.36536151721667, 1.4347784018717, 1.49953209295083, 1.55945505928943, 1.61437630893301, 1.6641242619305, 1.70853073672991, 1.74743235240848, 1.78067253543393, 1.8081018493191, 1.82957731963861, 1.84495374138824, 1.85407869996569, 1.85679763996246, 1.85295640827852, 1.84240176541909, 1.82498008220816, 1.80053757368585, 1.76892319077276, 1.72999024973369, 1.68359608727349, 1.62960357146696, 1.56788207816562, 1.49830216742209, 1.42072980568025, 1.33502622770207, 1.24104997459741, 1.13865888866411, 1.02771139503474, 0.908067156003238, 0.779587047924094, 0.642134434988286, 0.495575186137998, 0.339776278086815, 0.174605538980072, -6.86309271973051e-05, 0, 0.115185449876496, 0.228392314711499, 0.339421970251921, 0.44807509371847, 0.554151314787919, 0.657449361767417, 0.757768589844972, 0.854911854285011, 0.948685944233026, 1.0389007987935, 1.1253701808259, 1.20791219212977, 1.28635040171662, 1.36051563532941, 1.43024100934553, 1.49535602904101, 1.55568692700327, 1.61105640815958, 1.66128659126376, 1.70620310254929, 1.74563654448903, 1.77942459832072, 1.80741238834728, 1.82945176376246, 1.84539234963485, 1.8550762678382, 1.8583433167459, 1.85503371680624, 1.84498863461388, 1.82804882009098, 1.80405485505138, 1.77285016479149, 1.73428270924136, 1.68820461503253, 1.63447370174531, 1.57295453736469, 1.50351292677913, 1.42600987120075, 1.34030147013287, 1.24624102319126, 1.14368108253328, 1.03247479505215, 0.912476578089201, 0.783542097226693, 0.645529591831654, 0.498299893707479, 0.341714976725313, 0.175637692336011, -6.85185755515128e-05, 0, 0.114062645127269, 0.226295472534795, 0.336492514720923, 0.444447084125748, 0.549951412977799, 0.652796811482013, 0.752775257540525, 0.84968237768166, 0.943317897961955, 1.03348483179933, 1.11999017950488, 1.20264546288679, 1.28126787846987, 1.35568214303762, 1.42571535805372, 1.49119090088858, 1.55192878040809, 1.60774541267056, 1.65845663160046, 1.70388188918899, 1.74384578987276, 1.77818028814179, 1.80672508725651, 1.82932687798776, 1.845830130531, 1.8560715185152, 1.85988521228587, 1.85710582471838, 1.84756894696628, 1.83110972524141, 1.807563125696, 1.77676706535966, 1.73856416398991, 1.69280135322599, 1.63933141806597, 1.57801412910537, 1.50871054374184, 1.4312767057715, 1.3455635874541, 1.25141925495978, 1.14869097795529, 1.03722663187531, 0.916875394677883, 0.78748772566565, 0.648916742857535, 0.501018243455962, 0.343649200275762, 0.176667489265173, -6.84072874528874e-05, 0, 0.112942234329316, 0.224203173423433, 0.333569507522652, 0.440827185662909, 0.545761044553014, 0.64815497923586, 0.74779359447183, 0.844465293199953, 0.937962744565316, 1.02808204364336, 1.11462343669248, 1.19739187514635, 1.27619819371052, 1.35086100983796, 1.42120141898834, 1.48703668138906, 1.54818059469383, 1.60444330031548, 1.65563436377058, 1.70156708072379, 1.74206007608398, 1.77693959601453, 1.80603994083929, 1.82920266080277, 1.84626708626234, 1.85706445787256, 1.86142333610009, 1.85917274507407, 1.85014271892522, 1.83416281730748, 1.81106240822837, 1.78067391775311, 1.74283464157771, 1.69738633138284, 1.6441767514535, 1.58306088545435, 1.51389505096786, 1.43653034218897, 1.3508126121403, 1.25658470157861, 1.15368860531166, 1.0419669340793, 0.921263632012081, 0.791423956615268, 0.652295908027894, 0.503730251384072, 0.345578960225258, 0.177694936187231, -6.82962652228114e-05, 0, 0.111824211721537, 0.222115406431128, 0.330652933100917, 0.437215378737667, 0.541580186456368, 0.643523839072866, 0.742823572341491, 0.839260570747549, 0.932620452687876, 1.02269240222159, 1.10926992002844, 1.1921513967588, 1.27114131593708, 1.34605220529718, 1.41669916320057, 1.48289334348409, 1.54444234508159, 1.60115004895798, 1.65281976859927, 1.69925866120309, 1.74027939059952, 1.77570251298556, 1.80535694379311, 1.82907911057568, 1.84670321886871, 1.85805509161364, 1.86295769750637, 1.8612344907045, 1.85270996668314, 1.83720811565178, 1.81455272494246, 1.78457074690376, 1.74709416923005, 1.70195957863005, 1.649009732502, 1.58809483801978, 1.51906648062854, 1.44177081273581, 1.35604857612492, 1.26173739415534, 1.15867399438913, 1.04669572961798, 0.925641315687313, 0.795350812776843, 0.655667106606291, 0.50643593276897, 0.347504267312681, 0.178720038749179, -6.81855080737204e-05, 0, 0.110708571557835, 0.220032160640117, 0.327742775940084, 0.433611643808848, 0.537408815690856, 0.63890336510474, 0.73786516292609, 0.834068180310851, 0.927290991056541, 1.01731587551426, 1.10392959723752, 1.18692399565921, 1.26609721373132, 1.34125569906278, 1.4122085618188, 1.47876086018781, 1.54071400685902, 1.59786563652121, 1.65001282696318, 1.69695661471887, 1.73850372092936, 1.77446903012485, 1.80467609082886, 1.82895622567825, 1.84713853038379, 1.85904342542599, 1.86448830579707, 1.86329107440607, 1.85527070638874, 1.8402456395847, 1.81803409807223, 1.78845757767641, 1.75134277409905, 1.70652112401651, 1.65383039172391, 1.59311601832588, 1.52422486481032, 1.44699814960993, 1.36127151125798, 1.26687736371658, 1.16364717489714, 1.05141304637289, 0.930008471233027, 0.799268316793182, 0.659030357806736, 0.509135302848566, 0.349425132249332, 0.179742802583473, -6.80750153307097e-05, 0, 0.109593686741764, 0.217950337102971, 0.324834620486649, 0.430010403960383, 0.533240349218794, 0.634286123408037, 0.732910236643937, 0.828879451866295, 0.921965304408021, 1.0119431782027, 1.09859310810848, 1.18170039188114, 1.26105684247975, 1.33646281101475, 1.40772140245086, 1.47463159004341, 1.53698861269502, 1.59458387296429, 1.64720822923223, 1.69465661511657, 1.73672982740006, 1.77323703034578, 1.80399635663982, 1.82883403960041, 1.84757407797279, 1.86003150502012, 1.86601816005715, 1.86534641341577, 1.85782973815792, 1.8432810367892, 1.82151298750842, 1.79234160031186, 1.75558824823458, 1.71107923287398, 1.65864733916317, 1.59813325254066, 1.52937911721918, 1.45222122546796, 1.3664901205508, 1.27201301501617, 1.16861612470165, 1.05612630667472, 0.934371836783786, 0.80318239393142, 0.66239064534997, 0.511832275113029, 0.351344269607355, 0.180764614654997, -6.80341193726453e-05, 0, 0.108481162624241, 0.215872992514643, 0.32193282077227, 0.426417156552433, 0.52908127371919, 0.629679435966444, 0.727966796760554, 0.823702915926593, 0.916652296452311, 1.00658343312461, 1.09326964051273, 1.17648968420631, 1.25602905771636, 1.33168202714268, 1.40324570307628, 1.47051298457164, 1.53327294919501, 1.59131078150312, 1.64441113671691, 1.69236286322614, 1.73496085172032, 1.77200856463862, 1.80331873695389, 1.82871252688685, 1.84800884775948, 1.86101736086685, 1.8675443678383, 1.86739672505026, 1.86038242170737, 1.84630884198471, 1.82498313553086, 1.79621584377236, 1.7598230331588, 1.7156258850493, 1.6634522187078, 1.6031379742936, 1.53452058693929, 1.45743143057152, 1.37169596116475, 1.27713619782608, 1.17357311187938, 1.06082832258208, 0.938724894043718, 0.807087321194219, 0.665743167182118, 0.514523094091348, 0.353259096134557, 0.181784189564474, -6.79247332215638e-05, 0, 0.107370993126891, 0.213800115208629, 0.319037360031937, 0.422831880209653, 0.524931563691953, 0.625083273635632, 0.723034810959651, 0.818538537464786, 0.911351929899088, 1.00123660115613, 1.08795915390159, 1.171291831045, 1.2510138171656, 1.32691330480816, 1.39878142099757, 1.46640500130957, 1.52956697440747, 1.58804632094905, 1.6416215092, 1.6900753199557, 1.73319675601984, 1.77078359639178, 1.80264319639581, 1.8285916533583, 1.84844280674299, 1.86200096111717, 1.86906689837675, 1.86944197951402, 1.86292872804319, 1.84932902677435, 1.82844451408875, 1.80008028004922, 1.76404710055169, 1.72016105162632, 1.66824500063426, 1.60813015282425, 1.53964924194565, 1.46262873140201, 1.37688899785007, 1.28224687491182, 1.17851809693977, 1.06551905206041, 0.943067598133259, 0.810983050545877, 0.669087871792825, 0.517207704475023, 0.355169552397714, 0.182801463425741, -6.78155248389767e-05, 0, 0.106262636560146, 0.211730730736528, 0.316146939988571, 0.419253061755091, 0.520789599986619, 0.620496020213618, 0.718112774902915, 0.813384975387636, 0.906063020951463, 0.995901649834169, 1.08266076116629, 1.1661060846435, 1.24601050640689, 1.32215615687661, 1.39432819030436, 1.46230738950119, 1.52587054664718, 1.58479045258315, 1.63883940478879, 1.68779413405411, 1.73143777345832, 1.76956243689848, 1.80197011806905, 1.82847186759356, 1.84887646266431, 1.86298286635588, 1.87058635875129, 1.87148282399045, 1.86546933802553, 1.85234229923788, 1.83189785198896, 1.80393565214398, 1.76826120104096, 1.72468548428498, 1.67302643109917, 1.61311052217911, 1.54476579759019, 1.46781381803171, 1.38206988880766, 1.28734566599933, 1.18345165451754, 1.07019901802571, 0.947400413613452, 0.814869981549708, 0.672425087100342, 0.519886355886917, 0.357075803072176, 0.183816509313592, -6.77316733477817e-05, 0, 0.105156629651233, 0.209665804137153, 0.313262845576468, 0.415682197601414, 0.516656982075347, 0.615919269810346, 0.713202168912162, 0.808243545366833, 0.900786727209459, 0.990579585339605, 1.07737532370844, 1.16093316824849, 1.24101971713799, 1.31741105008146, 1.38988635933875, 1.45822038566473, 1.52218379716469, 1.58154320892602, 1.63606476377788, 1.68551916005038, 1.72968367921358, 1.76834478835228, 1.80129913750189, 1.82835274476292, 1.84930933666704, 1.86396255002648, 1.8721021809988, 1.87351865536088, 1.86800361958915, 1.85534800454059, 1.83534247776481, 1.80778127804989, 1.77246464812908, 1.72919849804693, 1.67779583261767, 1.61807841832652, 1.54986960925719, 1.47298607122343, 1.38723804613446, 1.29243202046165, 1.18837327718841, 1.07486776216884, 0.95172293719167, 0.818747771822601, 0.675754537518058, 0.522558845420024, 0.358977723811402, 0.184829287321839, -6.76227648148953e-05, 0, 0.104052965429045, 0.207605322057803, 0.310385057650225, 0.412119263397973, 0.512533680987107, 0.611352989414216, 0.708302956506822, 0.803114208013429, 0.895523006922128, 0.985270364088191, 1.07210279661811, 1.15577303610724, 1.23604140321766, 1.31267793831521, 1.38545588242994, 1.45414394495886, 1.518506682324, 1.57830454789738, 1.63329754595039, 1.68325035984429, 1.7279344374979, 1.76713061741495, 1.80063022388337, 1.82823425664231, 1.84974140319588, 1.86493998931497, 1.87361434507916, 1.8755494563412, 1.87053155813863, 1.85834613067028, 1.83877838183564, 1.81161715041304, 1.7766574364347, 1.73370008920291, 1.68255320281011, 1.62303383985567, 1.5549606761456, 1.47814549042527, 1.39239346915839, 1.29750593712105, 1.19328296286546, 1.07952528107318, 0.956035163687588, 0.822616413975897, 0.679076212996448, 0.525225159905865, 0.360875297866197, 0.185839776656546, -6.75141032236148e-05, 0, 0.102951638625469, 0.20554927450043, 0.307513562019419, 0.408564241298082, 0.508419675752499, 0.606797155461616, 0.703415112049398, 0.797996936125418, 0.890271831818158, 0.97997395721694, 1.06684315089732, 1.15062565951875, 1.23107553664549, 1.30795679464967, 1.38103673407462, 1.45007804364741, 1.51483918048143, 1.57507445024623, 1.6305377347055, 1.68098771968867, 1.72619003756418, 1.76591991642744, 1.79996337267154, 1.82811640181798, 1.85017266399832, 1.86591518915395, 1.87512285909408, 1.87757523813629, 1.87305316786679, 1.86133669465488, 1.84220558386556, 1.81544329128236, 1.78083959009113, 1.7381902836246, 1.68729856889886, 1.62797681493402, 1.56003902696406, 1.48329210448171, 1.39753618644575, 1.30256744383597, 1.19818073825189, 1.08417159982287, 0.960337116089402, 0.826475928414996, 0.682390130863872, 0.527885313096536, 0.36276853491006, 0.186847982408617, -6.74056849570559e-05, 0, 0.101853030482095, 0.203498393766663, 0.304649411863519, 0.405018475175413, 0.504316570753167, 0.602253602650897, 0.698540670355507, 0.79289393442531, 0.885035546302454, 0.974692818571107, 1.06159891956873, 1.14549362039553, 1.22612471790802, 1.3032502077978, 1.37663146084537, 1.44602515578554, 1.51118366278083, 1.57185515378589, 1.62778740406435, 1.678733119297, 1.72445213424592, 1.76471408471256, 1.79929969698935, 1.82799997650567, 1.85060356769744, 1.8668882198789, 1.87662738435686, 1.87959522225276, 1.87556723852941, 1.86431810151455, 1.84562215107441, 1.81925747696023, 1.78500864131731, 1.74266641623594, 1.69202911525994, 1.63290442411869, 1.56510168518148, 1.48842292677962, 1.40266324857799, 1.30761367564267, 1.20306387008136, 1.08880416407518, 0.964626466191342, 0.830324260274376, 0.685694556791038, 0.530537938390021, 0.364656483256223, 0.187853414992856, -6.72778079734981e-05, 0, 0.10075673997189, 0.201451909836285, 0.301791500202258, 0.401480553121053, 0.500222681179835, 0.597720405294131, 0.693677496869299, 0.787802891485325, 0.879811694052099, 0.969424378885453, 1.05636745234898, 1.14037421932643, 1.2211862303175, 1.29855547560217, 1.37223740689334, 1.44198270359369, 1.50753766124651, 1.56864433204259, 1.62504440069483, 1.67648461004505, 1.72271901511434, 1.76351167744294, 1.7986380509336, 1.8278841650161, 1.85103366012365, 1.8678590201233, 1.8781282835278, 1.88161022652821, 1.87807503447261, 1.86729201352031, 1.84903009504005, 1.82306201963451, 1.78916715413898, 1.74713125405601, 1.69674776299348, 1.63781969364522, 1.57015173321946, 1.49354104716787, 1.40777770425497, 1.3126475914891, 1.20793517891693, 1.09342560734664, 0.968905611778537, 0.834163522904571, 0.688991270976707, 0.533184434106427, 0.366540110613057, 0.18885656276935, -6.71701985838213e-05, 0, 0.0996627621582958, 0.199409813371022, 0.298939813829867, 0.397950458594541, 0.4961379876876, 0.593197541767237, 0.688825568204701, 0.782723782663761, 0.874600249662141, 0.964168612466794, 1.05114872371097, 1.13526743138044, 1.21626004994104, 1.29387257549853, 1.36785455137451, 1.43795066828929, 1.50390115948182, 1.56544197130488, 1.62230871382801, 1.67424218431049, 1.72099067584161, 1.76231269367557, 1.79797843697858, 1.82776897325536, 1.85146295065057, 1.86882760275454, 1.87962557295497, 1.88362027072899, 1.88057657877922, 1.87025845694143, 1.85242944504284, 1.82685695136963, 1.79331516312941, 1.75158483384681, 1.70145455068922, 1.64272266355229, 1.57518921218829, 1.49864650744333, 1.41287959556062, 1.31766923333116, 1.21279470615405, 1.09803597002366, 0.973174591767109, 0.83799375328034, 0.692280307976102, 0.535824831898516, 0.368419445245051, 0.189857450127056, -6.70628310788512e-05, 0, 0.0985710947864317, 0.19737210009549, 0.296094346684222, 0.394428183979356, 0.492062481335343, 0.588685002029329, 0.683984873437825, 0.777656596359701, 0.869401201046661, 0.958925506918933, 1.04594272110235, 1.13017324397886, 1.21134616427552, 1.28920149512992, 1.36348288212972, 1.43392903795228, 1.50027414583018, 1.56224806017905, 1.61958033249994, 1.67200583188237, 1.71926710723707, 1.76111712544999, 1.79732084854629, 1.82765439616221, 1.85189143588898, 1.86979396620112, 1.88111925299095, 1.88562535718903, 1.88307187578234, 1.87321743809983, 1.85582020933791, 1.83064228224681, 1.79745268004073, 1.75602716883137, 1.7061494928003, 1.64761334926456, 1.58021413822681, 1.50373932419409, 1.41796893925265, 1.32267861780105, 1.21764246798678, 1.10263526753337, 0.977433420475662, 0.841814964260293, 0.695561678829092, 0.538459140623765, 0.370294493460574, 0.190856080456871, -6.6955601077695e-05, 0, 0.0974817350819786, 0.195338764738823, 0.293255091275149, 0.390913719842029, 0.487996151020147, 0.584182773578719, 0.679155398934549, 0.772601318067101, 0.864214533080963, 0.953695046743083, 1.04074942888434, 1.12509164156498, 1.20644455805467, 1.28454221971361, 1.35912238504445, 1.42991779931573, 1.49665660804171, 1.55906258758608, 1.61685924695155, 1.66977554445933, 1.71754830256071, 1.75992496765654, 1.79666528219203, 1.82754043198494, 1.85231911582844, 1.87075811223866, 1.88260932721547, 1.88762549127609, 1.88556093259494, 1.87616896579131, 1.8592023983097, 1.83441802410862, 1.80157971800989, 1.76045827324731, 1.7108326044446, 1.65249176654878, 1.58522652752128, 1.50881951379102, 1.42304575164042, 1.32767576088846, 1.22247847981425, 1.10722351440203, 0.981682111266332, 0.845627167744464, 0.698835393670916, 0.541087368346847, 0.372165260946164, 0.19185245675879, -6.6848503724265e-05, 0, 0.0963946361373006, 0.193309716746354, 0.290421916660935, 0.387406898112378, 0.483938794799399, 0.579690623851429, 0.674336884752546, 0.767557663697509, 0.859039940748766, 0.948476909196133, 1.0355685097674, 1.12002227545898, 1.20155487433666, 1.27989438714273, 1.35477269592481, 1.42591658916622, 1.49304818693405, 1.55588520140018, 1.61414511509627, 1.66755099292283, 1.71583394853491, 1.75873592567419, 1.79601146470948, 1.827426831672, 1.85274576833285, 1.87171984839748, 1.88409563553682, 1.88962054793895, 1.88804366182937, 1.87911299288659, 1.86257600763686, 1.83818421793971, 1.80569636577763, 1.76487828599673, 1.71550407704996, 1.65735816170508, 1.59022668359181, 1.5138874393141, 1.42811045768894, 1.33266115175297, 1.22730329728261, 1.11180133503798, 0.985921359572294, 0.849431132443428, 0.702102249182222, 0.543710246378388, 0.374032320455725, 0.192846900041358, -6.67654654304684e-05, 0, 0.095310083744931, 0.191285504517082, 0.287595610660365, 0.383908722840885, 0.479891609764679, 0.575209919784651, 0.669530844471189, 0.762527270258423, 0.853879161257906, 0.943272908441438, 1.0304018316053, 1.11496704391601, 1.1966790184616, 1.27525988649505, 1.35043566422036, 1.42192719394928, 1.48945058255649, 1.55271749185773, 1.61143939389899, 1.66533347745471, 1.71412516499211, 1.75755091536333, 1.79536008430783, 1.82731403208493, 1.85317155524091, 1.87267905947557, 1.88557780535686, 1.89160991676946, 1.89051923481549, 1.88204849197445, 1.86593983064411, 1.84193949722779, 1.80980111637494, 1.76928557899077, 1.72016218070503, 1.66221072228002, 1.59521273072525, 1.51894118106614, 1.433161112979, 1.33763284050084, 1.23211498425461, 1.11636682627629, 0.990149314404751, 0.853225078739119, 0.705360603889838, 0.546326386221607, 0.375894651140751, 0.193838871774769, -6.66480274778003e-05, 0, 0.0942278141004048, 0.189265622734117, 0.28477544873551, 0.380418272558431, 0.47585349980277, 0.570739412902817, 0.664735899525735, 0.757508651357632, 0.848730622635629, 0.938081409154331, 1.02524771792831, 1.10992425150262, 1.19181529818427, 1.27063705083262, 1.34610967039849, 1.4179480636227, 1.48586233642237, 1.54955811406456, 1.60874087404898, 1.66312194626167, 1.7124210795314, 1.75636926553009, 1.79471069275439, 1.82720182968499, 1.85359653945711, 1.87363607410892, 1.88705640780535, 1.89359438811134, 1.89298863778789, 1.88497662182495, 1.86929517523292, 1.84568529554692, 1.81389550553888, 1.77368176657263, 1.72480858475937, 1.66705114900964, 1.60018637742315, 1.52398243168325, 1.4381993706338, 1.34259241707756, 1.23691504381443, 1.12092138063884, 0.994367234008635, 0.857010106874269, 0.708611376301176, 0.54893650091012, 0.377752736819277, 0.194828602817878, -6.65420345597467e-05, 0, 0.093147024908021, 0.187248542065496, 0.281959249777012, 0.376932789635763, 0.471821206019528, 0.566275418297022, 0.659948014234715, 0.752497495772668, 0.8435898133363, 0.932897774666795, 1.02010148212651, 1.10488923682357, 1.18695915245324, 1.26602149454608, 1.34179057937145, 1.41397538868935, 1.48228003967739, 1.54640413483654, 1.60604712962909, 1.66091446887955, 1.71072024526118, 1.7551900009187, 1.79406277443594, 1.82709015649034, 1.8540210886399, 1.87459168360488, 1.88853264581779, 1.89557556445908, 1.89545386069219, 1.88789974769901, 1.87264476979917, 1.84942469219713, 1.81798295119563, 1.77807059297274, 1.72944734738578, 1.67188376508236, 1.60515212620236, 1.52901578738558, 1.44322983493708, 1.34754440817543, 1.24170783939069, 1.12546911260246, 0.998578898208208, 0.860789576310056, 0.711857419796595, 0.551542852020818, 0.379608161539048, 0.195816913961979, -6.64756798020028e-05, 0, 0.092068527697037, 0.185235809852187, 0.279149221219523, 0.373455065882178, 0.467798028878113, 0.561821669359846, 0.655171279189538, 0.747498175554928, 0.838461311121671, 0.927726712687781, 1.01496788607668, 1.09986674012487, 1.18211522406293, 1.26141768713216, 1.33748261147985, 1.41001306447234, 1.47870718675752, 1.54325857183756, 1.60336066914592, 1.65871305573094, 1.70902418556024, 1.75401416885821, 1.79341691157899, 1.82697914056352, 1.8544448876562, 1.87554514061367, 1.89000535139821, 1.89755186931466, 1.89791293064442, 1.89081551242576, 1.87598588495055, 1.8531545975897, 1.82206001554726, 1.7824482841355, 1.73407437019005, 1.67670419771557, 1.61010541811439, 1.53403659120723, 1.44824783904564, 1.35248422520408, 1.24648894876356, 1.1300058544236, 1.00278048183256, 0.864560092537315, 0.715095858612458, 0.554143170615809, 0.381459351265986, 0.196803014153791, -6.63689590730265e-05, 0, 0.0909923204523217, 0.183227422252954, 0.276345357584145, 0.369985094368225, 0.463783960183244, 0.557378156810646, 0.65040568419809, 0.742510679765921, 0.833345104460753, 0.922568211233893, 1.00984691746674, 1.0948567488703, 1.17728350033567, 1.25682561583012, 1.3331857539236, 1.40606107816746, 1.47514376487562, 1.54012141229776, 1.60068147981191, 1.65651769393176, 1.70733288732427, 1.75284175585481, 1.79277309008584, 1.82686876697617, 1.85486792053962, 1.87649642792485, 1.89147450610188, 1.89952328320927, 1.90036582732985, 1.89372389499966, 1.87931849910894, 1.85687498965068, 1.82612667606234, 1.78681481707539, 1.73868962970452, 1.68151242290686, 1.61504622855958, 1.53904481788223, 1.45325335694548, 1.35741184130653, 1.25125834412375, 1.13453157721828, 1.00697195479037, 0.868321624116901, 0.718326659815546, 0.556737422117669, 0.383306269625945, 0.197786865068636, -6.62623019497544e-05