-16.4913, -16.4911367346939, -16.4909734693878, -16.4908102040816, -16.4906469387755, -16.4904836734694, -16.4903204081633, -16.4901571428572, -16.489993877551, -16.4898306122449, -16.4896673469388, -16.4895040816327, -16.4893408163265, -16.4891775510204, -16.4890142857143, -16.4888510204082, -16.4886877551021, -16.4885244897959, -16.4883612244898, -16.4881979591837, -16.4880346938776, -16.4878714285715, -16.4877081632653, -16.4875448979592, -16.4873816326531, -16.487218367347, -16.4870551020409, -16.4868918367347, -16.4867285714286, -16.4865653061225, -16.4864020408164, -16.4862387755103, -16.4860755102041, -16.485912244898, -16.4857489795919, -16.4855857142858, -16.4854224489797, -16.4852591836735, -16.4850959183674, -16.4849326530613, -16.4847693877552, -16.484606122449, -16.4844428571429, -16.4842795918368, -16.4841163265307, -16.4839530612246, -16.4837897959184, -16.4836265306123, -16.4834632653062, -16.4833000000001, -16.4913, -16.4923229677129, -16.4956212948501, -16.5010980094083, -16.508656148883, -16.5181987602766, -16.5296289001061, -16.5428496344107, -16.5577640387594, -16.5742751982591, -16.5922862075617, -16.6117001708727, -16.6324202019581, -16.6543494241524, -16.6773909703666, -16.7014479830956, -16.7264236144258, -16.7522210260433, -16.7787433892411, -16.8058938849271, -16.8335757036319, -16.8616920455161, -16.8901461203785, -16.9188411476636, -16.9476803564691, -16.976566985554, -17.005404283346, -17.0340955079496, -17.0625439271532, -17.0906528184374, -17.1183254689823, -17.1454651756757, -17.1719752451202, -17.1977589936412, -17.2227197472948, -17.2467608418753, -17.2697856229228, -17.2916974457311, -17.3123996753556, -17.3317956866204, -17.3497888641267, -17.36628260226, -17.3811803051983, -17.3943853869192, -17.4058012712081, -17.4153313916659, -17.4228791917165, -17.4283481246145, -17.4316416534531, -17.4326632511719, -16.4913, -16.4923258219281, -16.4956321776776, -16.5011215669435, -16.5086965039053, -16.5182595180605, -16.5297131548209, -16.5429599762568, -16.5579025619907, -16.574443510241, -16.5924854390087, -16.6119309873902, -16.6326828170294, -16.6546436145439, -16.6777160932479, -16.7018029949851, -16.726807092041, -16.7526311901816, -16.7791781306912, -16.806350792444, -16.8340520939729, -16.8621849964878, -16.8906525058164, -16.9193576741686, -16.9482036018015, -16.9770934391972, -17.0059303881876, -17.0346177028961, -17.0630586907369, -17.0911567126322, -17.1188151829584, -17.1459375690851, -17.1724273908581, -17.1981882195063, -17.2231236763345, -17.2471374311979, -17.2701332007553, -17.2920147466074, -17.3126858732415, -17.3320504259884, -17.3500122889915, -17.3664753832561, -17.3813436648405, -17.3945211231989, -17.4059117796845, -17.4154196862242, -17.4229489241741, -17.4284036033643, -17.4316878613453, -17.4327058628432, -16.4913, -16.4923315156771, -16.4956538751892, -16.5011685124183, -16.508776885904, -16.5183804813594, -16.5298808134669, -16.5431794281229, -16.5581779051371, -16.5747778613862, -16.5928809544044, -16.6123888863545, -16.6332034084226, -16.6552263281745, -16.6783595147716, -16.7025049045247, -16.7275645066853, -16.7534404126624, -16.7800348021958, -16.8072499496326, -16.8349882301983, -16.8631521291469, -16.8916442476423, -16.9203673081026, -16.9492241592431, -16.9781177826754, -17.0069512963096, -17.0356279572014, -17.0640511645713, -17.0921244604491, -17.1197515294965, -17.1468361975915, -17.1732824302435, -17.1989943292586, -17.2238761287523, -17.2478321905008, -17.2707669986205, -17.2925851538963, -17.3131913675236, -17.332490454887, -17.350387329375, -17.3667869964402, -17.38159454809, -17.3947151578373, -17.4060540761409, -17.415516626365, -17.4230082012879, -17.4284342601887, -17.4317003265413, -17.4327119863462, -16.4913, -16.492337194244, -16.4956755143367, -16.5012153307065, -16.5088570486082, -16.5185011123198, -16.5300480081326, -16.5433982680913, -16.5584524744939, -16.5751112651476, -16.5932753393557, -16.6128454645396, -16.6337224835659, -16.6558073270184, -16.6790010218957, -16.7032047008745, -16.7283196119682, -16.7542471339023, -16.7808887864089, -16.8081462406976, -16.8359213299145, -16.8641160644052, -16.892632641525, -16.921373454553, -16.9502411011072, -16.9791383941484, -17.0079683676579, -17.0366342813879, -17.065039625894, -17.0930881236117, -17.1206837285539, -17.1477306239504, -17.1741332196045, -17.1997961463214, -17.2246242492574, -17.2485225801546, -17.271396388465, -17.2931511118795, -17.3136923658845, -17.3329259333759, -17.3507577543349, -17.367093915913, -17.3818406432353, -17.3949042909736, -17.4061913357357, -17.415608369323, -17.4230620929024, -17.4284593121439, -17.4317069333715, -17.4327119607772, -16.4913, -16.4923428590332, -16.4956971008769, -16.5012620350028, -16.5089370158756, -16.5186214488247, -16.5302147942273, -16.5436165727374, -16.5587263715802, -16.5754438519046, -16.593668757158, -16.6133009223508, -16.6342402843077, -16.6563868988394, -16.6796409529113, -16.7039027776049, -16.7290728616317, -16.7550518728477, -16.7817406726559, -16.8090403306597, -16.8368521392959, -16.8650776351932, -16.893618612897, -16.9223771373457, -16.9512555556498, -16.9801565124863, -17.0089829580479, -17.0376381546969, -17.0660256840029, -17.0940494482552, -17.1216136700364, -17.1486228889246, -17.1749819578009, -17.2005960350477, -17.225370575247, -17.24921131831, -17.2720242770597, -17.293715723974, -17.3141921765736, -17.3333603828841, -17.3511273069892, -17.3674001151531, -17.382086162952, -17.3950929834809, -17.4063282767067, -17.4156999000339, -17.4231158601522, -17.4284843062339, -17.4317135245501, -17.4327119345719, -16.4913, -16.4923485102223, -16.4957186354935, -16.5013086267991, -16.5090167902803, -16.5187414947792, -16.5303811772085, -16.5438343492654, -16.5589996055155, -16.5757756328331, -16.5940612211584, -16.6137552753953, -16.6347568285776, -16.6569650639259, -16.6802793304763, -16.7045991597286, -16.7298242830033, -16.7558546590757, -16.7825904926744, -16.8099322533033, -16.8377806940375, -16.8660368789566, -16.8946022007728, -16.9233783968604, -16.9522675643912, -16.9811721801048, -17.0099951105263, -17.0386396205221, -17.0670093823363, -17.095008477543, -17.1225413964957, -17.149513034101, -17.1758286850854, -17.2013940339713, -17.2261151431368, -17.2498984389292, -17.2726506956424, -17.2942790184873, -17.3146908248268, -17.3337938255005, -17.3514960062695, -17.3677056099914, -17.3823311200917, -17.3952812454203, -17.4064649065786, -17.4157912238074, -17.4231695065196, -17.4285092445682, -17.431720101334, -17.4327119087222, -16.4913, -16.4923541477127, -16.4957401178039, -16.501355105256, -16.5090963703665, -16.5188612479631, -16.5305471539561, -16.5440515935331, -16.5592721710248, -16.5761066014284, -16.5944527235379, -16.6142085144678, -16.6352721057256, -16.6575418101378, -16.6809161409284, -16.7052938320426, -16.7305738593349, -16.7566554743038, -16.783438226672, -16.8108219873669, -16.8387069714644, -16.8669937716795, -16.8955833798849, -16.9243772066844, -16.9532770998985, -16.9821853686946, -17.0110047960704, -17.0396386493109, -17.0679906910159, -17.0959651814965, -17.1234668781006, -17.1504010300658, -17.1766733727556, -17.2021901154185, -17.2268579266237, -17.2505839173673, -17.2732756214613, -17.2948409747419, -17.3151882921701, -17.3342262450311, -17.3518638382866, -17.3680103888155, -17.3825755052403, -17.3954690694448, -17.4066012198899, -17.4158823368338, -17.4232230295622, -17.4285341257353, -17.431726662956, -17.4327118826668, -16.4913, -16.4923597715436, -16.4957615479584, -16.5014014706993, -16.5091757566926, -16.5189807092175, -16.5307127256373, -16.5442683070695, -16.5595440700284, -16.5764367600237, -16.5948432670577, -16.6146606427662, -16.6357861193878, -16.6581171415451, -16.6815513887609, -16.7059867994471, -16.7313215959117, -16.7574543241747, -16.7842838806171, -16.811709539108, -16.8396309780827, -16.8679483200734, -16.8965621571036, -16.9253735737988, -16.9542841692137, -16.9831960853081, -17.0120120216922, -17.0406352479846, -17.0689696168235, -17.096919566711, -17.1243901212154, -17.1512868829111, -17.1775160265934, -17.2029842848275, -17.2275989307734, -17.251267758294, -17.2738990587716, -17.295401596567, -17.3156845820006, -17.3346576444417, -17.3522308055823, -17.3683144537584, -17.3828193201435, -17.3956564569424, -17.4067372177072, -17.4159732399029, -17.4232764298451, -17.4285589501355, -17.431733209719, -17.4327118566865, -16.4913, -16.4923653817544, -16.4957829261071, -16.5014477234539, -16.5092549498157, -16.5190998793816, -16.5308778934161, -16.5444844913995, -16.5598153044405, -16.5767661109446, -16.59523285447, -16.6151116634777, -16.6362988731881, -16.6586910622037, -16.682185078451, -16.7066780668242, -16.7320674979981, -16.7582512143078, -16.7851274604519, -16.812594914755, -16.8405527203672, -16.8689005308151, -16.8975385392618, -16.9263675051438, -16.9552887793343, -16.9842043369492, -17.0130167943513, -17.0416294234081, -17.0699461664801, -17.0978716397164, -17.1253111321337, -17.1521705986524, -17.1783566522983, -17.203776547548, -17.2283381605564, -17.2519499662763, -17.2745210117186, -17.295960887673, -17.3161796975877, -17.3350880265606, -17.3525969105511, -17.3686178067941, -17.3830625663761, -17.395843409117, -17.4068729008997, -17.4160639335926, -17.4233297077057, -17.4285837179246, -17.4317397416636, -17.4327118307809, -16.4913, -16.4923709783841, -16.4958042523992, -16.5014938638437, -16.5093339502907, -16.5192187592913, -16.5310426584524, -16.5447001480424, -16.5600858761687, -16.5770946565087, -16.5956214885175, -16.6155615797779, -16.6368103707373, -16.659263576155, -16.6828172144599, -16.707367639038, -16.7328115708395, -16.7590461503023, -16.7859689720975, -16.8134781205144, -16.8414722047692, -16.8698504105577, -16.8985125331678, -16.9273590076347, -16.956290937233, -16.9852101305972, -17.0140191209828, -17.0426211824223, -17.0709203466832, -17.0988214070193, -17.1262299171271, -17.1530521832846, -17.1791952555503, -17.2045669089112, -17.2290756209258, -17.2526305458656, -17.2751414844332, -17.2965188517577, -17.3166736421896, -17.3355173942067, -17.352962155579, -17.3689204498898, -17.3833052455076, -17.3960299271686, -17.4070082703336, -17.4161544184785, -17.4233828634802, -17.4286084292578, -17.4317462588303, -17.4327118049498, -16.4913, -16.4923765614719, -16.4958255269838, -16.5015398921911, -16.5094127586706, -16.5193373497797, -16.5312070219018, -16.5449152785118, -16.5603557871134, -16.5774223990251, -16.5960091719325, -16.6160103948312, -16.6373206156334, -16.6598346874257, -16.6834478012326, -16.7080555209354, -16.7335538196625, -16.7598391377375, -16.7868084214536, -16.8143591625703, -16.8423894377172, -16.8707979659305, -16.8994841456057, -16.9283480881623, -16.9572906498574, -16.9862134732064, -17.0150190084972, -17.0436105318435, -17.0718921641062, -17.0997688751037, -17.1271464824449, -17.153931642781, -17.1800318420091, -17.2053553742293, -17.2298113168175, -17.2533095015972, -17.2757604810316, -17.297075492506, -17.317166419053, -17.3359457501887, -17.3533265430437, -17.3692223850061, -17.3835473591019, -17.396216012293, -17.4071433268721, -17.4162446951346, -17.4234358975038, -17.4286330842901, -17.4317527612597, -17.432711779193, -16.4913, -16.4923821310565, -16.4958467500091, -16.5015858088176, -16.5094913755063, -16.5194556516769, -16.5313709849157, -16.5451298843163, -16.5606250391685, -16.5777493407945, -16.5963959074379, -16.6164581117906, -16.6378296114611, -16.6604044000281, -16.6840768431982, -16.7087417173458, -16.734294249675, -16.7606301821726, -16.787645814399, -16.8152380470848, -16.8433044256165, -16.8717432035391, -16.9004533833355, -16.9293347535929, -16.9582879241307, -16.9872143717066, -17.0160164637804, -17.0445974784642, -17.0728616253994, -17.1007140504304, -17.1280608343146, -17.1548089830944, -17.1808664173148, -17.2061419487963, -17.2305452531503, -17.2539868379907, -17.2763780056161, -17.2976308135898, -17.3176580314137, -17.3363730973058, -17.3536900753148, -17.3695236140965, -17.3837889087178, -17.3964016656819, -17.4072780713755, -17.4163347641326, -17.4234888101104, -17.4286576831754, -17.431759248992, -17.4327117535101, -16.4913, -16.4923876934159, -16.4958679455239, -16.501631665974, -16.5095698906214, -16.519573800688, -16.5315347363294, -16.5453442136077, -16.5608939449288, -16.5780758629195, -16.5967821476478, -16.6169052567252, -16.6383379586272, -16.6609733885289, -16.6847050878452, -16.7094270463818, -16.7350337462558, -16.7614202318358, -16.7884821565358, -16.8161158304998, -16.844218268157, -16.8726872576715, -16.901421405537, -16.9303201772357, -16.9592839372473, -16.9882139974521, -17.0170126431408, -17.0455831548614, -17.0738298312442, -17.1016579941422, -17.1289739872195, -17.1556851658551, -17.1816998849798, -17.2069274736699, -17.2312782051198, -17.2546632619017, -17.2769946951537, -17.2981853814701, -17.3181489755392, -17.3367998628762, -17.3540531129356, -17.369824434036, -17.3840301315993, -17.3965870699182, -17.4074126376669, -17.416424717369, -17.4235416590352, -17.4286822581851, -17.4317657384636, -17.4327117390645, -16.4913, -16.4923932423118, -16.4958890896295, -16.5016774117326, -16.5096482147425, -16.5196916619306, -16.5316980884405, -16.5455580197065, -16.5611621936322, -16.578401586504, -16.5971674425333, -16.6173513065274, -16.638845060053, -16.6615409820393, -16.6853317916895, -16.7101106942322, -16.7357714285892, -16.7622083432838, -16.7893164472242, -16.8169914614652, -16.8451298708198, -16.8736289992376, -16.9023870582025, -16.9313031908754, -16.960277516972, -16.9892111838526, -17.0180063947769, -17.0465664326445, -17.0747956847619, -17.1025996484537, -17.1298849295283, -17.1565592317218, -17.1825313431627, -17.2077111087947, -17.2320093978173, -17.2553380660053, -17.2776099114166, -17.2987386276052, -17.3186387522394, -17.3372256158038, -17.3544152907233, -17.3701245424508, -17.3842707841549, -17.3967720352428, -17.4075468839469, -17.4165144542087, -17.4235943770892, -17.4287067669354, -17.4317722025326, -17.4327117134699, -16.4913, -16.4923987777753, -16.4959101824454, -16.501723046353, -16.5097263483166, -16.5198092360812, -16.5318610421921, -16.5457713038538, -16.5614297868453, -16.5787265134618, -16.597551794373, -16.6177962638535, -16.639350918781, -16.6621071839916, -16.6859569585528, -16.7107926651045, -16.736507301261, -16.7629945214698, -16.7901486917715, -16.8178649456268, -16.8460392395717, -16.8745684345062, -16.903350347883, -16.9322838013255, -16.9612686703611, -16.9902059381898, -17.018997726179, -17.0475473194949, -17.0757591938064, -17.1035390213723, -17.1307936693838, -17.1574311889552, -17.183360800227, -17.2084928626229, -17.2327388397731, -17.2560112589018, -17.2782236630706, -17.299290560726, -17.3191273703141, -17.3376503649649, -17.3547766176437, -17.3704239484136, -17.3845108755872, -17.396956571016, -17.4076808197667, -17.4166039844328, -17.4236469743277, -17.4287312198058, -17.4317786519583, -17.4327116879262, -16.4913, -16.4924042998234, -16.4959312240367, -16.5017685699767, -16.5098042915866, -16.5199265235064, -16.5320235980938, -16.5459840667191, -16.561696725411, -16.57905064482, -16.5979352043862, -16.6182401301199, -16.6398555364267, -16.6626719962004, -16.6865805904461, -16.7114729611998, -16.7372413666546, -16.7637787689489, -16.7909788928918, -16.8187362858429, -16.8469463773983, -16.8755055665721, -16.904311277763, -16.9332620118395, -16.9622574007158, -16.9911982637902, -17.0199866406771, -17.0485258187225, -17.0767203616444, -17.1044761160976, -17.1317002098952, -17.1583010405514, -17.1841882590337, -17.2092727378606, -17.2334665335202, -17.2566828429351, -17.2788359522574, -17.2998411827613, -17.3196148314722, -17.3380741118452, -17.3551370949593, -17.3707226529686, -17.3847504067301, -17.3971406778745, -17.4078144455833, -17.4166933083404, -17.4236994509184, -17.428755616864, -17.4317850867442, -17.4327116624137, -16.4913, -16.4924098084946, -16.4959522145503, -16.5018139829221, -16.5098820450987, -16.5200435250292, -16.5321857572873, -16.546196309798, -16.5619630112069, -16.5793739828601, -16.5983176752727, -16.6186829084532, -16.6403589165455, -16.6632354226452, -16.6872026917623, -16.7121515873087, -16.7379736299359, -16.764561091236, -16.7918070564174, -16.8196054882274, -16.8478512906558, -16.8764404019909, -16.9052698545521, -16.9342378292332, -16.9632437149092, -16.9921881675343, -17.0209731451091, -17.0495019370737, -17.0776791948821, -17.1054109390496, -17.1326045572519, -17.1591687924284, -17.1850137251921, -17.210050739775, -17.2341924839551, -17.2573528226074, -17.2794467830664, -17.3003904973756, -17.3201011389468, -17.3384968592467, -17.3554967250477, -17.3710206580822, -17.38498937916, -17.3973243570323, -17.4079477622837, -17.4167824265341, -17.4237518072299, -17.4287799583019, -17.4317915069709, -17.4327116369746, -16.4913, -16.4924153038295, -16.4959731541412, -16.501859285525, -16.5099596094284, -16.5201602415169, -16.5323475209768, -16.546408034669, -16.5622286462164, -16.5796965299934, -16.5986992098884, -16.6191246021634, -16.6408610629042, -16.6637974675461, -16.6878232671647, -16.7128285485218, -16.7387040966015, -16.7653414942062, -16.7926331885699, -16.8204725593119, -16.8487539861452, -16.8773729477888, -16.9062260854542, -16.9352112608391, -16.964227620351, -16.9931756568567, -17.0219572468818, -17.0504756818746, -17.0786357007135, -17.1063434972398, -17.1335067182351, -17.1600344510917, -17.18583720489, -17.2108268741981, -17.2349166965196, -17.2580212029413, -17.2800561600767, -17.3009385086858, -17.3205862963798, -17.3389186103312, -17.3558555105943, -17.3713179659755, -17.3852277946541, -17.3975076098524, -17.408080770855, -17.4168713396729, -17.4238040436494, -17.4288042443012, -17.4317979126896, -17.4327116116136, -16.4913, -16.492420785864, -16.4959940429468, -16.5019044780829, -16.5100369850857, -16.5202766737371, -16.5325088902264, -16.5466192427249, -16.5624936321868, -16.5800182883414, -16.5990798107416, -16.6195652141523, -16.641361978799, -16.6643581345881, -16.6884423207168, -16.713503849264, -16.7394327714166, -16.7661199829387, -16.793457294712, -16.821337504708, -16.8496544696887, -16.8783032099576, -16.907179976588, -16.9361823128574, -16.9652091232765, -16.9941607379815, -17.0229389521611, -17.0514470591875, -17.0795898850529, -17.1072737963922, -17.1344066983391, -17.1608980217697, -17.1866587030575, -17.2116011457335, -17.235639175468, -17.2586879878235, -17.2806640867955, -17.3014852198135, -17.3210703065073, -17.3393393674542, -17.3562134535838, -17.3716145782775, -17.385465654506, -17.3976904373189, -17.4082134720033, -17.4169600482219, -17.4238561604442, -17.4288284749799, -17.4318043039237, -17.4327115863201, -16.4913, -16.4924262546363, -16.4960148811123, -16.5019495609105, -16.51011417261, -16.5203928225029, -16.5326698661639, -16.5468299354432, -16.5627579709732, -16.5803392601575, -16.5994594804992, -16.6200047475083, -16.6418616677413, -16.6649174277017, -16.689059856757, -16.7141774942665, -16.7401596594829, -16.7668965628797, -16.794279380603, -16.8222003304526, -16.8505527475622, -16.8792311949699, -16.9081315345773, -16.9371509920161, -16.9661882304699, -16.9951434176994, -17.0239182676953, -17.0524160756691, -17.0805417544177, -17.108201842839, -17.1353045036676, -17.1617595102968, -17.1874782252228, -17.2123735595704, -17.2363599256219, -17.2593531816849, -17.2812705672448, -17.3020306343592, -17.3215531725022, -17.3397591333612, -17.3565705563408, -17.3719104969054, -17.385702960246, -17.3978728406028, -17.4083458665751, -17.4170485527452, -17.4239081579456, -17.4288526504936, -17.4318106807175, -17.4327115610991, -16.4913, -16.4924317101842, -16.4960356687825, -16.5019945343216, -16.5101911725393, -16.5205086886241, -16.532830449913, -16.5470401142958, -16.5630216644237, -16.5806594476873, -16.5998382218187, -16.6204432053089, -16.6423601332304, -16.6654753508032, -16.6896758796088, -16.7148494882434, -16.7408847658845, -16.7676712394563, -16.7950994519822, -16.8230610425621, -16.8514488260196, -16.8801569092753, -16.9090807660227, -16.9381173050202, -16.9671649486919, -16.9961237027779, -17.0248952002092, -17.053382737953, -17.0814913153026, -17.1091276428906, -17.1362001403027, -17.1626189224868, -17.1882957768948, -17.2131441208796, -17.2370789517859, -17.2600167889402, -17.2818756054316, -17.3025747559099, -17.3220348975252, -17.3401779107867, -17.3569268211803, -17.3722057237679, -17.3859397133968, -17.3980548208683, -17.4084779554107, -17.4171368538014, -17.4239600364799, -17.4288767709929, -17.4318170431102, -17.4327115359503, -16.4913, -16.4924371525455, -16.4960564061018, -16.5020393986288, -16.5102679854092, -16.5206242729079, -16.5329906425936, -16.5472497807498, -16.56328471438, -16.5809788531687, -16.6002160373482, -16.6208805906206, -16.6428573787529, -16.6660319077952, -16.6902903935805, -16.7155198358927, -16.7416080956873, -16.7684440180765, -16.7959175145685, -16.8239196470313, -16.8523427112931, -16.8810803593009, -16.9100276775017, -16.9390812585508, -16.9681392846792, -16.9971015999603, -17.0258697564039, -17.0543470526493, -17.0824385741797, -17.110051202835, -17.1370936143056, -17.1634762641338, -17.189111363563, -17.213912834814, -17.2377962587477, -17.2606788139889, -17.282479205349, -17.3031175880403, -17.3225154847263, -17.3405957024558, -17.3572822504091, -17.372500260767, -17.386175915476, -17.3982363792757, -17.4086097393478, -17.4172249519473, -17.4240117963721, -17.4289008366279, -17.4318233911411, -17.4327115108733, -16.4913, -16.4924425867454, -16.4960771117583, -16.5020841934123, -16.5103446775117, -16.5207396727685, -16.5331505757429, -16.5474591020577, -16.563547323993, -16.5812977144242, -16.6005931969474, -16.6213172012961, -16.6433537262739, -16.6665874410371, -16.6909037578713, -16.7161889098633, -16.7423300317634, -16.7692152887729, -16.7967339626577, -16.8247765396865, -16.8532347981728, -16.8820019364, -16.9109726546968, -16.9400432305526, -16.9691116067401, -16.9980774661882, -17.0268422802928, -17.0553093494523, -17.0833838452028, -17.1109728202361, -17.1379852057719, -17.1643317971591, -17.189925228442, -17.2146799255211, -17.2385120514022, -17.2613394424615, -17.283081533526, -17.3036592785156, -17.3229950636202, -17.3410126203215, -17.3576369392832, -17.3727941875022, -17.3864116316434, -17.3984175679385, -17.4087412590234, -17.4173128780896, -17.4240634607217, -17.4289248647904, -17.4318297387706, -17.4327114988504, -16.4913, -16.4924480078062, -16.4960977672453, -16.5021288794856, -16.5104211832307, -16.520854791811, -16.5333101192395, -16.5476679128243, -16.5638092924476, -16.581615796474, -16.6009694341274, -16.621752743395, -16.6438488582833, -16.6671416131571, -16.6915156187805, -16.7168563434836, -16.7430501976548, -16.7699846683117, -16.7975484090771, -16.8256313320801, -16.8541246994272, -16.8829212568763, -16.911915319594, -16.9410028506705, -16.9700815539836, -16.9990509516702, -17.0278124346506, -17.0562693049995, -17.0843268200015, -17.1118922026765, -17.1388746390314, -17.1651852632672, -17.1907371310719, -17.2154451706724, -17.2392261256823, -17.2619984885175, -17.2836824221496, -17.3041996771869, -17.3234735011946, -17.3414285478172, -17.3579907868272, -17.3730874175715, -17.3866467888896, -17.398598325896, -17.4088724640185, -17.4174005906817, -17.424114995022, -17.4289488260187, -17.4318360594243, -17.4327114738743, -16.4913, -16.4924534157748, -16.4961183727431, -16.5021734572413, -16.5104975032431, -16.5209696310612, -16.5334692745152, -16.5478762149376, -16.5640706221309, -16.58193310224, -16.6013447523738, -16.6221872209883, -16.6443427794528, -16.667694429436, -16.6921259822003, -16.7175221432535, -16.7437686004593, -16.7707521643736, -16.79836086207, -16.8264840329933, -16.8550124243464, -16.8838383304963, -16.9128556824007, -16.9419601295143, -16.9710491373819, -17.0000220676997, -17.0287802310495, -17.0572269311002, -17.0852675105807, -17.1128093623169, -17.1397619263622, -17.1660366748177, -17.1915470838613, -17.2162085826963, -17.2399384940107, -17.2626559645533, -17.2842818835737, -17.3047387963548, -17.3239508096914, -17.3418434971266, -17.3583438051725, -17.3733799630669, -17.386881399286, -17.3987786652245, -17.4090033664469, -17.4174881019137, -17.4241664115853, -17.4289727327999, -17.4318423658239, -17.4327114489676, -16.4913, -16.4924588136831, -16.496138939888, -16.5022179520023, -16.5105736811501, -16.5210842565001, -16.5336281335422, -16.5480841294814, -16.5643314658688, -16.5822498184307, -16.6017193739278, -16.6226208930101, -16.6448357860802, -16.6682462237154, -16.6927352192076, -16.7181867166873, -16.7444856828415, -16.771518252998, -16.7991718287871, -16.8273351779366, -16.8558985335621, -16.8847537392873, -16.913794342328, -16.9429156787816, -16.9720149759368, -17.0009914349156, -17.029746285615, -17.0581828337307, -17.0862065076473, -17.11372486999, -17.1406476146353, -17.1668865511496, -17.1923555755642, -17.2169706172271, -17.2406495768866, -17.2633122544361, -17.2848802640566, -17.3052769442115, -17.3244272592996, -17.3422577010189, -17.3586961907734, -17.3736719857525, -17.3871155920532, -17.3989586852689, -17.4091340389664, -17.417575461467, -17.4242177413489, -17.4289966020811, -17.4318486662013, -17.4327114294441, -16.4913, -16.4924641985542, -16.4961594572531, -16.5022623388987, -16.5106496741252, -16.521198603311, -16.5337866059596, -16.5482915374772, -16.5645916734714, -16.5825657615308, -16.602093080315, -16.6230535048731, -16.6453275867908, -16.6687966676406, -16.6933429647546, -16.7188496628117, -16.7452010091517, -16.7722824655887, -16.7999808098972, -16.8281842395372, -16.8567824748358, -16.8856669098037, -16.9147307088651, -16.9438688955218, -16.9729784593676, -17.0019584413019, -17.0307099906754, -17.0591364151275, -17.0871432283945, -17.1146381623803, -17.1415311640464, -17.1677343794758, -17.1931621234034, -17.2177308239776, -17.2413589584799, -17.2639669782482, -17.285477220536, -17.3058138149815, -17.3249025814509, -17.3426709275419, -17.3590477471915, -17.3739633230913, -17.3873492364316, -17.3991382844128, -17.4092644059595, -17.4176626160679, -17.4242689492171, -17.4290204122688, -17.4318549472795, -17.4327114046469, -16.4913, -16.492469570427, -16.4961799249871, -16.5023066182533, -16.510725482723, -16.5213126723313, -16.533944692932, -16.5484984404544, -16.5648512468638, -16.582880933886, -16.6024658743196, -16.6234850598121, -16.6458181852763, -16.6693457653598, -16.6939492234398, -16.7195109866644, -16.7459145848502, -16.7730448080072, -16.8007878116372, -16.8290312243777, -16.8576642550622, -16.8865778492157, -16.9156647894185, -16.9448197873368, -16.9739395954292, -17.002923094723, -17.0316713541618, -17.0600876832459, -17.0880776807604, -17.1155492473688, -17.142412582382, -17.168580167454, -17.1939667348775, -17.2184892102602, -17.2420666458946, -17.2646201428676, -17.2860727596518, -17.3063494150604, -17.3253767822961, -17.3430831826071, -17.3593984801113, -17.3742539805596, -17.3875823377154, -17.3993174678012, -17.4093944724617, -17.4177495706897, -17.4243200401559, -17.4290441683833, -17.4318612142022, -17.4327113799197, -16.4913, -16.4924749363022, -16.4962003697426, -16.5023508476739, -16.5108012054623, -16.5214266115991, -16.5341025992773, -16.5487051059237, -16.5651105208151, -16.5831957407413, -16.6028382335337, -16.6239161082892, -16.646308204045, -16.6698942092565, -16.6945547540052, -16.7201715084817, -16.7466272854573, -16.7738062035021, -16.8015937960827, -16.829877123114, -16.858544883818, -16.8874875769479, -16.9165976047758, -16.9457693684806, -16.9748993845338, -17.0038863750311, -17.0326313292378, -17.0610375590228, -17.0890107485092, -17.1164589671925, -17.1432926665901, -17.1694246635746, -17.1947701074437, -17.2192464205184, -17.2427732291739, -17.265272283146, -17.2866673608687, -17.3068841689255, -17.325850232321, -17.3434947843018, -17.3597486574104, -17.3745441786114, -17.3878150723179, -17.3994963717865, -17.4095243393422, -17.417836395893, -17.4243710601893, -17.429067898282, -17.4318674836273, -17.4327113682856, -16.4913, -16.492480289204, -16.4962207649613, -16.5023949697551, -16.5108767441684, -16.5215402735895, -16.5342601208822, -16.5489112672871, -16.5653691616888, -16.5835097782105, -16.6032096819514, -16.6243461016522, -16.646797022614, -16.6704413091757, -16.6951588001242, -16.7208304106098, -16.7473382381798, -16.7745657316714, -16.8023978040974, -16.8307209480949, -16.8594233545613, -16.8883950765991, -16.9175281371141, -16.946716627553, -16.9758568289567, -17.0048473048373, -17.0335889649188, -17.0619851233563, -17.0899415493087, -17.1173664805862, -17.14417062018, -17.1702671192395, -17.1955715429235, -17.2200018089289, -17.2434781161953, -17.2659228614167, -17.2872605411402, -17.3074176477259, -17.3263225558557, -17.3439054085329, -17.3600980043798, -17.374833689139, -17.3880472553613, -17.399674850761, -17.4096538957143, -17.4179230103744, -17.4244219518708, -17.4290915620601, -17.4318737262878, -17.4327113436232, -16.4913, -16.4924856291548, -16.4962411107301, -16.502438984687, -16.5109520991698, -16.5216536588027, -16.5344172584483, -16.5491169254745, -16.5656271706666, -16.5838230477475, -16.6035802213172, -16.6247750419509, -16.6472846433505, -16.6709870678113, -16.6957613648246, -16.7214876964145, -16.7480474467227, -16.7753233965594, -16.8031998400624, -16.8315627040333, -16.8602996723309, -16.8893003535266, -16.9184563921004, -16.9476615705216, -16.9768119349557, -17.0058058906797, -17.0345442680139, -17.0629303833169, -17.0908700904824, -17.1182717951196, -17.1450464509625, -17.1711075424975, -17.1963710496008, -17.2207553840074, -17.2441813157036, -17.2665718866515, -17.2878523096646, -17.3079498608869, -17.3267937625552, -17.3443150651893, -17.3604465311487, -17.3751225225215, -17.3882788974868, -17.3998529156424, -17.4097831527897, -17.4180094256603, -17.4244727270653, -17.4291151719477, -17.4318799548095, -17.4327113189869, -16.4913, -16.4924909561917, -16.4962614071898, -16.5024828927747, -16.5110272709902, -16.5217667680275, -16.5345740130698, -16.549322081919, -16.5658845495478, -16.5841355515387, -16.6039498542184, -16.6252029321816, -16.6477710696616, -16.6715314889771, -16.6963624523162, -16.7221433704864, -16.7487549160372, -16.7760792034514, -16.8039999095673, -16.832402396789, -16.8611738432192, -16.8902034140138, -16.9193823761661, -16.94860420392, -16.9777647091202, -17.0067621391554, -17.0354972450797, -17.0638733453736, -17.0917963783658, -17.1191749169499, -17.1459201648743, -17.1719459390258, -17.1971686328569, -17.2215071508078, -17.2448828323972, -17.267219363171, -17.2884426703669, -17.3084808119259, -17.3272638555231, -17.3447237569613, -17.3607942400005, -17.3754106806484, -17.3885100002094, -17.4000305675981, -17.4099121114223, -17.4180956423319, -17.4245233861295, -17.4291387281324, -17.4318861692733, -17.4327112944209, -16.4913, -16.4924962703514, -16.4962816544808, -16.5025266943225, -16.5111022601505, -16.5218796020488, -16.5347303858357, -16.5495267380474, -16.5661413001238, -16.5844472917605, -16.6043185832305, -16.6256297753269, -16.6482563049385, -16.6720745764683, -16.6969620667891, -16.7227974373945, -16.7494606510501, -16.7768331576073, -16.8047980181744, -16.8332400321928, -16.8620458732874, -16.8911042643122, -16.920306095709, -16.9495445342472, -16.9787151580032, -17.0077160568243, -17.0364479026356, -17.0648140159577, -17.0927204192559, -17.1200758521957, -17.1467917678134, -17.1727823144624, -17.1979642980344, -17.2222571143448, -17.2455826709361, -17.2678652952572, -17.2890316271339, -17.3090105043226, -17.3277328378257, -17.3451314865016, -17.3611411331808, -17.3756981653712, -17.3887405650064, -17.4002078077579, -17.4100407724276, -17.4181816609314, -17.4245739293799, -17.4291622307604, -17.4318923697172, -17.4327112699248, -16.4913, -16.4925015716705, -16.4963018527429, -16.5025703896331, -16.5111770671703, -16.5219921616489, -16.5348863778313, -16.5497308952813, -16.5663974241796, -16.5847582705815, -16.6046864109201, -16.6260555743588, -16.6487403525603, -16.6726163340673, -16.6975602124184, -16.7234499016914, -16.7501646566712, -16.777585264268, -16.8055941714264, -16.8340756160549, -16.8629157685759, -16.8920029106511, -16.9212275571045, -16.9504825679794, -16.9796632881354, -17.0086676502239, -17.0373962471783, -17.0657524014783, -17.0936422194282, -17.1209746069545, -17.1476612656575, -17.1736166744262, -17.1987580504573, -17.2230052796163, -17.2462808359642, -17.2685096871776, -17.2896191838391, -17.3095389415445, -17.3282007125187, -17.345538256454, -17.3614872129278, -17.3759849785353, -17.3889705933501, -17.4003846372474, -17.4101691366183, -17.4182674819989, -17.424624357132, -17.4291856799774, -17.4318985561793, -17.4327112454984, -16.4913, -16.4925068601855, -16.4963220021155, -16.5026139790085, -16.5112516925668, -16.5221044476075, -16.5350419901381, -16.5499345550375, -16.5666529234938, -16.5850684901628, -16.6050533398445, -16.6264803322386, -16.6492232158944, -16.6731567655428, -16.6981568933645, -16.7241007679138, -16.7508669377929, -16.7783355286565, -16.8063883748466, -16.8349091541651, -16.8637835351035, -16.8928993592381, -16.9221467667058, -16.9514183115702, -16.9806091060244, -17.0096169258688, -17.0383422851817, -17.066688508322, -17.0945617851361, -17.1218711873026, -17.1485286642638, -17.1744490245164, -17.1995498954314, -17.2237516516028, -17.2469773321095, -17.2691525431851, -17.2902053443429, -17.3100661270476, -17.3286674826474, -17.3459440694532, -17.361832481472, -17.3762711219799, -17.3892000867079, -17.4005610571886, -17.4102972048044, -17.4183531060729, -17.4246746697003, -17.4292090759285, -17.4319047286977, -17.4327112211415, -16.4913, -16.4925121359327, -16.4963421027373, -16.5026574627494, -16.5113261368559, -16.5222164607013, -16.5351972238337, -16.5501377187275, -16.5669077998387, -16.5853779526577, -16.6054193725519, -16.6269040519175, -16.649704898296, -16.6736958746504, -16.6987521137732, -16.7247500405825, -16.7515674992904, -16.779083955977, -16.8071806339387, -16.835740652293, -16.8646491788681, -16.8937936162591, -16.9230637308438, -16.9523517714509, -16.9815526181553, -17.0105638902508, -17.0392860230976, -17.0676223428535, -17.0954791226118, -17.1227655992954, -17.1493939694697, -17.1752793703131, -17.2003398382444, -17.2244962352679, -17.247672163984, -17.269793867518, -17.2907901124923, -17.3105920642759, -17.3291331512467, -17.3463489281249, -17.3621769410363, -17.3765565975379, -17.3894290465422, -17.4007370686996, -17.410424977793, -17.41843853369, -17.4247248673982, -17.4292324187585, -17.43191088731, -17.4327111968538, -16.4913, -16.492517399189, -16.4963621556746, -16.5027008431825, -16.5114004040543, -16.5223282070261, -16.5353520874405, -16.5503403976066, -16.5671620674677, -16.5856866755418, -16.6057845299234, -16.6273267578243, -16.6501854278438, -16.6742336931795, -16.6993459091658, -16.7253977589313, -16.7522663840512, -16.7798305926723, -16.8079709985634, -16.8365701635408, -16.8655127559995, -16.8946857406192, -16.9239785109098, -16.953283011173, -16.9824938898782, -17.0115086101215, -17.0402275286469, -17.0685539732968, -17.0963943000824, -17.1236579106309, -17.1502572478784, -17.1761077767283, -17.2011279414886, -17.2252390902251, -17.2483653876586, -17.2704337122344, -17.2913735359589, -17.3111167962358, -17.3295977564756, -17.3467528656949, -17.3625206199235, -17.3768414286963, -17.3896574917282, -17.4009126863456, -17.4105524662372, -17.4185237720868, -17.4247749546389, -17.4292557107475, -17.4319170329508, -17.4327111731097, -16.4913, -16.4925226497489, -16.496382160133, -16.5027441185701, -16.5114744911547, -16.5224396820066, -16.5355065745451, -16.5505425831817, -16.5674157155949, -16.5859946455512, -16.6061487960612, -16.6277484312994, -16.6506647830172, -16.6747701966787, -16.6999382521191, -16.7260438925539, -16.7529635587039, -16.7805754024545, -16.8087594295946, -16.8373976460538, -16.8663742220546, -16.8955756854594, -16.9248910578336, -16.9542119796924, -16.9834328684459, -17.0124510313351, -17.0411667466243, -17.0694833437617, -17.0973072613833, -17.1245480653161, -17.1511184441525, -17.1769341896011, -17.2019141527384, -17.2259801663818, -17.2490569558843, -17.2710720333549, -17.2919555743726, -17.3116402864215, -17.3300612658623, -17.3471558538105, -17.3628634939011, -17.3771255952595, -17.3898854059405, -17.4010878974194, -17.4106796607138, -17.4186088147056, -17.424824927228, -17.4292789494791, -17.4319231643126, -17.4327111489576, -16.4913, -16.492527887648, -16.4964021162491, -16.5027872892079, -16.511548398664, -16.5225508864066, -16.5356606862074, -16.5507442768417, -16.5676687459642, -16.5863018648057, -16.6065121734742, -16.6281690752489, -16.6511429671217, -16.6753053888491, -16.7005291467204, -16.7266884459093, -16.7536590280598, -16.7813183904622, -16.8095459324698, -16.8382231055355, -16.867233582967, -16.896463456904, -16.9258013778882, -16.9551386833874, -16.9843695602967, -17.0133911603442, -17.042103683451, -17.0704104605925, -17.0982180127374, -17.1254360694101, -17.1519775641467, -17.1777586145439, -17.20269847733, -17.2267194687678, -17.2497468733586, -17.271708835223, -17.2925362317065, -17.3121625384249, -17.3305236826126, -17.3475578952922, -17.3632055654116, -17.377409099306, -17.3901127909131, -17.4012627033384, -17.4108065623575, -17.418693662439, -17.4248747858644, -17.4293021355131, -17.4319292818785, -17.4327111248734, -16.4913, -16.4925331195632, -16.4964220492321, -16.502830409197, -16.5116222184388, -16.5226619572059, -16.5358146104024, -16.550945721933, -16.5679214601741, -16.5866086945403, -16.6068750829236, -16.6285891683537, -16.651620513656, -16.6758398534098, -16.701119220817, -16.7273320833855, -16.7543534858248, -16.782060272861, -16.8103312393197, -16.8390472839521, -16.8680915847734, -16.8973497996609, -16.9267102094192, -16.9560638495738, -16.9853046774165, -17.0143296898714, -17.0430390090207, -17.0713359676571, -17.0991271691588, -17.1263225066147, -17.1528351581616, -17.1785815667386, -17.2034813939794, -17.2274574386571, -17.2504355433098, -17.2723444827901, -17.2931158347768, -17.3126838414409, -17.3309852591877, -17.3479592071291, -17.3635470176068, -17.377692092159, -17.3903397685247, -17.401437199294, -17.4109332428041, -17.4187783668745, -17.4249245659681, -17.4293252923582, -17.4319354018765, -17.4327111148095, -16.4913, -16.4925383388408, -16.4964419339605, -16.5028734246265, -16.5116958589484, -16.5227727579157, -16.5359681598364, -16.5511466760018, -16.5681735577475, -16.5869147748828, -16.6072371052624, -16.6290082338043, -16.6520968912523, -16.6763730090314, -16.701707849207, -16.7279741434893, -16.7550462414225, -16.7828003368261, -16.811114621533, -16.8398694429952, -16.8689474851856, -16.8982339728076, -16.9276168178439, -16.956986754612, -16.9862375113412, -17.0152659304914, -17.0439720564405, -17.0722592237194, -17.100034117824, -17.127206794907, -17.153690676996, -17.1794025314585, -17.2042624237213, -17.2281936337667, -17.2511225606921, -17.2729786084365, -17.2936940532132, -17.3132039018081, -17.3314457377289, -17.3483595659945, -17.3638876600575, -17.3779744142878, -17.3905662077795, -17.4016112800983, -17.411059619583, -17.4188628648035, -17.4249742197742, -17.4293483835109, -17.4319414945183, -17.4327110907834, -16.4913, -16.4925435468031, -16.4964617755226, -16.5029163465913, -16.5117693393335, -16.5228833175592, -16.5361213750504, -16.5513471925398, -16.568425106358, -16.5872201887185, -16.607598339415, -16.6294263871902, -16.6525722325896, -16.6769050057055, -16.7022951992159, -16.7286148107006, -16.7557374961059, -16.783538799801, -16.8118963119608, -16.8406898299401, -16.8698015447193, -16.8991162487172, -16.9285214858107, -16.9579076896448, -16.9871683597294, -17.0162001842018, -17.0449031296735, -17.0731805321381, -17.1009391587219, -17.1280892279452, -17.1545444053201, -17.1802217820338, -17.2050418264978, -17.2289282989088, -17.251808153751, -17.2736114227112, -17.2942710790453, -17.3137228925198, -17.3319052719845, -17.3487591064903, -17.3642276086251, -17.378256163528, -17.3907921895098, -17.4017850109113, -17.4111857438209, -17.4189471952678, -17.4250237764957, -17.4293714309207, -17.4319475773637, -17.4327110691474, -16.4913, -16.4925487421957, -16.4964815690909, -16.5029591645636, -16.5118426414294, -16.5229936085891, -16.536274217559, -16.5515472207598, -16.5686760417429, -16.5875248573266, -16.6079586914112, -16.6298435186915, -16.6530464115894, -16.6774357008772, -16.7028811117866, -16.7292539096259, -16.7564270585031, -16.7842754549861, -16.812676089119, -16.8415082095542, -16.8706535155241, -16.8999963682453, -16.9294239443999, -16.9588263776909, -16.9880969394472, -17.0171321638218, -17.0458319397943, -17.0740996047427, -17.1018420071341, -17.1289695273585, -17.1553960737049, -17.1810390602703, -17.2058193573433, -17.2296612040385, -17.2524921087563, -17.2742427292927, -17.2948467341553, -17.3142406541588, -17.3323637214363, -17.3491577068975, -17.3645667599927, -17.3785372542691, -17.3910176448191, -17.40195833826, -17.4113115758813, -17.419031330582, -17.4250732182169, -17.4293944239623, -17.4319536443017, -17.4327110452319, -16.4913, -16.4925539250546, -16.496501314803, -16.5030018788418, -16.5119157657478, -16.5231036317769, -16.5364266884336, -16.5517467620664, -16.5689263656678, -16.5878287828549, -16.6083181637959, -16.6302596312594, -16.6535194316122, -16.677965098314, -16.7034655910858, -16.7298914448176, -16.7571149335341, -16.7850103076463, -16.8134539585903, -16.8423245877074, -16.8715034037223, -16.9008743377295, -16.9303242001247, -16.9597428253977, -16.9890232572338, -17.0180618761386, -17.0467584935944, -17.0750164482861, -17.102742669733, -17.1298476996986, -17.1562456885437, -17.181854372368, -17.2065950222321, -17.2303923548772, -17.2531744311524, -17.2748725333297, -17.2954210233826, -17.3147571912469, -17.3328210902857, -17.3495553711006, -17.3649051177372, -17.3788176897968, -17.3912425767241, -17.402131264922, -17.4114371183384, -17.4191152731605, -17.4251225472425, -17.4294173648877, -17.4319596975963, -17.4327110213837, -16.4913, -16.4925591007395, -16.4965210331492, -16.5030445338699, -16.5119887885626, -16.5232135021543, -16.5365789474452, -16.5519460260036, -16.5691763415358, -16.588132285705, -16.6086771361615, -16.6306751649219, -16.6539917934202, -16.6784937588635, -16.7040492564513, -16.7305280915627, -16.7578018489479, -16.7857441335593, -16.8142307388032, -16.8431398191559, -16.8723520931304, -16.9017510618353, -16.9312231693446, -16.9606579522757, -16.9899482278167, -17.0189902237731, -17.0476836748745, -17.0759319216461, -17.1036419749826, -17.1307245381371, -17.1570940034493, -17.1826684287282, -17.2073694853155, -17.2311223669013, -17.2538556859313, -17.275501348135, -17.2959944077816, -17.3152729126169, -17.3332777357968, -17.3499524060644, -17.3652429404103, -17.3790976827526, -17.3914671550764, -17.4023039216959, -17.4115624672927, -17.4191990893775, -17.4251718058096, -17.4294402780045, -17.4319657504495, -17.4327110071417, -16.4913, -16.4925642639023, -16.4965407036826, -16.5030870852964, -16.5120616337559, -16.5233231049208, -16.5367308351376, -16.552144803432, -16.5694257064413, -16.5884350460659, -16.6090352295974, -16.6310896804193, -16.6544629970989, -16.6790211225962, -16.7046314895229, -16.731163175599, -16.7584870780537, -16.7864761580246, -16.8150056124102, -16.8439530502137, -16.8731987009772, -16.9026256369048, -16.9321199366592, -16.9615708397111, -16.9908709372822, -17.0199163048102, -17.0486066004022, -17.0768451663422, -17.1045390946093, -17.1315992494479, -17.1579402644709, -17.1834805182888, -17.2081420814202, -17.231850623214, -17.2545353062472, -17.2761286580762, -17.296566423483, -17.3157874061005, -17.3337332968286, -17.3503485003894, -17.3655799644568, -17.379377014917, -17.3916912038724, -17.402476171063, -17.4116875193682, -17.4192827050469, -17.425220943358, -17.4294631302029, -17.431971780416, -17.4327109833282, -16.4913, -16.4925694145828, -16.4965603265565, -16.5031295334548, -16.5121343019021, -16.5234324409453, -16.5368823527222, -16.552343095946, -16.5696744623962, -16.5887370663956, -16.6093924470296, -16.6315031811614, -16.6549330465524, -16.6795471939145, -16.7052122951995, -16.7317967023153, -16.7591706267184, -16.7872063873701, -16.8157785861798, -16.8447642880645, -16.8740432348332, -16.9034980708639, -16.9330145103155, -16.9624814962356, -16.9917913944097, -17.0208401282386, -17.0495272793368, -17.0777561916665, -17.1054340380006, -17.1324718430789, -17.1587844810829, -17.1842906505204, -17.2089128199859, -17.2325771331999, -17.2552133014103, -17.2767544723738, -17.2971370796082, -17.3163006807149, -17.3341877822947, -17.3507436628926, -17.3659161986099, -17.3796556949584, -17.3919147317414, -17.4026480216456, -17.4118122832193, -17.4193661289005, -17.4252699687497, -17.4294859305346, -17.431977796804, -17.432710959581, -16.4913, -16.4925745528163, -16.4965799019056, -16.5031718786373, -16.5122067935019, -16.5235415109818, -16.5370335012448, -16.5525409049157, -16.5699226111207, -16.5890383487839, -16.6097487909313, -16.6319156700122, -16.6554019450369, -16.6800719764626, -16.7057916775041, -16.7324286760983, -16.7598524996724, -16.7879348266457, -16.8165496654521, -16.845573538306, -16.8748857005177, -16.9043683697139, -16.9339068964556, -16.9633899280885, -16.9927096054905, -17.0217617003564, -17.0504457179372, -17.0786650037933, -17.1063268112023, -17.1333423249045, -17.1596266589482, -17.1850988308365, -17.2096817061421, -17.2333019016745, -17.2558896758952, -17.2773787951401, -17.2977063798897, -17.3168127398017, -17.33464119514, -17.351137896122, -17.3662516450269, -17.379933724656, -17.392137740103, -17.4028194745295, -17.4119367596301, -17.4194493614601, -17.4253188822898, -17.4295086791412, -17.4319837996512, -17.4327109359009, -16.4913, -16.4925796786381, -16.4965994298643, -16.5032141211346, -16.5122791090538, -16.5236503157816, -16.5371842817476, -16.5527382317062, -16.5701701543287, -16.5893388953133, -16.6101042637667, -16.6323271498254, -16.655869695797, -16.6805954738722, -16.7063696404455, -16.7330591013191, -16.7605327016295, -16.7886614808833, -16.8173188555485, -16.8463808065166, -16.8757261038295, -16.9052365394354, -16.9347971012, -16.9642961414872, -16.9936255767941, -17.0226810274393, -17.0513619224402, -17.0795716088753, -17.1072174202389, -17.1342107007785, -17.1604668037096, -17.1859050646314, -17.2104487450005, -17.234024933436, -17.2565644341608, -17.2780016304725, -17.298274328047, -17.3173235866907, -17.3350935382989, -17.3515312026165, -17.3665863058572, -17.3802111057819, -17.3923602303711, -17.4029905307959, -17.4120609493812, -17.4195324032444, -17.4253676842814, -17.4295313761627, -17.4319897889942, -17.4327109122879
26.7412, 26.7412, 26.7412, 26.7412, 26.7412, 26.7412, 26.7412, 26.7412, 26.7412, 26.7412, 26.7412, 26.7412, 26.7412, 26.7412, 26.7412, 26.7412, 26.7412, 26.7412, 26.7412, 26.7412, 26.7412, 26.7412, 26.7412, 26.7412, 26.7412, 26.7412, 26.7412, 26.7412, 26.7412, 26.7412, 26.7412, 26.7412, 26.7412, 26.7412, 26.7412, 26.7412, 26.7412, 26.7412, 26.7412, 26.7412, 26.7412, 26.7412, 26.7412, 26.7412, 26.7412, 26.7412, 26.7412, 26.7412, 26.7412, 26.7412, 26.7412, 26.7386647994714, 26.7312661317464, 26.7192106819716, 26.7027051525474, 26.6819562631418, 26.6571707507058, 26.6285553694876, 26.5963168910477, 26.5606621042733, 26.5217978153931, 26.4799308479921, 26.4352680430262, 26.388016258837, 26.3383823711663, 26.2865732731711, 26.2327958754383, 26.177257105999, 26.120163910344, 26.0617232514375, 26.002142109733, 25.9416274831869, 25.880386387274, 25.8186258550021, 25.7565529369263, 25.6943747011645, 25.6322982334112, 25.5705306369531, 25.5092790326835, 25.4487505591168, 25.3891523724037, 25.3306916463456, 25.2735755724095, 25.2180113597428, 25.1642062351879, 25.1123674432971, 25.0627022463471, 25.0154179243542, 24.9707217750885, 24.9288211140892, 24.8899232746788, 24.8542356079784, 24.821965482922, 24.7933202862715, 24.7685074226313, 24.7477343144633, 24.7312084021014, 24.7191371437662, 24.7117280155802, 24.709188511582, 26.7412, 26.7386664307719, 26.73127226378, 26.7192238003647, 26.702727368126, 26.6819893216088, 26.6572160432053, 26.6286139440714, 26.5963894653884, 26.5607490797911, 26.5218992926439, 26.4800466436576, 26.4353977086027, 26.3881591005591, 26.3385374715819, 26.2867395137113, 26.2329719605245, 26.177441587749, 26.1203552145479, 26.0619197035538, 26.0023419618584, 25.9418289403984, 25.8805876345839, 25.8188250829924, 25.7567483656603, 25.6945646041292, 25.6324809591548, 25.5707046281266, 25.5094428447093, 25.4489028759546, 25.3892920218484, 25.3308176122969, 25.2736870041605, 25.2181075808251, 25.1642867494225, 25.1124319404968, 25.0627506055457, 25.015450216824, 24.9707382652765, 24.9288222604831, 24.8899097298063, 24.8542082184061, 24.821925289255, 24.7932685231523, 24.7684455187389, 24.7476638925123, 24.7311312788413, 24.7190553299805, 24.7116437160852, 24.7091041252261, 26.7412, 26.7386700229583, 26.7312858072762, 26.719252848193, 26.7027766855839, 26.6820629060113, 26.6573171454356, 26.6287450919688, 26.5965524896748, 26.5609451428793, 26.5221289200139, 26.4803097584965, 26.4356936699073, 26.3884867437497, 26.3388951524822, 26.2871251545537, 26.2333830990855, 26.177875427704, 26.1208086784116, 26.0623894856584, 26.0028245833172, 25.9423208027857, 25.8810850748637, 25.819324425754, 25.7572459718422, 25.6950569198056, 25.632964559624, 25.5711762567095, 25.5098994507898, 25.4493416471023, 25.3897104149902, 25.3312133787176, 25.2740582084289, 25.2184526188188, 25.1646043606574, 25.1127212197469, 25.0630110094246, 25.0156815699341, 24.9709407621167, 24.9289964672144, 24.8900565842501, 24.8543290300424, 24.8220217392205, 24.7933426642391, 24.7684997753925, 24.7477010608301, 24.7311545265704, 24.7190681965161, 24.711650112469, 24.7091083341443, 26.7412, 26.7386736033683, 26.7312993056698, 26.7192817980388, 26.7028258346164, 26.6821362359618, 26.6574178935655, 26.6288757744316, 26.5967149274088, 26.5611404903707, 26.522357696619, 26.4805718830162, 26.435988498611, 26.3888131108997, 26.3392514142102, 26.2875092347547, 26.2337925384304, 26.1783074338606, 26.1212601788421, 26.0628571804506, 26.0033049999926, 25.9428103498228, 25.8815800964639, 25.8198212539207, 25.7577409749562, 25.6955465512619, 25.6334454017839, 25.5716450595793, 25.5103531699431, 25.4497774757051, 25.3901258148763, 25.3316061053132, 25.2744263296235, 25.2187945329369, 25.1649188087537, 25.1130072971939, 25.0632681724761, 25.0159096418595, 24.9711399351036, 24.9291673041301, 24.89020001864, 24.8544463661285, 24.8221146518993, 24.79341319908, 24.7685503486362, 24.7477344593866, 24.7311739080175, 24.7190770890977, 24.7116524150927, 24.7091083163799, 26.7412, 26.7386771744661, 26.7313127687281, 26.7193106717226, 26.7028748537577, 26.6822093712795, 26.657518373181, 26.6290061072058, 26.5968769288001, 26.561335311154, 26.5225858541533, 26.4808332957538, 26.436282524044, 26.3891385859937, 26.3396066991796, 26.2878922588446, 26.2342008488062, 26.1787382456974, 26.1217104279785, 26.0633235760744, 26.0037840792932, 25.9432985313593, 25.8820737347689, 25.8203166914231, 25.7582345904093, 25.6960348082307, 25.6339248924622, 25.5721125433484, 25.5108056111779, 25.4502120757006, 25.390540042828, 25.3319977231661, 25.2747934108879, 25.219135480608, 25.1652323675719, 25.1132925652004, 25.0635246075594, 25.0161370678734, 24.9713385437663, 24.929337656781, 24.8903430462382, 24.854563369251, 24.8222073007396, 24.7934835334458, 24.7686007779484, 24.7477677626769, 24.731193233927, 24.7190859558749, 24.7116547105919, 24.7091082980591, 26.7412, 26.7386807362836, 26.7313261965724, 26.7193394695062, 26.7029237434549, 26.6822823126356, 26.65761858521, 26.6291360915021, 26.5970384953627, 26.5615296070607, 26.5228133947747, 26.4810939991965, 26.43657574902, 26.3894631721651, 26.3399610108306, 26.2882742305537, 26.2346080342127, 26.1791678674589, 26.1221594302825, 26.0637886771778, 26.0042618260211, 25.943785352317, 25.882565994785, 25.8208107433159, 25.7587268232685, 25.6965216957563, 25.6344030366457, 25.5725787129132, 25.5112567792688, 25.4506454517126, 25.3909531032919, 25.332388236522, 25.275159456246, 25.2194754656167, 25.1655450406427, 25.1135770270326, 25.063780317669, 25.0163638506963, 24.9715365905519, 24.9295075273456, 24.8904856689633, 24.8546800410815, 24.8222996871822, 24.7935536685674, 24.768651064374, 24.7478009715884, 24.7312125050608, 24.7190947975205, 24.71165699959, 24.7091082797998, 26.7412, 26.7386842888514, 26.7313395893192, 26.7193681916408, 26.702972504137, 26.6823550606736, 26.6577185305412, 26.6292657284794, 26.5971996285445, 26.561723379841, 26.5230403205428, 26.4813539957154, 26.4368681762188, 26.3897868723937, 26.3403143524306, 26.2886551534197, 26.2350140984367, 26.1795963031566, 26.1226071899623, 26.064252488136, 26.0047382446854, 25.9442708173054, 25.8830568811867, 25.8213034143037, 25.759217678233, 25.6970072184976, 25.6348798389196, 25.5730435727531, 25.511706678559, 25.4510776079202, 25.3913650002574, 25.332777649158, 25.2755244692431, 25.2198144912595, 25.1658568310011, 25.1138606854543, 25.0640353052917, 25.0165899925354, 24.9717340773893, 24.9296769174794, 24.8906278882059, 24.8547963827581, 24.8223918121288, 24.7936236051293, 24.768701208404, 24.7478340864449, 24.7312317216064, 24.7191036141199, 24.7116592821082, 24.7091082616003, 26.7412, 26.7386878322, 26.7313529470842, 26.7193968383761, 26.7030211362303, 26.682427616033, 26.6578182100579, 26.6293950192894, 26.5973603297841, 26.5619166312332, 26.5232666335033, 26.4816132876657, 26.4371598083014, 26.3901096896382, 26.3406667272231, 26.2890350309537, 26.2354190452358, 26.1800235567697, 26.1230537111914, 26.064715013286, 26.0052133397549, 25.9447549308909, 25.8835463986037, 25.8217947090437, 25.7597071599529, 25.6974913810629, 25.6353553038171, 25.5735071272943, 25.512155313338, 25.4515085484484, 25.39177573766, 25.3331659647979, 25.2758884533723, 25.2201525607832, 25.1661677416349, 25.1141435431851, 25.0642895728736, 25.0168154955609, 24.9719310061745, 24.9298458288093, 24.8907697053326, 24.854912395399, 24.822483676465, 24.793693343804, 24.7687512105205, 24.747867107565, 24.7312508837487, 24.7191124057578, 24.7116615581682, 24.7091082434603, 26.7412, 26.7386913663598, 26.7313662699826, 26.7194254099609, 26.7030696401595, 26.6824999793508, 26.6579176246398, 26.6295239650787, 26.5975206005142, 26.5621093629689, 26.5234923356937, 26.4818718773925, 26.4374506479175, 26.3904316268449, 26.3410181384379, 26.2894138666519, 26.2358228783516, 26.1804496322606, 26.1234989981254, 26.0651762569467, 26.0056871156795, 25.9452376976208, 25.8840345516459, 25.8222846321736, 25.7601952730587, 25.6979741880412, 25.6358294358524, 25.5739693809445, 25.5126026878771, 25.4519382774047, 25.3921853194186, 25.33355318715, 25.2762514121121, 25.220489677421, 25.1664777755192, 25.1144256029333, 25.0645431228501, 25.0170403619337, 24.9721273787955, 24.9300142629554, 24.890911121704, 24.8550280801176, 24.8225752810728, 24.7937628852612, 24.7688010712038, 24.7479000352659, 24.7312699916717, 24.7191211725186, 24.711663827792, 24.7091082253796, 26.7412, 26.7386948913609, 26.7313795581292, 26.7194539066429, 26.7031180163474, 26.6825721512612, 26.6580167751628, 26.6296525669897, 26.5976804421615, 26.5623015767722, 26.5237174291429, 26.4821297672315, 26.4377406977063, 26.3907526869479, 26.3413685892915, 26.289791663996, 26.2362256015101, 26.1808745335755, 26.123943054903, 26.0656362234192, 26.0061595768907, 25.9457191220235, 25.8845213449041, 25.8227731883119, 25.7606820221613, 25.6984556440021, 25.6363022395207, 25.5744303380928, 25.5130488064298, 25.4523667988795, 25.3925937494357, 25.333939319907, 25.2766133489266, 25.2208258443922, 25.1667869356166, 25.1147068673957, 25.0647959576468, 25.0172645938061, 24.9723231971325, 24.9301822215308, 24.891052138675, 24.8551434380227, 24.8226666268305, 24.7938322301678, 24.7688507909322, 24.7479328698636, 24.7312890455589, 24.7191299144866, 24.7116660910013, 24.709108207358, 26.7412, 26.7386984072335, 26.7313928116384, 26.7194823286687, 26.7031662652152, 26.682644132396, 26.6581156624993, 26.6297808261595, 26.5978398561468, 26.5624932743601, 26.5239419158715, 26.4823869595085, 26.4380299602955, 26.391072872869, 26.3417180829868, 26.2901684264533, 26.2366272184219, 26.1812982646438, 26.1243858856452, 26.0660949169864, 26.0066307278013, 25.9461992086085, 25.8850067829499, 25.8232603820575, 25.7611674118528, 25.6989357534962, 25.6367737192983, 25.57489000311, 25.5134936732317, 25.4527941169462, 25.3930010315976, 25.3343243667462, 25.2769742672652, 25.2211610649031, 25.1670952248774, 25.1149873392576, 25.0650480796788, 25.0174881933209, 24.9725184630576, 24.9303497061421, 24.8911927575948, 24.8552584702185, 24.8227577146125, 24.793901379188, 24.7689003701821, 24.7479656116727, 24.7313080455928, 24.7191386317455, 24.7116683478177, 24.7091081893952, 26.7412, 26.7387019140075, 26.731406030624, 26.7195106762839, 26.7032143871822, 26.6827159233842, 26.6582142875183, 26.629908743721, 26.597998843885, 26.5626844574426, 26.5241657978915, 26.4826434565397, 26.4383184383022, 26.391392187518, 26.3420666227137, 26.2905441574766, 26.2370277327822, 26.1817208293789, 26.1248274944562, 26.0665523419135, 26.007100572806, 25.9466779618663, 25.885490870336, 25.8237462179903, 25.7616514467057, 25.6994145210551, 25.637243879643, 25.5753483803486, 25.5139372925008, 25.4532202356609, 25.3934071697742, 25.3347083313295, 25.277334170563, 25.2214953421461, 25.1674026462396, 25.1152670211935, 25.0652994913514, 25.0177111626121, 24.9727131784352, 24.930516718389, 24.8913329798072, 24.8553731778043, 24.8228485452898, 24.793970332983, 24.7689498094276, 24.7479982610063, 24.7313269919552, 24.7191473243785, 24.7116705982626, 24.7091081714909, 26.7412, 26.7387054117154, 26.7314192152096, 26.7195389497556, 26.7032623827044, 26.6827875249103, 26.6583126511658, 26.6300363209089, 26.5981574069206, 26.5628751278881, 26.5243890774043, 26.4828992608625, 26.4386061345974, 26.3917106340917, 26.3424142119822, 26.2909188608721, 26.2374271486716, 26.1821422321104, 26.1252678858861, 26.0670085029395, 26.0075691167982, 25.9471553868094, 25.8859736121561, 25.8242307012477, 25.7621341318624, 25.6998919517882, 25.6377127255941, 25.5758054747419, 25.51437966903, 25.4536451596437, 25.3938121683825, 25.3350912178439, 25.2776930627542, 25.2218286797834, 25.1677092030776, 25.115545916279, 25.065550195434, 25.01793350414, 24.9729073454172, 24.9306832601199, 24.8914728068665, 24.855487562054, 24.8229391198728, 24.7940390923216, 24.7689991092217, 24.7480308182315, 24.7313458848612, 24.719155992487, 24.7116728423659, 24.7091081536498, 26.7412, 26.7387089003804, 26.7314323654837, 26.7195671492744, 26.7033102521077, 26.6828589374633, 26.6584107541174, 26.6301635586043, 26.5983155463541, 26.5630652870272, 26.5246117559761, 26.4831543742804, 26.4388930512195, 26.3920282148574, 26.3427608532788, 26.2912925393325, 26.2378254689732, 26.1825624758934, 26.1257070631408, 26.0674634033981, 26.0080363632152, 25.9476314869523, 25.8864550119758, 25.8247138354187, 25.7626154709088, 25.7003680492517, 25.6381802606519, 25.5762612897098, 25.5148208061354, 25.454068892085, 25.3942160304674, 25.3354730291715, 25.2780509465426, 25.2221610803278, 25.1680148977036, 25.115824026618, 25.0658001938179, 25.0181552195813, 24.9731009654669, 24.9308493325889, 24.8916122398236, 24.8556016238247, 24.8230294390374, 24.7941076577134, 24.7690482699253, 24.748063283581, 24.7313647244386, 24.7191646361204, 24.7116750801274, 24.7091081358538, 26.7412, 26.7387123940016, 26.7314455351759, 26.7195953917707, 26.7033581967311, 26.6829304657371, 26.6585090211061, 26.6302910160016, 26.5984739680026, 26.5632557971988, 26.5248348601054, 26.4834099928279, 26.4391805568548, 26.3923464720079, 26.3431082608973, 26.2916670755864, 26.2382247389249, 26.1829837602897, 26.1261473696623, 26.0679195179091, 26.008504902894, 25.9481089521316, 25.8869378391562, 25.8251984476583, 25.7630983248064, 25.7008456819713, 25.6386493324096, 25.5767186258158, 25.5152634336548, 25.4544940708025, 25.3946212829331, 25.3358561648116, 25.2784100799332, 25.222494648603, 25.1683216724744, 25.1161031252181, 25.0660510856812, 25.0183777322067, 24.9732952862719, 24.9310160106271, 24.8917521857832, 24.8557161100265, 24.8231200994332, 24.7941764878842, 24.7690976270798, 24.7480958865537, 24.731383653688, 24.7191733337271, 24.7116773497926, 24.7091081428971, 26.7412, 26.7387158785737, 26.7314586705294, 26.7196235602496, 26.7034060151142, 26.6830018048386, 26.6586070270985, 26.6304181334794, 26.5986319654685, 26.5634457953005, 26.5250573623169, 26.4836649192482, 26.4394672813163, 26.3926638615373, 26.3434547183845, 26.2920405843655, 26.2386229103357, 26.1834038823391, 26.1265864581351, 26.0683743674768, 26.0089721400958, 25.9485850870642, 25.8874193183307, 25.8256817042394, 25.7635798254541, 25.7013219737211, 25.6391170850288, 25.5771746737161, 25.5157048124393, 25.454918048137, 25.3950253884994, 25.3362382143468, 25.2787681934503, 25.2228272677485, 25.1686275724141, 25.1163814258517, 25.0663012580036, 25.018599604258, 24.9734890449861, 24.931182203546, 24.8918917210545, 24.855830256402, 24.8232104862675, 24.7942451051327, 24.7691468252967, 24.7481283768908, 24.7314025078925, 24.7191819841402, 24.7116795893473, 24.7091081251165, 26.7412, 26.7387193541345, 26.7314717716896, 26.7196516550278, 26.703453707804, 26.6830729555976, 26.6587047732546, 26.6305449125696, 26.5987895406918, 26.5636352837116, 26.5252792654548, 26.4839191568715, 26.4397532284359, 26.3929803877913, 26.3438002306066, 26.2924130710603, 26.23901998912, 26.1838228484763, 26.1270243355086, 26.0688279595573, 26.0094380827733, 25.949059900188, 25.8878994584108, 25.8261636145353, 25.7640599826752, 25.7017969347636, 25.6395835292025, 25.5776294445258, 25.5161449540214, 25.455340836035, 25.3954283595268, 25.3366191905546, 25.2791253002948, 25.2231589513982, 25.1689326116024, 25.1166589430616, 25.0665507258116, 25.0188208512693, 24.9736822576794, 24.9313479279828, 24.8920308628774, 24.8559440808334, 24.8233006181073, 24.7943135287572, 24.7691958846565, 24.748160775509, 24.7314213088633, 24.7191906101266, 24.7116818225796, 24.7091081073904, 26.7412, 26.7387228207135, 26.7314848387686, 26.7196796763474, 26.7035012752138, 26.6831439186341, 26.6588022604307, 26.6306713543888, 26.5989466950674, 26.5638242641179, 26.525500571503, 26.4841727079814, 26.4400384007942, 26.3932960536389, 26.3441448007094, 26.292784539076, 26.2394159789223, 26.1842406625616, 26.1274610058316, 26.0692802983587, 26.0099027352626, 25.9495333959346, 25.8883782638898, 25.8266441830669, 25.7645388009843, 25.7022705695738, 25.6400486693331, 25.5780829425444, 25.516583862568, 25.4557624385045, 25.39583019984, 25.3369990970549, 25.2794814038628, 25.2234897027094, 25.1692367929457, 25.1169356794941, 25.0667994914858, 25.0190414753539, 24.9738749261986, 24.9315131855227, 24.8921696125841, 24.8560575844112, 24.8233904958174, 24.7943817594152, 24.7692448056315, 24.7481930827215, 24.7314400567832, 24.7191992117718, 24.7116840495141, 24.7091080897221, 26.7412, 26.7387262783402, 26.7314978718781, 26.7197076244494, 26.7035487177548, 26.683214694565, 26.6588994894787, 26.6307974600475, 26.5991034299828, 26.5640127381962, 26.5257212824346, 26.4844255748495, 26.4403228009577, 26.3936108619339, 26.3444884318211, 26.2931549917992, 26.239810883367, 26.1846573284333, 26.1278964731299, 26.0697313880652, 26.0103661018752, 25.9500055787102, 25.8888557392351, 25.8271234143288, 25.7650162848691, 25.7027428825994, 25.6405125097961, 25.5785351720444, 25.5170215422199, 25.4561828595276, 25.3962309132383, 25.3373779374429, 25.2798365075274, 25.2238195248172, 25.1695401193293, 25.1172116377755, 25.0670475573887, 25.0192614786078, 24.9740670523752, 24.9316779777373, 24.8923079714946, 24.8561707682159, 24.8234801202533, 24.7944497977565, 24.7692935886878, 24.748225298836, 24.731458751831, 24.7192077891579, 24.7116862701718, 24.7091080721112, 26.7412, 26.7387297270437, 26.7315108711291, 26.7197354995735, 26.7035960358364, 26.6832852840043, 26.6589964612467, 26.6309232306513, 26.599259746819, 26.5642007076155, 26.5259414002137, 26.4846777597364, 26.4406064314808, 26.3939248155165, 26.3448311270553, 26.2935244326003, 26.2402047060611, 26.1850728499114, 26.12833074141, 26.0701812328405, 26.0108281869012, 25.9504764528988, 25.8893318888913, 25.8276013127924, 25.7654924387944, 25.7032138782652, 25.6409750549444, 25.5789861372759, 25.5174579970956, 25.456602103065, 25.3966305035006, 25.3377557152944, 25.2801906146426, 25.224148420839, 25.1698425936216, 25.1174868205173, 25.0672949258687, 25.0194808631148, 24.9742586380295, 24.9318423061888, 24.8924459409209, 24.856283633321, 24.8235694922654, 24.7945176444269, 24.7693422342886, 24.7482574241585, 24.7314773941841, 24.7192163423663, 24.7116884845738, 24.7091080545575, 26.7412, 26.7387331668532, 26.7315238366325, 26.7197633019585, 26.7036432298662, 26.6833556875635, 26.6590931765791, 26.6310486673013, 26.5994156469513, 26.5643881740379, 26.526160926796, 26.4849292648937, 26.4408892949073, 26.394237917215, 26.3451728895127, 26.2938928648356, 26.2405974505965, 26.1854872307999, 26.1287638146615, 26.0706298368312, 26.0112889946132, 25.9509460228665, 25.8898067172848, 25.828077882911, 25.7659672672065, 25.7036835609776, 25.6414363091126, 25.5794358424713, 25.517893231297, 25.4570201730611, 25.3970289743901, 25.3381324341701, 25.2805437285487, 25.2244763938793, 25.1701442186796, 25.1177612303198, 25.0675415992644, 25.01969963095, 24.9744496849745, 24.9320061724326, 24.8925835221695, 24.8563961807955, 24.8236586127007, 24.7945853000694, 24.7693907428948, 24.7482894589935, 24.7314959840193, 24.719224871478, 24.7116906927412, 24.7091080370607, 26.7412, 26.7387365977977, 26.7315367684983, 26.7197910318422, 26.7036903002501, 26.6834259058515, 26.659189636317, 26.6311737710938, 26.5995711317497, 26.5645751391187, 26.5263798641296, 26.4851800925636, 26.4411713937708, 26.3945501698463, 26.345513722281, 26.2942602918479, 26.2409891205506, 26.1859004748874, 26.1291956968578, 26.0710772041666, 26.0117485292658, 25.9514142929614, 25.8902802288239, 25.8285531291192, 25.7664407745334, 25.704151935125, 25.6418962766175, 25.5798842918456, 25.5183272489085, 25.4574370734439, 25.3974263296544, 25.3385080976161, 25.2808958525721, 25.2248034470298, 25.1704449973482, 25.1180348697726, 25.067787579905, 25.0199177841798, 24.9746401950154, 24.9321695780178, 24.8927207165414, 24.8565084117043, 24.8237474824023, 24.7946527653243, 24.769439114966, 24.7483214036444, 24.7315145215127, 24.7192333765738, 24.7116928946946, 24.7091080196206, 26.7412, 26.7387400199021, 26.7315496668214, 26.7198186894298, 26.7037372473396, 26.6834959393969, 26.6592858411927, 26.6312985429873, 26.5997262024156, 26.5647616043164, 26.5265982139386, 26.4854302447411, 26.4414527303373, 26.3948615759425, 26.3458536281493, 26.294626716669, 26.2413797191811, 26.1863125856362, 26.1296263916423, 26.0715233386445, 26.0122067947826, 25.9518812672026, 25.8907524275923, 25.8290270555339, 25.7669129648928, 25.7046190047948, 25.6423549614858, 25.5803314893356, 25.5187600537496, 25.4578528078901, 25.3978225728042, 25.338882708957, 25.2812469898334, 25.2251295831925, 25.170744932299, 25.1183077413084, 25.0680328699786, 25.0201353247457, 24.9748301698483, 24.932332524399, 24.8928575252573, 24.8566203270447, 24.8238361021588, 24.7947200407883, 24.7694873509271, 24.7483532583889, 24.7315330068213, 24.7192418577202, 24.7116950904437, 24.7091080022264, 26.7412, 26.7387434331893, 26.731562531689, 26.7198462749098, 26.7037840714573, 26.6835657886851, 26.6593817918786, 26.631422983861, 26.5998808600516, 26.5649475709682, 26.5268159778032, 26.4856797232538, 26.441733306681, 26.39517213782, 26.3461926096674, 26.2949921420701, 26.2417692494641, 26.186723566209, 26.1300559023418, 26.0719682437322, 26.0126637947454, 25.9523469492589, 25.8912233173171, 25.8294996659118, 25.7673838420424, 25.705084773717, 25.6428123673919, 25.5807774385336, 25.5191916493057, 25.458267379755, 25.3982177070439, 25.3392562712275, 25.2815971431815, 25.2254548050168, 25.1710440259716, 25.1185798471489, 25.0682774714842, 25.0203522544221, 24.9750196110236, 24.9324950129067, 24.8929939494348, 24.8567319277313, 24.8239244726941, 24.7947871270105, 24.7695354511714, 24.7483850234855, 24.7315514400938, 24.7192503149838, 24.7116972800032, 24.7091079848746, 26.7412, 26.7387468376879, 26.7315753632102, 26.7198737885177, 26.7038307730053, 26.6836354543193, 26.6594774892077, 26.6315470948009, 26.6000351060143, 26.5651330407137, 26.5270331576527, 26.4859285303222, 26.442013125311, 26.3954818582686, 26.3465306698936, 26.2953565713617, 26.2421577149427, 26.1871334203577, 26.1304842328914, 26.0724119235194, 26.013119533368, 25.9528113434367, 25.8916929023648, 25.8299709646458, 25.7678534103686, 25.705549246239, 25.6432684986129, 25.5812221436164, 25.5196220396248, 25.458680792932, 25.3986117360887, 25.3396287879436, 25.2819463159155, 25.22577911557, 25.1713422811894, 25.1188511898653, 25.0685213867355, 25.0205685752631, 24.9752085203376, 24.9326570450841, 24.8931299903719, 24.8568432148284, 24.8240125948539, 24.7948540246363, 24.7695834161653, 24.7484166992469, 24.7315698215173, 24.7192587484576, 24.7116994634074, 24.709107967579, 26.7412, 26.7387502350707, 26.7315881675248, 26.7199012431051, 26.7038773732416, 26.6837049671087, 26.6595729741356, 26.6316709269544, 26.6001890011382, 26.5653180830208, 26.527249830571, 26.4861767496653, 26.4422922756366, 26.3957908314805, 26.3468679069329, 26.295720105729, 26.2425452190872, 26.1875422530815, 26.1309114891014, 26.0728544839486, 26.0135741160863, 25.953274554066, 25.8921612854015, 25.8304410522214, 25.7683217677005, 25.7060125171005, 25.6437234464084, 25.5816656920155, 25.5200513080065, 25.4590931263281, 25.3990047342366, 25.3400003286223, 25.2822945726433, 25.2261025744682, 25.1716397525382, 25.1191218190196, 25.0687646603217, 25.0207843269818, 24.9753969327678, 24.9328186513596, 24.8932656741788, 24.856954210404, 24.8241004869848, 24.7949207486565, 24.7696312579548, 24.7484482952295, 24.7315881586595, 24.7192671642662, 24.7117016459278, 24.7091079553936, 26.7412, 26.7387536237133, 26.7316009386768, 26.719928626217, 26.7039238515851, 26.6837742972595, 26.6596682071091, 26.6317944310026, 26.6003424868731, 26.5655026311824, 26.5274659227221, 26.4864243013002, 26.442570672464, 26.3960989679413, 26.3472042277946, 26.2960826495039, 26.2429316643066, 26.1879499655759, 26.1313375716188, 26.0732958257398, 26.0140274442708, 25.9537364837028, 25.8926283706602, 25.8309098349982, 25.7687888229325, 25.7064744980967, 25.6441771257996, 25.5821080022642, 25.5204793767421, 25.4595043061996, 25.399396631877, 25.3403708279156, 25.2826418523709, 25.2264251251231, 25.1719363878502, 25.11939168684, 25.0690072488055, 25.0209994703741, 24.9755848132054, 24.9329798005423, 24.8934009733681, 24.857064890421, 24.8241881282087, 24.7949872810229, 24.7696789609539, 24.7484797979043, 24.7316064396042, 24.7192755516241, 24.71170381739, 24.7091079381966, 26.7412, 26.738757003648, 26.731613676789, 26.7199559381193, 26.7039702084918, 26.6838434454583, 26.6597631890805, 26.6319176081928, 26.6004955647847, 26.5656866871004, 26.5276814363569, 26.4866711878339, 26.4428483187587, 26.3964062709722, 26.3475396361486, 26.2964442066939, 26.2433170549306, 26.1883565624743, 26.131762485359, 26.073735954066, 26.014479523326, 25.9541971379548, 25.893094163923, 25.831377318903, 25.7692545821062, 25.7069351953547, 25.6446295429707, 25.5825490805759, 25.5209062520486, 25.4599143387432, 25.3997874351649, 25.3407402919173, 25.282988161114, 25.2267467734593, 25.1722321929474, 25.1196607990385, 25.0692491577833, 25.0212140109197, 24.9757721670144, 24.9331404978853, 24.893535893089, 24.8571752599356, 24.8242755235025, 24.7950536266498, 24.7697265300342, 24.7485112121233, 24.7316246692099, 24.7192839154259, 24.7117059827566, 24.7091079210542, 26.7412, 26.7387603748965, 26.7316263819444, 26.7199831789911, 26.7040164442669, 26.6839124121625, 26.6598579206812, 26.6320404593475, 26.6006482358997, 26.5658702520152, 26.5278963729341, 26.4869174109449, 26.4431252164165, 26.3967127426805, 26.347874134305, 26.2968047798004, 26.2437013936383, 26.1887620466172, 26.1321862333067, 26.0741748720374, 26.0149303564666, 25.9546565201183, 25.8935586685432, 25.831843507321, 25.7697190486128, 25.7073946122458, 25.6450807012477, 25.5829889302072, 25.5213319370899, 25.4603232270086, 25.4001771470157, 25.3411087233915, 25.2833335014699, 25.2270675218943, 25.1725271700572, 25.1199291576446, 25.069490389082, 25.0214279502406, 24.9759589956122, 24.9333007446045, 24.8936704343624, 24.857285319782, 24.8243626735255, 24.7951197860358, 24.7697739655508, 24.7485425381176, 24.7316428476065, 24.7192922557253, 24.7117081420334, 24.7091079039551, 26.7412, 26.7387637480819, 26.7316390950572, 26.7200104381308, 26.7040627131115, 26.683981431419, 26.6599527291718, 26.632163416734, 26.6008010477106, 26.5660539972874, 26.5281115347513, 26.4871639093617, 26.4434024445165, 26.3970196048415, 26.3482090875065, 26.2971658767309, 26.2440863286258, 26.1891682025403, 26.1326107308149, 26.0746146187297, 26.0153820978235, 25.9551168891406, 25.8940242364741, 25.8323108318295, 25.7701847187011, 25.7078552931676, 25.6455331750837, 25.5834301360039, 25.5217590058719, 25.4607335113603, 25.4005682497822, 25.341478520739, 25.2836801650785, 25.2273895356269, 25.1728233413882, 25.120198628457, 25.0697326418013, 25.0216428135781, 24.9761466463533, 24.9334617092692, 24.8938055892035, 24.8573958907837, 24.8244502364013, 24.7951862662272, 24.7698216382252, 24.7485740281667, 24.7316611296446, 24.7193006540875, 24.7117103307735, 24.7091079068441, 26.7412, 26.7387671125869, 26.7316517752318, 26.7200376262753, 26.7041088608764, 26.6840502692456, 26.6600472873611, 26.6322860481483, 26.600953452767, 26.5662372515588, 26.5283261194524, 26.4874097442115, 26.4436789237223, 26.3973256352796, 26.3485431299352, 26.297525988794, 26.2444702106689, 26.1895732444002, 26.133034060907, 26.0750531530923, 26.0158325909048, 25.9555759832946, 25.8944885125333, 25.8327768571455, 25.7706490919166, 25.7083146889983, 25.6459843847692, 25.5838701073239, 25.5221848780514, 25.4611426445612, 25.400958253717, 25.3418472776634, 25.2840258519178, 25.2277106405984, 25.1731186753966, 25.1204673358634, 25.0699742065404, 25.0218570648875, 24.9763337605574, 24.9336222114362, 24.8939403531434, 24.8575061390467, 24.8245375402764, 24.7952525457399, 24.7698691621364, 24.7486054139704, 24.7316793435664, 24.719309011083, 24.711712494526, 24.7091078897632, 26.7412, 26.7387704684408, 26.7316644225815, 26.720064743671, 26.7041548879859, 26.6841189262843, 26.6601415961444, 26.6324083547691, 26.6011054525574, 26.5664200166489, 26.5285401292051, 26.4876549180233, 26.4439546569331, 26.3976308372699, 26.3488762652437, 26.2978851200186, 26.2448530441694, 26.1899771769648, 26.133456228709, 26.0754904805993, 26.0162818415221, 25.9560338087179, 25.8949515031733, 25.8332415900254, 25.7711121753096, 25.7087728070733, 25.646434337918, 25.5843088520548, 25.522609561788, 25.4615506350441, 25.4013471675305, 25.34221500316, 25.28437057128, 25.2280308464127, 25.1734131820178, 25.1207352901536, 25.0702150939711, 25.0220707152541, 24.9765203497592, 24.9337822631292, 24.8940747387388, 24.8576160777092, 24.8246245989224, 24.7953186390359, 24.7699165524971, 24.748636711557, 24.7316975062852, 24.7193173445828, 24.7117146521971, 24.7091078727351, 26.7412, 26.7387738156718, 26.7316770372129, 26.7200917905478, 26.7042007948324, 26.6841874031238, 26.6602356563345, 26.632530337656, 26.6012570484052, 26.5666022941572, 26.5287535658914, 26.4878994329636, 26.4442296465967, 26.3979352135338, 26.3492084964154, 26.2982432736344, 26.2452348325832, 26.1903800038943, 26.1338772380599, 26.0759266052407, 26.0167298537868, 25.9564903696122, 25.8954132126542, 25.8337050347552, 25.7715739731601, 25.7092296516348, 25.6468830387039, 25.5847463742727, 25.5230330610323, 25.4619574866086, 25.4017349948482, 25.3425817006599, 25.2847143263841, 25.2283501560622, 25.1737068640056, 25.1210024938347, 25.0704553063483, 25.022283766679, 24.9767064157071, 24.9339418658488, 24.8942087472505, 24.8577257078032, 24.8247114131573, 24.7953845467367, 24.7699638097535, 24.7486679212221, 24.7317156179729, 24.719325654667, 24.711716803809, 24.7091078557618, 26.7412, 26.7387771543079, 26.7316896192321, 26.7201187671346, 26.7042465818068, 26.6842557003501, 26.6603294687408, 26.6326519978642, 26.6014082416287, 26.5667840856766, 26.5289664313858, 26.4881432911899, 26.4445038951508, 26.3982387667819, 26.3495398264217, 26.2986004528575, 26.2456155793528, 26.1907817288343, 26.1342970927829, 26.0763615309903, 26.0171766317934, 25.9569456701621, 25.8958736452188, 25.8341671956039, 25.7720344897307, 25.7096852269078, 25.6473304912835, 25.5851826780368, 25.5234553797185, 25.4623632030387, 25.4021217392808, 25.3429473735802, 25.2850571204357, 25.2286685725266, 25.1739997241022, 25.1212689494029, 25.0706948459175, 25.0224962211547, 24.9768919601421, 24.9341010210889, 24.8943423799332, 24.8578350303555, 24.8247979837943, 24.7954502694598, 24.7700109343487, 24.7486990432582, 24.7317336787997, 24.7193339414136, 24.7117189493819, 24.7091078388432, 26.7412, 26.7387804843767, 26.7317021687446, 26.7201456736593, 26.7042922492981, 26.684323818547, 26.6604230341696, 26.6327733364448, 26.6015590335408, 26.5669653927936, 26.5291787275552, 26.4883864948512, 26.4447774050235, 26.3985414997134, 26.3498702582215, 26.2989566608914, 26.245995287906, 26.1911823554152, 26.134715796686, 26.0767952618056, 26.0176221796198, 25.9573997145351, 25.8963328050924, 25.8346280768226, 25.7724937292666, 25.7101395370998, 25.6477766997965, 25.5856177673894, 25.5238765217648, 25.4627677881027, 25.4025074044241, 25.3433120253236, 25.2853989566273, 25.2289860987732, 25.1742917650385, 25.1215346593444, 25.0709337149147, 25.0227080806651, 24.9770769847973, 24.9342597303369, 24.8944756380361, 24.8579440463885, 24.8248843116433, 24.7955158078203, 24.7700579267238, 24.7487300779566, 24.7317516889346, 24.7193422049001, 24.7117210889359, 24.7091078219789, 26.7412, 26.738783805906, 26.7317146858558, 26.720172510349, 26.7043377976939, 26.6843917582958, 26.6605163534236, 26.6328943544445, 26.6017094254489, 26.5671462170884, 26.5293904562587, 26.4886290460876, 26.4450501786328, 26.3988434150168, 26.3501997947621, 26.2993119009261, 26.246373961657, 26.1915818872527, 26.1351333535614, 26.0772278016279, 26.0180665013272, 25.9578525068814, 25.896790696483, 25.8350876826451, 25.7729516959955, 25.7105925864013, 25.6482216683653, 25.5860516463565, 25.524296491073, 25.4631712455535, 25.4028919938591, 25.343675659279, 25.2857398381381, 25.2293027377573, 25.1745829895343, 25.1217996261348, 25.0711719155665, 25.0229193471862, 24.9772614913994, 24.9344179950743, 24.8946085228038, 24.8580527569204, 24.824970397511, 24.7955811624308, 24.770104787318, 24.7487610256077, 24.731769648546, 24.7193504452038, 24.7117232224908, 24.7091078051688, 26.7412, 26.7387871189238, 26.7317271706722, 26.7201992774336, 26.7043832273869, 26.6844595201856, 26.6606094273163, 26.6330150529241, 26.6018594186784, 26.5673265601629, 26.5296016193821, 26.4888709470704, 26.4453222184326, 26.3991445154216, 26.3505284390367, 26.2996661762032, 26.2467516040765, 26.1919803280242, 26.1355497672678, 26.07765915447, 26.0185096010529, 25.958304051432, 25.8972473236833, 25.8355460173935, 25.7734083942367, 25.7110443790969, 25.6486654012091, 25.5864843190619, 25.5247152916439, 25.4635735792428, 25.4032755112646, 25.3440382789313, 25.2860797682405, 25.2296184925229, 25.174873400393, 25.1220638523284, 25.0714094501719, 25.0231300227589, 24.9774454817326, 24.9345758168329, 24.8947410355234, 24.8581611630055, 24.8250562422329, 24.7956463339261, 24.7701515165871, 24.7487918865127, 24.7317875578091, 24.7193586624056, 24.7117253500683, 24.7091077884135, 26.7412, 26.7387904234579, 26.731739623299, 26.7202259751403, 26.704428538765, 26.6845271047983, 26.6607022566519, 26.633135432932, 26.6020090145397, 26.5675064236011, 26.5298122187898, 26.4891121999464, 26.4455935268496, 26.3994448036269, 26.3508561940055, 26.3000194899287, 26.2471282185974, 26.1923776813675, 26.1359650416234, 26.0780893243028, 26.0189514828915, 25.9587543523749, 25.8977026909432, 25.8360030853477, 25.7738638282681, 25.7114949194309, 25.6491079025083, 25.5869157895928, 25.5251329274435, 25.4639747929896, 25.4036579602892, 25.3443998877375, 25.2864187501815, 25.2299333660918, 25.1751630003982, 25.1223273404611, 25.0716463210135, 25.0233401094104, 24.9776289575689, 24.9347331971344, 24.894873177474, 24.8582692656907, 24.8251418466386, 24.7957113229366, 24.7701981149832, 24.7488226609703, 24.7318054168973, 24.7193668565849, 24.7117274716885, 24.7091077717124, 26.7412, 26.7387937256717, 26.7317520670644, 26.7202526536401, 26.704473817197, 26.6845946397326, 26.6607950169676, 26.6332557223303, 26.6021584962822, 26.5676861477803, 26.5300226524044, 26.4893532592787, 26.44586461286, 26.3997448394728, 26.3511836655014, 26.3003724877358, 26.2475044831393, 26.1927746503515, 26.1363798980857, 26.0785190445897, 26.0193928863068, 25.9592041495469, 25.8981575332242, 25.8364596117246, 25.7743187090722, 25.7119449000422, 25.6495498428286, 25.5873467030939, 25.5255500152287, 25.464375472578, 25.4040398935408, 25.344761003308, 25.2867572651352, 25.2302478021449, 25.1754521950645, 25.1225904575899, 25.0718828567821, 25.0235498979396, 24.9778121726729, 24.9348903539485, 24.8950051324529, 24.8583772166069, 24.8252273325806, 24.7957762243072, 24.7702446534977, 24.7488533996549, 24.7318232600872, 24.7193750499225, 24.7117296021217, 24.7091077674928, 26.7412, 26.7387970194191, 26.7317644787055, 26.7202792629016, 26.7045189775502, 26.6846619977406, 26.6608875332055, 26.633375693875, 26.6023075814194, 26.5678653932339, 26.5302325233609, 26.4895936717049, 26.4461349688245, 26.4000440645832, 26.3515102492719, 26.3007245256757, 26.2478797215558, 26.1931705337468, 26.1367936170737, 26.0789475837466, 26.0198330736777, 25.9596527048738, 25.8986111172008, 25.8369148727685, 25.7747723269033, 25.7123936292542, 25.6499905522426, 25.5877764146863, 25.5259659380901, 25.4647750316091, 25.4044207572939, 25.345121106375, 25.2870948296972, 25.2305613541693, 25.1757405754193, 25.1228528325544, 25.0721187240233, 25.0237590921134, 24.9779948671705, 24.93504706252, 24.8951367092059, 24.8584848560047, 24.8253125694404, 24.7958409337986, 24.7702910511408, 24.7488840413186, 24.7318410419873, 24.7193832086201, 24.7117317145214, 24.7091077508406, 26.7412, 26.7388003091751, 26.7317768750701, 26.7203058389927, 26.7045640809101, 26.6847292696725, 26.6609799296778, 26.6334955079873, 26.6024564680782, 26.5680443963413, 26.5304421057885, 26.4898337475511, 26.4464049386643, 26.400342852823, 26.3518363444247, 26.3010760236146, 26.2482543702042, 26.1935657803509, 26.1372066559918, 26.0793754041685, 26.0202725089916, 25.9601004807555, 25.8990639007245, 25.8373693190398, 25.7752251225079, 25.7128415356969, 25.6504304451805, 25.5882053227384, 25.5263810766922, 25.4651738316235, 25.4048008927656, 25.3454805168543, 25.2874317417257, 25.2308742974309, 25.1760283938241, 25.1231146947208, 25.072354129239, 25.0239678759229, 24.9781772031169, 24.9352034637656, 24.8952680285303, 24.8585922858032, 24.8253976417223, 24.7959055201853, 24.7703373628643, 24.7489146292196, 24.7318587965137, 24.7193913598247, 24.7117338320606, 24.7091077439722, 26.7412, 26.7388035905, 26.7317892394453, 26.7203323461379, 26.7046090666928, 26.6847963654344, 26.6610720831224, 26.6336150056232, 26.6026049598632, 26.56822292283, 26.5306511280561, 26.4900731793912, 26.4466741817651, 26.4006408340421, 26.352161555971, 26.3014265661991, 26.2486279976162, 26.1939599466081, 26.1376185630013, 26.0798020493162, 26.0207107343691, 25.9605470211116, 25.8995154324317, 25.8378225065899, 25.7756766618297, 25.7132881974641, 25.650869113925, 25.5886330355415, 25.5267950569364, 25.4655715175155, 25.4051799650084, 25.345838920904, 25.2877677092147, 25.2311863622722, 25.1763154032652, 25.1233758197974, 25.0725888707209, 25.0241760698872, 24.978359022686, 24.935359420724, 24.8953989733227, 24.8586994075329, 24.8254824681495, 24.7959699177254, 24.7703835365862, 24.7489451228438, 24.7318764924106, 24.7193994790131, 24.7117359342054, 24.7091077273829, 26.7412, 26.7388068634283, 26.7318015719636, 26.7203587846252, 26.7046539353936, 26.6848632857747, 26.6611639945812, 26.6337341881527, 26.602753058501, 26.5684009748069, 26.5308595926688, 26.4903119701407, 26.4469427014612, 26.4009380119962, 26.3524858880864, 26.3017761580183, 26.2490006087848, 26.1943530379017, 26.1380293438592, 26.0802275253008, 26.0211477562538, 25.9609923326942, 25.8999657193579, 25.8382744427108, 25.7761269523906, 25.7137336222801, 25.6513065663761, 25.5890595611447, 25.5272078869954, 25.4659680975568, 25.4055579823712, 25.3461963269311, 25.2881027406128, 25.2314975571703, 25.1766016122379, 25.1236362162909, 25.0728229569832, 25.0243836825279, 24.9785403344095, 24.9355149419429, 24.8955295521564, 24.8588062298055, 24.8255670573882, 24.7960341351589, 24.7704295811429, 24.74897553115, 24.7318941387888, 24.7194075754802, 24.7117380304708, 24.7091077108467, 26.7412, 26.7388101279872, 26.7318138727275, 26.7203851546757, 26.7046986873899, 26.6849300312596, 26.6612556648361, 26.6338530565948, 26.6029007652644, 26.56857855381, 26.5310675014361, 26.4905501218825, 26.4472105001056, 26.4012343893012, 26.3528093436381, 26.3021248021757, 26.2493722070309, 26.1947450577483, 26.1384390022532, 26.0806518359546, 26.0215835785939, 25.9614364195375, 25.9004147655928, 25.8387251315171, 25.7765759982987, 25.7141778142165, 25.6517428065389, 25.589484903459, 25.5276195706593, 25.4663635753926, 25.4059349483321, 25.3465527382267, 25.2884368390075, 25.2318078849948, 25.1768870233831, 25.1238958866053, 25.0730563901884, 25.0245907157635, 24.9787211399635, 24.9356700288608, 24.8956597662396, 24.8589127536097, 24.8256514102217, 24.7960981730807, 24.7704754969611, 24.7490058544201, 24.7319117358118, 24.7194156493009, 24.7117401208759, 24.7091076943632, 26.7412, 26.7388133961551, 26.7318261875818, 26.7204115558221, 26.7047434936583, 26.6849968599998, 26.6613474527567, 26.6339720821371, 26.6030486731523, 26.568756382077, 26.5312757111976, 26.4907886293551, 26.4474787115683, 26.4015312381262, 26.3531333301977, 26.3024740366841, 26.2497444537841, 26.195137781906, 26.1388494171188, 26.0810769501763, 26.0220202449756, 25.9618813825778, 25.9008647100235, 25.8391767283864, 25.7770259514776, 25.7146229033136, 25.6521799256574, 25.5899110995348, 25.5280320769056, 25.4667598395644, 25.4063126601511, 25.3469098514418, 25.2887715926303, 25.2321188192659, 25.1771729907355, 25.124156062034, 25.0732902771506, 25.0247981517099, 24.978902298064, 24.9358254196109, 24.895790237458, 24.8590194904373, 24.8257359351193, 24.7961623458278, 24.7705215146538, 24.7490362514695, 24.7319293839423, 24.7194237575481, 24.7117422355853, 24.7091076991878, 26.7412, 26.7388166559425, 26.7318384706374, 26.7204378884311, 26.7047881830418, 26.6850635136001, 26.6614389990602, 26.6340907930253, 26.6031961884205, 26.5689337364204, 26.5314833639338, 26.4910264963847, 26.4477462002633, 26.401827284281, 26.3534564378441, 26.3028223208306, 26.2501156845439, 26.1955294311571, 26.1392587056572, 26.0815008947888, 26.0224557071117, 25.9623251157526, 25.9013134082143, 25.8396270719784, 25.7774746536307, 25.7150667527465, 25.6526158252868, 25.5903361046965, 25.5284434286967, 25.4671549930227, 25.4066893115978, 25.347265960477, 25.2891054033061, 25.2324288760072, 25.1774581492733, 25.1244154997471, 25.0735234989502, 25.025004995558, 24.9790829366944, 24.9359803621317, 24.8959203293502, 24.8591259135527, 24.8258202076793, 24.7962263224211, 24.7705673862351, 24.7490665453576, 24.7319469638184, 24.7194318234539, 24.7117443239212, 24.7091076827111, 26.7412, 26.7388199073857, 26.7318507220337, 26.7204641528066, 26.7048327560648, 26.6851299928563, 26.6615303048591, 26.6342091907284, 26.6033433129288, 26.5691106191207, 26.5316904623706, 26.491263726162, 26.4480129698614, 26.4021225319271, 26.3537786712357, 26.3031696597735, 26.2504859049678, 26.1959200116542, 26.1396668745097, 26.0819236769127, 26.0228899725917, 25.9627676271083, 25.9017608686553, 25.8400761712135, 25.7779221140951, 25.7155093722562, 25.6530505155601, 25.590759929458, 25.5288536369185, 25.4675490470184, 25.4070649142834, 25.347621077301, 25.2894382833616, 25.2327380679065, 25.177742512051, 25.1246742131746, 25.0737560694053, 25.0252112615285, 24.979263070496, 24.9361348715066, 24.8960500574658, 24.8592320389994, 24.8259042444691, 24.796290119986, 24.7706131294249, 24.7490967544386, 24.7319644944714, 24.7194398667725, 24.7117464064101, 24.709107666284, 26.7412, 26.7388231505113, 26.7318629418723, 26.7204903491681, 26.7048772131019, 26.68519629833, 26.6616213709289, 26.6343272762575, 26.6034900479404, 26.5692870317042, 26.5318970083038, 26.4915003207539, 26.4482790226977, 26.4024169836604, 26.3541000332183, 26.3035160565928, 26.2508551183515, 26.1963095268873, 26.1400739273362, 26.0823453003515, 26.0233230453343, 25.9632089206492, 25.9022070954058, 25.8405240301754, 25.7783683369483, 25.7159507658837, 25.6534840004524, 25.591182577701, 25.529262705333, 25.4679420051695, 25.4074394716597, 25.3479752051804, 25.2897702358613, 25.2330463978119, 25.1780260816899, 25.124932204703, 25.0739879906622, 25.0254169515261, 24.9794427011333, 24.9362889491644, 24.8961794230051, 24.8593378677601, 24.8259880462678, 24.7963537391145, 24.7706587446485, 24.7491268789943, 24.7319819760661, 24.7194478875812, 24.7117484830742, 24.7091076499093, 26.7412, 26.7388263853462, 26.7318751302546, 26.720516477734, 26.7049215545261, 26.6852624305808, 26.6617121980423, 26.6344450506196, 26.6036363947131, 26.5694629756909, 26.5321030035218, 26.4917362822188, 26.4485443610977, 26.4027106420663, 26.3544205266254, 26.3038615143556, 26.251223327977, 26.1966979803318, 26.1404798677812, 26.0827657688927, 26.0237549292416, 25.9636490003626, 25.9026520925084, 25.8409706529309, 25.7788133262506, 25.7163909376529, 25.6539162839221, 25.5916040532905, 25.5296706376858, 25.4683338710781, 25.4078129871635, 25.3483283473674, 25.2901012638559, 25.2333538685592, 25.1783088607994, 25.1251894767075, 25.0742192648572, 25.0256220674465, 24.9796218302622, 24.9364425965258, 24.8963084271617, 24.8594434008115, 24.826071613849, 24.7964171803942, 24.7707042323274, 24.7491569193031, 24.731999408764, 24.7194558859541, 24.7117505539326, 24.7091076335867
0.01, 0.01, 0.01, 0.01, 0.01, 0.01, 0.01, 0.01, 0.01, 0.01, 0.01, 0.01, 0.01, 0.01, 0.01, 0.01, 0.01, 0.01, 0.01, 0.01, 0.01, 0.01, 0.01, 0.01, 0.01, 0.01, 0.01, 0.01, 0.01, 0.01, 0.01, 0.01, 0.01, 0.01, 0.01, 0.01, 0.01, 0.01, 0.01, 0.01, 0.01, 0.01, 0.01, 0.01, 0.01, 0.01, 0.01, 0.01, 0.01, 0.01, 0.01, -0.132335958673397, -0.26873209417745, -0.399188988079235, -0.523707222409463, -0.642287379662077, -0.754930042793898, -0.861635795224299, -0.962405220834937, -1.05723890396955, -1.14613742943378, -1.22910138249515, -1.30613134888299, -1.37722791478855, -1.44239166686516, -1.50162319222844, -1.55492307845667, -1.60229191359117, -1.64373028613685, -1.67923878506279, -1.70881799980289, -1.7324685202567, -1.75019093679021, -1.76198584023675, -1.76785382189801, -1.76779547354502, -1.7618113874192, -1.74990215623351, -1.73206837317349, -1.70831063189842, -1.67862952654244, -1.64302565171563, -1.60149960250508, -1.5540519744759, -1.50068336367226, -1.44139436661821, -1.37618558031864, -1.30505760225993, -1.22801103041074, -1.14504646322254, -1.05616449963015, -0.961365739052147, -0.860650781391156, -0.754020227034107, -0.641474676852341, -0.523014732201661, -0.398640994922279, -0.268354067338691, -0.132154552259479, 0.00995694702296904, 0.01, -0.132669215568371, -0.269366104498979, -0.400091546053684, -0.524846452948497, -0.643631781619477, -0.756448529565318, -0.863297744441309, -0.96418053322006, -1.05909807116532, -1.14805161008504, -1.23104248643156, -1.30807215546419, -1.379142199425, -1.44425430947184, -1.5034102914423, -1.55661210282429, -1.6038618565014, -1.64516179121169, -1.68051427250427, -1.70992182172119, -1.7333871120247, -1.75091293007997, -1.76250216756453, -1.76815783384012, -1.76788303940577, -1.76168095805603, -1.74955482303193, -1.73150790483172, -1.70754347896415, -1.67766480519023, -1.6418751133095, -1.60017758383936, -1.55257532379197, -1.49907135342601, -1.43966859281002, -1.37436985150799, -1.30317781912981, -1.22609505978358, -1.14312401281744, -1.05426699564843, -0.95952621056913, -0.858903753723332, -0.752401624676732, -0.64002173658473, -0.521765926957428, -0.397635969021729, -0.267633583680501, -0.131760452068758, 0.00998177129319111, 0.01, -0.133333641989678, -0.27062938044963, -0.401888702080775, -0.527113194287752, -0.646304576360934, -0.759464691373459, -0.866595533806801, -0.967699277379998, -1.06277830231525, -1.15183522041059, -1.2348728996463, -1.31189456796472, -1.38290383810032, -1.44790465270081, -1.50690130183835, -1.5598985353018, -1.60690157396718, -1.6479160200798, -1.68294786016196, -1.71200355303011, -1.73509001772286, -1.7522145171336, -1.76338463226327, -1.76860830065473, -1.76789376613076, -1.76124946392636, -1.74868400892666, -1.73020612826053, -1.70582456335971, -1.67554800689549, -1.63938505966015, -1.59734417181206, -1.5494335692841, -1.49566121354507, -1.43603476076999, -1.37056153051307, -1.29924847699047, -1.22210217223153, -1.13912880832666, -1.05033420603525, -0.955723835476643, -0.855302843416109, -0.749076082353038, -0.637048141418032, -0.519223379078519, -0.395605957652457, -0.266199879629713, -0.131009025800728, 0.0099628048079328, 0.01, -0.133996281136914, -0.271889226383762, -0.403680929732333, -0.529373652971372, -0.648969877712274, -0.76247229179125, -0.869883835369096, -0.971207747372727, -1.06644761100699, -1.15560739559831, -1.23869149765589, -1.31570491406538, -1.38665328350979, -1.45154279489792, -1.51038021659098, -1.56317308376476, -1.60992971736965, -1.65065907446207, -1.68537075306431, -1.71407513900793, -1.73678338578369, -1.75350722042737, -1.76425890068575, -1.769051279018, -1.76789771874297, -1.76081190258506, -1.74780781287359, -1.72889961906973, -1.70410151435895, -1.67342761041469, -1.6368918656537, -1.59450798699107, -1.54628930701377, -1.49224871684946, -1.43239859800953, -1.3667507701253, -1.2953164429958, -1.21810618847959, -1.13512994419914, -1.04639702793987, -0.951916172178203, -0.851695569663222, -0.745742921993519, -0.634065491200016, -0.516670154333279, -0.393563461053999, -0.264751694225347, -0.130240933505966, 0.00996287805760251, 0.01, -0.134657309322023, -0.273146003397205, -0.405468783360291, -0.531628585080355, -0.651628651958001, -0.765472515783529, -0.873164061253708, -0.974707590969667, -1.07010788914955, -1.15937028019479, -1.2425006861548, -1.31950586913197, -1.39039348923037, -1.45517197641036, -1.51385057139911, -1.56643958787178, -1.61295043896585, -1.6533954278872, -1.68778775472324, -1.71614172190408, -1.73847270599565, -1.7547968861411, -1.76513118430912, -1.76949335466746, -1.76790186626339, -1.76037563542087, -1.74693399777656, -1.72759655088998, -1.7023829255962, -1.67131263872828, -1.63440499302314, -1.59167893933198, -1.54315290469217, -1.4888446984013, -1.42877141659816, -1.3629493691384, -1.29139401243961, -1.21411991015565, -1.13114073828869, -1.04246930539157, -0.948117600886481, -0.848096858927789, -0.742417626438975, -0.631089835337806, -0.514122878946696, -0.391525692585442, -0.26330683834366, -0.129474594030337, 0.00996295370197248, 0.01, -0.135316747484962, -0.274399751728858, -0.407252320861705, -0.533878064529775, -0.654280987392295, -0.768465464386654, -0.876436323605159, -0.9781989297935, -1.07375926621905, -1.16312400991163, -1.2463006054805, -1.3232975765289, -1.39412460006753, -1.4587923419142, -1.51731250925662, -1.5696981874026, -1.6159638738134, -1.6561252092094, -1.69019898633745, -1.71820341384188, -1.74015808002201, -1.7560836041305, -1.76600155987266, -1.76993458995743, -1.76790625543427, -1.75994069237813, -1.74606257563746, -1.72629691667683, -1.70066876991671, -1.66920304354569, -1.63192437135246, -1.58885693533754, -1.54002424481674, -1.48544901819552, -1.42515305796353, -1.35915715436958, -1.28748100150724, -1.21014314681094, -1.12716099752704, -1.03855084673183, -0.94432793539445, -0.844506534506554, -0.739100032550749, -0.628121028324887, -0.511581429116957, -0.389492554225755, -0.261865243822724, -0.128709973150558, 0.00996302794564083, 0.01, -0.135974583906369, -0.275650448702949, -0.40903150936759, -0.536122049021255, -0.656926833052435, -0.771451078740577, -0.879700556435979, -0.981681691503222, -1.0774016643001, -1.16686850204486, -1.2500911689346, -1.32707994636797, -1.397846523761, -1.46240379760991, -1.52076593567523, -1.57294878805123, -1.61896992868351, -1.65884832719824, -1.69260435962508, -1.72026013047014, -1.74183942845908, -1.75736730099306, -1.76686996106694, -1.77037492680332, -1.76791083756855, -1.75950703538079, -1.74519352024543, -1.72500070337902, -1.69895904876244, -1.66709884217369, -1.62945003522022, -1.58604202829833, -1.53690340086147, -1.48206176898932, -1.42154363086399, -1.35537424732255, -1.28357754121328, -1.20617603575516, -1.12319086231986, -1.03464179227738, -0.940547312757337, -0.840924727030933, -0.73579026138251, -0.625159178489811, -0.509045897305042, -0.387464119429328, -0.260426961973497, -0.127947096898502, 0.00996310317098342, 0.01, -0.136630823190564, -0.276898103089911, -0.410806361376509, -0.538360554344144, -0.659566207582439, -0.77442937990984, -0.882956782799975, -0.985155900714639, -1.08103510914849, -1.17060378307494, -1.25387240331521, -1.33085300536853, -1.40155928656785, -1.46600636892419, -1.5242108749006, -1.57619141255237, -1.62196862449374, -1.66156480067447, -1.69500389105935, -1.72231188569583, -1.74351676246374, -1.7586479849886, -1.76773639314614, -1.77081436738507, -1.76791561174446, -1.75907466041885, -1.74432682455667, -1.72370790101386, -1.69725374934624, -1.66500001919335, -1.62698196678398, -1.58323419819037, -1.53379035089424, -1.47868292724496, -1.41794311048519, -1.35160062225948, -1.27968360527114, -1.20221855054676, -1.11923030648116, -1.0307421165229, -0.936775708588004, -0.837351413679977, -0.732488292135999, -0.622204267520175, -0.506516268152564, -0.385440376263438, -0.258991984762801, -0.127185961615622, 0.0099631781863373, 0.01, -0.137285469930147, -0.278142723637108, -0.412576889353, -0.540593596243189, -0.662199129571517, -0.777400388894335, -0.886205025676829, -0.988621581960299, -1.08465962642795, -1.17432987938176, -1.25764433531168, -1.33461678013314, -1.40526291462066, -1.46960008115149, -1.52764735103858, -1.57942608349331, -1.62495998200658, -1.66427464829583, -1.69739759694223, -1.72435869324602, -1.74519009300369, -1.75992566417778, -1.76860086115443, -1.77125291366072, -1.76792057680527, -1.75864356323293, -1.74346248126215, -1.72241849931592, -1.69555285857893, -1.66290655886249, -1.62452014785492, -1.58043342461796, -1.53068507258367, -1.47531246899547, -1.41435147155129, -1.34783625294634, -1.27579916686079, -1.19827066417086, -1.11527930320914, -1.02685179330206, -0.933013097790462, -0.833786570873269, -0.729194103200093, -0.619256276234534, -0.503992525373107, -0.383421311805541, -0.257560303103011, -0.126426562521464, 0.00996325299223388, 0.01, -0.137938528701115, -0.279384319060302, -0.414343105716581, -0.542821190406288, -0.664825617541794, -0.780364126618217, -0.889445307963395, -0.992078759684395, -1.08827524170986, -1.17804681725042, -1.26140699151753, -1.33837129716902, -1.40895743395848, -1.47318495949603, -1.53107538810926, -1.58265282338123, -1.6279440219112, -1.66697788865458, -1.69978549351893, -1.72640056680046, -1.74685943100942, -1.76120034659467, -1.76946337012031, -1.77169056758381, -1.7679257316009, -1.7582137395814, -1.74260048308136, -1.72113248805865, -1.69385636342007, -1.66081844549686, -1.62206456031044, -1.57763968725911, -1.52758754367853, -1.47195037035949, -1.41076868887628, -1.34408111324188, -1.27192419925662, -1.19433234970735, -1.11133782579567, -1.02297079653972, -0.929259455355878, -0.830230175112051, -0.725907673038314, -0.616315185517527, -0.501474652736225, -0.381406913177374, -0.256131907937525, -0.125668894851769, 0.00996332758942142, 0.01, -0.138590004062942, -0.280622898043786, -0.416105022841949, -0.545043352464752, -0.667445689948613, -0.783320613930235, -0.89267765247407, -0.995527458243154, -1.09188198047367, -1.1817546228716, -1.26516039843093, -1.34211658288848, -1.41264287052733, -1.47676102907212, -1.53449501004731, -1.5858716546436, -1.63092076482381, -1.66967454027777, -1.70216759697811, -1.7284375199918, -1.74852478737441, -1.76247204024686, -1.77032392505673, -1.77212733110339, -1.76793107498793, -1.75778518524026, -1.74174082276218, -1.71984985705427, -1.69216425087777, -1.65873566346987, -1.61961518609398, -1.57485296586528, -1.52449774200751, -1.4685966075409, -1.40719473736357, -1.34033517709727, -1.26805867582714, -1.19040358033053, -1.10740584762602, -1.01909910025159, -0.92551475636234, -0.82668220297903, -0.722628980188674, -0.613380976319767, -0.498962634067383, -0.379397167544966, -0.254706790240849, -0.12491295385863, 0.00996340197862017, 0.01, -0.139239900558649, -0.281858469240528, -0.417862653059178, -0.547260097993543, -0.670059365180821, -0.786269871604063, -0.895902081941145, -0.998967701905216, -1.09547986810729, -1.18545332234196, -1.26890458245504, -1.34585266360928, -1.4163192501805, -1.48032831490458, -1.53790624070234, -1.58908259962842, -1.63389023128792, -1.6723646216275, -1.70454392345209, -1.73046956640573, -1.75018617295517, -1.76374075311551, -1.77118253096102, -1.77256320616393, -1.76793660582943, -1.757357896003, -1.74088349308067, -1.71857059615346, -1.69047650800835, -1.65665819721224, -1.61717200721461, -1.57207324026097, -1.52141564547876, -1.4652511568284, -1.40362959200557, -1.33659841855559, -1.26420257003444, -1.18648432930865, -1.1034833421783, -1.01523667854378, -0.921778975974384, -0.82314263113793, -0.71935800326326, -0.610453629657476, -0.496456453247642, -0.377392062118375, -0.253284941018396, -0.124158734810361, 0.00996347616057586, 0.01, -0.139888954619602, -0.283092440515311, -0.41961801066872, -0.549473982731638, -0.672669675419965, -0.789215343269791, -0.899122386452069, -1.00240356222812, -1.09907319265624, -1.18914735521954, -1.27264406969304, -1.34958408702281, -1.41999107725344, -1.48389121304369, -1.54131330292756, -1.59228964310025, -1.63685610311114, -1.67505144671207, -1.70691735433605, -1.7324990900418, -1.75184540960733, -1.76500768020021, -1.77203973951184, -1.77299813287629, -1.76794168447402, -1.75693068430182, -1.74002679043864, -1.71729251765337, -1.68879049496892, -1.6545829991299, -1.6147316251608, -1.56929681787689, -1.5183373243558, -1.46190990823755, -1.40006901951537, -1.33286653799663, -1.26035157291548, -1.18257033534505, -1.0995661528481, -1.01137953654428, -0.918048338104851, -0.819607959349241, -0.716091574941381, -0.607530368206548, -0.493953780032164, -0.375389770818167, -0.251865095444447, -0.12340559122446, 0.0099635211846007, 0.01, -0.140536434410604, -0.284323412682047, -0.421369093618115, -0.551682466245243, -0.67527360633693, -0.792153605190546, -0.902334797352038, -1.00583099013208, -1.10265768911279, -1.19283230507088, -1.27637435679451, -1.35330632737855, -1.42365386812241, -1.48744534653113, -1.54471199098216, -1.59548881510351, -1.6398147107089, -1.67773171092357, -1.70928501462598, -1.7345237101509, -1.75350067551316, -1.76627162331799, -1.77289499250301, -1.77343216102345, -1.76794693672295, -1.75650472001357, -1.73917239687386, -1.71601778386513, -1.68710882248268, -1.65251308409922, -1.61229740228013, -1.5665273518782, -1.51526666598742, -1.4585769266846, -1.39651720577661, -1.32914378568579, -1.25650994254456, -1.17866580776137, -1.09565838365251, -1.00753161642233, -0.914326566539138, -0.816081636484629, -0.71283281265611, -0.604613921440515, -0.491456899416921, -0.373392077646746, -0.250448480013089, -0.122654135572573, 0.00996359511541836, 0.01, -0.141182343588141, -0.28555139274305, -0.423115911945083, -0.553885561297679, -0.677871173112035, -0.795084674656973, -0.905539333738177, -1.00925000622076, -1.10623337929233, -1.19650819463489, -1.28009546714168, -1.35701940843225, -1.42730764665958, -1.49099073911322, -1.54810232826153, -1.59868013847775, -1.64276607618319, -1.68040543547042, -1.71164692450911, -1.73654344580256, -1.75515198856202, -1.76753259915151, -1.77374830542163, -1.77386530494736, -1.76795237586353, -1.75608001538146, -1.73832032351585, -1.7147464047746, -1.6854314994005, -1.65044845988212, -1.60986934532651, -1.5637648481247, -1.51220367548411, -1.45525221670411, -1.39297415494746, -1.32543016562809, -1.25267768301813, -1.1747707510087, -1.09176003967724, -1.0036929241925, -0.910613668527268, -0.812563671346554, -0.709581727087775, -0.60170430224967, -0.488965826839279, -0.371399000929212, -0.249035116280118, -0.12190439298547, 0.00996366890238565, 0.01, -0.14182668414471, -0.286776384504729, -0.424858471091396, -0.556083274787653, -0.68046238392273, -0.798008560947469, -0.908736005812629, -1.01266062144368, -1.1098002747166, -1.20017503583184, -1.28380741288179, -1.36072334238924, -1.4309524249632, -1.49452740262055, -1.55148432617341, -1.60186362405955, -1.64571020965943, -1.68307262963655, -1.71400309230839, -1.73855830425203, -1.75679935484918, -1.76879061255978, -1.77459968183195, -1.77429756687849, -1.76795800277416, -1.75565656990006, -1.73747056843131, -1.71347837700063, -1.68375852089813, -1.64838912024095, -1.60744744670383, -1.56100929774183, -1.50914834279723, -1.45193576720136, -1.38943985503757, -1.32172566510925, -1.24885478108925, -1.17088515151694, -1.08787110725452, -0.999863446329223, -0.906909630937933, -0.809054051460279, -0.706338306688861, -0.598801500290921, -0.486480553442664, -0.369410533581034, -0.247624999220747, -0.121156360786998, 0.00996374258365212, 0.01, -0.142469460584082, -0.28799839654562, -0.426596783281584, -0.558275622157538, -0.683047257002278, -0.800925284661159, -0.911924836118184, -1.016062859869, -1.11335840056593, -1.20383285454763, -1.28751022020772, -1.36441815536114, -1.43458822868812, -1.49805536189041, -1.55485800839398, -1.60503929404042, -1.64864713154414, -1.68573331176881, -1.71635353406457, -1.74056829901861, -1.75844278519106, -1.77004567151072, -1.77544912674542, -1.77472894880292, -1.76796381638669, -1.75523437945869, -1.73662312451929, -1.71221369054375, -1.68208987420782, -1.64633504980721, -1.60503168864508, -1.55826068079915, -1.50610064609883, -1.44862755474517, -1.38591428133293, -1.31803025847631, -1.24504121053115, -1.16700898286917, -1.08399156017754, -0.996043157250141, -0.903214429239886, -0.805552753782518, -0.703102530349238, -0.595905496839016, -0.484001063343318, -0.367426663019984, -0.246218120016489, -0.120410034385801, 0.00996381605955948, 0.01, -0.143110677646366, -0.289217437900709, -0.428330861400507, -0.560462619697677, -0.685625811603313, -0.803834867571697, -0.915105848511054, -1.01945674700091, -1.11690778356304, -1.20748167830052, -1.2912039170184, -1.36810387522293, -1.43821508529327, -1.50157464358853, -1.55822340043551, -1.60820717243903, -1.65157686404523, -1.68838750197279, -1.71869826751745, -1.74257344524378, -1.76008229193201, -1.77129778538853, -1.77629664646033, -1.77515945384636, -1.7679698166073, -1.75481344073751, -1.7357779852678, -1.7109523357729, -1.68042554669101, -1.64428623308335, -1.60262205297696, -1.55551897666349, -1.50306056254244, -1.44532755455069, -1.38239740741111, -1.3143439179936, -1.24123694264031, -1.16314221581823, -1.08012136915653, -0.992232028138128, -0.899528035615988, -0.8020597520337, -0.699874373872779, -0.593016270333672, -0.481527338174074, -0.365447374632693, -0.244814468370629, -0.119665408365857, 0.00996388930092382, 0.01, -0.143750339540607, -0.290433516580517, -0.43006071685282, -0.562644281800136, -0.688198064699779, -0.806737328831282, -0.918279063920883, -1.02284230514955, -1.12044844700669, -1.21112153099256, -1.29488852744184, -1.37178052596141, -1.44183301826977, -1.50508527037045, -1.56158052379519, -1.61136727929125, -1.65449942545732, -1.69103521654741, -1.72103730674373, -1.74457375458636, -1.76171788415089, -1.77254696056562, -1.77714224455338, -1.77558908273929, -1.76797600130954, -1.75439374878253, -1.73493514296498, -1.70969430232715, -1.67876552548473, -1.6422426548884, -1.60021852241886, -1.55278416620573, -1.50002807143202, -1.4420357446648, -1.37888921039764, -1.31066662022442, -1.23744195379791, -1.15928482690213, -1.07626051118165, -0.988430036744959, -0.8958504289013, -0.798575026464002, -0.696653819264889, -0.59013380488213, -0.479059364495475, -0.36347265778788, -0.243414036817091, -0.118922478784499, 0.00996396236830917, 0.01, -0.14438845071601, -0.291646641059468, -0.431786361714407, -0.564820623719115, -0.690764034302231, -0.809632688786779, -0.921444504613587, -1.02621955808649, -1.12398041576581, -1.21475243818812, -1.29856407734402, -1.37544813336054, -1.44544205294838, -1.50858726675727, -1.56492940184489, -1.61451963650005, -1.65741483591766, -1.69367647359276, -1.72337066756274, -1.74656924037204, -1.7633495725004, -1.77379320487774, -1.77798592593654, -1.77601783740171, -1.76798236939277, -1.75397529948388, -1.73409459054328, -1.70843958027177, -1.67710979791568, -1.64020429997589, -1.59782107935103, -1.55005622966512, -1.49700315112866, -1.43875210186136, -1.37538966579588, -1.30699833974176, -1.2336562180076, -1.15543678993473, -1.07240896027275, -0.984637157706479, -0.892181584769717, -0.795098554217584, -0.693440845580468, -0.587258081896991, -0.476597126529629, -0.361502499972358, -0.242016816564754, -0.118181241031206, 0.00996403523262798, 0.01, -0.145025015606245, -0.292856819782401, -0.433507808019006, -0.566991660655589, -0.693323738358403, -0.812520967714102, -0.924602192777477, -1.0295885295005, -1.12750371462271, -1.21837442536265, -1.30223059250105, -1.37910672311473, -1.44904221457199, -1.51208065718518, -1.56827005787569, -1.61766426589281, -1.66032311549415, -1.69631129114672, -1.72569836573963, -1.74855991588107, -1.76497736759705, -1.77503652613418, -1.77882769550526, -1.77644571974722, -1.76798891976008, -1.75355808874544, -1.73325632095855, -1.70718815970467, -1.6754583513519, -1.63817115314874, -1.59542970621026, -1.54733514734378, -1.49398578006156, -1.43547660298655, -1.37189874918458, -1.30333905119577, -1.22987970935071, -1.15159807880671, -1.06856669052435, -0.980853365729547, -0.888521478961047, -0.791630312497931, -0.690235431925647, -0.58438908283246, -0.474140608529084, -0.35953688869067, -0.240622798825956, -0.117441690483083, 0.00996410789455168, 0.01, -0.145660038629114, -0.294064061163943, -0.435225067757318, -0.569157407756187, -0.695877194751895, -0.815402185816754, -0.92775215052167, -1.03294924299585, -1.1310183682714, -1.22198751790089, -1.30588809859737, -1.38275632082719, -1.45263352829408, -1.51556546600395, -1.57160251509656, -1.62080118922024, -1.6632242841845, -1.69893968718447, -1.72802041698511, -1.75054579434829, -1.7666012800216, -1.77627693211857, -1.77966755813985, -1.77687273168494, -1.76799565132079, -1.75314211248786, -1.73242032719378, -1.70594003076083, -1.67381117320791, -1.63614319926514, -1.59304438549664, -1.54462089961425, -1.49097593673659, -1.43220922496838, -1.36841643622834, -1.29968872932533, -1.22611240199892, -1.14776866749944, -1.06473367612063, -0.977078635608295, -0.884870087298574, -0.788170278586767, -0.687037557478095, -0.581526789206107, -0.471689794800082, -0.357575811489881, -0.239231974842882, -0.116703822532899, 0.0099641803547893, 0.01, -0.146294092028249, -0.295269423374944, -0.436939598711201, -0.571319636098166, -0.698426401540916, -0.818278481821343, -0.930896570931383, -1.0363038597104, -1.13452641960146, -1.22559355414961, -1.3095381913547, -1.38639828951248, -1.45621713442512, -1.51904262083754, -1.57492749847924, -1.6239309388558, -1.66611869184046, -1.70156183913771, -1.73033683644002, -1.75252673878325, -1.76822103084496, -1.77751401219089, -1.78050498175367, -1.77729822998422, -1.76800182004189, -1.75272653625711, -1.73158569479487, -1.7046942094456, -1.6721672204458, -1.6341193467776, -1.59066398772088, -1.54191232964538, -1.48797244761091, -1.42894878821034, -1.36494155196061, -1.29604621450061, -1.22235316238664, -1.14394745925748, -1.0609088678783, -0.973311976507649, -0.881226488083508, -0.784717610719724, -0.683846471214196, -0.578670551547826, -0.469244148243602, -0.35561885446299, -0.237844064723628, -0.115967502128085, 0.00996423200186115, 0.01, -0.146926609118701, -0.296471858848282, -0.438649958234349, -0.573476593759549, -0.700969383332325, -0.821147742669675, -0.934033289091842, -1.03965024868451, -1.13802585742443, -1.22919072851308, -1.31317930825264, -1.39003129908594, -1.45979192461448, -1.52251122438048, -1.5782443110894, -1.62705300757976, -1.66900601032057, -1.70417758732946, -1.73264762230286, -1.75450289469829, -1.76983690236159, -1.77874817492768, -1.78134049073853, -1.77772284441984, -1.76800815068434, -1.75231216943934, -1.73075330744814, -1.70345164345532, -1.67052749451579, -1.63210064066701, -1.58828959120183, -1.5392105389303, -1.48497642721521, -1.42569641016907, -1.36147520667518, -1.29241259978444, -1.21860305629623, -1.14013548254949, -1.05709324693358, -0.969554312225066, -0.877591537778931, -0.781273088038859, -0.680662864975613, -0.575820964425204, -0.46680415618369, -0.353666387723958, -0.236459311407322, -0.1152328350691, 0.0099643041375302, 0.01, -0.147557595418748, -0.297671378172904, -0.440356161538991, -0.575628300129063, -0.703506163245741, -0.82400999476853, -0.937162334256008, -1.04298844158017, -1.14151671537912, -1.23277907618112, -1.31681148561445, -1.3936553865971, -1.46335793624312, -1.52597131396472, -1.58155298984618, -1.63016743155414, -1.67188627470795, -1.70678696546701, -1.73495280663559, -1.75647429227069, -1.7714489226576, -1.77997944615229, -1.78217410851975, -1.77814659592192, -1.76801466162469, -1.75189902783863, -1.72992317840572, -1.70221234354905, -1.66889200378034, -1.63008708703192, -1.58592119994086, -1.53651552957188, -1.48198787598277, -1.4224520898649, -1.35801739826161, -1.288787882241, -1.21486208029254, -1.13633273378545, -1.05328680990221, -0.965805639956758, -0.873965234548298, -0.777836710071786, -0.677486740059317, -0.572978031316302, -0.464369824696159, -0.351718420366502, -0.235077727428018, -0.114499837754081, 0.00996437607520037, 0.01, -0.148187407265164, -0.298868663986441, -0.442059187527914, -0.577776000339538, -0.706038222610084, -0.826866925610833, -0.940285570051472, -1.04632044813406, -1.14500111928945, -1.23636080904806, -1.32043699139627, -1.39727284606565, -1.46691745940835, -1.52942514579358, -1.58485572710386, -1.63327630934861, -1.67476145987442, -1.70939179483597, -1.73725402727645, -1.75844235606023, -1.77305827321599, -1.78120873450716, -1.78300644117183, -1.77856975830743, -1.76802126477145, -1.75148666239969, -1.7290945292019, -1.70097523343906, -1.66725940575548, -1.62807710885402, -1.58355703408084, -1.53382535060175, -1.47900470359138, -1.4192136294069, -1.35456585307075, -1.28516974429627, -1.21112790473077, -1.13253690312203, -1.0494872986306, -0.962063785141071, -0.870345519336003, -0.774406565193061, -0.674316364202275, -0.570140231259134, -0.461939876063473, -0.349773949864289, -0.233698617399454, -0.113768153886856, 0.00996443307046498, 0.01, -0.148815694736221, -0.300063045835256, -0.44375807460558, -0.579918471044048, -0.708564105718496, -0.829716876522786, -0.943401164232731, -1.04964429192731, -1.14847697796125, -1.23993375054338, -1.32405359305706, -1.40088141839448, -1.47046823788171, -1.53287049594417, -1.58815036069604, -1.63637757002054, -1.67762961558742, -1.71199027542113, -1.73954966395793, -1.7604056751028, -1.77466378195925, -1.78243513641382, -1.78383688325794, -1.77899205395524, -1.76802804002529, -1.75107550961721, -1.72826812135039, -1.69974136811729, -1.66563101740078, -1.62607225357889, -1.58119884009866, -1.53114191609856, -1.47602896031558, -1.41598318388127, -1.351122799636, -1.28156045658433, -1.20740281101502, -1.12875025141676, -1.04569692212555, -0.958330873640569, -0.866734403576104, -0.770984519131679, -0.671153426158154, -0.567309044766702, -0.459515551296326, -0.34783394646662, -0.232322649552079, -0.113038118422419, 0.009964504700067, 0.01, -0.149442462386017, -0.301254532417532, -0.445452835204473, -0.582055728000187, -0.711083831245657, -0.832559868689991, -0.946509140092877, -1.05295999796085, -1.15194431770855, -1.24349792790581, -1.32766131838, -1.40448113154129, -1.47401029943773, -1.53630739166433, -1.59143691701684, -1.63947123880267, -1.68049076563279, -1.71458242930065, -1.74183973681677, -1.76236426738982, -1.77626546456214, -1.78365866509343, -1.78466544544479, -1.77941349091432, -1.76803499279267, -1.75066557226929, -1.7274439550543, -1.69851074530312, -1.66400683408037, -1.62407251437983, -1.57884660917471, -1.52846521547961, -1.47306063406911, -1.41276073998534, -1.34768822375068, -1.27796000432974, -1.20368678415699, -1.12497276384247, -1.04191566611101, -0.954606892134209, -0.863131875318376, -0.767570561734026, -0.667997918003887, -0.564484466586832, -0.457096848258579, -0.34589841160192, -0.230949829329583, -0.112309741271634, 0.00996457613352461, 0.01, -0.150068526371234, -0.302444673501983, -0.447145670160878, -0.584190540567925, -0.713600654532478, -0.835399560893405, -0.949613477314732, -1.05627178428494, -1.15540751241956, -1.24705778833831, -1.33126460536778, -1.40807633180371, -1.47754781617632, -1.53973974837791, -1.59471897235211, -1.64256047040004, -1.68334756071427, -1.71717032078092, -1.74412570057345, -1.76431901395889, -1.7778636643565, -1.78487916218345, -1.78549150372272, -1.77983301561268, -1.76804067606223, -1.75025504606716, -1.72661990494818, -1.69728095479311, -1.66238419702845, -1.6220750202401, -1.57649729438619, -1.52579206229254, -1.4700964352763, -1.40954294145377, -1.34425873891862, -1.27436500728714, -1.19997648666419, -1.12120118217974, -1.03814038817676, -0.950888850570898, -0.859535133432608, -0.764162117362476, -0.664847526174219, -0.561664481812762, -0.454682087292831, -0.343966037456337, -0.229579257357951, -0.11158256809776, 0.00996462007240924, 0.01, -0.15069307342428, -0.303631924757215, -0.448834386283592, -0.586320148900728, -0.716111331282471, -0.838232306593393, -0.952710209324418, -1.05957544650322, -1.15886220209104, -1.25060889845115, -1.33485902947084, -1.41166268570679, -1.48107662794093, -1.54316366150139, -1.5979929599585, -1.64564211819138, -1.68619735663127, -1.71975189039941, -1.7464061034338, -1.76626903434856, -1.7794580358605, -1.7860967808545, -1.7863156736145, -1.78025166965277, -1.7680465212722, -1.74984571606959, -1.72579807352483, -1.69605438035502, -1.66076573515565, -1.62008260910684, -1.57415390656076, -1.52312560403831, -1.46713961192508, -1.40633310059428, -1.34083768561762, -1.27077879797046, -1.19627520696679, -1.11743871466741, -1.03437418027364, -0.947179688526299, -0.85594692904022, -0.760761712611966, -0.661704516670931, -0.558851059790802, -0.452272905030847, -0.342038091890252, -0.228211796670717, -0.11085702105271, 0.00996469130100558, 0.01, -0.151316106201059, -0.304816291309085, -0.450518990982553, -0.588444562506956, -0.718615872917179, -0.841058118940119, -0.955799350817158, -1.06287100067381, -1.16230840396367, -1.25415127648964, -1.33844460976441, -1.41524021298521, -1.48459675496031, -1.54657915159827, -1.60125890058211, -1.64871620296186, -1.68904017407485, -1.72232715863142, -1.74868096554907, -1.76821434829283, -1.7810485983141, -1.78731153979341, -1.78713797321409, -1.78066947051669, -1.7680525452955, -1.74943759856563, -1.72497847653803, -1.69483103727999, -1.65915146338715, -1.61809529566023, -1.57181646019036, -1.52046585501265, -1.46419017813038, -1.403131231379, -1.33742507773644, -1.26720139026487, -1.19258295904511, -1.11368537549716, -1.03061705693658, -0.943479421024309, -0.852367277811742, -0.757369363967333, -0.65856890696901, -0.556044219168385, -0.449869321479659, -0.340114596460897, -0.22684747056817, -0.110133125373973, 0.00996476244984855, 0.01, -0.151937629017729, -0.305997781378737, -0.452199495972939, -0.590563796185464, -0.721114296909929, -0.843877017674032, -0.958880923395884, -1.06615846986123, -1.16574614216753, -1.25768494725972, -1.34202137134865, -1.41880893866193, -1.48810822182087, -1.54998624247323, -1.60451681691705, -1.65178274598524, -1.69187603261068, -1.72489614307125, -1.75095030230624, -1.77015496876544, -1.78263536210413, -1.78852344666054, -1.78795840735152, -1.78108642013756, -1.76805874713985, -1.74903068964777, -1.72416110721401, -1.69361091601452, -1.65754136951322, -1.61611306519335, -1.56948493826399, -1.51781279612587, -1.4612481129788, -1.39993731135306, -1.33402089158615, -1.26363275957744, -1.18889971775267, -1.10994113933741, -1.02686899303321, -0.939788023529822, -0.848796156219189, -0.753985049327439, -0.655440676821941, -0.553243941987701, -0.447471321408967, -0.338195539107591, -0.225486270603455, -0.109410876673877, 0.00996483340160648, 0.01, -0.152557646171413, -0.30717640315085, -0.453875912917641, -0.592677864668608, -0.723606620654941, -0.846689022445458, -0.961954948563969, -1.06943787702255, -1.16917544071901, -1.26120993544883, -1.34558933920198, -1.42236888763637, -1.49161105298513, -1.55338495780808, -1.60776673153678, -1.65484176841813, -1.69470495169195, -1.72745886120641, -1.75321412899207, -1.77209090864731, -1.78421833753266, -1.78973250904008, -1.78877698078962, -1.78150252039045, -1.76806512576411, -1.74862498536876, -1.72334595874803, -1.69239400698259, -1.65593544130943, -1.61413590299172, -1.56715932376942, -1.51516640829243, -1.45831339556534, -1.39675131807317, -1.33062510349125, -1.2600728813292, -1.18522545795613, -1.10620598086744, -1.02312996343826, -0.936105471509576, -0.845233540729577, -0.750608746577729, -0.65231980595976, -0.550450210255838, -0.445078889540074, -0.336280907706317, -0.224128188249791, -0.108690270466571, 0.00996490415703419, 0.01, -0.153176161943999, -0.308352164781098, -0.455548253438235, -0.594786782636572, -0.726092861484859, -0.849494152835195, -0.965021447748753, -1.07270924503375, -1.17259632354969, -1.26472626565738, -1.34914853821484, -1.42592008472039, -1.49510527282972, -1.55677532120162, -1.61100866693592, -1.65789329134351, -1.69752695070442, -1.7300153304641, -1.755472460841, -1.77402218077574, -1.7857975348674, -1.79093873449155, -1.78959369827656, -1.78191777314599, -1.76807168013299, -1.74822048179735, -1.72253302436132, -1.69118030064371, -1.65433366659593, -1.61216379439392, -1.5648395997552, -1.51252667249444, -1.45538600505867, -1.39357322917466, -1.3272376898588, -1.25652173102657, -1.18156015460911, -1.10247987485382, -1.01939994311281, -0.932431740514341, -0.84167940789032, -0.747240433679014, -0.649206274181438, -0.547663006040955, -0.44269201064606, -0.334370690174089, -0.22277321500923, -0.107971302281389, 0.0099649747168107, 0.01, -0.153793180602208, -0.309525074396271, -0.457216529115154, -0.59689056471759, -0.728573036671023, -0.852292428354821, -0.968080442301873, -1.07597259669006, -1.17600881450674, -1.26823396239906, -1.35269899319007, -1.42946255463863, -1.49859090564576, -1.56015735617011, -1.61424264553056, -1.66093733577099, -1.70034204896669, -1.73256556821151, -1.75772531303537, -1.77594879794452, -1.78737296434178, -1.79214213054989, -1.79040856454592, -1.7823321802704, -1.76807840921697, -1.74781717501819, -1.72172229730088, -1.68996978749264, -1.65273603323721, -1.61019672479128, -1.56252574933034, -1.50989356978136, -1.45246592070076, -1.39040302237117, -1.32385862717803, -1.25297928426086, -1.17790378275169, -1.09876279614995, -1.0156789071038, -0.928766806178503, -0.838133734328817, -0.743880088667091, -0.646100061354518, -0.544882311471965, -0.4403106695515, -0.332464874468718, -0.221421342412478, -0.107253967662725, 0.00996504508159837, 0.01, -0.154408706397674, -0.310695140094437, -0.458880751487913, -0.598989225488231, -0.731047163423798, -0.85508386844707, -0.971131953499676, -1.07922795470635, -1.17941293735339, -1.27173305010138, -1.35624072884341, -1.43299632202906, -1.50206797563938, -1.56353108614765, -1.61746868965877, -1.66397392263731, -1.70315026573062, -1.73510959175614, -1.75997270070573, -1.77787077290429, -1.78894463615523, -1.79334270472565, -1.79122158431687, -1.78274574362559, -1.76808531199243, -1.74741506113188, -1.7209137708395, -1.68876245805947, -1.65114252914201, -1.60823467962775, -1.56021775566413, -1.50726708126978, -1.44955312180664, -1.3872406754543, -1.32048789202007, -1.24944551670806, -1.17425631751019, -1.09505471969576, -1.01196683054377, -0.925110644219761, -0.834596496752167, -0.74052768965246, -0.643001147414867, -0.542108108738298, -0.437934851132261, -0.330563448588647, -0.220072562018773, -0.106538262169956, 0.00996511525206342, 0.01, -0.155022771977153, -0.311862424643232, -0.460541010919374, -0.601082880381509, -0.733515379722411, -0.857868631115264, -0.974176156850131, -1.08247550957947, -1.1828088950644, -1.27522374171223, -1.35977396559906, -1.43652161230539, -1.50553671073885, -1.56689673911607, -1.62068702491085, -1.66700327271502, -1.70595181454633, -1.73764760504498, -1.76221481584207, -1.77978828336362, -1.79051271144211, -1.79454059931964, -1.79203287883233, -1.78315856120887, -1.76809246106065, -1.74701418523126, -1.72010746048721, -1.687558296234, -1.64955310457873, -1.60627757358416, -1.55791549591711, -1.50464704469901, -1.4466474086436, -1.38408595702788, -1.31712522715487, -1.24592015115621, -1.17061746756286, -1.09135534594951, -1.00826341157644, -0.92146295638634, -0.831067406443749, -0.737182963394054, -0.639909280545306, -0.539340173401226, -0.435564364287282, -0.328666260732963, -0.2187267672919, -0.105824130497247, 0.00996518333752523, 0.01, -0.15563535301993, -0.313026881130364, -0.462197239635015, -0.60317144249061, -0.73597758125881, -0.860646596382971, -0.977212918443916, -1.08571511520634, -1.18619653108681, -1.27870587197876, -1.36329853126212, -1.4400382480984, -1.50899693018009, -1.57025413270956, -1.62389746912823, -1.67002520588019, -1.70874651917336, -1.74017943759338, -1.76445149561431, -1.78170117607481, -1.792077048496, -1.79573568615854, -1.7928423354783, -1.78357053802765, -1.76809978114928, -1.74661449390024, -1.71930333685743, -1.68635729886862, -1.64796778488363, -1.60432546275966, -1.55561905926299, -1.5020335846599, -1.44374893976029, -1.38093905432346, -1.31377084324961, -1.24240341648255, -1.16698747479086, -1.08766492460731, -1.00456890253906, -0.917823992495895, -0.827546705552126, -0.73384613923128, -0.63682467214368, -0.536578693790639, -0.433199369156607, -0.326773437733114, -0.21738404663796, -0.10511161750969, 0.00996525312912042, 0.01, -0.15624645370466, -0.314188517516782, -0.463849448981944, -0.605254926153238, -0.738433784966867, -0.863417783387608, -0.980242259232026, -1.0889467939652, -1.18957586884462, -1.28217946499529, -1.36681445022974, -1.4435462537505, -1.51244865790503, -1.57360329013761, -1.62710004447187, -1.67303974294603, -1.71153439879752, -1.74270510670402, -1.76668275521277, -1.7836094639159, -1.79363765771411, -1.79692797302334, -1.79364995931895, -1.78398167636497, -1.76810727173301, -1.74621598381563, -1.71850139387738, -1.68515945722593, -1.64638655877561, -1.60237833348519, -1.55332842983376, -1.49942668330602, -1.44085769558119, -1.3777999463126, -1.31042471812361, -1.23889528967708, -1.16336631569773, -1.08398343204683, -1.00088328005951, -0.914193729816114, -0.824034372385984, -0.730517196924685, -0.633747303841164, -0.533823653833303, -0.430839852392184, -0.324884969399078, -0.216044393459876, -0.104400720639187, 0.00996532272946261, 0.01, -0.156856845979178, -0.315348786078809, -0.465499679945729, -0.607335869445314, -0.740886934394667, -0.86618544953239, -0.98326765885749, -1.09217415612598, -1.19295055762494, -1.28564811746052, -1.37032517501212, -1.44704884599029, -1.515894783276, -1.57694668182169, -1.63029676786959, -1.67604846960033, -1.7143166301704, -1.74522540251461, -1.76890902050484, -1.78551323085119, -1.79519430355061, -1.79811692727872, -1.79445494307955, -1.78439091678794, -1.76811364373428, -1.74581715880183, -1.71769995085356, -1.68396292870789, -1.64480744439817, -1.60043408732388, -1.55104141532115, -1.49682407719621, -1.43797136429832, -1.37466629561211, -1.30708451163385, -1.23539345067404, -1.15975171315175, -1.08030865694454, -0.99720442151218, -0.910570157322411, -0.820528530436434, -0.727194417405432, -0.630675636941192, -0.531073718143328, -0.428484704861826, -0.322999995798625, -0.214707219973684, -0.103691147199472, 0.00996536677724144, 0.01, -0.157465760582628, -0.316506239658335, -0.467145898834804, -0.609411743506086, -0.743334096877424, -0.868946349715068, -0.98628565114923, -1.09539360582025, -1.19631696323723, -1.28910824824184, -1.37382726892081, -1.45054282396758, -1.51933243268444, -1.58028185280627, -1.63348563722814, -1.67904981381196, -1.71709204847566, -1.74773954459534, -1.77112987264037, -1.78741239682692, -1.79674722199026, -1.79930307821702, -1.7952580866572, -1.78479930712492, -1.76812017026925, -1.74541949464973, -1.716900663669, -1.68276952673647, -1.64323239018792, -1.59849478523035, -1.54876016672768, -1.49422798493583, -1.43509220969748, -1.37154038878686, -1.30375251074212, -1.23190016446735, -1.15614588782972, -1.07664275332464, -0.993534391945217, -0.906955228773979, -0.817030999869773, -0.72387946495054, -0.627611157541271, -0.528330172353268, -0.426134989451264, -0.32111933479125, -0.21337307673474, -0.102983158164604, 0.00996543615663192, 0.01, -0.158073353332932, -0.317661177519512, -0.468788535988013, -0.611483097377974, -0.745775927790847, -0.871701233275686, -0.989297067044659, -1.09860604321859, -1.19967604272467, -1.2925608588992, -1.37732176568288, -1.45402924123474, -1.52276266717577, -1.58360985929223, -1.63666769156326, -1.68204478508698, -1.71986162140322, -1.75024844653394, -1.77334615884189, -1.78930773046303, -1.79829709084067, -1.80048700065338, -1.79605984972571, -1.78520717979247, -1.76812704441524, -1.74502303305018, -1.7161034106158, -1.6815789542272, -1.64166092700306, -1.59655980464411, -1.54648392673736, -1.49163753314685, -1.43221926106005, -1.36842117652507, -1.30042760631494, -1.22841428089522, -1.15254766735469, -1.07298454542574, -0.989872031059061, -0.903347818192876, -0.813540707901104, -0.720571338849342, -0.624552955894131, -0.525592216574717, -0.423790035031169, -0.319242462910293, -0.212041606844847, -0.102276582111927, 0.0099654979070551, 0.01, -0.15867947639995, -0.318813315685689, -0.470427182966035, -0.613549409843383, -0.748211804824537, -0.874449388498232, -0.992301117111847, -1.1018106128663, -1.2030268863075, -1.29600499703121, -1.38080768198627, -1.45750709528939, -1.52618447678865, -1.58692969560362, -1.63984194124421, -1.68503242161761, -1.7226244267662, -1.7527512375845, -1.77555707164932, -1.79119849945733, -1.7998432648587, -1.80166814833555, -1.79685979698761, -1.78561422244511, -1.76813408880989, -1.74462774368938, -1.71530832052854, -1.68039151129588, -1.64009352309348, -1.59462976349743, -1.54421344454998, -1.4890535839097, -1.42935347498571, -1.36530969160781, -1.2971108889984, -1.22493693017185, -1.1489582032295, -1.06933518777519, -0.986218478154954, -0.899749031415292, -0.810058708672667, -0.717271023329647, -0.621501928099511, -0.52286064057108, -0.421450506824363, -0.31736990263655, -0.210713171843111, -0.101571601440143, 0.00996556696853693, 0.01, -0.15928413399461, -0.319962662186581, -0.472061851225444, -0.615610695394395, -0.750641745115847, -0.877190834776885, -0.995297822615977, -1.10500733751736, -1.20636951785099, -1.29944068724304, -1.38428504281241, -1.46097641113538, -1.52959788620722, -1.59024138577632, -1.64300840934624, -1.68801274522504, -1.72538048485942, -1.7552479362667, -1.77776262758458, -1.7930847181402, -1.80138575602029, -1.80284653075487, -1.79765793535367, -1.78602043935282, -1.76814130505875, -1.74423362552198, -1.71451538976165, -1.67920719178373, -1.63853016990947, -1.59270465100634, -1.54194870733672, -1.4864761225713, -1.42649483524622, -1.36220591650718, -1.29380234026474, -1.22146809309139, -1.14537747591177, -1.06569466085305, -0.982573714109827, -0.896158850102795, -0.806584985029892, -0.713978502829575, -0.618458060604877, -0.520135433221967, -0.419116396570003, -0.315501648999356, -0.20938777048174, -0.100868219058172, 0.00996563584113459, 0.01, -0.159887953585093, -0.321110413929492, -0.4736942490838, -0.61766911573052, -0.753068305719027, -0.879928466495203, -0.998290357247089, -1.10819961214904, -1.2097074956052, -1.30287159304901, -1.3877575589392, -1.46444088882333, -1.53300652677553, -1.59354843448211, -1.64617041591928, -1.69098883340664, -1.72813257271816, -1.75774096126749, -1.77996482912617, -1.79496791495032, -1.80292556092371, -1.8040226025303, -1.79845421484167, -1.78642531326419, -1.76814774600963, -1.74383933890037, -1.71372292361458, -1.67802398341579, -1.63696857511555, -1.59078193232283, -1.53968697531771, -1.48390224203165, -1.42364030506162, -1.35910672242975, -1.2904987769977, -1.21800456992739, -1.14180230679715, -1.06205984492682, -0.978934715828078, -0.892574385575082, -0.803116820497578, -0.710691270878408, -0.615419094751161, -0.51741462149324, -0.41678605467673, -0.313636413671183, -0.20806451352012, -0.100165982636491, 0.00996568211865041, 0.01, -0.16049030903119, -0.322255376485313, -0.475322671674445, -0.619722513398958, -0.755488934446649, -0.882659394582797, -1.00127555290375, -1.11138404748117, -1.21303726696395, -1.30629405637046, -1.3912215246701, -1.46789683289491, -1.53640677113155, -1.59684734031578, -1.64932464337864, -1.69395761026592, -1.73087791400659, -1.76022789368987, -1.78216167270092, -1.79684655953127, -1.80446168033116, -1.805195905642, -1.79924868098667, -1.7868293555926, -1.768154351291, -1.74344621401919, -1.71293260521428, -1.67684388463319, -1.63541101486495, -1.58886412372638, -1.53743096732918, -1.48133482613025, -1.42079289573689, -1.35601521062328, -1.28720335287958, -1.21454952930191, -1.13823584196526, -1.05843382606295, -0.975304471902618, -0.888998491500203, -0.799656896375447, -0.707411798970643, -0.612387254796104, -0.514700144978563, -0.414461098649943, -0.311775454647147, -0.206744262022417, -0.0994653188883476, 0.0099657508585011, 0.01, -0.161091205030207, -0.323397558849589, -0.476947131892309, -0.621770904795746, -0.757903650798688, -0.885383641248204, -1.00425343411029, -1.11456066996468, -1.21635885992037, -1.30970810636426, -1.39467696995507, -1.47134427373231, -1.53979864974043, -1.60013813348967, -1.65247112136426, -1.69691910456966, -1.73361653633866, -1.76270875973862, -1.78435318287416, -1.79872067460738, -1.80599413495511, -1.80636645865265, -1.80004135009833, -1.78723258032748, -1.76816113254126, -1.74305426017197, -1.71214444155264, -1.67566690020546, -1.63385749181945, -1.58695122591976, -1.53518068229634, -1.4787738722272, -1.417952603308, -1.35293137606689, -1.2839160621241, -1.21110296497672, -1.13467807505912, -1.05481659813634, -0.971682976806211, -0.885431163328164, -0.796205209481578, -0.704140085692892, -0.60936254150317, -0.511992007032751, -0.412141534854968, -0.30991878172554, -0.205427029644478, -0.0987662457529454, 0.00996581941175417, 0.01, -0.161690645708696, -0.32453696888201, -0.478567640937017, -0.623814304067817, -0.760312471477867, -0.888101225360189, -1.00722402151438, -1.11772950164258, -1.21967229753394, -1.31311376673352, -1.39812391877573, -1.47478323524028, -1.54318218608619, -1.60342083673678, -1.65560987154377, -1.69987333662458, -1.73634845838558, -1.7651835761981, -1.78653937431802, -1.80059027254166, -1.80752293468324, -1.80753426884102, -1.80083222674758, -1.78763498926872, -1.76816808876228, -1.74266347357235, -1.71135842610178, -1.6744930209458, -1.63230799425099, -1.5850432247853, -1.53293610389602, -1.47621936200893, -1.41511940771425, -1.34985519722224, -1.28063688200889, -1.20766485336081, -1.13112898195405, -1.05120813684095, -0.968070206419074, -0.881872377506245, -0.79276173722249, -0.700876109812613, -0.606344935410194, -0.509290190379542, -0.409827348621513, -0.308066383265289, -0.204112808199727, -0.0980687589245824, 0.00996588777640867, 0.01, -0.162288635178692, -0.325673614414616, -0.480184209968799, -0.625852725312344, -0.762715413128159, -0.89081216572116, -1.01018733569109, -1.1208905644804, -1.22297760278314, -1.31651106109809, -1.40156239502951, -1.47821374123971, -1.54655740357057, -1.60669547271046, -1.65874091550898, -1.7028203266664, -1.73907369875345, -1.76765235979428, -1.78872026165367, -1.80245536565439, -1.80904808936918, -1.80869934346098, -1.80162131548986, -1.78803658421035, -1.76817521895972, -1.74227385044738, -1.7105745523566, -1.67332223769917, -1.63076251047183, -1.58314010625356, -1.53069721586064, -1.47367127722391, -1.41229328896262, -1.34678665262343, -1.27736578988766, -1.20423517094184, -1.12758853860552, -1.0476084179512, -0.964466136700911, -0.878322110559012, -0.789326457078509, -0.697619850166268, -0.603334417117885, -0.506594677798057, -0.407518525325813, -0.306218247661626, -0.202801589526286, -0.0973728541092685, 0.00996595595312094
0, 0, 0, 0, 0, 0, 0, 0, 0, 0, 0, 0, 0, 0, 0, 0, 0, 0, 0, 0, 0, 0, 0, 0, 0, 0, 0, 0, 0, 0, 0, 0, 0, 0, 0, 0, 0, 0, 0, 0, 0, 0, 0, 0, 0, 0, 0, 0, 0, 0, 0, -0.304216857403837, -0.595774783368037, -0.874672721554091, -1.14090961470362, -1.39448440463742, -1.63539603225461, -1.86364343753183, -2.07922555952257, -2.28214133635665, -2.47238970523975, -2.64996960245315, -2.81487996335362, -2.96711972237347, -3.10668781302075, -3.23358316787968, -3.34780471861127, -3.44935139595404, -3.53822212972508, -3.61441584882119, -3.67793148122021, -3.72876795398261, -3.76692419325313, -3.79239912426265, -3.80519167133017, -3.8053007578649, -3.79272530636845, -3.76746423843708, -3.72951647476402, -3.67888093514176, -3.6155565384644, -3.53954220272993, -3.45083684504243, -3.34943938161426, -3.2353487277681, -3.10856379793881, -2.96908350567527, -2.81690676364197, -2.65203248362044, -2.47445957651048, -2.28418695233126, -2.08121352022212, -1.86553818844327, -1.6371598643762, -1.39607745452395, -1.14228986451119, -0.875795999084049, -0.59659476210984, -0.304685056576607, -6.57845925042255e-05, 0, -0.304029086620989, -0.595423012948926, -0.874180183808765, -1.14029896975852, -1.3937776927181, -1.63461461889152, -1.86280794774984, -2.07835579637325, -2.28125619901431, -2.47150710129697, -2.64910634683787, -2.81405168852462, -2.96634078989413, -3.10597123254684, -3.23294051958124, -3.34724608780156, -3.4488853157897, -3.5378555417736, -3.614154072553, -3.67777820346147, -3.72872522932324, -3.76699246575047, -3.79257732062779, -3.8054772527245, -3.80568978956114, -3.79321260782881, -3.7680434742324, -3.73018025487891, -3.67962091825125, -3.61636353892129, -3.54040637464837, -3.45174778723093, -3.35038623660836, -3.23632027822357, -3.10954855289602, -2.97006978293619, -2.81788275984519, -2.65298634029019, -2.47537940862661, -2.28506087496523, -2.08202964849684, -1.86628463753337, -1.63782474950849, -1.39664889097799, -1.14275596761998, -0.876144884234854, -0.596814544745113, -0.304763852195019, 8.29124994206065e-06, 0, -0.303614364844752, -0.594643479762073, -0.873084650097756, -1.13893507899945, -1.3921918237722, -1.63285177439354, -1.86091162005188, -2.07636780157437, -2.2792165101097, -2.469453669509, -2.64707489567763, -2.81207553088808, -2.96445064797927, -3.10419507284672, -3.2313033948782, -3.34577000408262, -3.44758911561788, -3.53675482403165, -3.61326113037299, -3.67710200285222, -3.72827141011921, -3.76676338592323, -3.7925722462512, -3.80569246358267, -3.80611872114054, -3.7938461571556, -3.76887018513919, -3.73118652238249, -3.68079119899516, -3.61768056917287, -3.54185154535675, -3.45330135781041, -3.35202753672352, -3.23802790419351, -3.11130054346237, -2.9718437871115, -2.81965617971393, -2.65473646560869, -2.47708347504978, -2.28669611833405, -2.08357330475641, -1.86771394273345, -1.63911693980436, -1.39778120263147, -1.14370563700078, -0.876889147822111, -0.597330639129163, -0.305029014079349, 1.68250465611419e-05, 0, -0.303201024229779, -0.593866586532103, -0.871992893041231, -1.13757598001515, -1.39061164102695, -1.63109539114628, -1.85902241110912, -2.07438746791097, -2.27718491262816, -2.46740865102019, -2.64505207567939, -2.81010812340972, -2.9625692822626, -3.1024276289911, -3.22967484647058, -3.34430228576176, -3.44630100706072, -3.53566187012643, -3.61237557952083, -3.67643278588568, -3.72782414146832, -3.76654040794707, -3.79257281875256, -3.8059128691994, -3.80655240697409, -3.79448403969628, -3.76970083495473, -3.73219636783571, -3.68196473602577, -3.61900057860469, -3.54329946672177, -3.45485750241043, -3.35367128878565, -3.23973791665783, -3.11305491321136, -2.97362022230806, -2.82143214221496, -2.65648930520884, -2.47879048756732, -2.28833459977317, -2.08512055122537, -1.86914725044519, -1.64041360507728, -1.39891852189053, -1.14466090677878, -0.87763966476126, -0.597853699982821, -0.305301915713992, 1.67856492291341e-05, 0, -0.302788765646947, -0.593091740469866, -0.870904031658617, -1.13622050910093, -1.38903570351849, -1.62934375638771, -1.85713834181684, -2.07241255538346, -2.27515891111324, -2.46536930034286, -2.64303489673478, -2.80814623675298, -2.96069322955036, -3.10066520927565, -3.22805095946264, -3.34283880004025, -3.44501664467099, -3.53457212718015, -3.61149266486698, -3.67576560031815, -3.72737827910735, -3.76631820058973, -3.79257352493788, -3.80613277938325, -3.8069849847953, -3.79512022599328, -3.77052923187813, -3.73320344190866, -3.68313502726767, -3.62031691715118, -3.54474334542121, -3.45640928916714, -3.35531042708892, -3.24144312075577, -3.1148043428049, -2.97539164938123, -2.82320309306357, -2.65823719433019, -2.48049267560647, -2.28996844756087, -2.08666341969647, -1.8705765006392, -1.64170659813919, -1.40005261907188, -1.14561346943895, -0.878388054369005, -0.598375278118058, -0.305574044069718, 1.67452648092148e-05, 0, -0.302377585384717, -0.592318934536735, -0.869818055968221, -1.13486865371497, -1.38746399652577, -1.62759685359527, -1.85525939422397, -2.07044304497905, -2.27313848584899, -2.46333559740644, -2.64102333875476, -2.80618985113163, -2.95882247066312, -3.09890779541192, -3.22643171671882, -3.34137953117266, -3.4437360143035, -3.53348558282884, -3.61061237597872, -3.67510043776591, -3.72693381678593, -3.76609675978466, -3.79257436294188, -3.80635219445535, -3.80741645706602, -3.79575472057542, -3.77135538240582, -3.73420775294284, -3.68430208276409, -3.62162959639573, -3.54618319440323, -3.45795673220709, -3.356944966743, -3.24314353236518, -3.11654884865608, -2.97715808504335, -2.82496904903347, -2.65998014956923, -2.48219005534745, -2.2915976772221, -2.08820192480037, -1.87200170681287, -1.64299593111518, -1.40118350468929, -1.14656333364473, -0.879134323219476, -0.598895377780664, -0.305845400824975, 1.6705021207597e-05, 0, -0.301967479878105, -0.591548161977774, -0.868734956399774, -1.13352040184523, -1.38589650596645, -1.62585466698466, -1.85338555120802, -2.06847891859447, -2.27112361810082, -2.46130752318437, -2.63901738274796, -2.80423894790198, -2.95695698760007, -3.0971553703176, -3.22481710232895, -3.33992446465012, -3.44245910305297, -3.53240222594428, -3.60973470364772, -3.67443729105143, -3.72649074943523, -3.76587608261603, -3.79257533201343, -3.80657111580916, -3.80784682727352, -3.79638752894545, -3.77217929395225, -3.73520931013785, -3.68546591335275, -3.62293862864907, -3.54761902727289, -3.4594998462401, -3.3585749233642, -3.24483916779969, -3.11828844755754, -2.97891954634474, -2.82673002720946, -2.66171818782123, -2.4838826432717, -2.29322230460016, -2.08973608151793, -1.87342288286025, -1.64428161658821, -1.40231118979033, -1.14751050868395, -0.879878478616439, -0.599414004066035, -0.306115988642467, 1.6664912728781e-05, 0, -0.301558445582625, -0.590779416077766, -0.867654723440652, -1.13217574155391, -1.38433321784784, -1.6241171808753, -1.85151679576292, -2.06652015825435, -2.26911428927212, -2.45928505879686, -2.63701700987717, -2.80229350858049, -2.95509676252517, -3.09540791707829, -3.22320710055243, -3.33847358613344, -3.44118589818235, -3.53132204556336, -3.60885963882597, -3.67377615315092, -3.72604907213171, -3.76565616630295, -3.79257643152399, -3.80678954494616, -3.80827609899638, -3.7970186566784, -3.77300097398273, -3.73620812272025, -3.68662652987177, -3.62424402619305, -3.54905085757432, -3.46103864588017, -3.36020031243528, -3.24653004320308, -3.12002315610176, -2.98067605011115, -2.82848604443328, -2.66345132572589, -2.48557045559846, -2.29484234527542, -2.09126590457219, -1.87484004242871, -1.64556366691152, -1.40343568521567, -1.14845500366635, -0.88062052772027, -0.599931161966769, -0.3063858101286, 1.66249375766481e-05, 0, -0.301150478968408, -0.59001269014921, -0.866577347617537, -1.13083466095262, -1.38277411823519, -1.62238437965162, -1.84965311095325, -2.06456674605811, -2.2671104808438, -2.45726818544297, -2.63502220138402, -2.80035351476113, -2.95324177767732, -3.09366541885085, -3.22160169571511, -3.33702688134414, -3.43991638700863, -3.53024503076963, -3.60798717250412, -3.67311701707075, -3.72560877997315, -3.76543700807679, -3.79257766084817, -3.807007483362, -3.80870427579854, -3.79764810932616, -3.77382042993143, -3.73720419987793, -3.68778394311373, -3.62554580125788, -3.55047869879464, -3.46257314567977, -3.36182114937369, -3.24821617465104, -3.12175299081119, -2.98242761309729, -2.83023711747551, -2.66517957985254, -2.48725350847829, -2.29645781476217, -2.09279140862371, -1.87625319910752, -1.64684209438563, -1.40455700175961, -1.14939682766247, -0.881360477660262, -0.600446856453412, -0.306654867877675, 1.65850951885926e-05, 0, -0.300743576520096, -0.589247977532125, -0.86550281949614, -1.12949714820202, -1.38121919325132, -1.62065624776266, -1.84779447991376, -2.06261866417945, -2.26511217437377, -2.45525688440003, -2.6330329385884, -2.79841894811482, -2.95139201536981, -3.09192785886283, -3.2200008722088, -3.33558433606394, -3.43865055690244, -3.52917117069298, -3.60711729571119, -3.67245987584723, -3.7251698680785, -3.76521860518113, -3.79257901936376, -3.80722493254654, -3.80913136122945, -3.79827589241776, -3.77463766920167, -3.73819755076053, -3.68893816382623, -3.6268439660227, -3.55190256436462, -3.4641033601305, -3.3634374495324, -3.24989757815198, -3.12347796813912, -2.9841742519877, -2.83198326303652, -2.6669029667011, -2.4889318179941, -2.29806872850973, -2.09431260827163, -1.87766236642907, -1.64811691125956, -1.40567515017121, -1.15033598970483, -0.882098335535827, -0.600961092475672, -0.306923164473111, 1.65453850252129e-05, 0, -0.300337734736775, -0.588485271593918, -0.864431129681009, -1.12816319151155, -1.3796684290763, -1.61893276972174, -1.845940885849, -2.06067589486597, -2.26311935149649, -2.4532511370233, -2.63104920288806, -2.79648979038907, -2.94954745799002, -3.09019522041218, -3.21840461449095, -3.33414593613455, -3.43738839528784, -3.5281004545094, -3.6062499995144, -3.67180472254651, -3.7247323315878, -3.76500095487172, -3.79258050645174, -3.80744189398395, -3.80955735882413, -3.79890201145945, -3.77545269916611, -3.73918818447971, -3.69008920271212, -3.62813853261587, -3.55332246765897, -3.46562930366343, -3.36504922820026, -3.25157426964742, -3.12519810447007, -2.9859159833972, -2.83372449774684, -2.66862150270252, -2.49060540016158, -2.29967510190283, -2.09582951805402, -1.87906755786911, -1.64938812973109, -1.40679014115457, -1.1512724987882, -0.882834108416684, -0.601473874962554, -0.307190702487517, 1.65058065493828e-05, 0, -0.29993295013189, -0.587724565729231, -0.863362268815314, -1.12683277913916, -1.37812181194718, -1.61721393010607, -1.84409231203294, -2.05873842043877, -2.26113199392262, -2.45125092474549, -2.6290709757582, -2.79456602340748, -2.9477080879989, -3.08846748686678, -3.21681290708426, -3.33271166745722, -3.43612988964192, -3.52703287144065, -3.60538527501889, -3.67115155026428, -3.724296165662, -3.76478405441633, -3.79258212149616, -3.80765836915262, -3.80998227210322, -3.79952647193479, -3.77626552716687, -3.74017611010921, -3.69123707042964, -3.62942951311517, -3.55473842199656, -3.46715099064939, -3.36665650060221, -3.25324626501225, -3.12691341612008, -2.98765282387115, -2.8354608381675, -2.67033520421907, -2.49227427092945, -2.30127695026186, -2.0973421524482, -1.88046878684709, -1.65065576194699, -1.40790198536906, -1.15220636386971, -0.883567803342992, -0.601985208822456, -0.307457484482755, 1.64663592169823e-05, 0, -0.299529218921662, -0.586965852761667, -0.862296226720781, -1.12550589829441, -1.37657932684899, -1.61549971206072, -1.84224874015071, -2.05680622149689, -2.25915008153102, -2.4492562270813, -2.62709823669339, -2.79264762697402, -2.94587388582245, -3.08674463956799, -3.21522573251717, -3.33128151399514, -3.43487502558394, -3.52596840895512, -3.60452311170509, -3.67050035062466, -3.7238613641681, -3.76456789999114, -3.79258386301319, -3.80787435890466, -3.81040610422078, -3.80014927923862, -3.77707616075349, -3.7411613372448, -3.69238177849212, -3.6307169207764, -3.55615044215859, -3.46866843716714, -3.36825928387819, -3.25491358220479, -3.1286239216185, -2.98938479225953, -2.83719230321691, -2.67204408998462, -2.49393844859372, -2.30287429119168, -2.09885052811451, -1.88186606882554, -1.65191982191868, -1.4090106951216, -1.15313759529853, -0.884299428452818, -0.602495099729025, -0.307723513414731, 1.64270581810011e-05, 0, -0.29912653839734, -0.586209127558182, -0.861232996124205, -1.1241825398472, -1.37504096307652, -1.61379010358465, -1.84041015718115, -2.05487928427001, -2.257173600067, -2.44726702954885, -2.62513097123234, -2.79073458688478, -2.94404483773784, -3.08502666548315, -3.21364307863979, -3.32985546465566, -3.43362379323301, -3.52490705851692, -3.60366350249294, -3.66985111809075, -3.72342792317575, -3.76435248931134, -3.79258573037518, -3.80808986425448, -3.81082885779626, -3.8007704375387, -3.77788460556721, -3.7421438729102, -3.69352333520033, -3.63200076505022, -3.55755853859986, -3.47018165452238, -3.36985759002558, -3.25657623375043, -3.13032963385188, -2.99111190164124, -2.83891890599619, -2.6737481729519, -2.49559794578788, -2.30446713683568, -2.10035465653543, -1.88325941445513, -1.65318031929419, -1.41011627888678, -1.15406620020493, -0.88502898936125, -0.603003551611335, -0.307988791355654, 1.6387858943312e-05, 0, -0.29872326321042, -0.585451237963786, -0.860168056605765, -1.12285695365355, -1.37349987930031, -1.6120773106985, -1.83856795502615, -2.05294832506625, -2.25519272876196, -2.44527311281005, -2.62315869996272, -2.788816302134, -2.94221035960991, -3.08330313579243, -3.21205481037087, -3.32842381649541, -3.43236706015669, -3.52384039654949, -3.60279887097671, -3.66919726171154, -3.72299037544024, -3.76413361705738, -3.79258491837517, -3.80830361826437, -3.81125094228803, -3.80139202825407, -3.7786944679316, -3.74312870126968, -3.69466795547529, -3.63328834451312, -3.55897094643812, -3.47169966724923, -3.37146108586137, -3.25824438160921, -3.13204106277892, -2.99284486282616, -2.84065141101712, -2.6754581241845, -2.49726319297688, -2.30606552990966, -2.10186404552707, -1.88465764950177, -1.65444525063861, -1.41122575687827, -1.15499807530054, -0.885761112127325, -0.603513772725204, -0.308254961607552, 1.64175638071029e-05, 0, -0.298321039537327, -0.584695337924545, -0.859105931474241, -1.12153489397774, -1.37196292233238, -1.61036913435355, -1.83673075036647, -2.05102263788439, -2.253217300519, -2.44328471025545, -2.62119191834175, -2.7869033918195, -2.94038105574427, -3.08158450156833, -3.21047108709917, -3.32699629875719, -3.43111398697621, -3.52277687656158, -3.60193682504496, -3.66854540522918, -3.72255422201132, -3.76391552301972, -3.79258426695625, -3.80851692242061, -3.81167198209489, -3.80201200304632, -3.77950217416432, -3.74411087065814, -3.69580945701425, -3.63457239355562, -3.56037946407704, -3.47321348507514, -3.37306013973989, -3.25990790005967, -3.13374773589558, -2.99457300381809, -2.84237909408002, -2.67716331456729, -2.49892380341781, -2.30765947333065, -2.10336923495416, -1.88605199806564, -1.65570667157541, -1.41233216353062, -1.15592738111884, -0.886491230671244, -0.604022617665388, -0.30852044672753, 1.63783655599548e-05, 0, -0.297919862931769, -0.583941418894298, -0.858046608429603, -1.1202163451108, -1.37043007339785, -1.60866555304879, -1.83489851931036, -2.04910219677115, -2.25124728764464, -2.44130179276293, -2.61923059611823, -2.78499582484631, -2.93855689447064, -3.07987073081463, -3.20889187673046, -3.32557287945297, -3.42986454198771, -3.52171646728358, -3.60107733398262, -3.66789551857244, -3.72211943351884, -3.76369817855399, -3.79258374819321, -3.80872974948001, -3.8120919505888, -3.80263033580737, -3.78030769855575, -3.74509035562084, -3.69694781445381, -3.63585288672488, -3.56178406578066, -3.47472308177676, -3.37465472473764, -3.26156676125912, -3.13544962421636, -2.99629629426211, -2.84410192323222, -2.67886371032066, -2.50057974127463, -2.3092489289767, -2.10487018417932, -1.88744241676446, -1.65696453574788, -1.41343544928323, -1.15685406466584, -0.887219288336125, -0.604530025882624, -0.30878518204445, 1.63392867070788e-05, 0, -0.297519729957453, -0.583189474362639, -0.85699007824911, -1.11890129547839, -1.36890131892949, -1.60696655157978, -1.83307124536729, -2.047186984295, -2.24928267210351, -2.43932434202075, -2.61727471501961, -2.78309358328231, -2.93673785848192, -3.07816180711475, -3.20731716398293, -3.32415354465618, -3.42861871281442, -3.52065915805515, -3.60022038898282, -3.66724759489411, -3.72168600514957, -3.76348158092279, -3.7925833614353, -3.80894210085874, -3.81251085120367, -3.80324703191139, -3.78111104831683, -3.74606716507986, -3.69808303828176, -3.63712983591181, -3.56318476466761, -3.47622847151445, -3.37624485586231, -3.26322098086185, -3.13714674383693, -2.99801475048712, -2.84581991482581, -2.68055932760791, -2.50223102230827, -2.31083391199277, -2.10636690751797, -1.8888289188705, -1.65821885517158, -1.41453562468133, -1.15777813480284, -0.887945292085775, -0.605036002229623, -0.309049170086337, 1.63003375007742e-05, 0, -0.297120637195804, -0.582439497852897, -0.855936331758051, -1.11758973356678, -1.36737664543161, -1.6052721148228, -1.83124891213497, -2.04527698311849, -2.2473234359586, -2.43735233981816, -2.61532425687538, -2.78119664929706, -2.93492393057081, -3.07645771414874, -3.20574693366686, -3.32273828052672, -3.42737648715928, -3.51960493828794, -3.59936598130215, -3.6666016274012, -3.72125393213466, -3.76326572742293, -3.79258310605541, -3.80915397798595, -3.8129286873757, -3.80386209672433, -3.7819122306399, -3.74704130792865, -3.69921513894766, -3.63840325295998, -3.56458157380056, -3.47772966838462, -3.37783054805023, -3.26487057444406, -3.13883911076882, -2.99972838873244, -2.84753308511861, -2.68225018249483, -2.50387766218107, -2.31241443742634, -2.10785941919133, -1.89021151756734, -1.65946964178102, -1.41563270019899, -1.15869960033207, -0.888669248839184, -0.605540551530735, -0.309312413371503, 1.62615170647418e-05, 0, -0.296722581243948, -0.581691482918237, -0.854885359824142, -1.11628164791568, -1.36585603947145, -1.603582227725, -1.82943150328847, -2.04337217598643, -2.24536956135859, -2.43538576803211, -2.61337920360336, -2.77930500514768, -2.93311509361555, -3.07475843567888, -3.20418117067041, -3.32132707329687, -3.42613785279118, -3.51855379745229, -3.5985141022479, -3.66595760934283, -3.72082320973832, -3.76305061537485, -3.79258298144051, -3.8093653822952, -3.81334546253586, -3.8044755355974, -3.78271125269338, -3.74801279302792, -3.70034412685991, -3.63967314966389, -3.56597450618582, -3.47922668642059, -3.37941181616856, -3.26651555750735, -3.14052674094418, -3.00143722515396, -2.84924145028161, -2.68393629095815, -2.50551967646582, -2.3139905202366, -2.10934773333531, -1.89159022595789, -1.66071690743645, -1.4167266862441, -1.15961846999938, -0.889391165470458, -0.60604367857865, -0.309574914401535, 1.62228245990104e-05, 0, -0.296325558712882, -0.580945423138137, -0.853837153352408, -1.11497702711172, -1.36433948767126, -1.6018968752953, -1.82761900256989, -2.04147254571466, -2.24342103052576, -2.43342460861443, -2.61143953719623, -2.77741863316487, -2.93131133056553, -3.0730639555351, -3.20261985994481, -3.31991990925653, -3.42490279753036, -3.51750572506292, -3.59766474316414, -3.66531553399685, -3.72039383324514, -3.7628362421108, -3.79258298698072, -3.80957631521464, -3.81376118010138, -3.80508735386005, -3.7835081216163, -3.7489816292019, -3.70147001238397, -3.64093953776934, -3.5673635747759, -3.48071953959757, -3.38098867502286, -3.26815594548905, -3.14220965022908, -3.00314127584053, -2.85094502641869, -2.6856176689083, -2.50715708067068, -2.31556217532061, -2.11083186402704, -1.89296505709056, -1.66196066394875, -1.41781759318117, -1.16053475251412, -0.890111048824966, -0.606545388145933, -0.309836675667378, 1.61842595979844e-05, 0, -0.295929566227388, -0.580201312118208, -0.852791703284935, -1.11367585978806, -1.36282697670797, -1.60021604260394, -1.82581139378794, -2.03957807518948, -2.24147782575543, -2.43146884359123, -2.6095052397209, -2.77553751575234, -2.92951262444074, -3.07137425761444, -3.20106298650387, -3.31851677475274, -3.42367130924793, -3.51646071067842, -3.59681789543129, -3.66467539466947, -3.71996579795971, -3.76262260497453, -3.79258312206911, -3.80978677816687, -3.81417584347561, -3.80569755681986, -3.78430284451828, -3.74994782523838, -3.70259280584242, -3.64220242897344, -3.5687487924696, -3.48220824183283, -3.3825611393573, -3.2697917537625, -3.14388785442384, -3.0048405568143, -2.85264382956696, -2.68729433218972, -2.50878989023948, -2.31712941751366, -2.1123118252853, -1.89433602395969, -1.66320092307984, -1.41890543133178, -1.16144845654955, -0.890828905719702, -0.607045684985371, -0.310097699649662, 1.614582153453e-05, 0, -0.295534600884176, -0.57945914433719, -0.851749001767404, -1.11237813604119, -1.36131849491081, -1.59853971649178, -1.82400866256956, -2.03768874909238, -2.23953993104436, -2.42951845652567, -2.6075762945853, -2.77366163646587, -2.92771895923148, -3.06968932660976, -3.19951053599016, -3.31711765660166, -3.42244337613203, -3.51541874403, -3.59597355046573, -3.66403718457412, -3.71953909897316, -3.76240970098381, -3.79258338566859, -3.80999677204858, -3.8145894554488, -3.80630614909279, -3.78509542774762, -3.75091138910299, -3.70371251668383, -3.64346183405652, -3.57013017121522, -3.48369280606851, -3.38412922292549, -3.27142299670421, -3.14556136833488, -3.00653508311575, -2.85433787480329, -2.68896629571728, -2.51041811972636, -2.31869226081041, -2.11378763034659, -1.89570313884487, -1.66443769595369, -1.41999021046556, -1.16235959032224, -0.89154474261948, -0.60754457361128, -0.310357988713486, 1.61074932504834e-05, 0, -0.295140660014862, -0.578718914722311, -0.850709041586307, -1.11108384677967, -1.35981403157157, -1.59686788489245, -1.82221079574514, -2.03580455340034, -2.2376073317594, -2.42757343240961, -2.60565268666038, -2.77179098032635, -2.9259303203653, -3.06800914859565, -3.19796249534736, -3.31572254281759, -3.42121898744656, -3.51437981578578, -3.59513170046847, -3.66340089754623, -3.71911373182875, -3.76219752743446, -3.79258377684458, -3.81020629768488, -3.81500201856953, -3.80691313488943, -3.78588587709212, -3.75187232805623, -3.70482915351916, -3.64471776284236, -3.57150772190025, -3.48517324409723, -3.385692938259, -3.27304968741292, -3.14723020545232, -3.00822486844784, -2.85602717586337, -2.69063357307864, -2.51204178238991, -2.32025071795931, -2.11525929126815, -1.89706641293106, -1.66567099270193, -1.42107193947975, -1.16326816131396, -0.892258565409528, -0.608042058131293, -0.310617545007822, 1.60692654985195e-05, 0, -0.294747740276434, -0.577980616940269, -0.849671813770375, -1.10979298074555, -1.35831357349499, -1.59520053301967, -1.82041777727932, -2.03392547116482, -2.23568001036716, -2.4256337534435, -2.60373439818736, -2.76992552990856, -2.924146691027, -3.06633370762485, -3.19641884973327, -3.31433141987747, -3.41999813117631, -3.5133439156, -3.59429233689599, -3.66276652694732, -3.71868969186481, -3.76198608168189, -3.79258429497965, -3.81041535646591, -3.81541353618724, -3.80751851944288, -3.78667419956744, -3.75283065077384, -3.70594272654242, -3.64597022688473, -3.57288145726722, -3.486649569669, -3.38725229992585, -3.274671841079, -3.14889438138878, -3.00990992864251, -2.85771174859374, -2.69229617992951, -2.51366089348918, -2.32180480361701, -2.11672682189844, -1.89842585905275, -1.66690082493931, -1.42215062856353, -1.1641741780826, -0.892970380810636, -0.608538143223328, -0.310876370961938, 1.60311634401222e-05, 0, -0.294355653669851, -0.577243908672471, -0.848636855360549, -1.10850498801737, -1.35681651747336, -1.5935370380526, -1.8186289984068, -2.03205094133891, -2.23375746922743, -2.42369898319543, -2.60182105170209, -2.7680649644616, -2.9223678049081, -3.06466278954202, -3.19487943483572, -3.31294417097933, -3.41878073567132, -3.51231101458954, -3.59345547121822, -3.66213412215663, -3.71826706389536, -3.76177548146901, -3.7925850882096, -3.8106241243549, -3.81582420949867, -3.80812252656139, -3.78746063894551, -3.75378661832219, -3.70705351142602, -3.64721951375713, -3.57425167407328, -3.48812208599702, -3.38880761485942, -3.2762897656141, -3.1505542022879, -3.01159056532624, -2.85939188735275, -2.69395440060844, -2.51527572459099, -2.32335477382659, -2.11819046000481, -1.89978169394961, -1.66812738562579, -1.42322644414525, -1.16507777777285, -0.893680293931873, -0.609032899208846, -0.311134499357704, 1.60006967755977e-05, 0, -0.293964582566617, -0.576509121575769, -0.847604614212545, -1.1072203995624, -1.3553234444966, -1.59187799791248, -1.81684504088527, -2.03018149641693, -2.23184017646917, -2.42176952823351, -2.59991299503693, -2.76620957589542, -2.92059390079585, -3.0629965827959, -3.19334439153163, -3.31156089217554, -3.4175668548854, -3.51128112731272, -3.59262108127676, -3.66150362695253, -3.71784576026284, -3.76156561030314, -3.79258601378199, -3.81083243489019, -3.81623385085942, -3.80872494989182, -3.78824497258773, -3.75473999418266, -3.70816126016071, -3.64846536633521, -3.5756181084442, -3.48959052481392, -3.39035861274918, -3.2779031910095, -3.15220940078413, -3.01326651611558, -2.86106733707668, -2.69560798970843, -2.51688604228176, -2.32490040950463, -2.11965000317073, -1.9011337342087, -1.66935051268879, -1.42429924782935, -1.16597884800293, -0.894388220741985, -0.609526272743833, -0.311391909875072, 1.59628248641019e-05, 0, -0.293574523205389, -0.575776248488808, -0.846575080125924, -1.10593920250103, -1.35383433936394, -1.59022339543232, -1.81506588593214, -2.0283171163454, -2.22992811110502, -2.41984536696399, -2.59801020630753, -2.76435934233687, -2.91882495711395, -3.06133506637428, -3.19181369961963, -3.31018156429948, -3.41635647088551, -3.51025423724209, -3.59178915209331, -3.66087502801977, -3.71742576939833, -3.76135645841383, -3.79258706374708, -3.81104028193575, -3.81664245591184, -3.80932578679293, -3.78902719948254, -3.75569077886548, -3.70926597465159, -3.64970778777551, -3.57698076463222, -3.49105489130167, -3.39190529953281, -3.27951212377842, -3.15385998378174, -3.01493778811857, -2.86273810488819, -2.69725695417696, -2.51849185314366, -2.32644171667783, -2.12110545667732, -1.90248198417543, -1.67057020934786, -1.4253690415194, -1.1668773891703, -0.895094159942151, -0.610018260643073, -0.311648597252294, 1.59250761173069e-05, 0, -0.293185473046565, -0.575045284603938, -0.845548246296139, -1.10466138830195, -1.35234919208552, -1.58857321942894, -1.81329152143178, -2.0264577883312, -2.22802125991172, -2.41792648597128, -2.59611267213216, -2.7625142506503, -2.91706096116897, -3.05967822820387, -3.19028734780391, -3.30880617696746, -3.41514957430979, -3.50923033612065, -3.59095967662477, -3.66024831966288, -3.71700708705728, -3.76114802307976, -3.79258823694933, -3.81124766591527, -3.81705002664415, -3.80992504077609, -3.78980732459863, -3.75663897870969, -3.71036766250214, -3.65094678682361, -3.57833965239036, -3.49251519607607, -3.393447686536, -3.28111657579761, -3.15550596354536, -3.01660439382162, -2.86440420332772, -2.69890130644, -2.52009316931937, -2.32797870703678, -2.12255683159423, -1.90382645412969, -1.67178648492431, -1.42643583340933, -1.16777340817269, -0.895798116965085, -0.610508866705432, -0.311904563485574, 1.58874258162633e-05, 0, -0.292796179172504, -0.574313820558615, -0.844520643388228, -1.10338252412952, -1.35086270279538, -1.58692139947416, -1.81151520285865, -2.02459619021188, -2.22611181954455, -2.41600469717599, -2.59421191613552, -2.76066563259301, -2.91529314926723, -3.05801730554275, -3.1887566706818, -3.30742625848662, -3.41393798352713, -3.50820162871107, -3.59012534233979, -3.65961676834794, -3.71658365497175, -3.76093501754421, -3.79258511436606, -3.81145113174095, -3.81745416808285, -3.81052147314144, -3.79058536165038, -3.75758595596861, -3.7114691306148, -3.65218671112885, -3.57970061241798, -3.49397858107671, -3.3949940252237, -3.28272571633793, -3.15715723542903, -3.0182767629371, -2.86607640473981, -2.7005519697475, -2.52170087323725, -2.32952203046122, -2.12401435352553, -1.90517675367279, -1.67300814128957, -1.42750742591354, -1.16867351624029, -0.89650532012964, -0.611001744611293, -0.312161695889703, 1.59206518370314e-05, 0, -0.292407893928559, -0.57358426480397, -0.843495739719319, -1.10210704192667, -1.34938017082125, -1.58527400603828, -1.8097436755816, -2.02273964600838, -2.22420759642685, -2.41408819314993, -2.59231642077865, -2.75882216424913, -2.91353029484172, -3.05636107288896, -3.18723034752146, -3.30605029658731, -3.41272989840753, -3.50717593068408, -3.58929348435308, -3.65898713225776, -3.71616155799644, -3.76072275691638, -3.79258214492243, -3.81165416569429, -3.81785730738533, -3.81111635542169, -3.79136133002659, -3.75853038135106, -3.71256760446711, -3.65342324437263, -3.58105783425346, -3.49543793389252, -3.39653609332057, -3.28433040533951, -3.15880393366418, -3.01994449606092, -2.86774396815634, -2.70219805363826, -2.5233041170136, -2.33106107371559, -2.12546783595445, -1.90652331507744, -1.67422642157655, -1.42857606509586, -1.16957115443864, -0.897210597573802, -0.611493301641811, -0.312418172959723, 1.58829745767752e-05, 0, -0.292020613845469, -0.57285661069488, -0.84247352576143, -1.10083492957453, -1.34790158174348, -1.58363102268795, -1.80797692143635, -2.02088813610237, -2.2223085697555, -2.41217695216501, -2.59042616365669, -2.7569838227714, -2.91177237482116, -3.05470950714733, -3.18570835538363, -3.30467826864342, -3.41152529677042, -3.50615322041059, -3.58846408166479, -3.65835939107012, -3.71574077650487, -3.7605112222529, -3.79257931031606, -3.81185675004285, -3.81825942729009, -3.81170967070095, -3.79213521300719, -3.75947223816217, -3.71366306719988, -3.65465636932573, -3.58241130007809, -3.49689323588437, -3.39807387112802, -3.28593062179932, -3.16044603569403, -3.02160756883043, -2.86940686715499, -2.70383952937568, -2.52490286934268, -2.3325958026701, -2.12691724167228, -1.90786609780115, -1.67544128165409, -1.42964170298161, -1.17046627069461, -0.897913892871136, -0.611983476762373, -0.312673928797961, 1.58454096474969e-05, 0, -0.291634335661471, -0.572130852052088, -0.841453992761676, -1.09956617608946, -1.3464269226886, -1.58199243499787, -1.80621492477942, -2.01904164395999, -2.22041472242648, -2.41027095685788, -2.58854112744616, -2.75515059116168, -2.91001937280217, -3.05306259276066, -3.18419067978837, -3.30331016146086, -3.4103241668915, -3.50513348779356, -3.58763712593463, -3.65773353830172, -3.71532130594086, -3.7603004109642, -3.79257660993408, -3.81205888613183, -3.8186605310539, -3.81230142407481, -3.79290701742962, -3.76041153486338, -3.71475552876205, -3.65588609727181, -3.58376102234387, -3.4983445004947, -3.39960737289311, -3.28752638057718, -3.16208355679509, -3.02326599673987, -2.87106511724706, -2.70547641228678, -2.52649714516555, -2.33412623167821, -2.1283625842432, -1.9092051144171, -1.67665273290272, -1.43070434955698, -1.17135887339843, -0.898615212614177, -0.612472274566159, -0.31292896579657, 1.58079675983136e-05, 0, -0.291249056127831, -0.571406982721039, -0.840437132002201, -1.09830077053182, -1.34495618083481, -1.5803582286007, -1.80445767003029, -2.01720015311407, -2.21852603740491, -2.40837018993547, -2.58666129489387, -2.75332245249092, -2.90827127244827, -3.05142031423537, -3.18267730631514, -3.30194596189989, -3.40912649709495, -3.50411672277798, -3.5868126088573, -3.6571095674968, -3.71490314176799, -3.76009032047253, -3.79257404316748, -3.81226057530241, -3.81906062192184, -3.81289162061983, -3.79367675010533, -3.76134827988372, -3.71584499906424, -3.65711243945097, -3.58510701345471, -3.49979174111416, -3.40113661280808, -3.28911769647597, -3.16371651218554, -3.02491979522463, -2.87271873388534, -2.70710871764125, -2.52808695936798, -2.33565237504089, -2.12980387718257, -1.91054037745423, -1.67786078666411, -1.43176401477554, -1.1722489709147, -0.899314563377776, -0.612959699637423, -0.313183286348371, 1.57706478718378e-05, 0, -0.290864772008911, -0.570684996572016, -0.839422934800377, -1.09703870200622, -1.34348934341225, -1.5787283891874, -1.80270514167178, -2.01536364716447, -2.21664249772536, -2.40647463417538, -2.58478664881729, -2.75149938989958, -2.90652805749019, -3.04978265614177, -3.18116822060303, -3.3005856568752, -3.40793227575351, -3.50310291535076, -3.58599052216229, -3.65648747222682, -3.71448627946918, -3.75988094821145, -3.79257160941047, -3.81246181889092, -3.81945970312627, -3.81348026539225, -3.79444441781827, -3.76228248161802, -3.71693148797677, -3.65833540705754, -3.58644928576396, -3.50123497107868, -3.4026616050072, -3.29070458423801, -3.1653449170213, -3.02656897965694, -2.87436773245939, -2.70873646064626, -2.52967232677473, -2.33717424700053, -2.13124113395036, -1.91187189939011, -1.67906545423341, -1.43282070855001, -1.17313657157371, -0.900011951709772, -0.613445756541549, -0.313436892836285, 1.57334500193729e-05, 0, -0.290481480082073, -0.569964887499956, -0.838411392508526, -1.09577995966118, -1.34202639770259, -1.57710290250675, -1.80095732424947, -2.01353210977751, -2.21476408649128, -2.40458427242527, -2.58291717210388, -2.74968138659692, -2.90478971172516, -3.04814960311335, -3.17966340835005, -3.29922923335535, -3.40674149128783, -3.50209205554022, -3.58517085761338, -3.65586724609, -3.71407071454627, -3.7596722916254, -3.79256930806002, -3.81266261822844, -3.81985777788649, -3.81406736342774, -3.79521002732468, -3.76321414842676, -3.7180150053295, -3.65955501123995, -3.58778785157425, -3.50267420366951, -3.40418236356674, -3.29228705854515, -3.16696878639611, -3.02821356534596, -2.87601212829558, -2.71035965644658, -2.53125326214976, -2.33869186174107, -2.13267436795135, -1.91319969265112, -1.68026674685944, -1.43387444075245, -1.17402168367159, -0.900707384131175, -0.613930449825231, -0.313689787633506, 1.56963735359339e-05, 0, -0.290099177085168, -0.569246649323347, -0.83740249636817, -1.09452453250267, -1.34056733081572, -1.57548175410917, -1.79921420208661, -2.01170552437581, -2.21289078654368, -2.40269908725432, -2.58105284734933, -2.7478684254899, -2.90305621864044, -3.04652113946885, -3.17816285493761, -3.29787667799347, -3.40555413180757, -3.50108413307129, -3.58435360668197, -3.65524888240666, -3.71365644224134, -3.7594643479209, -3.79256713830093, -3.81286297446361, -3.82025484927312, -3.81465291965132, -3.79597358531251, -3.76414328864882, -3.71909556098193, -3.66077126323196, -3.58912272333395, -3.50410945237858, -3.40569890283626, -3.29386513440572, -3.16858813577396, -3.02985356800545, -2.87765193714992, -2.71197832063214, -2.53282978070837, -2.34020523389461, -2.13410359302581, -1.91452377007717, -1.68146467617314, -1.43492522159628, -1.17490431579564, -0.901400867394568, -0.614413784197772, -0.313941973197473, 1.56594214254513e-05, 0, -0.289717859794073, -0.568530275932422, -0.836396237721991, -1.09327240966291, -1.33911213000869, -1.57386492970885, -1.7974757596827, -2.00988387456658, -2.21102258091256, -2.40081906142113, -2.5791936573355, -2.7460604896648, -2.90132756189244, -3.04489724968288, -3.17666654588695, -3.29652797756401, -3.40437018552305, -3.50007913774724, -3.58353876089422, -3.65463237452749, -3.71324345780206, -3.75925711428554, -3.79256509927523, -3.81306288867964, -3.82065092027048, -3.81523693888293, -3.79673509834852, -3.76506991048893, -3.72017316464983, -3.66198417411789, -3.59045391334029, -3.50554073054937, -3.40721123702193, -3.29543882668995, -3.17020298048646, -3.03148900322301, -2.87928717465892, -2.71359246868067, -2.53440189756147, -2.34171437799719, -2.13552882292693, -1.91584414443053, -1.68265925373786, -1.43597306123787, -1.17578447648721, -0.902092408218286, -0.614895764346447, -0.314193451976372, 1.56225926229991e-05, 0, -0.289336813860638, -0.567814419671681, -0.835390716647575, -1.09202121999204, -1.3376580339418, -1.57224935881093, -1.79573869841816, -2.00806371463026, -2.20915595779563, -2.39894069804874, -2.57733620110744, -2.74425435507189, -2.89960077530414, -3.04327530640102, -3.17517227359621, -3.29518137309835, -3.40318831908278, -3.49907613873852, -3.58272576881995, -3.6540175272706, -3.71283189911441, -3.75905103846283, -3.79256392534499, -3.81326335859016, -3.82104722864963, -3.81582087563136, -3.79749621433584, -3.7659958318809, -3.72124978091572, -3.66319583173127, -3.5917836092667, -3.50697030227302, -3.4087216832026, -3.29701048202877, -3.17181567327674, -3.03312220641136, -2.88092013546059, -2.71520433101046, -2.53597175546231, -2.34322132569171, -2.13695195474189, -1.91716255479733, -1.68385203719332, -1.43701931242519, -1.17666329015721, -0.902782879230784, -0.615376987671918, -0.314444522697728, 1.56092780766448e-05, 0, -0.288956751634097, -0.567100424454411, -0.834387827836793, -1.0907733281744, -1.3362077965045, -1.57063810372067, -1.79400630822192, -2.00624848132341, -2.20729441997585, -2.39706748513883, -2.57548387106963, -2.74245323769254, -2.89787881759614, -3.04165793023167, -3.17368223976474, -3.29383861881917, -3.40200986266739, -3.49807606565019, -3.58191518293187, -3.6534045393949, -3.71242163461619, -3.75884568193569, -3.7925628943786, -3.81346340176385, -3.82144255496938, -3.81640329671167, -3.79825530958985, -3.76691926186533, -3.72232347475305, -3.66440418017084, -3.59310965751707, -3.50839593942749, -3.41022796189184, -3.29857779272734, -3.17342390139346, -3.03475088291179, -2.88254856613637, -2.71681171858996, -2.53753725291288, -2.34472408616025, -2.1383711314794, -1.91847730115949, -1.68504150664121, -1.43806265852627, -1.17753966658654, -0.903471439772427, -0.615856886220572, -0.314694913260511, 1.55725796809891e-05, 0, -0.288577157215486, -0.566387322806906, -0.833386216565149, -1.0895270565579, -1.3347594814389, -1.56902903389394, -1.79227632857995, -2.00443584847402, -2.2054356399295, -2.39519715811506, -2.57363452988357, -2.74065519170609, -2.8961599987336, -3.04004371237919, -3.1721953036203, -3.29249882870481, -3.40083417171383, -3.49707850206539, -3.5811068016251, -3.6527934107505, -3.71201285223182, -3.75864140729803, -3.79256253021137, -3.81366368982648, -3.82183770517283, -3.8169851288902, -3.79901341818658, -3.76784132829767, -3.72339545425137, -3.66561049420195, -3.59443338596314, -3.50981900941235, -3.41173146643217, -3.30014216448151, -3.17502906929277, -3.03637642234548, -2.88417382787581, -2.71841595057985, -2.5390996534475, -2.34622385371325, -2.13978746462857, -1.91978939858726, -1.68622856713541, -1.43910388098112, -1.17841425000384, -0.904158583262983, -0.616335789005798, -0.314944774674225, 1.55530893137801e-05, 0, -0.288198542374123, -0.565676074329524, -0.832387226325456, -1.08828406858847, -1.33331500820332, -1.56742426085849, -1.79055099914323, -2.00262811990567, -2.20358192169633, -2.39333195726964, -2.57179029012105, -2.73886213798005, -2.89444598388286, -3.0384340372017, -3.17071258235391, -3.29116286644851, -3.39966187006537, -3.49608384560236, -3.58030080989311, -3.65218412728042, -3.71160535240132, -3.75843784300668, -3.79256230281, -3.81386354772142, -3.8222318726212, -3.81756544736287, -3.79976951055102, -3.76876091020692, -3.72446452039971, -3.66681351011311, -3.59575347951951, -3.51123815908403, -3.41323081893004, -3.30170220795038, -3.17662978948488, -3.03799745236957, -2.88579457677709, -2.72001572481279, -2.54065770992646, -2.34771944953178, -2.14119985698437, -1.92109784478267, -1.68741232457816, -1.44014220718534, -1.17928640259123, -0.904843819964225, -0.616813367662184, -0.315193953239424, 1.55165473097463e-05, 0, -0.28782090305095, -0.5649666712605, -0.831390846009217, -1.08704435016593, -1.33187436005915, -1.56582376558779, -1.78883029894383, -2.00082527305017, -2.20173324144194, -2.39147185782737, -2.56995112638088, -2.73707405078932, -2.89273674728238, -3.03682887917195, -3.16923405092442, -3.28983070772604, -3.3984929343228, -3.49509207397095, -3.57949718671356, -3.6515766693625, -3.71119911700783, -3.75823497252768, -3.7925621972747, -3.81406296220853, -3.82262504573461, -3.81814424218729, -3.8005235783339, -3.76967800077407, -3.72553066779716, -3.66801322376213, -3.59706993513137, -3.51265338629362, -3.41472601795403, -3.30325792222654, -3.17822606138922, -3.03961397253057, -2.88741081231261, -2.72161104048528, -2.54221142106826, -2.34921087165428, -2.14260830570307, -1.92240263581774, -1.68859277375518, -1.44117763043624, -1.18015611595552, -0.905527139590409, -0.617289609809331, -0.315442434278975, 1.54801296236018e-05, 0, -0.287444236107581, -0.56425910765483, -0.830397067196191, -1.0858078907252, -1.33043752462505, -1.56422753420989, -1.78711421294066, -1.99902729201306, -2.19988958272701, -2.38961684310339, -2.56811702202078, -2.73529091380905, -2.89103227318417, -3.03522822336055, -3.16775969544286, -3.28850233988847, -3.39732735325284, -3.49410317750377, -3.57869592410824, -3.65097103080295, -3.71079414170837, -3.75803279340591, -3.7925622130471, -3.81426193460759, -3.8230172276657, -3.81872151827854, -3.80127562811913, -3.77059260813828, -3.72659390600688, -3.66920964598981, -3.59838276475764, -3.51406470394765, -3.41621707718028, -3.30480932157204, -3.17981789966592, -3.04122599769621, -2.88902254936555, -2.72320191230309, -2.54376080120813, -2.35069813385225, -2.14401282379933, -1.92370378375713, -1.68976992558793, -1.44221016031897, -1.18102339815239, -0.906208548474574, -0.617764519864499, -0.315690220101198, 1.54438300214443e-05, 0, -0.287067137662934, -0.563550702279119, -0.829402057829109, -1.08456983391263, -1.32899874777667, -1.56262904135255, -1.78539557103228, -1.99722648847673, -2.19804286552336, -2.38775856785556, -2.56627949307007, -2.73350423081212, -2.88932417956141, -3.03362392838009, -3.16628174158044, -3.28717048206278, -3.39615846581128, -3.49311124133324, -3.5778919797072, -3.65036316802254, -3.71038750797866, -3.75782963841964, -3.79256195090709, -3.81446124090862, -3.82341027676915, -3.81930012348546, -3.80202940435601, -3.77150928043583, -3.72765949392115, -3.67040865349819, -3.59969836995095, -3.51547894547919, -3.41771116894454, -3.30636382424205, -3.18141287550215, -3.04284115899549, -2.89063738601495, -2.72479581230278, -2.54531310334727, -2.35218817709871, -2.14541994722507, -1.92500732653877, -1.69094922700745, -1.44324455976472, -1.18189223512027, -0.906891162569433, -0.618240250801755, -0.315938407708602, 1.54596104480209e-05, 0, -0.286691012954197, -0.562844139113789, -0.828409654137581, -1.08333504171284, -1.32756379075924, -1.56103482102686, -1.78368155350031, -1.99543056249726, -2.19620118316441, -2.38590539219592, -2.56444703991856, -2.73172251596224, -2.8876208678441, -3.03202415641463, -3.16480798575733, -3.28584243838028, -3.39499295730753, -3.49212220540435, -3.57709042153781, -3.64975715056612, -3.70998216030343, -3.75762720040245, -3.79256183531954, -3.81466013029308, -3.82380236004167, -3.81987723570477, -3.80278118891296, -3.7724234965666, -3.72872220052034, -3.67160439838784, -3.60101037896342, -3.51688930831615, -3.41920115286973, -3.3079140450699, -3.18300345195424, -3.0444518607185, -2.89224776079416, -2.72638530627012, -2.54686111353279, -2.35367410071099, -2.14682318157684, -1.92630726904735, -1.69212527519558, -1.44427611126146, -1.18275868766226, -0.907571914002222, -0.618714699081462, -0.316185950903657, 1.54233173738638e-05, 0, -0.286315857715134, -0.562139409960119, -0.827419844323765, -1.08210349906125, -1.32613263557201, -1.55944485262352, -1.78197213745045, -1.99363948921316, -2.194364509132, -2.38405728825107, -2.56261963362786, -2.72994573953312, -2.88592230777976, -3.0304288769296, -3.16333839738117, -3.28451817839307, -3.39383079761647, -3.49113604006781, -3.57629122055304, -3.64915295008743, -3.70957807110702, -3.75742545259017, -3.79256184034381, -3.81485857762752, -3.82419345311416, -3.82045283126395, -3.80353095872321, -3.77333523395893, -3.72978200359981, -3.67279685867792, -3.60231876988178, -3.5182957704457, -3.42068700666881, -3.3094599613141, -3.18458960564195, -3.04605807865919, -2.8938536484827, -2.72797036778079, -2.54840480394689, -2.35515587528819, -2.14822249568091, -1.92760357814672, -1.69329803486405, -1.44530477717917, -1.18362271561689, -0.908250759890414, -0.619187818910359, -0.316432800792709, 1.53871345008327e-05, 0, -0.285941668831736, -0.561436508919223, -0.826432620032653, -1.08087519547452, -1.3247052699292, -1.55785912237745, -1.78026730795716, -1.99185325285175, -2.19253282711228, -2.38221423946293, -2.56079725768158, -2.72817388532266, -2.88422848373795, -3.02883807510616, -3.16187296266485, -3.28319768954397, -3.39267197558524, -3.49015273572446, -3.57549436883007, -3.64855056043502, -3.70917523607575, -3.75722439254461, -3.79256196542617, -3.81505658422337, -3.82458355911763, -3.82102691504317, -3.80427872032271, -3.77424450069155, -3.73083891265064, -3.67398604512637, -3.60362355457252, -3.51969834467361, -3.42216874391016, -3.31100158712339, -3.18617135110806, -3.04765982756539, -2.8954550638428, -2.72955101142013, -2.54994418880641, -2.35663351448701, -2.14961790244228, -1.92889626579852, -1.69446751683954, -1.44633056701797, -1.18448432696614, -0.908927706506167, -0.619659614659205, -0.316678959653505, 1.53510687059821e-05, 0, -0.285568443202529, -0.560735430116006, -0.825447972942987, -1.0796501205117, -1.3232816815949, -1.55627761657949, -1.77856705015577, -1.99007183770486, -2.19070612085835, -2.38037622934166, -2.55897989563161, -2.72640693719607, -2.88253938015357, -3.02725173618776, -3.16041166787965, -3.2818809593295, -3.39151648010926, -3.48917228281726, -3.57469985848163, -3.64794997548595, -3.70877365091718, -3.75702401784134, -3.79256221001914, -3.81525415139085, -3.82497268117458, -3.82159949190711, -3.80502448022533, -3.77515130481494, -3.73189293713002, -3.67517196845226, -3.60492474485885, -3.52109704375874, -3.42364637811226, -3.3125389365944, -3.18774870284178, -3.04925712213066, -2.8970520215825, -2.73112725172015, -2.55147928227647, -2.35810703191485, -2.15100941471979, -1.93018534392222, -1.69563373191132, -1.44735349024607, -1.18534352966631, -0.909602760103083, -0.620130090688042, -0.316924429761694, 1.53151195673162e-05