15.6082, 15.6083632653061, 15.6085265306122, 15.6086897959184, 15.6088530612245, 15.6090163265306, 15.6091795918367, 15.6093428571429, 15.609506122449, 15.6096693877551, 15.6098326530612, 15.6099959183673, 15.6101591836735, 15.6103224489796, 15.6104857142857, 15.6106489795918, 15.610812244898, 15.6109755102041, 15.6111387755102, 15.6113020408163, 15.6114653061225, 15.6116285714286, 15.6117918367347, 15.6119551020408, 15.6121183673469, 15.6122816326531, 15.6124448979592, 15.6126081632653, 15.6127714285714, 15.6129346938776, 15.6130979591837, 15.6132612244898, 15.6134244897959, 15.613587755102, 15.6137510204082, 15.6139142857143, 15.6140775510204, 15.6142408163265, 15.6144040816327, 15.6145673469388, 15.6147306122449, 15.614893877551, 15.6150571428571, 15.6152204081633, 15.6153836734694, 15.6155469387755, 15.6157102040816, 15.6158734693878, 15.6160367346939, 15.6162, 15.6082, 15.6083487408328, 15.6084693871362, 15.608562907581, 15.6086302856792, 15.608672519766, 15.6086906229829, 15.6086856232607, 15.608658563302, 15.6086105005643, 15.6085425072426, 15.6084556702524, 15.6083510912122, 15.6082298864269, 15.6080931868699, 15.6079421381665, 15.6077779005764, 15.6076016489766, 15.6074145728445, 15.6072178762399, 15.6070127777889, 15.6068005106658, 15.6065823225763, 15.6063594757404, 15.6061332468749, 15.6059049271766, 15.6056758223046, 15.6054472523634, 15.6052205518859, 15.6049970698158, 15.6047781694905, 15.6045652286242, 15.6043596392902, 15.6041628079043, 15.6039761552071, 15.6038011162468, 15.6036391403626, 15.6034916911664, 15.6033602465266, 15.60324629855, 15.6031513535648, 15.6030769321031, 15.6030245688834, 15.6029958127926, 15.6029922268679, 15.6030153882777, 15.6030668883012, 15.6031483323046, 15.6032613397088, 15.6034075439362, 15.6082, 15.6083550165457, 15.6084933498173, 15.6086148483458, 15.6087193835807, 15.6088068508311, 15.6088771705744, 15.6089302901379, 15.6089661857433, 15.6089848648613, 15.6089863689424, 15.6089707764163, 15.6089382060422, 15.608888820497, 15.6088228302214, 15.6087404975058, 15.6086421406804, 15.608528134994, 15.6083989147814, 15.6082549790258, 15.6080968970938, 15.6079253144991, 15.6077409585597, 15.6075446417963, 15.6073372651357, 15.6071198229159, 15.6068934056939, 15.6066592012465, 15.6064184953615, 15.6061726709421, 15.6059232170101, 15.6056717375959, 15.6054199601036, 15.6051697373937, 15.6049230502855, 15.6046820097849, 15.604448854564, 15.6042259419316, 15.6040157588739, 15.603820932652, 15.6036442406596, 15.6034886188365, 15.6033571596018, 15.6032531042363, 15.6031798476656, 15.6031409456921, 15.6031401175046, 15.603181243745, 15.6032683644494, 15.6034056777181, 15.6082, 15.6083678333922, 15.6085422907412, 15.6087209349578, 15.6089013683501, 15.6090812355175, 15.6092582273575, 15.609430086206, 15.6095946120809, 15.6097496698642, 15.6098931976287, 15.6100232157795, 15.610137837262, 15.6102352784905, 15.6103138710609, 15.6103720741937, 15.6104084874882, 15.6104218536777, 15.6104110651965, 15.6103751811123, 15.6103134445797, 15.6102253003811, 15.610110412146, 15.609968672744, 15.6098002140496, 15.6096054221641, 15.6093849460462, 15.6091397005719, 15.6088708690428, 15.6085799004308, 15.608268536783, 15.607938840284, 15.6075932187244, 15.6072344319051, 15.6068655992915, 15.6064902068389, 15.6061120993501, 15.6057354531863, 15.6053648098928, 15.6050051084816, 15.6046617154496, 15.6043404504274, 15.6040475795923, 15.6037897925201, 15.6035742172959, 15.6034084425681, 15.6033005247706, 15.60325898225, 15.6032927890666, 15.6034113714107, 15.6082, 15.6083806378809, 15.6085911857667, 15.6088269244306, 15.6090831905127, 15.609355381355, 15.6096389616931, 15.6099294722385, 15.6102225400988, 15.6105138907642, 15.6107993620017, 15.6110749191081, 15.6113366719441, 15.6115808931648, 15.6118040377624, 15.6120027638284, 15.6121739538265, 15.612314719346, 15.6124224119124, 15.6124946512459, 15.6125293543926, 15.6125247649896, 15.6124794820112, 15.6123924772291, 15.612263111512, 15.6120911601508, 15.6118768275287, 15.6116207521356, 15.6113240110579, 15.6109881149871, 15.6106150539988, 15.6102073427769, 15.6097680631565, 15.6093008750923, 15.6088100294497, 15.6083003794794, 15.6077773684662, 15.6072469836286, 15.6067158123306, 15.606191096072, 15.6056807807237, 15.6051935594408, 15.604738861955, 15.6043268159159, 15.6039682720536, 15.6036748410918, 15.6034589058093, 15.6033336112018, 15.6033128540511, 15.6034112768091, 15.6082, 15.6083934058579, 15.6086399415612, 15.6089326124825, 15.6092644963204, 15.6096287498661, 15.6100186183657, 15.6104274475261, 15.6108486980933, 15.6112759626167, 15.6117029848835, 15.6121236812531, 15.6125321644855, 15.6129227692354, 15.6132900793878, 15.6136289571022, 15.6139345725579, 15.6142024108269, 15.6144282867734, 15.6146083845939, 15.6147392985864, 15.6148180740867, 15.6148422477047, 15.614809871926, 15.6147195379177, 15.6145704108451, 15.6143622507956, 15.6140954196454, 15.6137708877905, 15.6133902265487, 15.6129556722848, 15.6124701897852, 15.6119375318476, 15.6113622550534, 15.610749737682, 15.6101061958856, 15.6094386670413, 15.6087549442909, 15.6080636553386, 15.6073743381723, 15.6066975115747, 15.6060447353298, 15.6054285957975, 15.6048626517704, 15.604361469417, 15.6039406741004, 15.6036169674362, 15.603408113512, 15.603332924246, 15.6034112507578, 15.6082, 15.6084061378604, 15.6086885601963, 15.6090380036404, 15.6094452936002, 15.6099013529462, 15.6103972140312, 15.610924034102, 15.6114731140148, 15.6120359197546, 15.6126041073792, 15.6131695504075, 15.6137243704089, 15.6142609697229, 15.6147720665522, 15.61525073225, 15.6156904294922, 15.6160850213908, 15.6164287903263, 15.6167164887292, 15.6169433914439, 15.6171053482858, 15.617198835731, 15.6172209887307, 15.6171696299954, 15.6170433151948, 15.6168413603435, 15.6165638504207, 15.6162116485999, 15.6157863856775, 15.6152905425167, 15.6147275315615, 15.6141017734441, 15.6134187178016, 15.6126848662969, 15.6119077935471, 15.6110961265861, 15.6102594595019, 15.609408454819, 15.6085549409755, 15.6077120031654, 15.6068940608699, 15.6061168501145, 15.6053973538668, 15.6047538464894, 15.6042059605131, 15.6037747088438, 15.603482467064, 15.6033529546007, 15.6034112235945, 15.6082, 15.6084188339483, 15.6087370418986, 15.6091430983909, 15.6096255831791, 15.61017319183, 15.6107747503865, 15.6114192341665, 15.6120957905966, 15.6127937654603, 15.6135027333256, 15.614212530956, 15.6149132946294, 15.6155955000462, 15.6162500051417, 15.6168680955808, 15.6174415313113, 15.6179625580339, 15.6184239298183, 15.6188189710817, 15.619141640508, 15.6193865951728, 15.6195492536509, 15.6196258351139, 15.6196133950661, 15.6195098803172, 15.6193141630389, 15.6190260510382, 15.618646299739, 15.6181765982773, 15.6176196702352, 15.6169793732678, 15.616260792716, 15.6154702677035, 15.6146154192498, 15.6137051760043, 15.6127497502235, 15.6117605319684, 15.6107502130704, 15.6097329063873, 15.6087242570341, 15.6077415372687, 15.6068036258302, 15.6059309229028, 15.6051454038105, 15.604470700791, 15.6039321305061, 15.603556672448, 15.6033729459361, 15.6034111964979, 15.6082, 15.6084314941222, 15.6087853866693, 15.609247896735, 15.6098053650555, 15.6104442665103, 15.6111512274138, 15.611913047686, 15.6127167277826, 15.6135494996482, 15.6143988625994, 15.6152526227287, 15.6160989369217, 15.6169263599154, 15.6177238947938, 15.6184810466522, 15.6191878774866, 15.6198350201369, 15.620413704536, 15.6209158308435, 15.6213340448751, 15.6216618137478, 15.6218935003691, 15.6220244098885, 15.622050831856, 15.6219701048618, 15.6217806574677, 15.6214820200368, 15.6210748397197, 15.6205608628558, 15.6199430539715, 15.6192257134817, 15.618414588306, 15.6175169034824, 15.616541395357, 15.6154983421756, 15.6143995369804, 15.613258160829, 15.6120889293432, 15.6109082337676, 15.6097342726457, 15.6085871640891, 15.6074889225967, 15.6064633586103, 15.6055361411806, 15.6047348947903, 15.6040892323212, 15.6036307295887, 15.6033928981878, 15.6034111693969, 15.6082, 15.6084441190383, 15.608833597039, 15.609352404202, 15.6099846487885, 15.6107145915131, 15.6115266654508, 15.6124055015606, 15.6133359596927, 15.6143031642228, 15.6152925453615, 15.6162898845229, 15.6172813650076, 15.6182536261731, 15.6191938215778, 15.6200896807765, 15.6209295725007, 15.6217025211906, 15.6223982367283, 15.6230071986843, 15.6235207432059, 15.623931150142, 15.6242317288778, 15.6244168722097, 15.6244821048986, 15.6244241578698, 15.624241016223, 15.6239319325215, 15.6234974450315, 15.622939356076, 15.6222608692689, 15.6214667252547, 15.6205633293247, 15.6195587887822, 15.6184629511943, 15.617287439893, 15.6160456241917, 15.6147524715152, 15.613424716108, 15.6120810219193, 15.6107421347797, 15.6094310120844, 15.6081727974901, 15.6069947050891, 15.6059260907764, 15.6049985641698, 15.6042460271874, 15.6037046447331, 15.6034128134108, 15.6034111429646, 15.6082, 15.6084567091351, 15.6088816746913, 15.6094566244592, 15.6101634406987, 15.6109841764137, 15.6119010778595, 15.6128966134033, 15.6139535085877, 15.6150547864215, 15.6161838140885, 15.6173243542506, 15.6184606223653, 15.6195773479318, 15.6206598402452, 15.6216940582882, 15.6226666821562, 15.6235651322911, 15.6243776025524, 15.6250931555354, 15.6257018208669, 15.626194693769, 15.6265640322045, 15.6268033182409, 15.6269073129733, 15.6268721401785, 15.6266953416028, 15.626375891616, 15.6259142189491, 15.6253121806539, 15.6245732175448, 15.6237025079396, 15.6227071122746, 15.62159601645, 15.6203801751307, 15.6190725522077, 15.6176880887297, 15.6162435340302, 15.6147576359842, 15.613251325742, 15.6117478904632, 15.6102731204422, 15.608855282076, 15.6075249866815, 15.6063152703002, 15.6052617207605, 15.6044025220182, 15.6037784210157, 15.603432692284, 15.6034111169314, 15.6082, 15.6084692645076, 15.6089296199889, 15.6095605582904, 15.6103417421272, 15.6112530232276, 15.6122744674299, 15.6133863868603, 15.6145693790341, 15.615804371778, 15.6170726753109, 15.6183560394523, 15.6196367175435, 15.6208975347301, 15.622121961293, 15.6232941905973, 15.6243992187193, 15.625422866491, 15.6263518157668, 15.6271737157708, 15.6278772927495, 15.6284524599344, 15.6288904259614, 15.6291837637917, 15.6293264719761, 15.6293140676599, 15.6291436493458, 15.6288139128179, 15.6283251766214, 15.6276793512834, 15.6268801129372, 15.6259330750264, 15.6248459499156, 15.6236285984456, 15.6222930782681, 15.6208536893188, 15.6193269398568, 15.6177313566737, 15.6160876962936, 15.6144191515775, 15.6127515450693, 15.611113493594, 15.6095363798854, 15.6080542060745, 15.6067036816659, 15.6055243657901, 15.6045587174577, 15.6038520586152, 15.6034525346545, 15.6034110909622, 15.6082, 15.6084817852438, 15.6089774332665, 15.6096642064199, 15.6105195543128, 15.6115211338179, 15.6126468367417, 15.6138748253044, 15.6151835752576, 15.6165519254155, 15.6179591350783, 15.6193849471182, 15.6208096584718, 15.6222141954235, 15.6235801944757, 15.6248900883179, 15.6261271936114, 15.6272757359547, 15.6283208892033, 15.629248892805, 15.6300471727586, 15.6307044629351, 15.6312109247357, 15.6315582236355, 15.6317395967606, 15.6317499551437, 15.6315859541532, 15.6312460105979, 15.630730332185, 15.6300408816669, 15.6291815686187, 15.6281584390703, 15.6269798541089, 15.6256565458707, 15.6242016708953, 15.622630860662, 15.6209621861257, 15.6192159470946, 15.6174149037702, 15.6155845052462, 15.6137531035205, 15.6119521355947, 15.6102160941513, 15.6085823657384, 15.6070913266555, 15.6057865004422, 15.6047146141966, 15.6039255578504, 15.6034723406059, 15.6034110650579, 15.6082, 15.6084942714105, 15.6090251147793, 15.6097675694006, 15.6106968782042, 15.6117885096144, 15.6130181877797, 15.6143619313376, 15.6157961005284, 15.6172974513112, 15.6188431981035, 15.6204110827142, 15.6219794513774, 15.6235273369985, 15.6250345475287, 15.626481759911, 15.6278506159851, 15.6291237504798, 15.6302848332477, 15.6313186975453, 15.6322114722488, 15.6329507144928, 15.6335255405327, 15.6339267099737, 15.6341466996355, 15.6341798149569, 15.6340222682816, 15.6336721970535, 15.6331296974893, 15.6323967833173, 15.6314775956819, 15.6303786106656, 15.6291088348821, 15.6276798681272, 15.6261059617407, 15.6244040742549, 15.6225938348151, 15.6206973118113, 15.6187392641605, 15.6167473917213, 15.6147525700273, 15.6127890499161, 15.6108944276432, 15.6091094677897, 15.6074782067951, 15.6060481257283, 15.6048702128211, 15.6039989189857, 15.6034921101979, 15.6034110392037, 15.6082, 15.6085067230695, 15.6090726647609, 15.609870647735, 15.610873714657, 15.6120551518969, 15.6133885223064, 15.6148477072504, 15.6164069576979, 15.6180409528987, 15.6197248684107, 15.6214344508532, 15.6231461014486, 15.6248369651957, 15.6264850267125, 15.6280692121171, 15.6295694930133, 15.6309669176172, 15.6322436557675, 15.6333831381111, 15.6343701995232, 15.6351912230263, 15.6358342818194, 15.6362892312571, 15.6365477889744, 15.6366036553405, 15.6364525997897, 15.6360924800182, 15.6355232801041, 15.6347470635096, 15.6337682010733, 15.6325935963985, 15.6312328984323, 15.6296985709987, 15.6280059561546, 15.6261733350014, 15.6242218903723, 15.6221754548058, 15.6200607809758, 15.6179078140432, 15.615749947166, 15.6136242386851, 15.6115713820609, 15.6096355135304, 15.607864323026, 15.6063092422745, 15.6050255136966, 15.6040721421881, 15.60351184347, 15.6034110133915, 15.6082, 15.6085191402544, 15.6091200833394, 15.6099734416995, 15.6110500641424, 15.6123210613716, 15.6137578412962, 15.6153321543117, 15.6170161483496, 15.6187824320889, 15.6206041482458, 15.6224550541161, 15.6243096115963, 15.6261430832453, 15.627931635561, 15.6296524487532, 15.6312838287723, 15.6328052416738, 15.6341973612685, 15.6354422191714, 15.6365233593774, 15.6374259934195, 15.6381371535302, 15.6386457924339, 15.6389428697035, 15.6390214811658, 15.6388769534632, 15.6385068641643, 15.6379110845613, 15.6370917266108, 15.6360533889715, 15.6348034002361, 15.6333520484946, 15.6317126579715, 15.6299016573608, 15.6279386458524, 15.625846355468, 15.6236503784638, 15.6213794563146, 15.6190657740252, 15.6167452364693, 15.6144577031632, 15.6122469584083, 15.6101605037253, 15.6082496758966, 15.6065698504409, 15.6051805170268, 15.6041452275428, 15.6035315404311, 15.6034109876012, 15.6082, 15.6085315230575, 15.6091673708655, 15.6100759520519, 15.6112259279567, 15.6125862399865, 15.6141261474446, 15.6158152760435, 15.6176236768929, 15.6195218942234, 15.6214810439102, 15.6234728997767, 15.625469990063, 15.6274457003405, 15.6293743841864, 15.6312314808058, 15.6329936350666, 15.6346387352039, 15.6361459629755, 15.6374959545336, 15.6386709661058, 15.6396550403527, 15.6404341706279, 15.6409964086424, 15.6413319570291, 15.6414333076008, 15.6412953443264, 15.6409153642683, 15.6402931252859, 15.6394307865937, 15.6383331728004, 15.6370080349657, 15.6354662971434, 15.6337221403414, 15.6317930758235, 15.6297000164006, 15.6274672387944, 15.6251220905565, 15.6226952970177, 15.6202212775798, 15.6177384429387, 15.6152894474728, 15.6129211599757, 15.6106844408936, 15.6086342672318, 15.6068299514496, 15.6053352235393, 15.6042181754056, 15.6035512012047, 15.6034109618788, 15.6082, 15.6085438715708, 15.6092145276897, 15.6101781795496, 15.611401307395, 15.6128506896883, 15.6144934434454, 15.6162970759652, 15.6182295477342, 15.6202593446403, 15.6223555617017, 15.6244879951043, 15.6266272450863, 15.6287448256695, 15.6308132826953, 15.6328063192556, 15.6346989236949, 15.6364674107559, 15.6380894741077, 15.6395443579995, 15.6408130339976, 15.6418783785021, 15.6427253480709, 15.6433410950174, 15.6437150661549, 15.6438391498117, 15.6437077874023, 15.6433179951064, 15.6426694167037, 15.6417642574316, 15.6406075659856, 15.6392075133773, 15.6375756564556, 15.6357270294068, 15.6336802220098, 15.6314574562417, 15.6290845490462, 15.6265905988571, 15.6240083099262, 15.6213743306188, 15.618729571573, 15.6161194757312, 15.6135939900455, 15.6112073275434, 15.609018098841, 15.6070895465029, 15.6054896339358, 15.6042909861008, 15.6035708258757, 15.6034109362238, 15.6082, 15.6085561858847, 15.609261554156, 15.6102801249367, 15.6115762037304, 15.6131144123902, 15.6148597319473, 15.6167775575385, 15.6188337652098, 15.6209947885947, 15.623227707823, 15.6255003472624, 15.6277813847884, 15.6300404682957, 15.632248341062, 15.6343769749444, 15.6363997063113, 15.6382912807292, 15.6400279077319, 15.6415874432166, 15.6429495771861, 15.6440960223873, 15.6450107006622, 15.6456798665397, 15.6460922121328, 15.6462390228162, 15.6461142975694, 15.6457147713153, 15.6450399731061, 15.6440921529704, 15.6428765818314, 15.6414018481466, 15.6396801384019, 15.6377273363682, 15.6355631062968, 15.6332109748895, 15.6306982948446, 15.6280559110732, 15.6253185018243, 15.6225249390051, 15.6197186273298, 15.6169477920222, 15.6142654518728, 15.611729166162, 15.6094011725184, 15.6073486367926, 15.605643748912, 15.6043636599493, 15.6035904145277, 15.6034109106351, 15.6082, 15.6085684660788, 15.6093084505682, 15.610381788871, 15.6117506180903, 15.6133774097908, 15.6152250153065, 15.61725672385, 15.6194363331949, 15.6217282307955, 15.6240974878483, 15.6265099627088, 15.6289324165141, 15.6313326364406, 15.6336795683605, 15.6359434577617, 15.6380959935732, 15.6401103564887, 15.6419612758504, 15.6436252227448, 15.6450806087024, 15.6463079854178, 15.6472902420941, 15.6480127370859, 15.6484634089241, 15.6486329405609, 15.6485148886615, 15.6481057065185, 15.6474048078087, 15.6464144861221, 15.6451402327561, 15.6435910511142, 15.6417797541721, 15.6397230717023, 15.6374417383972, 15.6349605812541, 15.6323084842685, 15.6295180344316, 15.626625879076, 15.6236731082407, 15.620705614863, 15.61777440018, 15.6149355485151, 15.612249959085, 15.6097834899484, 15.6076072234361, 15.6057975691178, 15.6044361972481, 15.6036099672333, 15.6034108851049, 15.6082, 15.6085807130609, 15.6093552204112, 15.6104831789396, 15.6119245635443, 15.6136397016778, 15.6155893211202, 15.6177346112535, 15.6200372976029, 15.6224597273751, 15.6249649686445, 15.6275169194179, 15.630080429576, 15.6326214308436, 15.6351070767051, 15.6375058910056, 15.6397879196321, 15.6419247825707, 15.6438897327771, 15.6456578599328, 15.6472063000528, 15.648514446248, 15.6495641570291, 15.6503398960578, 15.6508288492719, 15.6510210976074, 15.6509097554088, 15.65049099384, 15.6497641104275, 15.648731441269, 15.6473986963606, 15.6457752917352, 15.6438746638945, 15.6417143852143, 15.6393162569834, 15.6367064022511, 15.633915232037, 15.6309770711978, 15.6279305314196, 15.6248189156492, 15.6216905993814, 15.6185993537865, 15.6156043226032, 15.612769738856, 15.6101650746384, 15.6078653221446, 15.6059511038958, 15.6045086025863, 15.6036294856318, 15.603410860312, 15.6082, 15.6085929271874, 15.6094018650515, 15.6105842981129, 15.6120980452018, 15.6139012957757, 15.6159526601453, 15.6182112338965, 15.620636676272, 15.6231893001037, 15.6258301760977, 15.6285212475185, 15.6312254584153, 15.633906890273, 15.6365309091504, 15.6390643219225, 15.6414755357795, 15.6437346141119, 15.6458133372427, 15.6476854168044, 15.6493267162052, 15.6507154723957, 15.651832515097, 15.6526614147164, 15.6531886055476, 15.6534035668768, 15.6532989706832, 15.6528707054656, 15.652117951785, 15.6510430872497, 15.6496520389395, 15.6479546332615, 15.645964927346, 15.6437013328408, 15.6411867138525, 15.638448485308, 15.6355185810429, 15.6324330596275, 15.6292324924368, 15.6259623901691, 15.6226736052796, 15.6194226728628, 15.6162717900242, 15.6132885175373, 15.6105459352048, 15.6081229385382, 15.60610435639, 15.6045808772227, 15.6036489697568, 15.6034108357962, 15.6082, 15.6086051085207, 15.6094483847256, 15.6106851469016, 15.6122710639351, 15.6141621933937, 15.6163150341911, 15.6186865941395, 15.6212344721531, 15.6239169525507, 15.6266931144126, 15.6295229518562, 15.6323675085145, 15.6351890208342, 15.6379510724027, 15.6406187577896, 15.643158849827, 15.6455398594145, 15.6477320979908, 15.6497079024875, 15.6514418666091, 15.6529110735647, 15.654095326187, 15.6549773030662, 15.6555426878001, 15.6557803583944, 15.6556825444197, 15.6552448511758, 15.6544663414439, 15.6533494333446, 15.6519002694273, 15.6501290842229, 15.6480505525993, 15.6456839221513, 15.643053116034, 15.6401868368849, 15.6371185371543, 15.6338860049788, 15.6305317667641, 15.6271035358109, 15.623654635948, 15.6202443601947, 15.6169379529859, 15.6138062967943, 15.6109260728171, 15.6083800733475, 15.6062573269603, 15.6046530212253, 15.6036684194749, 15.6034108113234, 15.6082, 15.6086172571037, 15.6094947795969, 15.6107857256584, 15.6124436203472, 15.6144223954375, 15.6166764445097, 15.6191606936174, 15.6218306872916, 15.6246426871918, 15.6275537865076, 15.6305220357976, 15.6335065836866, 15.6364678267786, 15.6393675711381, 15.6421692036892, 15.6448378672404, 15.6473405243008, 15.6496460211694, 15.6517253234184, 15.6535517579463, 15.6551012566363, 15.6563525973308, 15.6572875682395, 15.657891103212, 15.6581514793439, 15.6580604837544, 15.6576134380131, 15.6568092863066, 15.6556504862677, 15.6541433943021, 15.6522986508165, 15.6501315455299, 15.6476621586653, 15.6449154686621, 15.6419214617091, 15.6387151046741, 15.6353359111157, 15.6318283578168, 15.628242355538, 15.6246336939013, 15.6210644178606, 15.61760281315, 15.6143230778995, 15.611305488394, 15.6086367271819, 15.6064100159595, 15.6047250347522, 15.6036878348197, 15.6034107868817, 15.6082, 15.6086293730099, 15.6095410499444, 15.6108860349858, 15.6126157154667, 15.6146819034505, 15.6170368932337, 15.6196335351113, 15.6224253251635, 15.6253665082301, 15.6284121973314, 15.6315185050422, 15.6346426903755, 15.6377433152762, 15.6407804132231, 15.6437156681447, 15.646512597152, 15.6491366184545, 15.6515551169476, 15.6537376901797, 15.655656401136, 15.6572860327858, 15.6586043398789, 15.6595922216804, 15.6602338632402, 15.6605169411176, 15.6604327999407, 15.6599764770202, 15.6591467971359, 15.6579462564323, 15.6563814235604, 15.6544633425597, 15.6522079151216, 15.6496360507865, 15.6467737795229, 15.6436523669207, 15.6403082900759, 15.6367827838303, 15.6331222706972, 15.6293788537639, 15.6256107828759, 15.6218828489423, 15.6182663729775, 15.6148388627378, 15.6116841833006, 15.6088929009542, 15.6065624239282, 15.6047969180633, 15.6037072158742, 15.6034107624928, 15.6082, 15.6086414561931, 15.6095871955876, 15.6109860744841, 15.6127873485947, 15.6149407163573, 15.6173963788388, 15.6201051165801, 15.6230183831458, 15.6260884124013, 15.6292683429239, 15.6325123548853, 15.6357758230883, 15.6390154800091, 15.6421895914859, 15.6452581431102, 15.6481830306305, 15.6509281320564, 15.6534593746272, 15.655744991214, 15.6577557837949, 15.6594653888531, 15.6608505399606, 15.6618912488919, 15.6625709528651, 15.662876728298, 15.662799477309, 15.6623339524438, 15.6614788582488, 15.6602367283641, 15.658614342062, 15.6566231447612, 15.6542796472391, 15.6516055850346, 15.6486280358844, 15.6453795406229, 15.6418980823767, 15.6382266131217, 15.6344134964476, 15.6305130226276, 15.6265858961323, 15.6226996478192, 15.6189286279362, 15.6153536478062, 15.6120621549759, 15.6091485929315, 15.6067145498197, 15.6048686706299, 15.6037265624322, 15.6034107380509, 15.6082, 15.6086535062846, 15.609633215106, 15.6110858410523, 15.6129585143743, 15.6151988260254, 15.6177548899501, 15.6205754229942, 15.6236098421981, 15.6268083763521, 15.6301221953728, 15.6335035526658, 15.6369059442826, 15.6402842784796, 15.6435950584581, 15.6467965761916, 15.6498491104635, 15.6527150032448, 15.6553587279289, 15.6577471561218, 15.6598498317683, 15.6616392473628, 15.6630911172865, 15.6641845673513, 15.6649022879859, 15.6652307559393, 15.6651604308787, 15.6646857801573, 15.6638053871788, 15.6625218219787, 15.6608420727446, 15.6587779839428, 15.6563466724738, 15.6535706964824, 15.6504781776372, 15.6471029277879, 15.6434844318178, 15.6396673546114, 15.635701996104, 15.6316448285404, 15.6275590053335, 15.6235147912002, 15.6195895594915, 15.6158674189548, 15.6124393932005, 15.6094037962879, 15.6068663895834, 15.6049402904758, 15.6037458738099, 15.6034107133011, 15.6082, 15.6086655233665, 15.6096791088119, 15.6111853353649, 15.6131292139586, 15.6154562341861, 15.6181124289619, 15.6210444574797, 15.6241997062314, 15.6275264048164, 15.6309737602582, 15.6344921048189, 15.6380330612437, 15.6415497188046, 15.6449968230581, 15.648330977067, 15.6515108470368, 15.6544972430508, 15.6572531884569, 15.6597441970003, 15.6619385575605, 15.6638076211357, 15.6653260849014, 15.6664721902326, 15.6672278818114, 15.6675790371922, 15.6675156736512, 15.6670319729236, 15.6661263963654, 15.6648015493081, 15.6630646271531, 15.6609278710892, 15.6584090011873, 15.6555313948143, 15.6523242137462, 15.6488225366293, 15.6450673458402, 15.6411050149522, 15.6369877755256, 15.632774276573, 15.6285301147797, 15.6243282826459, 15.6202491705089, 15.616380178411, 15.6128158996344, 15.6096585122008, 15.6070179440121, 15.6050117781222, 15.6037651503832, 15.6034106886148, 15.6082, 15.608677507522, 15.6097248770216, 15.6112845581053, 15.613299448516, 15.6157129425946, 15.6184689983019, 15.621512223207, 15.6247879792127, 15.6282425025972, 15.631823043243, 15.6354780178765, 15.6391571813684, 15.642811809228, 15.6463948943465, 15.6498613555723, 15.6531682509095, 15.6562748626934, 15.6591427680179, 15.6617361261635, 15.6640219739057, 15.6659705232352, 15.6675554561037, 15.6687541309742, 15.6695477478237, 15.6699215854881, 15.6698652189141, 15.6693725437961, 15.6684418985401, 15.667075922676, 15.6652820171218, 15.66307281747, 15.6604666440183, 15.657487689982, 15.6541661534303, 15.6505383755993, 15.6466468321034, 15.6425396009936, 15.6382708407427, 15.6339013719379, 15.6294992288798, 15.6251401257887, 15.620907463885, 15.6168919283889, 15.6131916758753, 15.6099127417317, 15.6071692137255, 15.6050831338545, 15.6037843922254, 15.6034106639889, 15.6082, 15.6086894585216, 15.6097705188453, 15.6113835073203, 15.6134692146545, 15.6159689460729, 15.6188245906863, 15.6219787104951, 15.625374648801, 15.6289566544585, 15.6326700259905, 15.6364612702254, 15.64027827962, 15.6440705211743, 15.6477892401245, 15.6513876758333, 15.6548212825136, 15.6580478189256, 15.6610274197348, 15.6637228931892, 15.6661000269586, 15.6681278965547, 15.6697791707285, 15.6710303265978, 15.6718618205196, 15.6722583331329, 15.6722089971614, 15.671707421882, 15.6707518218959, 15.6693448698788, 15.6674941706156, 15.6652127518351, 15.6625195311701, 15.6594395143651, 15.6560039320225, 15.6522503838162, 15.6482228341995, 15.6439710613433, 15.6395511457768, 15.6350260743264, 15.6304663131093, 15.6259502918644, 15.6215644164513, 15.6174026510107, 15.6135667088921, 15.6101664761131, 15.6073201934979, 15.605154355129, 15.6038035984767, 15.6034106391114, 15.6082, 15.608701376377, 15.6098160343186, 15.6114821830705, 15.6136385124497, 15.6162242446908, 15.6191792061483, 15.6224439192986, 15.6259597148207, 15.6296688600339, 15.6335147078743, 15.6374418609018, 15.6413963546145, 15.6453258527505, 15.6491798578989, 15.6529099346633, 15.6564699378768, 15.6598161068972, 15.6629071377902, 15.6657044912098, 15.6681727087286, 15.6702797319196, 15.671997218374, 15.6733007654495, 15.6741700869897, 15.6745892659837, 15.6745469930639, 15.6740365907405, 15.6730561489847, 15.6716083725923, 15.6697010685984, 15.6673476546385, 15.6645676428351, 15.6613868481879, 15.657837530121, 15.6539585426439, 15.6497953345861, 15.6453993798115, 15.6408286759861, 15.6361483707824, 15.631431356283, 15.6267587714945, 15.6222200206201, 15.6179123404107, 15.6139409944207, 15.6104197125128, 15.6074708817111, 15.6052254412743, 15.6038227690962, 15.6034106142076, 15.6082, 15.6087132614015, 15.6098614246409, 15.6115805879609, 15.6138073463788, 15.6164788452108, 15.6195328540954, 15.6229078619774, 15.6265431928383, 15.6303791382984, 15.6343571114275, 15.6384198160952, 15.6425114362446, 15.6465778375493, 15.6505667849092, 15.6544281728477, 15.6581142611809, 15.66157977399, 15.6647819725227, 15.6676809732321, 15.6702400745587, 15.6724260866365, 15.674209657897, 15.6755655074857, 15.6764726078009, 15.6769144446936, 15.6768792668016, 15.6763601095595, 15.6753549375248, 15.6738664866274, 15.671902764578, 15.6694775767349, 15.6666110269115, 15.6633297361372, 15.6596669889954, 15.6556628897788, 15.6513643672809, 15.6468245866794, 15.6421034579083, 15.6372682841447, 15.6323943776394, 15.6275655804702, 15.6228742889435, 15.6184210061628, 15.614314539373, 15.6106724555525, 15.6076212811222, 15.6052963936642, 15.6038419046109, 15.6034105895483, 15.6082, 15.6087251138049, 15.6099066906141, 15.6116787237306, 15.613975719426, 15.6167327521334, 15.6198855407786, 15.6233705467304, 15.627125093162, 15.6310875017941, 15.6351972515153, 15.6393951530483, 15.6436235441502, 15.6478264975943, 15.6519500455164, 15.6559424170068, 15.6597542811985, 15.6633388509902, 15.6666519565651, 15.6696523735414, 15.6723021601675, 15.674566997615, 15.6764165271362, 15.6778245911913, 15.6787694217844, 15.6792339081249, 15.6792058569359, 15.6786780162877, 15.6776482245612, 15.676119247853, 15.6740992929964, 15.6716025509134, 15.6686497143382, 15.665268207133, 15.6614923354078, 15.6573634497165, 15.6529299544354, 15.6482467017066, 15.6433755088939, 15.6383858293714, 15.6333553897956, 15.6283707291569, 15.6235272296598, 15.6189286545393, 15.6146873482522, 15.6109247082003, 15.6077713934361, 15.6053672130489, 15.6038610051618, 15.6034105650483, 15.6082, 15.6087369336696, 15.6099518325513, 15.6117765910565, 15.6141436327495, 15.6169859671997, 15.6202372686083, 15.6238319767083, 15.6277054197378, 15.631793955303, 15.6360351337813, 15.6403678782769, 15.6447326857169, 15.6490718411247, 15.6533296487851, 15.6574526769911, 15.6613900085154, 15.6650933491587, 15.668517101783, 15.67161870453, 15.6743589783896, 15.676702478043, 15.6786178395407, 15.6800780301839, 15.6810605426322, 15.6815476699514, 15.6815267770317, 15.6809903242908, 15.6799360231722, 15.6783666689714, 15.6762906660948, 15.6737225888742, 15.6706837162014, 15.6672022715832, 15.6633135790328, 15.6590602313531, 15.6544921041327, 15.6496657321366, 15.644644835331, 15.6395010119915, 15.6343143974316, 15.6291742214101, 15.6241788458391, 15.6194352878781, 15.6150594227318, 15.6111764715482, 15.6079212192615, 15.6054378996674, 15.6038800707467, 15.6034105406079, 15.6082, 15.6087487210758, 15.6099968507587, 15.6118741906009, 15.6143110874828, 15.6172384921145, 15.6205880399455, 15.6242921549984, 15.6282841764347, 15.6324985035154, 15.6368707637622, 15.6413379981757, 15.6458388681944, 15.6503138762299, 15.6547056036167, 15.6589589624751, 15.6630214535305, 15.6668432795587, 15.670377419835, 15.6735799783752, 15.6764105418376, 15.6788325408809, 15.6808136083287, 15.6823258378474, 15.6833459838016, 15.6838557436127, 15.6838420404215, 15.6832970467055, 15.6822183462115, 15.6806087624672, 15.6784768959044, 15.6758377021161, 15.6727130433964, 15.6691319397167, 15.6651307293789, 15.6607532434326, 15.6560508243184, 15.6510816850913, 15.6459114435031, 15.6406138374468, 15.6352714051581, 15.6299760610344, 15.6248291405198, 15.6199409085042, 15.6154307644916, 15.6114277467138, 15.6080707592515, 15.6055084538214, 15.6038991014446, 15.6034105162268, 15.6082, 15.6087604761058, 15.6100417455491, 15.6119715230399, 15.6144780847818, 15.6174903286147, 15.6209378571937, 15.6247510847406, 15.6288613671832, 15.6332011511921, 15.6377041470742, 15.6423055192265, 15.6469420989272, 15.6515526111007, 15.6560779190202, 15.6604612832461, 15.6646486267595, 15.6685886533739, 15.6722329225033, 15.6755362073794, 15.6784568632506, 15.680957199216, 15.6830038468446, 15.6845680276908, 15.685625758873, 15.6861581426693, 15.6861516605553, 15.6855981967819, 15.6844952066425, 15.6828455409295, 15.6806579945555, 15.6779479022314, 15.6747377069059, 15.6710572218433, 15.666943796029, 15.6624424947667, 15.657606122999, 15.6524945677471, 15.6471753397411, 15.64172431122, 15.6362264176204, 15.6307762518635, 15.6254781167633, 15.6204455187609, 15.6158013752249, 15.611678534824, 15.6082200140658, 15.605578875817, 15.6039180973371, 15.6034104919063, 15.6082, 15.6087721988416, 15.6100865172343, 15.6120685890473, 15.614644625799, 15.617741478432, 15.6212867227488, 15.6252087690649, 15.6294369959018, 15.6339019030794, 15.6385352893161, 15.643270447891, 15.648042385237, 15.6527880539028, 15.6574466039766, 15.6619596490612, 15.6662715386858, 15.6703294817539, 15.6740836215336, 15.6774874038075, 15.6804979553288, 15.6830764660959, 15.6851885683926, 15.6868046131825, 15.687899881386, 15.6884548806407, 15.6884556508424, 15.6878937877304, 15.6867666173891, 15.685077016909, 15.6828339741415, 15.6800532007768, 15.6767577176789, 15.6729781282412, 15.6687527885364, 15.6641279941398, 15.6591580081564, 15.6539043872577, 15.648436530356, 15.6428324387766, 15.637179439449, 15.6315747977182, 15.6261257776208, 15.6209491209832, 15.6161712566189, 15.6119288370014, 15.6083689843604, 15.6056491659578, 15.6039370585038, 15.6034104676463, 15.6082, 15.6087838889042, 15.6101311643598, 15.6121653854562, 15.6148107050787, 15.617991933306, 15.62163462509, 15.6256651927946, 15.6300110434236, 15.6346007357468, 15.6393641625814, 15.6442327516367, 15.6491396898767, 15.6540201626496, 15.6588116117986, 15.6634540086357, 15.6678901335966, 15.6720657047923, 15.6759294531273, 15.679433500338, 15.6825337476668, 15.6851902685414, 15.6873676980041, 15.6890355180223, 15.6901682744425, 15.6907458808416, 15.6907539355511, 15.6901837454425, 15.6890325065659, 15.6873031212719, 15.6850047687395, 15.6821535354338, 15.6787730173295, 15.6748946047226, 15.6705576571147, 15.6658096963075, 15.6607064391678, 15.6553111076386, 15.6496949839565, 15.6439381932142, 15.638130448068, 15.6323716801295, 15.6267721084532, 15.6214517040277, 15.6165404006343, 15.6121786478631, 15.6085176669052, 15.6057193226061, 15.6039559842842, 15.6034104430917, 15.6082, 15.6087955463535, 15.6101756871518, 15.6122619127527, 15.6149763234478, 15.6182416944721, 15.6219815659165, 15.6261203581355, 15.6305835124913, 15.6352976524925, 15.640190770731, 15.6451924348835, 15.650234017812, 15.6552489428297, 15.6601729484671, 15.6649443684051, 15.6695044183389, 15.6737973296986, 15.6777704248036, 15.6813745047442, 15.6845642482369, 15.6872986146711, 15.6895412438946, 15.6912607504805, 15.6924309463317, 15.6930311515545, 15.6930465229258, 15.6924680780865, 15.6912928822232, 15.6895238619009, 15.6871703860118, 15.6842489135906, 15.6807836129219, 15.6768066579811, 15.6723584080444, 15.6674876071012, 15.6622514213852, 15.656714733736, 15.6509507048634, 15.6450415783166, 15.6390794467232, 15.6331669018173, 15.6274171114774, 15.6219532696423, 15.6169088085963, 15.6124279683699, 15.6086660623676, 15.60578934622, 15.6039748750231, 15.6034104185837, 15.6082, 15.6088071712805, 15.6102200859565, 15.6123581716857, 15.6151414821872, 15.6184907638563, 15.6223275478946, 15.6265742685729, 15.6311544074713, 15.6359926586091, 15.6410151200129, 15.6461495048484, 15.651325377227, 15.6564744035783, 15.6615306240384, 15.6664307393045, 15.6711144046726, 15.6755243689915, 15.679606549763, 15.6833104308227, 15.6865894713379, 15.6894015191861, 15.6917092210647, 15.6934803257501, 15.6946879123308, 15.6953107080329, 15.6953334280902, 15.6947468005534, 15.6935477589187, 15.6917392529217, 15.6893308395573, 15.6863393482314, 15.6827895167464, 15.6787142995433, 15.6741550520297, 15.6691617363544, 15.6637929637355, 15.658115273544, 15.6522037001233, 15.646142600182, 15.6400264405787, 15.6339604670412, 15.6280607900949, 15.6224538204314, 15.6172764823889, 15.6126767997796, 15.6088141714892, 15.6058592371518, 15.6039937308273, 15.6034103941431, 15.6082, 15.6088187637756, 15.6102643611188, 15.6124541630007, 15.615306182573, 15.618739143377, 15.6226725736806, 15.6270269275792, 15.6317237327134, 15.6366857593689, 15.6418372166514, 15.6471039687207, 15.6524137762747, 15.6576965539958, 15.6628846485311, 15.6679131322282, 15.6727201043137, 15.677246835143, 15.6814378411569, 15.6852412923184, 15.6886094312152, 15.6914989967333, 15.6938716444593, 15.6956942589682, 15.696939187661, 15.697584565474, 15.6976146661129, 15.6970199276796, 15.6957971511567, 15.6939493084085, 15.6914861429256, 15.6884248522934, 15.6847907410484, 15.6806175408937, 15.6759475997351, 15.6708320938641, 15.6653310751119, 15.6595127350258, 15.6534539767549, 15.6472412648835, 15.6409714347757, 15.6347523800406, 15.6287031476883, 15.6229533589818, 15.6176434238801, 15.612925143334, 15.6089619949958, 15.6059289957372, 15.6040125517847, 15.6034103697696, 15.6082, 15.6088303240737, 15.6103085135301, 15.612549888621, 15.6154704278879, 15.6189868379577, 15.623016650073, 15.6274783440157, 15.6322914992827, 15.6373769681363, 15.6426570763586, 15.6480558445644, 15.6534992353295, 15.6589154166821, 15.6642350466413, 15.6693915737977, 15.6743215455967, 15.6789647579461, 15.6832643299822, 15.6871671211783, 15.6906241605137, 15.6935910804081, 15.6960285473829, 15.697902583414, 15.6991848053501, 15.6998527564381, 15.6998902688825, 15.699287490491, 15.6980410889223, 15.6961540571382, 15.693636323533, 15.6905054516955, 15.6867873101324, 15.6825164046243, 15.6777360719624, 15.6724986985854, 15.6668657725879, 15.6609071333582, 15.6547015480451, 15.648337583848, 15.6419144389358, 15.6355426487124, 15.6293441905365, 15.6234518900854, 15.6180096365322, 15.6131730013498, 15.6091095342679, 15.6059986226568, 15.6040313381392, 15.6034103455587, 15.6082, 15.6088418525641, 15.6103525446679, 15.612645351732, 15.6156342235669, 15.6192338557453, 15.6233597883143, 15.6279285325254, 15.6328577254501, 15.6380663069586, 15.6434747250303, 15.6490051621176, 15.65458178789, 15.6601310287383, 15.6655818588403, 15.670866107548, 15.6759187747412, 15.6806781858533, 15.6850860664809, 15.6890879690007, 15.6926337117677, 15.6956778232741, 15.6981799830378, 15.7001053520546, 15.7014248177742, 15.7021153323755, 15.7021602866114, 15.7015495376724, 15.7002796191064, 15.6983535439641, 15.695781423975, 15.6925811865833, 15.6887792615312, 15.6844109255225, 15.6795205006532, 15.6741615795446, 15.6683970822383, 15.662298491659, 15.6559464341815, 15.6494315743943, 15.6428554676065, 15.6363312849679, 15.6299839280855, 15.6239494209313, 15.618375125522, 15.6134203772737, 15.6092567913424, 15.6060681188957, 15.6040500902184, 15.6034103216136, 15.6082, 15.6088533278456, 15.6103963724025, 15.6127403735867, 15.6157972617953, 15.6194797308465, 15.6237013388608, 15.6283766377817, 15.6334213314125, 15.6387524563026, 15.6442885915889, 15.6499500903855, 15.6556593381114, 15.6613410279785, 15.6669224585523, 15.6723338479071, 15.6775086560173, 15.6823837452582, 15.6868994548942, 15.6910000370426, 15.6946341058636, 15.6977550919076, 15.7003216931994, 15.7022982148235, 15.7036548194348, 15.7043678745485, 15.7044203318826, 15.7038017619562, 15.7025085553509, 15.7005437343626, 15.6979175888988, 15.6946484045259, 15.6907631659035, 15.6862979139233, 15.6812979488235, 15.6758180618646, 15.6699225971393, 15.6636846732243, 15.657186767369, 15.6505216327497, 15.6437931725779, 15.6371171841293, 15.6306214835907, 15.6244452835406, 15.618739408905, 15.6136669489045, 15.6094035739167, 15.606137388658, 15.6040687718064, 15.6034102808446, 15.6082, 15.6088647762605, 15.6104400980579, 15.6128351751266, 15.6159599237641, 15.619725041329, 15.62404210928, 15.628823725471, 15.6339836655908, 15.6394370679353, 15.6451006477561, 15.6508929336497, 15.6567345314386, 15.6625484056125, 15.6682601833526, 15.6737984754173, 15.6790952055365, 15.6840857764453, 15.6887091442853, 15.692908263755, 15.6966305472534, 15.6998283293817, 15.7024593281907, 15.7044869939327, 15.7058807625159, 15.7066164142863, 15.7066764589594, 15.7060501769345, 15.7047338122551, 15.7027303923455, 15.700050380603, 15.6967124210128, 15.6927440528692, 15.6881820805489, 15.6830727813049, 15.6774721435284, 15.6714459335023, 15.6650689036041, 15.6584253796408, 15.651610200609, 15.6447296144184, 15.6379020408837, 15.6312582071323, 15.6249405106892, 15.6191032354785, 15.6139132204042, 15.6095501868689, 15.6062065888877, 15.6040874492436, 15.6034102622863, 15.6082, 15.608876203344, 15.6104837427692, 15.6129298021554, 15.6161222880183, 15.6199699055572, 15.6243822638378, 15.6292700108478, 15.6345449983195, 15.6401204703683, 15.6459112823231, 15.6518341420892, 15.6578078795528, 15.663753733945, 15.6695956642987, 15.6752606770262, 15.6806791622835, 15.6857850655927, 15.6905159621902, 15.6948135112054, 15.6986239247216, 15.7018984423957, 15.7045938028379, 15.706672601562, 15.7081035473127, 15.7088618322978, 15.7089295227999, 15.7082956071877, 15.706956180931, 15.7049142740019, 15.7021805201388, 15.6987739180148, 15.6947225618874, 15.6900640195318, 15.6848455447028, 15.6791243220182, 15.6729675386966, 15.6664515796686, 15.6596626175866, 15.6526975751061, 15.6456650422387, 15.6386860583592, 15.6318942585047, 15.6254352220922, 15.6194666887398, 15.6141592435201, 15.6096966552694, 15.6062757236545, 15.6041061118771, 15.6034102474382, 15.6082, 15.6088876021566, 15.6105272797143, 15.6130241959536, 15.6162842528538, 15.6202141686826, 15.62472158531, 15.6297152060086, 15.6351049636406, 15.6408022131419, 15.6467199548095, 15.6527730806128, 15.6588786490909, 15.6649561786095, 15.6709279642185, 15.6767194118846, 15.6822593817913, 15.687480365605, 15.6923185608041, 15.6967143337289, 15.7006126985234, 15.7039638018372, 15.7067234043069, 15.7088532487474, 15.7103213182702, 15.7111022179252, 15.7111775710803, 15.7105360741127, 15.7091736738292, 15.7070934021187, 15.7043060618616, 15.7008310046393, 15.6966968773127, 15.6919420082785, 15.6866146245916, 15.6807731034962, 15.6744860491942, 15.6678314752247, 15.6608973966761, 15.653782815007, 15.64659865704, 15.6394685760386, 15.6325291092259, 15.6259290121664, 15.6198294741791, 15.6144048203038, 15.6098428605373, 15.6063447338728, 15.6041247375727, 15.6034102259099, 15.6082, 15.608898978895, 15.6105707326265, 15.613118408088, 15.6164459069261, 15.6204579646618, 15.6250602601246, 15.6301595559805, 15.6356638702661, 15.641482672697, 15.6475271123878, 15.6537102690863, 15.6599474335331, 15.6661564065817, 15.6722578224251, 15.6781754894469, 15.6838367404223, 15.6891726154816, 15.6941179364536, 15.6986117786336, 15.7025979595668, 15.7060255337995, 15.7088492863233, 15.7110301091942, 15.7125352613213, 15.7133387614795, 15.7134217905445, 15.7127727528453, 15.7113874463387, 15.709268904103, 15.7064280968686, 15.7028847272536, 15.6986679922737, 15.693816979433, 15.6883808871494, 15.6824192829572, 15.676002185355, 15.6692092338078, 15.6621302826968, 15.6548664086925, 15.6475308714053, 15.6402499335834, 15.6331630301798, 15.6264220884278, 15.6201917426193, 15.6146500528254, 15.6099888651927, 15.6064136529772, 15.6041433424018, 15.6034102093867, 15.6082, 15.6089103244089, 15.6106140664915, 15.6132123625368, 15.6166071196325, 15.6207010963082, 15.6253980140778, 15.6306027006802, 15.6362212649413, 15.6421612968862, 15.6483320998679, 15.6546449466978, 15.6610133654387, 15.6673534443572, 15.6735841614893, 15.6796277320705, 15.6854099656068, 15.690860454586, 15.6959126488695, 15.7005043360247, 15.7045781399149, 15.7080820254635, 15.7109698040229, 15.7132015185045, 15.7147437047235, 15.7155697957418, 15.7156605300449, 15.7150040195377, 15.7135959128183, 15.7114392431071, 15.7085451473742, 15.7049336770886, 15.7006345766573, 15.6956876896342, 15.6901431823186, 15.6840618086552, 15.6775149972101, 15.6705840091479, 15.6633605334554, 15.6559477168845, 15.6484611462706, 15.6410296879055, 15.6337956684781, 15.6269141808748, 15.620553298098, 15.6148948087805, 15.6101345886775, 15.6064824387163, 15.6041619074568, 15.603410185822, 15.6082, 15.6089216353567, 15.6106572681052, 15.613306029876, 15.6167678391339, 15.6209434833364, 15.6257347325696, 15.6310444854884, 15.6367769474861, 15.6428378345914, 15.64913460998, 15.6555767449774, 15.662076010254, 15.6685467865809, 15.6749064007024, 15.6810754793096, 15.6869783129463, 15.6925430505188, 15.6977017737706, 15.7023909860276, 15.7065521205577, 15.7101320573853, 15.7130836384742, 15.715366061451, 15.7169451423924, 15.7177937314584, 15.7178921270962, 15.7172281506616, 15.7157973031335, 15.7136026190783, 15.7106554023489, 15.7069760533338, 15.7025948633276, 15.697552431133, 15.6918998840911, 15.68569915532, 15.6790230758673, 15.6719545210127, 15.6645870063067, 15.6570257400977, 15.649388627532, 15.6418071291543, 15.6344264540471, 15.6274048513862, 15.620913823277, 15.6151388771029, 15.6102799083488, 15.6065510356896, 15.6041804200739, 15.6034101574668
1.9816, 1.9816, 1.9816, 1.9816, 1.9816, 1.9816, 1.9816, 1.9816, 1.9816, 1.9816, 1.9816, 1.9816, 1.9816, 1.9816, 1.9816, 1.9816, 1.9816, 1.9816, 1.9816, 1.9816, 1.9816, 1.9816, 1.9816, 1.9816, 1.9816, 1.9816, 1.9816, 1.9816, 1.9816, 1.9816, 1.9816, 1.9816, 1.9816, 1.9816, 1.9816, 1.9816, 1.9816, 1.9816, 1.9816, 1.9816, 1.9816, 1.9816, 1.9816, 1.9816, 1.9816, 1.9816, 1.9816, 1.9816, 1.9816, 1.9816, 1.9816, 1.98537457092692, 1.99638915391807, 2.01433583678297, 2.03890669244677, 2.06979377896821, 2.10668913955754, 2.14928480259431, 2.19727278164504, 2.25034507548087, 2.30819366809508, 2.37051052872053, 2.43698761184713, 2.50731685723927, 2.58119018995341, 2.65829952035575, 2.73833674414013, 2.82099374234621, 2.90596238137797, 2.99293451302258, 3.0816019744696, 3.17165658833049, 3.26279016265835, 3.35469449096778, 3.44706135225467, 3.53958251101595, 3.631949717269, 3.7238547065708, 3.81498920003685, 3.90504490435979, 3.9937135118281, 4.08068670034495, 4.16565613344755, 4.24831346032731, 4.32835031585125, 4.40545832058504, 4.47932908081833, 4.54965418859302, 4.61612522173567, 4.67843374389572, 4.7362713045921, 4.78932943927275, 4.83729966939429, 4.87987350253533, 4.91674243256773, 4.94759793993431, 4.97213149213519, 4.99003454465706, 5.00099854294652, 5.00471492719598, 1.9816, 1.98537129137982, 1.99637676754769, 2.01430923039778, 2.03886145886898, 2.06972620837811, 2.10659620965303, 2.14916416725858, 2.19712275837714, 2.25016463093006, 2.30798240145705, 2.37026865376284, 2.4367159377257, 2.50701676706008, 2.58086361854171, 2.65794893166821, 2.73796510667598, 2.82060450275201, 2.90555942974351, 2.99252214764186, 3.08118486694145, 3.17123974620718, 3.2623788938515, 3.35429437080447, 3.44667818435228, 3.53922228839244, 3.63161858355636, 3.7235589099193, 3.81473503737286, 3.90483865502212, 3.99356137476954, 4.0805947373342, 4.16563021012656, 4.24835919631968, 4.32847302284253, 4.40566294318752, 4.4796201216669, 4.5500356148142, 4.6166003681089, 4.67900522755784, 4.73694095707367, 4.7900982373434, 4.83816767368864, 4.88083979551318, 4.91780503339718, 4.94875371847141, 4.97337611179888, 4.99136240571954, 5.00240272673705, 5.00618714195493, 1.9816, 1.98536349656699, 1.99634705878607, 2.01424492717664, 2.0387513028483, 2.06956034574672, 2.10636617107685, 2.14886284479392, 2.19674437986925, 2.24970473055408, 2.30743778590932, 2.36963736566583, 2.43599721657649, 2.50621100559198, 2.57997231747736, 2.65697465375001, 2.73691142662603, 2.81947595344981, 2.90436143158513, 2.99126093680997, 3.07986742436633, 3.16987372153318, 3.26097253297959, 3.35285644876071, 3.44521792555913, 3.53774928748822, 3.63014272624181, 3.72209027899384, 3.81328379889449, 3.9034149231447, 3.99217508384788, 4.07925552625627, 4.16434730227493, 4.24714129781987, 4.32732819630182, 4.40459848709562, 4.47864241731864, 4.54914993573598, 4.61581068272571, 4.67831402539982, 4.73634911031901, 4.78960485992007, 4.83776999596628, 4.88053303766116, 4.91758223186537, 4.94860555056541, 4.97329077902911, 4.99132551766406, 5.00239718577723, 5.00619302823166, 1.9816, 1.98535571499796, 1.99631739947978, 2.01418072910699, 2.0386413236871, 2.06939474424156, 2.10613648703244, 2.14856197603521, 2.19636655670605, 2.24924548640982, 2.30689392362438, 2.36900692103382, 2.43527941944142, 2.50540623638674, 2.57908206216823, 2.65600145806895, 2.73585884626012, 2.81834850025687, 2.90316450328247, 2.99000074558439, 3.07855092617679, 3.16850854044944, 3.25956688908462, 3.35141909121849, 3.44375805313798, 3.53627646977816, 3.62866682453213, 3.72062135256958, 3.81183199108383, 3.90199032677902, 3.99078761395826, 4.07791480493996, 4.16306253919601, 4.24592118859505, 4.3261807964584, 4.40353109163094, 4.47766140719008, 4.54826058794281, 4.61501697360448, 4.67761845737501, 4.73575257386225, 4.78910649302725, 4.83736705859532, 4.88022078487073, 4.91735374058681, 4.94845154441293, 4.97319951164436, 4.99128265658525, 5.00238569720355, 5.00619306206796, 1.9816, 1.98534795676049, 1.9962878290273, 2.01411672318566, 2.03853167333277, 2.06922963717731, 2.10590748768296, 2.14826200253965, 2.19598985544864, 2.24878760273618, 2.3063516682568, 2.36837833373845, 2.43456373027402, 2.50460382240749, 2.57819440257733, 2.65503108864032, 2.73480930975979, 2.81722429269799, 2.90197100394297, 2.98874414595601, 3.0772381596087, 3.16714720685814, 3.25816518321529, 3.34998573591263, 3.44230222010911, 3.53480770122605, 3.62719495405347, 3.71915641171507, 3.81038409529675, 3.90056954147665, 3.98940382781854, 4.07657761530113, 4.16178113309552, 4.24470424129347, 4.32503634561738, 4.40246641703183, 4.47668287679438, 4.547373468629, 4.61422523509163, 4.6769245995175, 4.73515748902549, 4.78860932594032, 4.83696508053468, 4.87990926657913, 4.91712577933517, 4.94829788904211, 4.97310844589799, 4.99123988296912, 5.00237422174153, 5.00619307934013, 1.9816, 1.98534022170174, 1.99625834684256, 2.01405290813776, 2.03842234959082, 2.06906502123389, 2.10567916840142, 2.14796291821656, 2.19561426841013, 2.2483310701416, 2.30581100862546, 2.36775159074733, 2.4338501341515, 2.50380374682385, 2.57730931997055, 2.65406352485043, 2.7337627946752, 2.81610330655128, 2.90078090765583, 2.98749111042583, 3.07592909569132, 3.16578969044719, 3.25676738386069, 3.3485563502877, 3.44085039303818, 3.53334294769358, 3.62572708014917, 3.7176954214514, 3.80894007644228, 3.89915253225555, 3.98802369078414, 4.07524392326587, 4.1605030507053, 4.24349042368986, 4.32389481283501, 4.40140443387642, 4.47570679847753, 4.54648855215709, 4.61343544381486, 4.67623243096644, 4.73456383770158, 4.78811334354275, 4.83656404989127, 4.87959847434648, 4.91689834334956, 4.94814458359243, 4.97301758504698, 4.99119720440345, 5.00236277151993, 5.00619309692655, 1.9816, 1.98533246667508, 1.99622878690161, 2.0139889218297, 2.03831272748412, 2.06889994835501, 2.10545020431507, 2.14766297413747, 2.19523758186502, 2.24787317585983, 2.30526870517684, 2.36712290446983, 2.43313428069224, 2.50300108820454, 2.57642132010264, 2.65309270436892, 2.73271268181173, 2.81497838347175, 2.89958654113086, 2.98623348145286, 3.07461512981451, 3.16442698320404, 3.25536412975552, 3.34712127645779, 3.43939268053261, 3.53187215387507, 3.62425305967556, 3.71622823335317, 3.80748986985501, 3.89772941373457, 3.98663759876269, 4.07390449663519, 4.15921951091933, 4.24227147356839, 4.32274851118137, 4.40033807551579, 4.47472675947152, 4.54560010184307, 4.61264254997949, 4.67553758822385, 4.73396793069974, 4.78761550756656, 4.83616154454635, 4.8792865560474, 4.9166700929672, 4.94799073196856, 4.97292639631991, 4.99115435987073, 5.00235125440765, 5.00619307744721, 1.9816, 1.98532471193007, 1.99619922810101, 2.01392493811477, 2.03820311004457, 2.06873488288534, 2.10522125112759, 2.14736304532347, 2.19486091602217, 2.24741530906972, 2.30472643775371, 2.36649426501803, 2.4324184877943, 2.50219850766113, 2.57553342063667, 2.65212201265846, 2.73166273358925, 2.81385366990556, 2.89839243982033, 2.98497618638519, 3.07330157568224, 3.1630647712152, 3.25396145696241, 3.34568686962244, 3.43793571765708, 3.53040218699433, 3.62277993587736, 3.71476200211548, 3.8060406686816, 3.89630733608192, 3.98525256907961, 4.07256613953692, 4.15793703382281, 4.24105356563424, 4.32160321815111, 4.39927267990983, 4.4737476253871, 4.54471248764058, 4.61185041407696, 4.67484341801335, 4.73337260616609, 4.78711816226282, 4.83575943902837, 4.87897495014662, 4.91644207372727, 4.94783703939239, 4.97283530668767, 4.9911115695983, 5.00233976481547, 5.00619307982176, 1.9816, 1.9853170177928, 1.99616990204587, 2.01386146122922, 2.03809436589092, 2.06857113997652, 2.10499414307295, 2.14706554803915, 2.19448732252388, 2.24696120053689, 2.30418865038897, 2.36587085423411, 2.43170869004883, 2.50140269787081, 2.57465306806986, 2.65115963616673, 2.73062185293234, 2.81273875217842, 2.89720883077226, 2.98373004071031, 3.07199978170362, 3.16171487706002, 3.25257160024331, 3.34426571150247, 3.43649236463132, 3.52894611407205, 3.62132090764184, 3.71330998032106, 3.80460569779587, 3.89489941182147, 3.98388151402744, 4.07124147290699, 4.15666785462214, 4.23984845174293, 4.32047010137747, 4.39821872634648, 4.47277907979436, 4.54383451304737, 4.61106689819604, 4.67415680268745, 4.73278375139296, 4.7866262075361, 4.83536167651662, 4.87866669674146, 4.91621649925476, 4.94768499257272, 4.97274519841832, 4.99106925677048, 5.00232843503113, 5.00619313640434, 1.9816, 1.98530934552554, 1.99614065921526, 2.01379816420339, 2.03798592931909, 2.06840785928428, 2.10476767464063, 2.1467688864612, 2.19411477546663, 2.24650835988901, 2.30365235923099, 2.36524917115411, 2.43100085112316, 2.50060907425135, 2.57377512206402, 2.65019987666634, 2.72958378696278, 2.81162683137208, 2.89602838300923, 2.9824872007402, 3.07070141619368, 3.16036851113266, 3.25118534750748, 3.34284820831722, 3.43505269213753, 3.52749372176129, 3.61986553445732, 3.71186156251332, 3.80317425437491, 3.89349491369742, 3.98251376020273, 4.06991996082802, 4.15540166386605, 4.23864614323619, 4.31933959266949, 4.39716717212471, 4.47181271585849, 4.54295849548689, 4.61028511042014, 4.67347168540424, 4.73219616704311, 4.78613530200258, 4.83496475205609, 4.87835908381749, 4.9159913850352, 4.94753324711836, 4.97265525795529, 4.99102700749792, 5.00231709783043, 5.00619315184265, 1.9816, 1.98530169484928, 1.99611149853466, 2.01373504469191, 2.03787779627875, 2.06824503466026, 2.10454183723214, 2.14647304922978, 2.19374326045868, 2.24605676947223, 2.30311754317361, 2.36462919106895, 2.43029494259365, 2.49981760459133, 2.57289954658433, 2.64924269430023, 2.72854849203833, 2.81051786013333, 2.89485104557707, 2.98124761206394, 3.06940642146144, 3.15902561266942, 3.24980263515484, 3.34143429389522, 3.43361663172617, 3.52604493965392, 3.61841374430441, 3.71041667543639, 3.80174626433213, 3.89209376722619, 3.98114923318341, 4.06860152941988, 4.1541383887159, 4.23744656883579, 4.31821162284723, 4.39611795071977, 4.47084847028978, 4.54208437551078, 4.6095049957724, 4.67278801631025, 4.73160980905863, 4.78564540809113, 4.8345686352738, 4.87805208893256, 4.9157667173106, 4.94738179872908, 4.97256549125058, 4.99098483880111, 5.00230578214246, 5.00619316784272, 1.9816, 1.98529405288632, 1.99608237155811, 2.01367199901736, 2.03776979122506, 2.06808240508349, 2.10431627376893, 2.14617757565424, 2.1933722086696, 2.24560575081521, 2.30258341562963, 2.36401002382627, 2.42958997831866, 2.49902721736018, 2.57202519833532, 2.64828688700421, 2.72751471969134, 2.80941055532785, 2.89367551178156, 2.98000995490267, 3.06811347448539, 3.1576848646132, 3.24842216066301, 3.34002268818221, 3.43218293310707, 3.52459855388056, 3.61696436575345, 3.7089741954812, 3.80032065662547, 3.89069495804158, 3.97978697874753, 4.06728528742974, 4.15287720306686, 4.23624896911784, 4.31708550005458, 4.39507043808406, 4.46988578644781, 4.54121166284594, 4.60872612866622, 4.67210543218167, 4.73102437361048, 4.7851562777542, 4.83417312964671, 4.87774556218872, 4.91554238726605, 4.94723057348865, 4.97247585246115, 4.99094272544532, 5.00229447523854, 5.00619317544442, 1.9816, 1.98528643245941, 1.99605332652106, 2.01360913039964, 2.03766208891593, 2.06792023038529, 2.10409133967268, 2.14588292424523, 2.193002186179, 2.24515597902765, 2.30205075918083, 2.36339255490246, 2.42888693907172, 2.49823897801059, 2.57115321380973, 2.64733364931884, 2.72648371016615, 2.80830619120815, 2.89250307883497, 2.97877553902572, 3.06682388783337, 3.15634757321421, 3.2470452154892, 3.33861466000758, 3.43075283528712, 3.52315576706907, 3.61551855913649, 3.70753523540655, 3.79889849180616, 3.8892994904928, 3.9784279416848, 4.06597211736443, 4.15161892505083, 4.23505409637875, 4.3159619099231, 4.39402525298603, 4.46892521667468, 4.54034084448326, 4.60794893245217, 4.67142429507319, 4.73044016443377, 4.78466816001394, 4.83377843372179, 4.87743965652719, 4.9153185077367, 4.94707965025466, 4.97238639322324, 4.99090069922787, 5.0022831970837, 5.00619319140948, 1.9816, 1.98527879719878, 1.9960242235673, 2.01354613394663, 2.03755416344108, 2.06775771322203, 2.10386592131842, 2.14558762581532, 2.19263133452263, 2.24470517822059, 2.30151685793172, 2.36277361137921, 2.42818218346048, 2.49744877078906, 2.57027900256924, 2.64637792135965, 2.72544994493193, 2.80719880695912, 2.89132736556057, 2.97753759037618, 3.06553052760651, 3.15500628332462, 3.24566406738244, 3.33720224971547, 3.42931820645567, 3.52170833605405, 3.614068036285, 3.70609153394386, 3.79747161296396, 3.88789939503928, 3.97706441423152, 4.06465463903518, 4.15035655924244, 4.23385538853623, 4.31483476368494, 4.3929768113361, 4.4679617043203, 4.53946740537525, 4.60716943924912, 4.67074118123394, 4.72985429027256, 4.78417867587599, 4.83338265193967, 4.87713292240923, 4.91509402920782, 4.94692832496565, 4.97229669179622, 4.99085854905166, 5.00227186702471, 5.006193176829, 1.9816, 1.9852711834199, 1.99599520234738, 2.01348331410784, 2.0374465399571, 2.0675956498097, 2.10364113077792, 2.14529314753256, 2.19226150964926, 2.24425562125177, 2.30098442422094, 2.36215636209144, 2.42747934827463, 2.49666070634159, 2.56940714946008, 2.64542475695921, 2.72441893603526, 2.80609435651254, 2.89015474588921, 2.97630287543978, 3.06424051984213, 3.1536684419699, 3.2442864402316, 3.33579340837221, 3.42788716960949, 3.52026449495284, 3.61262107606599, 3.70465134277758, 3.79604816711107, 3.88650263097064, 3.97570409354482, 4.06334022169669, 4.1490970898597, 4.2326593962726, 4.31371013862227, 4.39193068578577, 4.46700029481231, 4.53859584977247, 4.60639160681403, 4.670059505244, 4.72926963447654, 4.78369019803232, 4.83298767553109, 4.87682680742108, 4.91487000205122, 4.94677730581319, 4.97220717781769, 4.99081649820228, 5.00226058275107, 5.00619319308568, 1.9816, 1.98526359115583, 1.99596626299287, 2.01342067117794, 2.03733921898545, 2.0674340409594, 2.10341696921378, 2.14499949097174, 2.19189271360523, 2.24380731069686, 2.30045346120926, 2.36154081083843, 2.42677843800244, 2.49587478989228, 2.56853766048481, 2.6444741629359, 2.72339069114174, 2.80499284840773, 2.88898522925435, 2.97507140455675, 3.06295387579052, 3.15233406130255, 3.24291234707075, 3.33438814985973, 3.42645973943117, 3.518824259186, 3.61117769456139, 3.70321467856007, 3.79462817136854, 3.88510921576107, 3.97434699731947, 4.06202888311183, 4.14784053455856, 4.23146613693938, 4.31258805156199, 4.39088689239434, 4.46604100318055, 4.53772619139806, 4.60561544726801, 4.66937927730705, 4.72868620499497, 4.7832027318179, 4.83259350683514, 4.87652131050346, 4.91464642138493, 4.94662658364587, 4.97211783739741, 4.9907745275582, 5.00224931939367, 5.00619320902051, 1.9816, 1.98525602034346, 1.99593740526392, 2.0133582046393, 2.03723219964224, 2.06727288534492, 2.10319343479382, 2.14470665374329, 2.19152494340418, 2.24336024294509, 2.29992396464532, 2.36092695272292, 2.42607944710597, 2.49509101527749, 2.56767052887814, 2.64352613195511, 2.72236520238698, 2.80389427429877, 2.88781880688386, 2.97384316858982, 3.06167058601433, 3.15100313165251, 3.24154177806503, 3.33298646424671, 3.42503590596107, 3.51738761883171, 3.60973788195279, 3.70178153164102, 3.79321161632146, 3.88371914029789, 3.97299311680826, 4.06072061495559, 4.14658688548384, 4.23027560318993, 4.31146849569537, 4.38984542491105, 4.4650838237469, 4.53685842515909, 4.60484095611141, 4.66870049351813, 4.72810399851097, 4.78271627448787, 4.83220014365473, 4.87621642997551, 4.91442328600469, 4.94647615768767, 4.9720286701307, 4.99073263702062, 5.00223807708563, 5.00619322491617, 1.9816, 1.98524846406148, 1.99590860344207, 2.01329586004177, 2.03712539075237, 2.06711204901422, 2.10297034667818, 2.14441440594966, 2.19115791986187, 2.24291409123698, 2.299395563846, 2.36031437872957, 2.42538193360557, 2.49430891269594, 2.56680526193445, 2.64258015309792, 2.72134194510265, 2.80279810000586, 2.88665493909719, 2.97261762613962, 3.06039011094683, 3.14967511860499, 3.24017420703709, 3.33158783644459, 3.42361516781633, 3.51595408859324, 3.6083011711751, 3.70035145509714, 3.79179807686678, 3.88233200274188, 3.97164207464153, 4.05941506529276, 4.14533581685635, 4.22908749587939, 4.31035119874674, 4.3888060379207, 4.46412853770833, 4.53599235838021, 4.60406796607337, 4.66802301104714, 4.7275228954293, 4.7822307282328, 4.83180750827526, 4.8759121062856, 4.91420055234856, 4.9463259979514, 4.97193965694896, 4.99069081554291, 5.00222684966604, 5.00619323612241, 1.9816, 1.98524092914215, 1.99587988290542, 2.01323369109708, 2.03701888222326, 2.0669516640066, 2.10274788304838, 2.14412297399891, 2.19079191777092, 2.2424691769814, 2.29886862314128, 2.35970349048712, 2.42468633105108, 2.49352894248617, 2.56594234189254, 2.64163672585813, 2.72032143163457, 2.80170484656747, 2.88549415170829, 2.97139530411921, 3.05911297516296, 3.14835054119711, 3.23881014452233, 3.33019276575877, 3.42219801057918, 3.51452413806974, 3.60686801381924, 3.69892488072035, 3.79038796344452, 3.88094819086316, 3.97029423483328, 4.05811257352394, 4.14408764283242, 4.22790210351534, 4.30923642339664, 4.38776896832461, 4.46317535646473, 4.53512817747095, 4.603296639315, 4.66734696877729, 4.72694301255305, 4.78174618919923, 4.83141567783712, 4.87560839944591, 4.91397826540502, 4.94617613673198, 4.97185082000901, 4.99064907792401, 5.00221564758012, 5.0061932519582, 1.9816, 1.98523342399566, 1.99585127597501, 2.01317176823141, 2.03691279547394, 2.06679191431521, 2.10252630074627, 2.14383269654938, 2.19042736526707, 2.24202602414501, 2.29834376737479, 2.35909501745415, 2.42399347594544, 2.49275204931581, 2.56508282139519, 2.6406970093535, 2.71930492476377, 2.80061587630602, 2.88433790114763, 2.97017774632078, 3.05784080175584, 3.14703109244593, 3.23745134276705, 3.32880305165204, 3.42078626759778, 3.51309961984326, 3.60544026573075, 3.69750365032997, 3.78898308524209, 3.87956946441142, 3.96895129268687, 4.05681475729157, 4.14284389197014, 4.2267208559394, 4.30812549292878, 4.38673542679768, 4.4622253738254, 4.53426685691558, 4.60252783033058, 4.66667310234014, 4.72636496956852, 4.78126316583407, 4.83102505604256, 4.87530561669748, 4.91375664602389, 4.94602672034213, 4.97176224472213, 4.99060746408727, 5.00220448245004, 5.0061932746995, 1.9816, 1.98522593828531, 1.9958227429325, 2.01311000491183, 2.03680698133606, 2.06663257392735, 2.10230528431778, 2.1435431577204, 2.19006373666922, 2.24158398948382, 2.29782022958786, 2.35848806441593, 2.42330234188625, 2.49197707427207, 2.56422540930486, 2.63975958211458, 2.7182908761881, 2.79952951919324, 2.88318440237325, 2.96896306100542, 3.05657160220878, 3.14571469857683, 3.23609565585736, 3.32741649078852, 3.41937769442948, 3.51167826627564, 3.60401565558481, 3.69608551002043, 3.78758122847965, 3.87819367024764, 3.96761117402416, 4.05551963750083, 4.14160269418068, 4.22554200379163, 4.30701678823523, 4.38570393180736, 4.46127725096088, 4.53340720352309, 4.60176049230851, 4.66600050984836, 4.7257880058605, 4.78078103294452, 4.83063514507587, 4.87500337736285, 4.91353541823442, 4.94587756289527, 4.97167381847558, 4.99056591570013, 5.00219332905198, 5.0061932888876, 1.9816, 1.98521845394929, 1.99579421516828, 2.01304825309105, 2.03670118703082, 2.0664732636349, 2.10208431002364, 2.14325367473543, 2.18970017925314, 2.24114204301074, 2.2972967988105, 2.35788123929399, 2.42261135915498, 2.49120227705823, 2.56336820540103, 2.63882239824334, 2.71727711216903, 2.79844349507924, 2.8820312938437, 2.96774882888471, 3.05530292175204, 3.14439889022485, 3.23474061933817, 3.32603064174671, 3.41796988942852, 3.51025773085556, 3.60259190598136, 3.69466826409755, 3.78618029038501, 3.87681880836256, 3.96627199006175, 4.05422544367651, 4.14036240299628, 4.22436402892821, 4.30590892242971, 4.38467322927568, 4.4603298667734, 4.53254822797251, 4.60099376512377, 4.66532845641291, 4.72521150643579, 4.78029928871234, 4.83024554819388, 4.87470138029689, 4.91331436563586, 4.94572852050593, 4.9715854562972, 4.9905243917324, 5.00218217396165, 5.0061932910082, 1.9816, 1.9852109890317, 1.99576576122462, 2.01298666067098, 2.03659566508861, 2.06631436227296, 2.10186390108712, 2.14296492969658, 2.18933754489752, 2.24070121368564, 2.29677468479488, 2.35727593275032, 2.42192209584686, 2.49042939613161, 2.56251310783693, 2.6378875013269, 2.71626580386923, 2.79736008124883, 2.88088093391641, 2.96653746573066, 3.05403721130639, 3.14308613258341, 3.2333886931875, 3.32464794118922, 3.41656524922965, 3.5088403548633, 3.60117128890686, 3.69325410270174, 3.7847823680907, 3.87544687311306, 3.96493562400418, 4.05293394088247, 4.13912465973774, 4.22318844471049, 4.3048032780833, 4.38364456953824, 4.45938433930714, 4.53169091735311, 4.60022850763714, 4.66465767678021, 4.7246360874266, 4.77981843753975, 4.82985666633786, 4.87439993263347, 4.91309371259088, 4.94557974718217, 4.97149725563504, 4.9904829482415, 5.00217104838583, 5.00619330532408, 1.9816, 1.98520354350585, 1.99573738100143, 2.01292522743803, 2.03649041514877, 2.06615586930673, 2.10164405677866, 2.14267692166522, 2.18897583244641, 2.24026150013285, 2.29625388594878, 2.35667214298438, 2.42123454996581, 2.48965842931739, 2.56166011427906, 2.63695488889574, 2.71525694870735, 2.79627927503591, 2.87973331986921, 2.96532896879378, 3.05277446812225, 3.14177642292693, 3.2320398747232, 3.32326838649179, 3.4151637712756, 3.50742613581051, 3.59975380193812, 3.69184302346505, 3.78338745927154, 3.87407786220497, 3.96360207357433, 4.05164512683977, 4.13788946209799, 4.22201524876969, 4.30369985272447, 4.38261794997207, 4.45844066573525, 4.53083526858122, 4.59946471645231, 4.66398816718069, 4.72406174462316, 4.77933847470254, 4.82946849418844, 4.87409902837193, 4.91287345232517, 4.94543123527675, 4.9714092078629, 4.99044157550937, 5.00215994139473, 5.00619331956641, 1.9816, 1.9851961462106, 1.99570918434697, 2.01286419097461, 2.03638584380693, 2.06599839617827, 2.10142562377403, 2.14239075749208, 2.18861642842046, 2.2398245825915, 2.29573638483151, 2.35607215803019, 2.42055131272752, 2.48889226327164, 2.56081239363389, 2.6360279934672, 2.71425421872191, 2.79520495846166, 2.87859250871727, 2.96412752964307, 3.05151897242932, 3.14047407879804, 3.23069846199677, 3.32189619395404, 3.41376952239602, 3.50601891787916, 3.59834298797317, 3.6904381839057, 3.78199826924452, 3.87271397921475, 3.962273008345, 4.05036012212733, 4.13665738394218, 4.22084448780736, 4.30259820271113, 4.38159249068121, 4.45749760127143, 4.5299797606212, 4.59870070020117, 4.66331818910573, 4.72348679484568, 4.77885785408603, 4.8290796837097, 4.87379755785133, 4.91265273313679, 4.94528238992699, 4.97132095314642, 4.99040010624656, 5.00214881511399, 5.00619334153026, 1.9816, 1.98518876894297, 1.99568106385623, 2.0128033190212, 2.03628155364297, 2.06584134534723, 2.10120777479931, 2.14210535590236, 2.18825797862261, 2.23938882036628, 2.29522024601855, 2.35547374484747, 2.419869855933, 2.48812808243668, 2.55996685612692, 2.63510346953274, 2.71325403649282, 2.79413335135751, 2.87745455204563, 2.9629290714564, 3.0502665641727, 3.13917490741696, 3.22936028534316, 3.32052727819678, 3.41237856799987, 3.50461498909823, 3.59693543482424, 3.68903655411381, 3.78061221576042, 3.87135313782359, 3.96094686908444, 4.04907790864161, 4.13542794521836, 4.21967619962913, 4.30149884639476, 4.3805691361335, 4.45655644495621, 4.52912595843125, 4.59793818399028, 4.66264950492354, 4.72291293579481, 4.77837812775964, 4.82869158133356, 4.87349662281367, 4.91243239397253, 4.94513379011686, 4.97123283426432, 4.99035869169086, 5.00213769478621, 5.00619335686192, 1.9816, 1.98518141181439, 1.99565301996603, 2.01274261254493, 2.03617754635032, 2.06568471942027, 2.10099051355219, 2.14182072185341, 2.18790048942898, 2.2389542214015, 2.29470547916181, 2.35487691492463, 2.41919019302518, 2.48736590231627, 2.55912351941686, 2.63418133698708, 2.71225642421789, 2.79306447827881, 2.87631947680756, 2.96173362360976, 3.0490172751589, 3.13787894300976, 3.22802538137678, 3.31916167817101, 3.41099094930206, 3.50321439285111, 3.59553118792635, 3.68763818143754, 3.77922934791995, 3.86999538870538, 3.95962370783863, 4.04779853957517, 4.13420120001334, 4.21851043893695, 4.30040183878635, 4.37954794131574, 4.45561725139564, 4.52827391586004, 4.59717722051186, 4.66198216574643, 4.72234021655333, 4.77789934229963, 4.82830423062656, 4.87319626328702, 4.91221247076694, 4.94498546710522, 4.97114487719031, 4.99031735189357, 5.00212659387389, 5.00619337173684, 1.9816, 1.98517407477071, 1.99562505247084, 2.01268207110277, 2.03607382117329, 2.06552851726484, 2.10077383846993, 2.14153685330965, 2.18754395829909, 2.23852078263002, 2.29419208065558, 2.35428166411512, 2.41851231932329, 2.48660571771055, 2.55828237780759, 2.63326158966753, 2.71126137530367, 2.79199833224436, 2.87518727568309, 2.96054117849792, 3.04777109755374, 3.13658617757097, 3.22669374197823, 3.31779938570024, 3.40960665812485, 3.50181712101186, 3.59413023925714, 3.68624305800805, 3.77784965805565, 3.86864072444308, 3.95830351748829, 4.04652200814932, 4.13297714192509, 4.21734719973467, 4.29930717431781, 4.37852890110299, 4.45468001591968, 4.52742362870408, 4.59641780603817, 4.66131616832717, 4.72176863435324, 4.77742149540864, 4.82791762974711, 4.87289647786549, 4.91199296252352, 4.94483742027215, 4.9710570816416, 4.99027608686306, 5.0021155126242, 5.00619338658222, 1.9816, 1.9851668260753, 1.99559742475398, 2.01262227047403, 2.03597137398273, 2.06537425295826, 2.10055987037057, 2.14125655678319, 2.18719194681139, 2.23809288048758, 2.29368529200232, 2.35369413961554, 2.41784331876331, 2.48585557075739, 2.55745244351824, 2.63235421217044, 2.71027983943568, 2.79094681115858, 2.87407076834233, 2.95936544151962, 3.04654257686299, 3.13531194150615, 3.22538141765917, 3.31645709702237, 3.40824295246646, 3.50044089978542, 3.59275068008851, 3.68486952743792, 3.77649161980701, 3.86730761680461, 3.95700462644268, 4.04526634833524, 4.13177334981083, 4.21620343549179, 4.29823100119667, 4.37752716896331, 4.45375874125842, 4.52658782644357, 4.59567130776337, 4.66066146200646, 4.72120669857476, 4.7769516678504, 4.82753747562772, 4.87260165786302, 4.91177706655721, 4.94469179793156, 4.97097072526872, 4.99023551520905, 5.00210465544073, 5.00619346956631, 1.9816, 1.98515959838715, 1.99556987700355, 2.01256264270949, 2.03586922248901, 2.06522043313072, 2.10034651752746, 2.14097706437679, 2.18684094254682, 2.23766619914404, 2.29317994453281, 2.35310827994999, 2.41717620655435, 2.48510753230067, 2.55662483143401, 2.63144936128379, 2.70930102261944, 2.78989818701263, 2.87295731898075, 2.95819290474095, 3.04531737813413, 3.13404112739655, 3.22407259252566, 3.31511836119663, 3.40688282920326, 3.4990682661623, 3.59137468925566, 3.68349952156987, 3.77513703861875, 3.86597787486507, 3.95570898686637, 4.04401380427398, 4.13057251810147, 4.21506245866985, 4.29715742708432, 4.37652783435759, 4.45283965210443, 4.52575398926526, 4.59492654846605, 4.66000826608989, 4.72064604582718, 4.77648290116263, 4.82715816921883, 4.87230748500148, 4.91156163361286, 4.94454647502188, 4.97088452933115, 4.99019499364911, 5.00209377071484, 5.00619348411701, 1.9816, 1.98515240685465, 1.99554246733299, 2.01250331424955, 2.03576758436676, 2.06506738714356, 2.10013423898625, 2.14069898036301, 2.18649170809223, 2.23724167013247, 2.29267714690247, 2.35252537661625, 2.41651246029982, 2.4843632668555, 2.55580139132984, 2.63054906793194, 2.70832713035893, 2.7888548308621, 2.87184945271822, 2.95702623339802, 3.04409829030923, 3.1327766290162, 3.22277024384444, 3.31378621517778, 3.40552935870742, 3.49770229519361, 3.59000531528372, 3.68213603392184, 3.7737888272446, 3.86465430758375, 3.95441928361758, 4.04276691913677, 4.12937703341344, 4.2139264871806, 4.29608849175545, 4.37553275220811, 4.45192441452894, 4.52492359311029, 4.59418481539503, 4.65935768328606, 4.72008760114299, 4.77601595227586, 4.82678031163313, 4.87201441956938, 4.91134700085519, 4.94440168598829, 4.9707986486592, 4.99015462319969, 5.002082934142, 5.00619351179305, 1.9816, 1.98514523531891, 1.99551513374774, 2.01244415020119, 2.0356662273755, 2.06491476357373, 2.09992254491994, 2.14042165990311, 2.18614342960265, 2.23681829922025, 2.29217571572218, 2.3519440509119, 2.41585050243873, 2.48362099706769, 2.55498014773363, 2.62965116280908, 2.70735580640662, 2.78781420901868, 2.87074447053376, 2.9558625778507, 3.04288233044629, 3.1315153500403, 3.22147118442715, 3.31245740603277, 3.40417925001924, 3.49633968820835, 3.58863928470427, 3.68077584635472, 3.77244385021278, 3.8633338867092, 3.95313261743029, 4.04152294161769, 4.1281843085828, 4.21279311139147, 4.29502197370547, 4.37453989694224, 4.45101120390289, 4.52409501651562, 4.59344468968468, 4.65870849396562, 4.71953033797433, 4.77554997877497, 4.82640323284785, 4.87172194940655, 4.9111327966691, 4.94425717965771, 4.97071292963756, 4.9901143221435, 5.00207210747523, 5.00619352662902, 1.9816, 1.98513808134172, 1.99548786749879, 2.01238513262168, 2.03556512248563, 2.06476252140118, 2.09971138240408, 2.14014503924362, 2.18579603354371, 2.23639600411195, 2.29167556092706, 2.35136420596557, 2.41519023022696, 2.4828806152244, 2.55416098883742, 2.62875553085449, 2.70638693325941, 2.78677620231622, 2.8696422523454, 2.95470181781482, 3.04166937873733, 3.13025717177879, 3.22017529730505, 3.31113181907911, 3.4028323912684, 3.49498033663359, 3.58727649268767, 3.67941885819013, 3.77110201136578, 3.86201652093925, 3.95184890215428, 4.0402817909744, 4.12699426848812, 4.21166226197205, 4.293957809522, 4.37354921114945, 4.45009996885804, 4.52326821415573, 4.5927061320102, 4.65806066471817, 4.71897422869296, 4.77508495863452, 4.82602691621496, 4.87143006297198, 4.91091901430439, 4.94411295370829, 4.97062737396433, 4.99007409574452, 5.00206129904512, 5.00619353947862, 1.9816, 1.98513094723706, 1.99546067686059, 2.01232627842487, 2.03546429696169, 2.06461069898482, 2.0995008006678, 2.13986917729196, 2.18544958736087, 2.23597485970293, 2.29117676382574, 2.35078592851357, 2.41453173489351, 2.48214221616233, 2.55334401224991, 2.62786227166173, 2.70542061175632, 2.78574091214872, 2.8685428994592, 2.95354405391177, 3.04045953456701, 3.12900219187063, 3.21888267790404, 3.30980954710362, 3.40148887221755, 3.4936243268618, 3.58591702195076, 3.67806514820573, 3.76976338532004, 3.86070228055187, 3.95056820359361, 4.03904352844093, 4.12580696973423, 4.21053399087582, 4.29289604652169, 4.37256073756072, 4.44919074762747, 4.52244321989323, 4.59196917202862, 4.65741422119556, 4.71841929517977, 4.77462091023127, 4.82565137690769, 4.8711387725704, 4.91070566356604, 4.94396901584719, 4.97054198768382, 4.99003394885221, 5.00205051300722, 5.00619355433719, 1.9816, 1.98512383295284, 1.99543356163538, 2.01226758718418, 2.03536375007553, 2.06445929523252, 2.09929079820292, 2.13959407208196, 2.18510408859797, 2.23555486302476, 2.29067932092459, 2.35020921453312, 2.41387501189095, 2.48140579482174, 2.55252921241866, 2.62697137921173, 2.70445683544321, 2.78470833166533, 2.86744640467143, 2.95238927863276, 3.03925279017185, 3.127750402349, 3.21759331810476, 3.30849058188438, 3.40014868459094, 3.49227165060918, 3.58456086424579, 3.67671470823369, 3.76842796403091, 3.85939115767133, 3.949290514087, 4.03780814661311, 4.12462240521146, 4.20940829131986, 4.29183667827524, 4.37157447012173, 4.44828353454757, 4.52162002846859, 4.59123380489309, 4.65676915896565, 4.71786553341106, 4.77415782993429, 4.82527661166379, 4.87084807527667, 4.91049274182619, 4.94382536369516, 4.97045676860798, 4.98999387940363, 5.00203974734889, 5.00619356915902, 1.9816, 1.98511673843813, 1.99540652162996, 2.01220905848313, 2.0352634811168, 2.0643083090798, 2.09908137354077, 2.13931972170076, 2.18475953486791, 2.23513601119571, 2.29018322883613, 2.34963406012884, 2.41322005682223, 2.48067134631797, 2.55171658399263, 2.62608284771469, 2.70349559812475, 2.78367845430507, 2.86635276110075, 2.95123748482543, 3.03804913818031, 3.12650179567594, 3.21630721025507, 3.30717491570647, 3.39881182066105, 3.49092230018278, 3.58320801195994, 3.67536753078661, 3.76709574018105, 3.85808314519752, 3.94801582679844, 4.03657563896297, 4.12344056873873, 4.20828515750366, 4.29077969939095, 4.37059040387234, 4.44737832510698, 4.52079863583396, 4.59050002702935, 4.65612547493125, 4.71731294076192, 4.77369571557677, 4.82490261875208, 4.87055796976522, 4.91028024812665, 4.94368199661434, 4.97037171636355, 4.98995388722572, 5.00202900202429, 5.00619358394383, 1.9816, 1.98510968655939, 1.9953796445022, 2.01215088292764, 2.03516381802758, 2.06415823642451, 2.09887321738599, 2.13904703474209, 2.18441707196685, 2.23471970275854, 2.28969015062443, 2.34906240089092, 2.41256908203817, 2.4799413602262, 2.55090889046363, 2.62519970749921, 2.70254018611372, 2.78265480774073, 2.86526571938314, 2.9500926239182, 3.03685270486713, 3.12526064324971, 3.21502873737576, 3.30586700593387, 3.39748277107684, 3.48958075467763, 3.58186289136216, 3.67402795160506, 3.76577092484863, 3.85678229898327, 3.94674801536061, 4.03534967347351, 4.1222649027824, 4.20716779007244, 4.28972805595022, 4.3696112211488, 4.44647753227637, 4.51998118353754, 4.58976971006694, 4.65548477586506, 4.71676286776563, 4.77323567362304, 4.82453027629103, 4.87026912508311, 4.9100686652652, 4.94353923751855, 4.97028702388332, 4.98991406870317, 5.00201831382287, 5.0061936163485, 1.9816, 1.98510265520955, 1.99535284551062, 2.01209287626281, 2.03506444380902, 2.06400859794165, 2.09866566215346, 2.13877513307482, 2.18407559257958, 2.23430458622331, 2.28919847928123, 2.34849236659561, 2.4119199500482, 2.47921343138262, 2.5501034622324, 2.62431903141147, 2.70158742522465, 2.78163398492092, 2.86418165740822, 2.94895088018791, 3.03565950598014, 3.12402282100856, 3.21375366794882, 3.30456254957906, 3.39615720100081, 3.4882426906569, 3.58052123022197, 3.67269178602522, 3.76444945385189, 3.8554847048025, 3.94548334153209, 4.03412671046966, 4.12109208536611, 4.2060531004317, 4.28867890497418, 4.36863433337248, 4.4455788272129, 4.51916560436215, 4.58904104685664, 4.65484550967932, 4.71621400893959, 4.77277663328959, 4.82415873284287, 4.86998089034054, 4.90985752065973, 4.94339676645381, 4.97020249472799, 4.98987431837125, 5.00200763229706, 5.00619363157687, 1.9816, 1.98509564428953, 1.99532612427666, 2.01203503766785, 2.03496535705292, 2.06385939150798, 2.09845870489474, 2.13850401283244, 2.18373509184578, 2.23389065567703, 2.28870820779852, 2.34792394911371, 2.41127265159131, 2.47848754939891, 2.54930028780211, 2.62344080687859, 2.70063730185377, 2.78061597127003, 2.86310055970018, 2.9478122373414, 3.03446952450134, 3.12278831131028, 3.21248198381508, 3.30326152807953, 3.39483509158673, 3.48690808911433, 3.5791830094992, 3.67135901510279, 3.76313130847556, 3.85419034430851, 3.9442217874779, 4.03290673277242, 4.11992210010985, 4.20494107314221, 4.28763223210477, 4.36765972740523, 4.44468219813543, 4.51835188802227, 4.58831402874631, 4.6542076694904, 4.71566635929944, 4.77231859161668, 4.82378798759345, 4.86969326698635, 4.90964681813526, 4.94325458972981, 4.97011813779583, 4.98983464781638, 5.00199697181717, 5.00619364687593, 1.9816, 1.98508865373913, 1.9952994805716, 2.01197736664919, 2.0348665569164, 2.06371061585874, 2.09825234386238, 2.1382336717357, 2.1833955669167, 2.23347790767501, 2.28821933212004, 2.34735714377224, 2.41062718138264, 2.47776370839251, 2.54849936071542, 2.62256502689931, 2.69968980849389, 2.77960075882116, 2.86202241788553, 2.94667668665729, 3.03328275142417, 3.12155710492837, 3.21121367559439, 3.30196393196853, 3.39351643334853, 3.48557694061044, 3.57784821986365, 3.67002962967769, 3.76181647978818, 3.85289920885779, 3.94296334489983, 4.0316897324817, 4.11875493955769, 4.20383170123151, 4.28658803088517, 4.36668739733097, 4.44378763968649, 4.51754002973272, 4.58758865153044, 4.65357125167149, 4.71511991578631, 4.77186154609149, 4.82341803854417, 4.86940625349518, 4.90943655658879, 4.94311270660461, 4.97003395263426, 4.98979505679339, 5.00198633225317, 5.00619366212824, 1.9816, 1.9850816925799, 1.9952729485966, 2.01191993688248, 2.03476816898139, 2.06356245905068, 2.09804683829322, 2.13796444704331, 2.18305743805113, 2.23306684859039, 2.28773244598343, 2.34679263105884, 2.40998430418026, 2.4770427530467, 2.54770159936937, 2.62169267550592, 2.69874598486625, 2.77858943117142, 2.86094834825875, 2.94554536658307, 3.032100337437, 3.12033035551061, 3.20994989124162, 3.30067089548455, 3.39220233941327, 3.48425033039249, 3.57651791253921, 3.66870464143301, 3.76050593504032, 3.85161221700533, 3.94170888002024, 4.03047652047352, 4.11759135684657, 4.20272567832576, 4.28554693427977, 4.3657179149218, 4.44289566253575, 4.51673047977393, 4.58686530643435, 4.652936590346, 4.71457495799199, 4.77140572496029, 4.82304906639839, 4.86911998744698, 4.90922683551197, 4.94297118413087, 4.96994998011953, 4.98975556687637, 5.00197572336098, 5.00619368336339, 1.9816, 1.98507475090634, 1.99524649079849, 2.0118626674694, 2.03467005535162, 2.06341471458145, 2.09784190351525, 2.13769596839444, 2.1827202437244, 2.23265692230356, 2.28724689728653, 2.34622966354431, 2.4093431799259, 2.47632375541398, 2.54690599470819, 2.62082267135565, 2.69780468820173, 2.77758079702641, 2.85987712322729, 2.94441702477867, 3.03092101632528, 3.11910679316192, 3.20868936669454, 3.29938116923066, 3.39089158320043, 3.48292706216434, 3.57519092829729, 3.66738293430726, 3.75919860675317, 3.85032835458965, 3.94045743604587, 4.02926620068746, 4.1164305193251, 4.20162223717035, 4.28450824172976, 4.36475064692505, 4.44200570065816, 4.51592273858433, 4.58614355890805, 4.65230331383407, 4.71403117427436, 4.77095087309446, 4.82268086832625, 4.86883431340677, 4.90901754127152, 4.94282994419484, 4.9698661706875, 4.98971614939481, 5.00196512902391, 5.00619369799678, 1.9816, 1.98506779845734, 1.99521999128986, 2.01180530663403, 2.03457178320331, 2.06326672852292, 2.09763662954224, 2.13742703989367, 2.18238247738331, 2.23224629195716, 2.28676050432328, 2.34566570523075, 2.40870091398759, 2.47560346298635, 2.54610894220533, 2.6199510688595, 2.69686164790265, 2.77657028193212, 2.85880389073287, 2.94328656293163, 3.02973947996908, 3.11788094149653, 3.20742650393648, 3.29808908528741, 3.38957848370862, 3.48160149444866, 3.57386171347682, 3.66605908659583, 3.7578892447005, 3.84904257815643, 3.93920420735564, 4.02805423216253, 4.11526817328287, 4.20051742965996, 4.28346832485361, 4.36378229456605, 4.44111479053392, 4.5151141793155, 4.58542111595802, 4.65166945594664, 4.71348691396399, 4.77049563982528, 4.82231237390977, 4.86854841722958, 4.90880808779281, 4.942688596369, 4.96978229292076, 4.9896766911001, 5.00195450912878, 5.00619368983779, 1.9816, 1.98506086564096, 1.99519356652942, 2.01174810740897, 2.03447378754692, 2.06311915814798, 2.09743193107468, 2.13715886371468, 2.18204565360055, 2.23183680432873, 2.28627546076168, 2.34510330624159, 2.40806041738815, 2.47488514700829, 2.54531406752714, 2.61908183718302, 2.69592116058745, 2.77556248879137, 2.85773353367375, 2.94215911252503, 3.0285610719024, 3.11665831444068, 3.20616694050089, 3.29680035288365, 3.38826876483893, 3.48027931302544, 3.57253586712089, 3.6647385661756, 3.75658314533127, 3.84775997680777, 3.93795404411407, 4.02684519885493, 4.11410861351391, 4.1994152427892, 4.2824308485251, 4.36281619059177, 4.44022592709199, 4.51430745770536, 4.58470029707291, 4.65103700717654, 4.71294385011978, 4.77004139664507, 4.82194467324701, 4.86826313209516, 4.90859908011225, 4.9425475506149, 4.96969859906126, 4.98963732814755, 5.00194392964297, 5.00619370481902, 1.9816, 1.98505393901231, 1.99516716466045, 2.0116909564637, 2.03437587242098, 2.062971705612, 2.09722739103729, 2.13689088810875, 2.18170907241563, 2.231427599612, 2.28579073721961, 2.34454125979243, 2.4074203000175, 2.47416723002334, 2.54451960375193, 2.61821301972168, 2.69498108165152, 2.77455508858361, 2.85666354410005, 2.94103199406741, 3.02738295037963, 3.11543591918031, 3.20490754558772, 3.2955117182123, 3.38695906674225, 3.47895707095281, 3.57120987612841, 3.66341781670372, 3.7552767339663, 3.84647698441932, 3.93670341762659, 4.0256356403417, 4.11294848067345, 4.19831245306324, 4.28139276183655, 4.36184948755882, 4.43933649136952, 4.51350020243108, 4.58397899187151, 4.65040412552736, 4.71240041071469, 4.76958683722281, 4.82157671557445, 4.86797764682704, 4.90838992481124, 4.94240640359824, 4.96961484234828, 4.98959793101161, 5.00193333312293, 5.00619370662341, 1.9816, 1.98504703191927, 1.99514083717028, 2.01163396633002, 2.03427823242041, 2.06282466670504, 2.09702342366079, 2.13662366110607, 2.18137342913035, 2.23101953196553, 2.28530735641045, 2.34398076496222, 2.40678194324334, 2.47345127972311, 2.54372730704212, 2.61734656136678, 2.69404354308389, 2.77355039687649, 2.85559641575257, 2.93990787217991, 3.02620794172132, 3.11421673266528, 3.203651433816, 3.29422641862744, 3.38565273259838, 3.4776381983506, 3.56988723669719, 3.66210037761751, 3.75397356847129, 3.84519715049959, 3.93545584028235, 4.02442900115201, 4.11179111868495, 4.19721226904888, 4.28035710124151, 4.36088501891048, 4.43844908876301, 4.51269477166777, 4.58325929799267, 4.64977264064424, 4.71185815579801, 4.76913325626269, 4.8212095403539, 4.86769276159725, 4.90818120457037, 4.94226554814718, 4.96953125923013, 4.98955861905749, 5.00192276695887, 5.0061937215733, 1.9816, 1.98504014416134, 1.99511458329057, 2.01157713533779, 2.03418086467254, 2.06267803708447, 2.09682002289832, 2.13635717475435, 2.18103871371863, 2.23061258915377, 2.28482530378589, 2.34342180481853, 2.40614532770925, 2.47273727431838, 2.5429371531972, 2.6164824355578, 2.69310851604419, 2.77254838265996, 2.85453211559291, 2.93878671196711, 3.02503600937491, 3.11300071691294, 3.20239856602426, 3.29294441405745, 3.38434972171006, 3.47632265419455, 3.56856790778851, 3.66078620818988, 3.75267360877454, 3.84392043599107, 3.93421127440958, 4.02322524538192, 4.11063649380296, 4.19611465947191, 4.27932383817153, 4.35992275894008, 4.43756369650505, 4.51189114558919, 4.58254119847551, 4.64914253827649, 4.71131707359309, 4.76868064414404, 4.82084313972152, 4.86740846981942, 4.90797291352056, 4.94212497846826, 4.96944784326595, 4.98951938439235, 5.00191222091954, 5.00619373612972, 1.9816, 1.98503327541958, 1.995088401795, 2.01152046081382, 2.03408376456672, 2.06253180976053, 2.09661717898815, 2.13609141617579, 2.18070490989103, 2.23020675122847, 2.28434455553974, 2.34286435154589, 2.40551042148657, 2.4720251777102, 2.54214910193728, 2.61562059786892, 2.69217595204083, 2.77154899350289, 2.85347058742404, 2.93766845368593, 3.02386709031604, 3.11178780592619, 3.2011488735902, 3.29166563364223, 3.38304996140516, 3.47501036446319, 3.56725181453101, 3.6594752332355, 3.75137677995305, 3.84264676684751, 3.93296964748907, 4.02202430272351, 4.10948453864737, 4.19501956050212, 4.27829291287387, 4.35896265240516, 4.43668026420154, 4.51108927889568, 4.58182465326703, 4.6485137836746, 4.71077713461403, 4.76822897650701, 4.82047749420932, 4.86712475658726, 4.9077650408905, 4.94198468740161, 4.96936459028706, 4.98948022512203, 5.00190169457242, 5.00619375041297, 1.9816, 1.98502642578803, 1.99506229304869, 2.01146394356041, 2.03398693349765, 2.06238598686445, 2.09641489493114, 2.13582638936271, 2.1803720227418, 2.22980202448463, 2.28386511925464, 2.34230841408912, 2.404877234944, 2.47131500173952, 2.54136316660992, 2.614761063174, 2.69124586747807, 2.77055224732962, 2.85241185066686, 2.93655311821568, 3.02270120682837, 3.11057802332071, 3.19990238136967, 3.29039010336714, 3.38175347866746, 3.47370135698549, 3.56593898542326, 3.65816748172412, 3.75008311123067, 3.84137617230851, 3.93173098851419, 4.02082620163593, 4.1083352808272, 4.19392699855634, 4.27726435028016, 4.35800472250819, 4.43579881313061, 4.51028919079763, 4.58110967941616, 4.64788639168022, 4.71023835149566, 4.76777826382531, 4.82011261222171, 4.86684162837468, 4.90755759140864, 4.9418446781609, 4.96928150226872, 4.98944114230528, 5.00189118842726, 5.00619376479672
0.01, 0.01, 0.01, 0.01, 0.01, 0.01, 0.01, 0.01, 0.01, 0.01, 0.01, 0.01, 0.01, 0.01, 0.01, 0.01, 0.01, 0.01, 0.01, 0.01, 0.01, 0.01, 0.01, 0.01, 0.01, 0.01, 0.01, 0.01, 0.01, 0.01, 0.01, 0.01, 0.01, 0.01, 0.01, 0.01, 0.01, 0.01, 0.01, 0.01, 0.01, 0.01, 0.01, 0.01, 0.01, 0.01, 0.01, 0.01, 0.01, 0.01, 0.01, 0.00825001304506774, 0.00655890285059729, 0.00492757894358944, 0.00335694979200405, 0.00184792280335591, 0.000401404323170815, -0.000981700366668827, -0.0023004870496453, -0.00355405257632968, -0.0047414948660173, -0.00586191290816041, -0.00691440676344873, -0.00789807756437572, -0.00881202751510454, -0.00965535989044481, -0.0104271790337743, -0.011126590353766, -0.0117527003198604, -0.0123046164565085, -0.0127814473363303, -0.0131823025724529, -0.0135062928104227, -0.0137525297201665, -0.0139201259885372, -0.0140081953129551, -0.0140158523965769, -0.0139422129452772, -0.0137863936665235, -0.0135475122700129, -0.0132246874697059, -0.0128170389867086, -0.0123236875522866, -0.0117437549101781, -0.0110763638172616, -0.0103206380415064, -0.00947570235591611, -0.00854068252678181, -0.00751470529384061, -0.00639689833862954, -0.00518639023497602, -0.00388231037126183, -0.00248378882597684, -0.000989956162096407, 0.000600056927382373, 0.00228712026401945, 0.00407210543656834, 0.00595588844728008, 0.00793935593845522, 0.010023422122542, 0.01, 0.00898347310872734, 0.00795698505914708, 0.00692192217296533, 0.00587971729253906, 0.00483187217770125, 0.00377998017187354, 0.0027257487388417, 0.00167102003012525, 0.000617791966258093, -0.000431762111064051, -0.00147527438007698, -0.00251016461100514, -0.0035336249356972, -0.0045426046149701, -0.00553379958331499, -0.00650375225725716, -0.00744890958058981, -0.00836548083539692, -0.00924933090597708, -0.0100959726790783, -0.0109005693781099, -0.0116580077773527, -0.0123629715887962, -0.013009892349058, -0.0135929637635839, -0.0141062626139216, -0.0145438100936013, -0.0148996309437076, -0.0151674979186982, -0.0153406388273382, -0.0154117529760655, -0.0153732210992171, -0.015217281365632, -0.0149360270244212, -0.0145215613688437, -0.0139663418729111, -0.0132627557474903, -0.012402532703897, -0.0113767752417102, -0.0101760253641285, -0.00879063338979724, -0.00721124333231024, -0.00542857324111292, -0.00343297067835707, -0.00121447944788469, 0.00123689070299549, 0.0039310453417115, 0.00687786440361169, 0.0100875376514959, 0.01, 0.0104814796240943, 0.010812535843308, 0.0109955277878876, 0.0110329579721803, 0.0109275402938599, 0.0106822688538546, 0.0103004863985665, 0.00978594676619699, 0.00914287888611771, 0.00837604646769257, 0.00749080589968109, 0.0064931606564293, 0.00538980754908336, 0.00418818303886232, 0.00289649491477945, 0.00152342077555573, 7.79303040560439e-05, -0.00143028422054044, -0.00299048228907138, -0.00459085214432019, -0.00621851782989958, -0.00785976047768723, -0.00950024127908102, -0.0111248538795037, -0.0127177658609354, -0.0142627860683803, -0.0157435507465405, -0.0171437049066178, -0.0184461275095551, -0.019632038791902, -0.0206810501221176, -0.0215718011170475, -0.0222824943969481, -0.0227908890507312, -0.0230747725702377, -0.0231130037316898, -0.0228842210947434, -0.0223650606077035, -0.0215302482096095, -0.0203528025416907, -0.0188051673439463, -0.0168606887905588, -0.014492921503876, -0.011674276956947, -0.00837625748127192, -0.00457028045763578, -0.000228032399314983, 0.00467870912675064, 0.0101791123366691, 0.01, 0.0119780819560865, 0.0136654917118889, 0.0150655607778425, 0.0161818604048691, 0.0170183149540969, 0.0175793166399465, 0.0178698396825054, 0.0178955444166008, 0.0176628839669418, 0.0171792038176656, 0.0164528384329453, 0.0154932018822989, 0.0143108649768235, 0.0129176326726747, 0.0113265966900326, 0.00955163729775464, 0.00760712219188496, 0.0055086206501329, 0.00327345137916549, 0.000920720712107349, -0.00152868898736428, -0.00405248478958226, -0.00662733562176067, -0.00922863178411886, -0.0118305459685575, -0.0144066471071294, -0.0169302093961102, -0.0193745247894594, -0.0217116171544117, -0.0239107391479782, -0.0259384554126543, -0.0277596990189449, -0.0293386648075088, -0.0306388042567886, -0.0316236012889248, -0.0322583328323222, -0.0325079220763918, -0.0323339439333135, -0.0316947780488573, -0.0305459473703359, -0.0288420034446114, -0.0265389964529033, -0.0235933272791546, -0.0199594880351841, -0.0155904513656512, -0.0104390511635703, -0.00445857861021289, 0.00239750687973218, 0.0101772898252789, 0.01, 0.0134704227435691, 0.0165103372400001, 0.0191240469526941, 0.0213161909355056, 0.023091902341313, 0.024456968857886, 0.0254179923753516, 0.0259825345420856, 0.0261592658736185, 0.0259581050471487, 0.0253903541241727, 0.0244688251360819, 0.0232079479696371, 0.0216238788699182, 0.0197345737197073, 0.0175590980855269, 0.0151171990417178, 0.0124302983350101, 0.00952226571085366, 0.00641947205127913, 0.00315077339895138, -0.000252994822871755, -0.00375953954885455, -0.00733478225771451, -0.0109429320041498, -0.0145473458813273, -0.0181109590252792, -0.0215967370411467, -0.0249658873166406, -0.0281757348373512, -0.0311798386507046, -0.0339294598133832, -0.0363748131504947, -0.0384650690662245, -0.0401494201644422, -0.0413795783606181, -0.0421067846690604, -0.0422775855914549, -0.0418340446120698, -0.0407142164546942, -0.0388547744985539, -0.0361944741612601, -0.0326725713959432, -0.0282256542828597, -0.0227881749612518, -0.016294387729966, -0.0086791909043438, 0.000122272862601127, 0.0101770031884228, 0.01, 0.0149585654061761, 0.0193471945915522, 0.0231711625462702, 0.0264361751960061, 0.0291485728184967, 0.031315535942601, 0.032945290336549, 0.0340472937955815, 0.0346324274435957, 0.0347131745976728, 0.0343037944742387, 0.0334204844772625, 0.0320815186978978, 0.0303073875262719, 0.0281208913116653, 0.0255462635659583, 0.0226086121379576, 0.0193351868130486, 0.0157563813279699, 0.0119058012100491, 0.00782024358676548, 0.00353905490849187, -0.000896539967941226, -0.00544302810661697, -0.0100546861128604, -0.0146846872911093, -0.0192856507365675, -0.0238102423855608, -0.0282088915797771, -0.0324270353599256, -0.0364052681287541, -0.0400812133492966, -0.0433911335435604, -0.0462699445272427, -0.0486525598933903, -0.0504771433817961, -0.0516812868879866, -0.0521965409998031, -0.0519486830620396, -0.05085832695461, -0.0488442818948183, -0.0458280098056004, -0.0417316305206521, -0.0364738434021964, -0.0299705892904481, -0.0221375468645839, -0.0128912242106753, -0.00214844900037573, 0.010176691250472, 0.01, 0.0164425168758638, 0.0221760768258969, 0.0272069259417595, 0.0315418360923507, 0.0351883530181413, 0.0381550474646237, 0.0404517652977648, 0.0420898553091792, 0.0430824024704652, 0.0434444462135615, 0.0431931925026435, 0.042348211568352, 0.0409316068872211, 0.0389681859117625, 0.0364855738330273, 0.0335131547753364, 0.0300813787882704, 0.0262232993631446, 0.0219758072900273, 0.0173797129594281, 0.0124797221215342, 0.00732366088699862, 0.00196165577208832, -0.00355338016465303, -0.00916582220354145, -0.0148186878876832, -0.0204543033228081, -0.0260150614290826, -0.0314406517570838, -0.0366646634301545, -0.0416147674451772, -0.0462149839852948, -0.0503876509310351, -0.0540534559455161, -0.05713304597403, -0.0595510534199938, -0.0612314539779409, -0.0620908346892321, -0.0620387166701848, -0.0609783002429756, -0.0588105444433282, -0.0554396189982614, -0.0507705164218037, -0.0447040626298164, -0.0371376963489364, -0.0279685246077037, -0.0170946678948031, -0.00441464067383011, 0.010176380191911, 0.01, 0.0179222771941995, 0.0249969839551082, 0.0312313370509616, 0.0366331733660108, 0.0412112424427523, 0.0449755026212261, 0.0479374160885009, 0.0501102174875506, 0.0515091888846018, 0.0521519173118244, 0.0520585450879679, 0.0512520027424784, 0.0497582083410511, 0.0476062693444316, 0.0448286161951894, 0.0414597662991171, 0.0375354933367324, 0.0330946302136367, 0.0281805377688112, 0.0228412014193924, 0.0171292031377602, 0.0111008173759618, 0.0048150422071188, -0.00166584342707616, -0.00827634457905562, -0.0149493510551805, -0.0216169190505053, -0.0282111951307497, -0.0346611672524705, -0.040888616911087, -0.0468083331871567, -0.0523307672572727, -0.0573643600003973, -0.061815597343068, -0.0655908719507847, -0.0686013017362357, -0.070757279096598, -0.0719604598803089, -0.0721041388718852, -0.0710741301085513, -0.0687535564046599, -0.0650292965626363, -0.0597892245662685, -0.052916308162185, -0.044289493146331, -0.0337873188570857, -0.0212895208118061, -0.00667630203608599, 0.0101760690476041, 0.01, 0.0193979238281779, 0.027810065184981, 0.0352446110908823, 0.0417104625191782, 0.0472175711567, 0.0517772803209579, 0.05540266475107, 0.0581088398071695, 0.0599132779117903, 0.0608361052021659, 0.0609003899834236, 0.0601324105872879, 0.0585618849108636, 0.0562222034151578, 0.0531505822587365, 0.049386654809703, 0.0449714998287977, 0.0399497054180145, 0.0343710753277916, 0.0282907400522923, 0.0217691254879304, 0.01487092318961, 0.00766397273976905, 0.000219884817082861, -0.00738600644902704, -0.015076491136181, -0.0227733786384326, -0.0303985958123617, -0.0378704670749659, -0.0450990064343987, -0.0519861623951484, -0.0584288513088674, -0.0643216446506629, -0.0695568529855935, -0.0740266271120054, -0.0776285742384208, -0.0802595235859166, -0.0818062319396993, -0.0821457975646394, -0.0811466754154404, -0.0786741660266606, -0.0745978585712239, -0.0687885172904243, -0.0611112670209946, -0.051426569812932, -0.0395944012948041, -0.0254761146685137, -0.00893360332361677, 0.0101757705674226, 0.01, 0.0208695083174749, 0.0306154193831834, 0.0392468900471024, 0.0467738844492975, 0.0532075547708687, 0.0585606267021662, 0.0628477837836012, 0.0660860169836594, 0.0682949823768572, 0.0694973367538013, 0.0697190640913155, 0.0689897780921844, 0.0673429818049569, 0.0648163317725087, 0.0614518104373226, 0.057294149845654, 0.0523897153415619, 0.0467888261532464, 0.0405477019719059, 0.0337285886022549, 0.0263997237603409, 0.018634185011678, 0.010508623505786, 0.00210394768434161, -0.00649470009061851, -0.0152000381340968, -0.0239236521852941, -0.0325772759737133, -0.0410686081339002, -0.0492959350199912, -0.0571484055952256, -0.0645094353873161, -0.0712597539835724, -0.0772775228803868, -0.082440663539271, -0.0866332704560173, -0.0897386238868852, -0.0916286133550484, -0.0921641701847103, -0.0911964172545329, -0.0885728467329029, -0.084145759570639, -0.07776881904609, -0.0692893222450031, -0.0585492566203003, -0.0453900380860104, -0.0296546402048715, -0.0111866485544976, 0.0101754787505589, 0.01, 0.0223370417607219, 0.0334130676330075, 0.0432382038745629, 0.0518234768723569, 0.0591812376562635, 0.0653255916923205, 0.0702728275825709, 0.0740418068105695, 0.0766543624193748, 0.0781356734282682, 0.0785146292048525, 0.0778241664333597, 0.0761015586839222, 0.0733887117215952, 0.0697323549091389, 0.0651823017048916, 0.0597901855676673, 0.0536120328751316, 0.0467104523948553, 0.0391547755933011, 0.0310210200281033, 0.0223906182782576, 0.0133490031836944, 0.00398634708459398, -0.00560243031379226, -0.015320003509321, -0.0250677577649071, -0.0347472602409224, -0.0442556213770455, -0.0534794395317326, -0.0622951049881638, -0.0705725663463435, -0.078178738774454, -0.0849776609466139, -0.0908330375721195, -0.0956154485615921, -0.0991946394164289, -0.101427664079384, -0.102159316409308, -0.10122341412815, -0.0984496549283741, -0.0936730529742554, -0.0867301793505837, -0.0774505185132205, -0.0656575924488374, -0.0511742613492759, -0.0338251218140209, -0.0134354534346854, 0.0101751875376466, 0.01, 0.0238005344056581, 0.0362030294095258, 0.0472185802562164, 0.0568592746621305, 0.0651386608649602, 0.072072221516709, 0.0776778465524076, 0.0819762628928138, 0.0849914738868291, 0.0867511723845165, 0.0872871428968696, 0.0866356327412676, 0.084837671429326, 0.0819393971024351, 0.0779922667056206, 0.0730511578605852, 0.0671729537005175, 0.0604193638685237, 0.0528593594496417, 0.0445693280400394, 0.035633035186285, 0.0261402375782164, 0.0161851199347218, 0.00586708473869255, -0.00470920179130335, -0.0154363982607768, -0.026205712666959, -0.036908572135205, -0.0474315363300315, -0.0576495550993245, -0.0674263007354191, -0.0766182887029479, -0.085078647172511, -0.0926573181962127, -0.0992038023693092, -0.104575163279297, -0.108627625881395, -0.111203440101559, -0.11213129170631, -0.111227720094219, -0.108304642348778, -0.103179787310602, -0.0956726426301121, -0.085594895217125, -0.0727516107048988, -0.0569470975521355, -0.0379875780698905, -0.0156800276900359, 0.010174897006244, 0.01, 0.0252599940623397, 0.0389853195997196, 0.0511880404235796, 0.0618813046641565, 0.0710798561295895, 0.078800552074038, 0.0850628800457502, 0.0898894273373672, 0.0933063609579575, 0.0953438792127458, 0.0960366515369896, 0.0954242235681153, 0.0935513662220028, 0.0904684330734369, 0.0862315892306939, 0.0809007592421669, 0.0745380574982002, 0.0672108531054573, 0.0589944528018654, 0.0499722708865692, 0.0402357891566449, 0.0298830575966076, 0.0190169830523457, 0.0077461644937227, -0.00381501612272041, -0.015549229416651, -0.0273375293617469, -0.0390612295626559, -0.0505963761741679, -0.0618063098588377, -0.072542025447992, -0.0826466389662758, -0.0919595189639457, -0.100316537028058, -0.107553002326902, -0.113512460510139, -0.118037630194233, -0.120955988744122, -0.122080143113201, -0.121209381130905, -0.118137853115901, -0.112666004070566, -0.104596246959984, -0.0937224861983213, -0.079831340161653, -0.0627085695608098, -0.0421420250916886, -0.0179203798526249, 0.0101746070525963, 0.01, 0.0267154278777069, 0.041759951698558, 0.0551466034216891, 0.0668895906779634, 0.0770048512131183, 0.0855106143070559, 0.0924279614124383, 0.0977813351438129, 0.101599059545373, 0.103913830028544, 0.104763190767052, 0.104189973446339, 0.102242675898775, 0.0989758502482702, 0.0944503504155688, 0.0887311306572348, 0.0818855182317137, 0.0739865179993415, 0.0651157457910042, 0.0553636132979198, 0.0448292869536404, 0.0336190793151071, 0.0218445896682992, 0.00962357992230627, -0.00291988294439281, -0.0156585094511378, -0.0284632228215346, -0.041205249630055, -0.0537501599919253, -0.0659497248981952, -0.0776423020821097, -0.0886576417204911, -0.0988213800733874, -0.107955344373672, -0.115880665102686, -0.122427368490945, -0.127424681022314, -0.130685338839356, -0.132005899259904, -0.13116842521296, -0.127949314073194, -0.122131728517106, -0.113501015563037, -0.101833312142396, -0.0868967984518811, -0.0684586914357731, -0.0462884728461469, -0.020156515273454, 0.0101743174637003, 0.01, 0.0281668397740754, 0.0445269331295162, 0.0590942797543647, 0.0718841458677806, 0.0829136615219535, 0.0922024254489496, 0.0997731093014294, 0.105652005972236, 0.109869589924404, 0.112461045338423, 0.113466780956352, 0.112932902259579, 0.110911619534155, 0.107461666599406, 0.102648566874499, 0.0965422871086205, 0.0892153490450756, 0.0807463696334647, 0.0712232472909451, 0.0607433618505355, 0.0494135328363197, 0.0373483047067693, 0.0246679395331518, 0.0114993286730658, -0.00202380656010439, -0.0157642444673503, -0.0295828008254809, -0.0433406416760716, -0.0568928986038661, -0.0700798124738661, -0.0827271442093609, -0.0946513116819688, -0.105664246168177, -0.115573756635598, -0.124186807633194, -0.131319904529518, -0.136788795881557, -0.140391507920044, -0.141908577478496, -0.141104869231061, -0.137739041410171, -0.131576975861426, -0.122386962385641, -0.109927385443663, -0.0939479961262882, -0.0741974715855942, -0.0504269272967689, -0.0223884371658452, 0.0101740280840848, 0.01, 0.0296142404851567, 0.0472862842763737, 0.063031098372759, 0.0768650066718157, 0.0888063299055475, 0.0988760336919796, 0.107098376190287, 0.113501495543289, 0.118118010037141, 0.120985584310821, 0.122147481537792, 0.121653068784221, 0.119558254376276, 0.115925937033413, 0.110826290427119, 0.10433427660188, 0.0965275934307814, 0.0874904463798284, 0.0773169900498957, 0.0661115432807789, 0.0539885472649176, 0.0410707477849981, 0.0274870401077493, 0.0133734116561243, -0.00112679254945781, -0.0158664464524663, -0.0306962817172648, -0.0454674303262388, -0.0600246226753872, -0.0741966088765148, -0.0877965931615556, -0.100627694536809, -0.112488166554816, -0.123171825960836, -0.132471484178751, -0.140190124405296, -0.146130031475268, -0.150074552901741, -0.151788234084212, -0.151018768002601, -0.147507087525769, -0.141001795190314, -0.131254132298578, -0.118004745816051, -0.100984966783248, -0.0799249365311247, -0.0545574069238799, -0.0246161550069279, 0.0101737394029803, 0.01, 0.0310576407361317, 0.0500380255070765, 0.0669570882061118, 0.0818322095015069, 0.0946828991829428, 0.105531487195562, 0.114403814522488, 0.121329859543456, 0.126344377792547, 0.129487506083165, 0.130805351916375, 0.130350531772771, 0.128182637654186, 0.124368716443201, 0.118983572885269, 0.112107147141177, 0.103822294886919, 0.0942187866233203, 0.0833970068362146, 0.0714681843520328, 0.0585543507327602, 0.0447864226013522, 0.0303018988951329, 0.0152458298265644, -0.000228846445640057, -0.0159651273468994, -0.0318036837942016, -0.0475856401608218, -0.0631453628289606, -0.0783001503580272, -0.0928506902381965, -0.106586835947824, -0.119293190528043, -0.130749604498627, -0.140734749018217, -0.149038083934605, -0.155448444564052, -0.159734530779971, -0.161644925497305, -0.160910176477514, -0.157253504981509, -0.150406235785712, -0.140102570402914, -0.126065433241569, -0.108007744329705, -0.0856411131449998, -0.0586799306055251, -0.0268396787202636, 0.0101734514120252, 0.01, 0.0324970510603549, 0.052782176833008, 0.0708722776894517, 0.0867857901635134, 0.100543411484902, 0.112168833374376, 0.12168947596732, 0.129137152882549, 0.134548750347318, 0.137966869091807, 0.139440450860696, 0.13902534940672, 0.136784826091656, 0.132790059282247, 0.127120465687034, 0.119860946422481, 0.111099496668826, 0.100931428570979, 0.0894633303043052, 0.0768133117760829, 0.0631109637418363, 0.0484953432738853, 0.0331125235201329, 0.0171165843136019, 0.000670026441573178, -0.0160602988212922, -0.0329050250400336, -0.0496952954053097, -0.0662551492945483, -0.0823904727443902, -0.0978894762846816, -0.112528781101096, -0.126079366888882, -0.138307143893201, -0.148976655919506, -0.157863838421632, -0.164744091399958, -0.169371498050583, -0.171478707652986, -0.170779149141424, -0.166978345901496, -0.159790346525053, -0.148932321434138, -0.134109487381714, -0.115016362403365, -0.0913460280880694, -0.0627945170715974, -0.0290590181510614, 0.0101731641052474, 0.01, 0.0339324807530674, 0.0555187559572784, 0.0747766920472163, 0.0917257805191504, 0.106387904429156, 0.118788114728661, 0.128955407043403, 0.136923425247193, 0.142731179724311, 0.146423726888253, 0.148052832595158, 0.14767757569064, 0.145364872625181, 0.141190016625316, 0.135237017315612, 0.127595719624357, 0.118359239963421, 0.107628408817358, 0.095515991954161, 0.0821469515656059, 0.0676584065427632, 0.0521975241060484, 0.0359189222164022, 0.0189856772616997, 0.00156982220501237, -0.0161519707762948, -0.034000321320783, -0.0517964178410478, -0.0693540095587658, -0.0864676088520731, -0.102912988909102, -0.118453571758922, -0.132846740870537, -0.145844492120533, -0.157197254923503, -0.166667439421792, -0.17401702450158, -0.178985507532579, -0.181289632911023, -0.180625737053572, -0.176681659180398, -0.169154173299229, -0.157743427430078, -0.142136945536748, -0.12201085266522, -0.0970397064769144, -0.0669011839878862, -0.0312741826081451, 0.0101728774379069, 0.01, 0.0353640364955318, 0.0582479673856727, 0.0786706247538906, 0.0966525541581194, 0.112216822871591, 0.125389838538748, 0.136202168624604, 0.144689282289028, 0.150892307557551, 0.154858748319841, 0.156643184444518, 0.156307907731589, 0.153923475497777, 0.149569279262901, 0.143333902587754, 0.135312117087397, 0.125602142161277, 0.114310303419629, 0.101555518229013, 0.0874695723831064, 0.0721970819726137, 0.0558932941574605, 0.0387213423788894, 0.0208532666200725, 0.00247060162574819, -0.0162401872999174, -0.0350897293246468, -0.0538892751614901, -0.072442311538864, -0.0905320157788951, -0.107921763180878, -0.124361809652871, -0.139595969511232, -0.153362350125087, -0.165397279533159, -0.175449641780966, -0.183268008842659, -0.188577322999594, -0.1910784524196, -0.190450667230272, -0.186364136177048, -0.1784983603154, -0.166536473948494, -0.150148323089693, -0.128991648792927, -0.102722488766985, -0.0710001670920413, -0.0334852916392284, 0.0101725995350237, 0.01, 0.0367917601119858, 0.0609698911455611, 0.0825541904199287, 0.10156625665657, 0.118030339741703, 0.131974201483372, 0.143429977546939, 0.152434957426352, 0.15903238029535, 0.163272189341875, 0.165211768384762, 0.164916610084844, 0.162460898456038, 0.157928106808054, 0.151411373731169, 0.143010380423484, 0.132828431060521, 0.120977323263533, 0.107582100116098, 0.0927813424552553, 0.0767271327678617, 0.0595827680449623, 0.0415198679458311, 0.0227194032048367, 0.0033723800180543, -0.0163249709351794, -0.0361733118383738, -0.0559739698579104, -0.0755201938983771, -0.0945838646107113, -0.112915998673848, -0.130253718799669, -0.146327297175143, -0.160860978473581, -0.173577002433675, -0.184210726370622, -0.192497329548794, -0.198147229767428, -0.20084544750707, -0.200254212739591, -0.196026037404554, -0.187823151274972, -0.175311683614603, -0.158143817284099, -0.135958918326677, -0.108394508476809, -0.0750915615701017, -0.0356923977970067, 0.0101723247765898, 0.01, 0.0382156588431502, 0.0636845409652792, 0.0864274085090625, 0.106466912463638, 0.123828483728259, 0.138541235752048, 0.150638868772035, 0.16016048767857, 0.167151436319806, 0.17166408902893, 0.17375862354408, 0.173503721331909, 0.170977178980637, 0.166266535141242, 0.159469464590457, 0.150690541022217, 0.140038135202391, 0.127629493631155, 0.11359575922643, 0.098082279416485, 0.0812485723967891, 0.0632659549686888, 0.0443145038078299, 0.0245840876562714, 0.00427515388581534, -0.0164063291817543, -0.0372510802634424, -0.0580505172499165, -0.0785876758692677, -0.0986231783263497, -0.117895721789819, -0.136129328604276, -0.153040755806823, -0.168340411143784, -0.181736459180477, -0.192950729994943, -0.201705024344207, -0.20769526604319, -0.210590656332069, -0.210036411080996, -0.205667399070799, -0.19712858048662, -0.184069088220635, -0.166123456744187, -0.142912686054309, -0.11405578588603, -0.0791753825203823, -0.0378955103256839, 0.0101720504445536, 0.01, 0.0396357376899498, 0.0663919263330309, 0.0902902924837157, 0.1113545385044, 0.129611274710275, 0.145090963673744, 0.157828866581939, 0.167865898794061, 0.175249502372657, 0.180034474661251, 0.182283777309599, 0.182069268564224, 0.179472343500304, 0.174584589704286, 0.167508199346908, 0.15835262154075, 0.147231275473063, 0.134266833323822, 0.119596511911992, 0.103372396890946, 0.0857614115735239, 0.0669428626236498, 0.0471052545814828, 0.0264473215379923, 0.00517892181032985, -0.0164842663562879, -0.038323041761322, -0.0601189273976795, -0.0816447704493105, -0.102649972765653, -0.122860950980241, -0.14198865981652, -0.159736368103186, -0.175800672391327, -0.189875675241889, -0.2016696790945, -0.210891120401659, -0.21722145940298, -0.220314106467428, -0.219797289351561, -0.215288247303884, -0.206414672631624, -0.192808710513723, -0.174087261768845, -0.149852969298319, -0.119706334808234, -0.0832516397127309, -0.0400946344157124, 0.010171776464721, 0.01, 0.041052005192369, 0.0690920634370884, 0.094142865289637, 0.116229163593488, 0.135378746486882, 0.151623423154587, 0.165000012122465, 0.175551234305286, 0.183326623539138, 0.188383392067758, 0.190787275476053, 0.190613296802858, 0.187946435568906, 0.182882311944822, 0.175527616766295, 0.165996657504011, 0.154407883623451, 0.140889369871156, 0.12558438113142, 0.108651713023827, 0.0902656635025563, 0.0706134992335687, 0.0498921235302194, 0.0283091032736966, 0.00608367755073911, -0.0165587931698174, -0.0393892113493741, -0.0621792195780174, -0.0846915011059267, -0.106664275359299, -0.127811717254478, -0.147831746544482, -0.16641417074733, -0.183241800907828, -0.197994690801899, -0.210367614955338, -0.220055659719177, -0.226725852059041, -0.230015839748227, -0.229536888338937, -0.224888621152153, -0.215681464351801, -0.201530584052329, -0.182035262122049, -0.156779793300273, -0.125346175231215, -0.0873203471483828, -0.0422897773488869, 0.0101715030081828, 0.01, 0.0424644558224364, 0.0717849414571763, 0.0979851110507993, 0.121090767037895, 0.141130873791066, 0.158138584603385, 0.172152271738259, 0.183216456766958, 0.191382758877388, 0.196710797128061, 0.199269071093697, 0.199135756656138, 0.19639940378604, 0.191159648941219, 0.183527662956391, 0.173622594616499, 0.161567905547867, 0.147497050035892, 0.131559315291626, 0.113920178748739, 0.0947612826414342, 0.0742778238640697, 0.0526750754723352, 0.030169404678728, 0.00698940121837908, -0.0166299198966617, -0.0404495894479431, -0.0642313852497248, -0.087727851217643, -0.110666062128909, -0.132747989843938, -0.153658551700826, -0.173074120760786, -0.190663748208383, -0.206093452303742, -0.219044479508546, -0.22919858027543, -0.23620837848978, -0.23969578824604, -0.239255139430575, -0.23446845302787, -0.224928890816763, -0.210234648485197, -0.189967403617735, -0.163693111706411, -0.130975270294083, -0.0913814791144207, -0.0444809262111399, 0.0101712285377631, 0.01, 0.0438730460929495, 0.0744704767304453, 0.101816909241632, 0.125939194765653, 0.146867472327166, 0.164636236833857, 0.179285410700646, 0.190861311277196, 0.199417636709404, 0.205016404820657, 0.207728869274346, 0.207636346899567, 0.204830944184148, 0.199416297649713, 0.191508039548465, 0.181230142963745, 0.168711063606519, 0.154089612389162, 0.137521073240635, 0.119177577396553, 0.0992480811574253, 0.0779356819840142, 0.0554539937229895, 0.0320281515859473, 0.0078960659064915, -0.0166976214114481, -0.0415040990723658, -0.0662753006348066, -0.0907536552992517, -0.114655130781178, -0.137669534367076, -0.159468813429309, -0.179715933379072, -0.198066211141987, -0.21417164277726, -0.2276999466458, -0.238319551508783, -0.245668708282431, -0.249353626544555, -0.248951727303309, -0.244027442778103, -0.234156672115945, -0.218920649205302, -0.197883462001671, -0.170592735651954, -0.136593471543291, -0.0954349325750962, -0.0466680283773518, 0.0101709502726695, 0.01, 0.0452777855612223, 0.0771486873927314, 0.105638285598602, 0.130774479138225, 0.152588580110281, 0.171116422550362, 0.186399475449222, 0.198485847071259, 0.207431308145963, 0.213300267236766, 0.216166722226156, 0.216115119033503, 0.213241106777421, 0.207652305874931, 0.19946879147806, 0.18881934397066, 0.175837395099179, 0.160667089577463, 0.143469682541582, 0.124423931124688, 0.103726075595592, 0.0815870844077237, 0.0582288833095293, 0.0338853432806522, 0.00880366525949802, -0.0167619095880698, -0.0425527574323923, -0.0683109881253308, -0.0937689407473094, -0.118631513380522, -0.142576387061946, -0.165262571551074, -0.186339651370762, -0.205449234744954, -0.222229308895917, -0.236334064171982, -0.247418621849552, -0.255106889878745, -0.258989402384431, -0.258626698200562, -0.253565634330844, -0.243364849067896, -0.227588623118007, -0.205783469428216, -0.177478691685683, -0.142200799063817, -0.0994807202916045, -0.0488510884240014, 0.010170672685955, 0.01, 0.0466786839112734, 0.0798195918241489, 0.109449266210894, 0.135596652969098, 0.15829423569771, 0.177579185080507, 0.193494513118744, 0.206090114142358, 0.215423825109447, 0.221562437323714, 0.224582683048721, 0.224572125475876, 0.221629942514507, 0.215867722363523, 0.207409964620908, 0.196390239991244, 0.182946938234461, 0.167229515126612, 0.149405171597993, 0.129659262882418, 0.108195283234521, 0.0852320426148635, 0.0609997498467164, 0.0357409795478053, 0.00971219332400373, -0.016822796005185, -0.0435955815587999, -0.0703384700596897, -0.0967737350388855, -0.122595242215038, -0.14746858454249, -0.171039866424337, -0.192945318211513, -0.212812864939335, -0.23026649840626, -0.24494688116148, -0.256495841203002, -0.264522973409311, -0.268603165416853, -0.268280100505113, -0.263083073989468, -0.252553465110506, -0.236238609999859, -0.213667461181864, -0.184351009752357, -0.147797276609717, -0.103518858975141, -0.0510301151674672, 0.0101703957087665, 0.01, 0.0480757139014634, 0.0824831372427032, 0.113249774458348, 0.140405617504398, 0.163984319910582, 0.184024386536113, 0.200570368837735, 0.213673942376133, 0.223395004002366, 0.229802719785582, 0.232976546563794, 0.233007153020764, 0.229997232062531, 0.224062323610987, 0.215331333319637, 0.20394260525203, 0.190039469186566, 0.173776669307938, 0.155327327025068, 0.134883367982439, 0.112655510552851, 0.0888703768061943, 0.0637664298756178, 0.0375949159875909, 0.0106215275343006, -0.016880378597604, -0.0446326418986696, -0.0723577865685928, -0.0997680451350785, -0.12654628806473, -0.152346058238967, -0.176800586864465, -0.199532776790847, -0.220156895333009, -0.238282958418196, -0.253538107051342, -0.26555089021358, -0.273916619496863, -0.278194564913459, -0.277911580722262, -0.27257941405327, -0.26172218691888, -0.244870299469389, -0.221535158351366, -0.191209450912394, -0.153382713699597, -0.107549215072656, -0.0532050404379011, 0.010170113664814, 0.01, 0.0494688766119641, 0.0851393251343525, 0.117039811560366, 0.145201373029722, 0.169658831443032, 0.190452023377792, 0.207627036213992, 0.221237321939684, 0.231344831005097, 0.238021096323108, 0.241348289565446, 0.241420173208082, 0.238342941452456, 0.232236069992772, 0.22323285227124, 0.211476388799777, 0.197114931454095, 0.180308490351832, 0.161236082264042, 0.14009617577, 0.117106683717774, 0.0925020110623506, 0.0665288466137494, 0.0394470763827661, 0.011531593789144, -0.016934727734104, -0.0456640033302703, -0.0743689953142402, -0.102751919663806, -0.13048468832889, -0.157208831758208, -0.18254473990036, -0.206102014667346, -0.227481291013587, -0.246278632005004, -0.262107666941032, -0.274583680068208, -0.283287729126748, -0.28776349504571, -0.287521029321501, -0.282054544366194, -0.270870906938171, -0.253483589783105, -0.229386468067154, -0.198053934169206, -0.158957044208764, -0.111571740328526, -0.0553758368420231, 0.0101698300865282, 0.01, 0.0508582087585736, 0.0877882256682083, 0.1208194778778, 0.149984046838377, 0.175317921265884, 0.196862267006046, 0.214664703840368, 0.228780455395555, 0.239273519446908, 0.246217787854698, 0.249698137415574, 0.249811412736742, 0.246667295660527, 0.240389181758187, 0.231114734058159, 0.218991792629847, 0.204173513553825, 0.186825150491836, 0.167131590559092, 0.145297817901914, 0.121548910316844, 0.0961270265091709, 0.0692870523969301, 0.0412974820531503, 0.0124423802246903, -0.0169858882833304, -0.0466897412394708, -0.076372199712833, -0.105725487558124, -0.13441059478438, -0.162057076889305, -0.188272514403847, -0.212653234818778, -0.234786266041844, -0.254253741248883, -0.270655787913498, -0.283594439827806, -0.292636530204379, -0.297310179328782, -0.297108662106969, -0.291508669678727, -0.279999815549621, -0.262078653628738, -0.237221541964772, -0.204884586732703, -0.164520367548758, -0.115586502987189, -0.057542538093684, 0.0101695491599328, 0.01, 0.0522437348868025, 0.0904298856635041, 0.124588840232976, 0.154753723488061, 0.180961689409962, 0.203255230671518, 0.221683495947149, 0.236303475731739, 0.247181208875927, 0.254392938322249, 0.258026236322462, 0.258181018001532, 0.25497043924429, 0.248521799669865, 0.238977113766619, 0.226488944296783, 0.211215333691174, 0.193326756871351, 0.17301394639653, 0.150488374740502, 0.125982255257787, 0.0997454713741415, 0.0720410776233634, 0.0431461445391561, 0.0133538785648149, -0.0170338882117092, -0.0477099020621881, -0.0783674634638037, -0.108688828538208, -0.138324101737181, -0.166890900900003, -0.193984028864963, -0.219186565162623, -0.242071955913525, -0.262208427329783, -0.279182614991623, -0.292583316514001, -0.30196316976737, -0.306834762707025, -0.306674619713245, -0.300941924075673, -0.289109038088481, -0.270655605382524, -0.245040481205229, -0.211701494272024, -0.17007275162019, -0.119593550906787, -0.0597051697387942, 0.0101692699211739, 0.01, 0.0536254645787325, 0.0930643233259201, 0.128347924497579, 0.159510435561099, 0.186590174217103, 0.209630957531323, 0.22868345956282, 0.243806432909037, 0.255067951265204, 0.26254660081566, 0.26633263962851, 0.266529041771092, 0.26325242361787, 0.256633973060565, 0.246820037983763, 0.233967886996837, 0.218240431053889, 0.19981334413638, 0.178883179443105, 0.155667870640894, 0.130406737364718, 0.103357358818017, 0.0747909297205388, 0.044993065564726, 0.0142660849163515, -0.0170787369621549, -0.0487245007045433, -0.0803548068757683, -0.111641968229011, -0.142225239887402, -0.17171033917028, -0.199679322852911, -0.225702048920446, -0.249338406920615, -0.270142738990321, -0.287688198788181, -0.30155036202719, -0.31126770031405, -0.316337297488905, -0.31621895338752, -0.310354356849338, -0.298198621022852, -0.279214487809044, -0.252843323935351, -0.218504689385026, -0.175614222537509, -0.123592902782925, -0.061863742119186, 0.0101689913175874, 0.01, 0.0550034072066903, 0.0956915564711601, 0.132096756002592, 0.164254214977797, 0.192203413275033, 0.215989489925361, 0.235664640856994, 0.251289376001913, 0.262933797687521, 0.270678827523567, 0.274617399786086, 0.274855535946722, 0.271513299361365, 0.264725750472048, 0.25464355255752, 0.241428663247234, 0.225248844218816, 0.206284946396823, 0.184739318909604, 0.160836329586383, 0.134822375176659, 0.106962701804903, 0.0775366160088541, 0.0468382468363486, 0.0151789954578787, -0.0171204438167108, -0.049733551822802, -0.0823342499183335, -0.114584931827522, -0.146114039420202, -0.176515426481809, -0.205358435259738, -0.232199728562613, -0.256585664534951, -0.278056724089322, -0.29617258897324, -0.310495627270906, -0.320550173297745, -0.325817834896885, -0.325741713258044, -0.319746016148301, -0.307268609659972, -0.287755342502517, -0.26063010713012, -0.225294203504361, -0.18114480526465, -0.12758457618331, -0.0640182644790895, 0.0101687133565508, 0.01, 0.0563775723443768, 0.0983116032778092, 0.135835360563552, 0.168985094224931, 0.19780144478026, 0.222330870805227, 0.242627086591929, 0.258752354653099, 0.270778799754908, 0.27878967114063, 0.282880569716636, 0.283160552858624, 0.279753117440858, 0.272797180786894, 0.262447703629694, 0.248871315810792, 0.232240611959216, 0.212741597909436, 0.190582394104207, 0.165993775608699, 0.139229187232972, 0.11056151325233, 0.0802781437167613, 0.0486816899250335, 0.0160926061910995, -0.0171590182731876, -0.0507370703250511, -0.0843058128458458, -0.117517744845014, -0.149990530861004, -0.181306197978812, -0.211021405358488, -0.238679646954908, -0.263813774634022, -0.28595043089717, -0.304635835630072, -0.319419163559247, -0.329810640575176, -0.335276426544881, -0.335242949827579, -0.329116950473733, -0.316319049633007, -0.296278211351689, -0.268400868022687, -0.232070068279459, -0.186664524935957, -0.131568588794749, -0.0661687461256282, 0.0101684360435431, 0.01, 0.0577479695358708, 0.100924481868242, 0.13956376391623, 0.173703105688983, 0.203384306811481, 0.22865514299018, 0.249570843385989, 0.266195418352797, 0.278603008921095, 0.28687918420022, 0.29112220218, 0.291444144677612, 0.287971928667645, 0.280848312739674, 0.270232537202801, 0.256295887321754, 0.239215772932482, 0.21918333282945, 0.196412434249131, 0.171140232669939, 0.143627192020005, 0.114153806041425, 0.0830155200528178, 0.0505233963979493, 0.0170069131293759, -0.0171944698024224, -0.0517350710771368, -0.0862695158548905, -0.120440432719276, -0.153854744646573, -0.186082688702959, -0.216668272307397, -0.245141846837735, -0.271022782961101, -0.29382390754297, -0.313077988695117, -0.32832102205546, -0.339049153850216, -0.344713123894409, -0.344722713449739, -0.338467208183773, -0.325349986440909, -0.304783136122629, -0.276155643737931, -0.238832315268815, -0.192173406615094, -0.135544958256549, -0.0683151963445125, 0.0101681593764999, 0.01, 0.0591145542557816, 0.103530106880044, 0.143281843550444, 0.178408093403479, 0.208951813641594, 0.234962094694978, 0.256495677108439, 0.273618314351565, 0.286406157563582, 0.294947087976737, 0.299342011147989, 0.299706021910893, 0.29616944396704, 0.288878861609494, 0.277997776906915, 0.263702113777333, 0.246174079546593, 0.225609924101955, 0.202229237046803, 0.176275527553224, 0.148016249835788, 0.117739478505155, 0.0857486859669728, 0.0523633545023314, 0.0179219519805901, -0.0172267195081865, -0.0527274362983211, -0.0882252066083686, -0.123352812859458, -0.157706472082651, -0.190844667855448, -0.22229878710772, -0.251586064870626, -0.278212415646949, -0.301676873403514, -0.321498764603776, -0.337200920063461, -0.348265434999245, -0.354127657000905, -0.354180745882106, -0.347796546237632, -0.33436119576556, -0.31326991472803, -0.283894257888984, -0.24558079723327, -0.197671335647064, -0.139513605923321, -0.0704575759153823, 0.0101678797320796, 0.01, 0.0604773334257037, 0.106128491364377, 0.146989617856163, 0.1831000803096, 0.214503991981349, 0.241251755627983, 0.263401619707653, 0.281021076099988, 0.294188279923567, 0.302993416823814, 0.307540030450136, 0.307946217277896, 0.304345694421843, 0.296888856385772, 0.2857434492615, 0.27109001888063, 0.253115552384272, 0.232021388995452, 0.208032816381406, 0.181399670822458, 0.152396368130113, 0.121318535295719, 0.0884776437124108, 0.0542015646173691, 0.0188377213687582, -0.0172557708830905, -0.0537141719340628, -0.0901728938642027, -0.126254897154096, -0.161545728306707, -0.195592153744854, -0.227912971040968, -0.258012325050874, -0.285382699089672, -0.309509356914991, -0.32989819352192, -0.346058889166405, -0.357459516564485, -0.363520058774151, -0.363617079697299, -0.357104996141511, -0.343352707360541, -0.321738574471679, -0.29161673458104, -0.252315534306824, -0.20315832741943, -0.143474541659907, -0.0725958884035531, 0.0101676006230883, 0.01, 0.0618363176428857, 0.108719655457704, 0.150687115451927, 0.187779102453072, 0.220040884253031, 0.247524173544362, 0.270288723238342, 0.288403758933371, 0.301949433617201, 0.311018229663414, 0.315716319370225, 0.316164789518296, 0.312500737367082, 0.304878352192068, 0.293469606434157, 0.278459651119131, 0.260040235557554, 0.238417766634891, 0.213823205874078, 0.186512690182404, 0.156767568390687, 0.124890991470159, 0.0912024017654372, 0.0560380285879537, 0.0197542165920806, -0.0172816350315647, -0.054695295325049, -0.0921126010558754, -0.129146714959424, -0.165372548274882, -0.200325186452402, -0.233510868743677, -0.264420675953353, -0.292533685139551, -0.317321412501492, -0.338276331783613, -0.354894986941902, -0.366631456594628, -0.37289038686422, -0.373031771194048, -0.366392611867813, -0.35232457192085, -0.330189161809989, -0.299323115035879, -0.259036561463617, -0.208634409642537, -0.147427784895766, -0.0747301439409269, 0.0101673222331557, 0.01, 0.0631915174639709, 0.111303619219416, 0.154374364846877, 0.192445195742033, 0.225562532717258, 0.253779396017621, 0.277157039557617, 0.295766417977472, 0.309689676043048, 0.319021585195677, 0.323870936969668, 0.324361797152348, 0.320634629924626, 0.312847403948114, 0.301176300400772, 0.285811058803527, 0.266948173019353, 0.244799096006119, 0.219600439028714, 0.191614613243761, 0.161129872035073, 0.128456862039684, 0.0939229685810533, 0.0578727482620001, 0.0206714329751995, -0.0173043230092576, -0.0556708237418289, -0.0940443515260556, -0.132028295520961, -0.169186966814364, -0.205043805914649, -0.239092524694964, -0.27081116598582, -0.299665425473212, -0.325113094410135, -0.346633235545547, -0.363709270792739, -0.375781312969616, -0.382238698762564, -0.382424876527059, -0.375659447264058, -0.361276840040132, -0.338621723125942, -0.307013440434224, -0.265743913673603, -0.214099610063939, -0.151373355143524, -0.0768603527931882, 0.0101670445564011, 0.01, 0.0645429601708419, 0.113880434336129, 0.158051439256101, 0.197098452046016, 0.231069045028217, 0.260017543623704, 0.284006699310555, 0.303109191108173, 0.317409149488526, 0.327003627324829, 0.332004026005583, 0.332537379063927, 0.328747504424005, 0.320796134801287, 0.308863642560594, 0.293144339039392, 0.273839446302806, 0.25116544305654, 0.225364566305916, 0.1967054751824, 0.165483299267284, 0.132016152635717, 0.0966393356805948, 0.0597057016118245, 0.0215893356365182, -0.0173238817975729, -0.0566408154890163, -0.0959682141483128, -0.134899717500582, -0.172989071443591, -0.209748107424527, -0.244658040786087, -0.277183902414697, -0.306778031463347, -0.332884516812496, -0.354969020508089, -0.372501856675511, -0.384909200524876, -0.391565106709908, -0.391796503786767, -0.38490560469294, -0.370209606799845, -0.347036344656665, -0.314687786571737, -0.272437654677863, -0.219553978755127, -0.15531128719077, -0.0789865328518841, 0.0101667682108419, 0.01, 0.0658906909818192, 0.116450186414812, 0.161718459846571, 0.201739023265941, 0.236560598999596, 0.266238815275838, 0.290837917708475, 0.310432305049738, 0.325108087427329, 0.334964591538153, 0.340115819277591, 0.340691760705842, 0.33683957436191, 0.328724741741494, 0.316531808913687, 0.3004596423778, 0.280714178582126, 0.257516904132657, 0.231115657912696, 0.201785320865528, 0.169827870533227, 0.135568860293868, 0.0993514777684514, 0.0615368421947975, 0.0225078583125368, -0.017340396091702, -0.0576053722794099, -0.0978843062609931, -0.137761112440314, -0.176779006325354, -0.214438246023178, -0.250207581094771, -0.283539056463031, -0.313871679538852, -0.340635859363507, -0.363283867613123, -0.381272924877341, -0.394015296838304, -0.400869783417228, -0.401146818571635, -0.394131240372884, -0.379123016799219, -0.355433157133862, -0.322346268027613, -0.279117880601843, -0.224997591086308, -0.159241633353713, -0.0811087110847383, 0.0101664938731384, 0.01, 0.067232195809856, 0.119008057912542, 0.165368516252049, 0.206358116847442, 0.242026730528546, 0.272431285969183, 0.297637519500867, 0.317721544975627, 0.332771446143938, 0.342888815940258, 0.348190247446854, 0.34880867606536, 0.344894587860401, 0.336617197880315, 0.324165208469119, 0.307742024644886, 0.287558283382583, 0.263840461358581, 0.236841975553407, 0.206843902651398, 0.174155040019993, 0.13910835228473, 0.102054886513505, 0.0633640697176012, 0.0234275562684819, -0.0173504500091672, -0.0585583386408149, -0.0997842776988313, -0.14060234409434, -0.180545070700921, -0.219101175976226, -0.255726974338218, -0.289861550661948, -0.32093060534188, -0.348350890052807, -0.371561296444568, -0.390005965789398, -0.403083282179562, -0.410136817960703, -0.410460537549135, -0.403321917244085, -0.38800369784741, -0.363800071675955, -0.329978297436265, -0.285775723510915, -0.230423516088155, -0.163159616667948, -0.0832244810586169, 0.0101660407147408, 0.01, 0.0685705764268566, 0.121560007113326, 0.169010178008875, 0.210966668320614, 0.247480495883288, 0.278609887459848, 0.304422066690038, 0.324994857905224, 0.34041831246319, 0.350796281973238, 0.356247941414933, 0.356909160384186, 0.352933739429735, 0.344494611982825, 0.331784619301881, 0.315011688323151, 0.2943911426993, 0.270154431394758, 0.242560525802908, 0.211896672386517, 0.178478460321143, 0.142646237528906, 0.104758803227499, 0.0651937843712682, 0.0243515529501067, -0.0173545901049378, -0.0595039909426794, -0.101675770427966, -0.143434202061476, -0.184300999238456, -0.223753209141303, -0.261234740002115, -0.296171742528283, -0.327976634794366, -0.356052533562156, -0.37982496083262, -0.398724992808806, -0.412137159920055, -0.419389834101074, -0.419760535319952, -0.412499391287998, -0.39687191799963, -0.372155499309715, -0.337600059977734, -0.292424774325326, -0.23584238257323, -0.167072536730088, -0.0853374467928646, 0.0101658671109678, 0.01, 0.0699064797450039, 0.124107266862763, 0.172645202917975, 0.215566899465503, 0.252924519850463, 0.284777586574633, 0.311194807185667, 0.332255711886611, 0.348052313644242, 0.358690715202137, 0.364292664175433, 0.364996953241333, 0.360960684431923, 0.352360494439771, 0.339393346132905, 0.322271671779922, 0.301215467828973, 0.276461137771842, 0.24827318381422, 0.216944996326595, 0.18279892837277, 0.14618268329211, 0.107462783301693, 0.0670250227742359, 0.0252784603343435, -0.0173545348680434, -0.0604442840282515, -0.103560881553475, -0.146258831488647, -0.188049063005432, -0.228396844142461, -0.266733567966372, -0.302472475553766, -0.335012727637825, -0.363743828800695, -0.388077941827837, -0.407433092114279, -0.421179984266534, -0.428631816896547, -0.429049690556785, -0.421666397556524, -0.405730231502002, -0.380501776313478, -0.345213636809281, -0.299066821969982, -0.241255650202029, -0.170981487019769, -0.0874482988267508, 0.0101657220820453, 0.01, 0.0712390846099134, 0.126648251680491, 0.176271298002093, 0.220155866638429, 0.258355264952876, 0.290930308839586, 0.317951186359411, 0.339499128987193, 0.355668105310729, 0.366566461680643, 0.372318509102715, 0.373065952243112, 0.368969181641301, 0.36020852215903, 0.346985041003388, 0.329515659186282, 0.308025032023351, 0.282754499772977, 0.253974071904064, 0.221983256881997, 0.187111143801718, 0.149712794999057, 0.110162456800131, 0.0688540589437925, 0.0262053157545755, -0.0173523642620545, -0.0613802958301778, -0.105439567673553, -0.149074948245717, -0.191786617655895, -0.233028100354063, -0.272218304736225, -0.308757588076132, -0.342031878989014, -0.371417092849857, -0.396312043682351, -0.416121720327509, -0.43020302933819, -0.437854023020162, -0.43831940747043, -0.430814652723796, -0.414570832360476, -0.388831738801748, -0.35281267079956, -0.305696480539773, -0.246659068534303, -0.17488351649768, -0.089555549151125, 0.010165466807502, 0.01, 0.0725691174949538, 0.12918435066114, 0.179890451125686, 0.224736092624157, 0.263775725049845, 0.297071455349073, 0.324694948710613, 0.346729133294423, 0.36326992733907, 0.374427913297928, 0.380329956351401, 0.381120662097838, 0.376963696650607, 0.368043057998839, 0.354563900476595, 0.33674761726853, 0.314823508600959, 0.289037833763967, 0.259666086028914, 0.227013866240543, 0.191417030586772, 0.153238030602007, 0.112858809899003, 0.0706814012702556, 0.0271321438925803, -0.0173485431813456, -0.0623129867405053, -0.107313290611084, -0.151884521385704, -0.19551614513692, -0.23764997815097, -0.277692432774082, -0.315030967621491, -0.349038303997393, -0.379076791011271, -0.404531904426261, -0.42479561079329, -0.439211046292614, -0.447061143863583, -0.447574240048643, -0.43994849574058, -0.423397766912912, -0.397149062958774, -0.360400390465381, -0.312316453436579, -0.252054738518287, -0.178780046460543, -0.0916598623454264, 0.0101652706350228, 0.01, 0.0738955066261013, 0.131713516427591, 0.183499735480383, 0.229303867356862, 0.269181502995377, 0.303196038059755, 0.331420611489513, 0.353939843554198, 0.370851596187669, 0.382268680460649, 0.388320506535796, 0.389154569915737, 0.384937799388565, 0.37585785106955, 0.362123949254654, 0.343961942736744, 0.32160576265472, 0.295306569608371, 0.265345317285106, 0.232033673276639, 0.19571423295923, 0.156756810597999, 0.115551019543027, 0.0725069634360573, 0.0280595755361166, -0.0173417433178593, -0.0632403505741966, -0.109179385961036, -0.154684247808405, -0.199233723043479, -0.242257955083312, -0.283150886841893, -0.32128710041098, -0.356026134891043, -0.386716796028608, -0.412731231862378, -0.433448400909863, -0.448197696549864, -0.456246959189432, -0.456808180619458, -0.449062225675131, -0.43220573512687, -0.40544894374568, -0.367972579744802, -0.318923207434406, -0.257439903470921, -0.182669190280429, -0.0937603151552695, 0.0101650000029656, 0.01, 0.0752178476076177, 0.134234950177294, 0.187097967846739, 0.233857633192402, 0.274570676716999, 0.3093017804739, 0.338125553786054, 0.361128304470697, 0.37840983221955, 0.390085169258394, 0.39628626156865, 0.397163483564521, 0.392887013851414, 0.383648151718684, 0.3696601743159, 0.351153369496544, 0.328366285283477, 0.301554965886633, 0.271005802106701, 0.237036567075739, 0.199996629241044, 0.160263140053979, 0.118233355111438, 0.0743254168179316, 0.0289828218335925, -0.0173360759174311, -0.0641656831825419, -0.111040196392848, -0.157475379069212, -0.202939373734831, -0.24685068608372, -0.288590816152878, -0.327521665253318, -0.36298978418536, -0.394330459740312, -0.420902522783338, -0.442071938029672, -0.457154383500039, -0.465402633777588, -0.46601236058339, -0.458147145703005, -0.440986417056645, -0.413723643090739, -0.375522287266517, -0.325510782484383, -0.262809799024517, -0.186547583285681, -0.0958551462613043, 0.0101646090730223
0, 0, 0, 0, 0, 0, 0, 0, 0, 0, 0, 0, 0, 0, 0, 0, 0, 0, 0, 0, 0, 0, 0, 0, 0, 0, 0, 0, 0, 0, 0, 0, 0, 0, 0, 0, 0, 0, 0, 0, 0, 0, 0, 0, 0, 0, 0, 0, 0, 0, 0, 0.452877392443602, 0.886895501843293, 1.30205341702185, 1.69835022944371, 2.07578503349984, 2.43435692681342, 2.7740650105589, 3.09490838978349, 3.39688617371562, 3.67999747604028, 3.94424141511592, 4.18961711410304, 4.41612370097076, 4.62376030834608, 4.81252607317163, 4.98242013614333, 5.13344164090952, 5.26558973302904, 5.37886355870617, 5.47326226334452, 5.54878498998709, 5.60543087773173, 5.64319906022677, 5.66208866435671, 5.66209880921925, 5.64322860547311, 5.60547715510209, 5.54884355159887, 5.47332688052792, 5.37892622038642, 5.26564064364957, 5.13346921786521, 4.98241100665131, 4.81246507044563, 4.62363046685304, 4.4159062504243, 4.1892914716669, 3.94378517501728, 3.67938639536278, 3.39609415243985, 3.09390744194843, 2.77282522130034, 2.43284638610446, 2.07396972972346, 1.69619386989229, 1.29951710638354, 0.883937120820772, 0.4494502715604, -0.00395031979510713, 0, 0.45249837158965, 0.886181426849076, 1.30104777729086, 1.69709600199342, 2.07432462845022, 2.432732105543, 2.77231680242095, 3.09307699566409, 3.39501084268632, 3.67811639843718, 3.94239164323922, 4.18783445551844, 4.41444262648547, 4.62221391632119, 4.81114601628748, 4.98123650573981, 5.13248265409292, 5.2648814686229, 5.37842994811519, 5.47312502424276, 5.54896360809744, 5.60594274037168, 5.64405934437141, 5.66331016054901, 5.66369192939274, 5.64520115972755, 5.60783383430535, 5.55158530709588, 5.47645071249454, 5.38242546677459, 5.26950509495185, 5.13768533401673, 4.98696181639374, 4.81732989804319, 4.62878452441925, 4.42131958799809, 4.19492831033105, 3.94960415899763, 3.68534147316433, 3.40213506021101, 3.09997991297738, 2.77887119262011, 2.4388032542677, 2.07976962858727, 1.70176452217975, 1.30478264275341, 0.888818057353896, 0.453863394945379, -9.33825914647413e-05, 0, 0.451589061872242, 0.884451391937551, 1.29858462864254, 1.69398630674576, 2.0706537986134, 2.42858423152641, 2.76777448367218, 3.08822114453452, 3.38992043350299, 3.67286825006067, 3.93706025789112, 4.18249180180207, 4.40915795228001, 4.61705367637475, 4.80617372331558, 4.97651249175563, 5.12806343326245, 5.26081920246641, 5.37477242686925, 5.4699155316942, 5.54624088430462, 5.60374125128839, 5.64240905144718, 5.66223616394783, 5.6632144803228, 5.64533520277754, 5.60858794887065, 5.55296044692285, 5.47843978424285, 5.38501391922474, 5.27267115313258, 5.14140043666978, 4.99119040660921, 4.82202886645894, 4.63390236804621, 4.42679427537062, 4.20068593669289, 3.95555946143789, 3.69139962909656, 3.40819267514275, 3.10592544280072, 2.78458536375029, 2.44415756257284, 2.08462488768382, 1.70597262556056, 1.30818828210132, 0.891258771427904, 0.455169539422289, -0.000101042192089118, 0, 0.450681265646897, 0.882724170555354, 1.29612538053848, 1.69088138695523, 2.06698840866528, 2.42444225389032, 2.76323831340614, 3.08337149431624, 3.38483608410863, 3.66762583425003, 3.93173410036152, 4.17715370360926, 4.40387700502559, 4.61189619057286, 4.80120308066646, 4.97178890133928, 5.12364329779753, 5.25675459239965, 5.37111106223111, 5.46670064793877, 5.5435111955547, 5.60153121462671, 5.64074863336167, 5.66115048957629, 5.66272383879477, 5.64545458573209, 5.60932598707589, 5.5543181614784, 5.48041018610126, 5.38758259592374, 5.27581650135171, 5.1450940874083, 4.99539700627487, 4.82670552054105, 4.63899777985549, 4.4322466270666, 4.20642157614437, 3.9614934142438, 3.6974373905725, 3.41423119297216, 3.11185351847975, 2.79028405504085, 2.4494986991648, 2.08946963282169, 1.71017322920133, 1.31158979248823, 0.893699084732124, 0.456479371823501, -0.000100554584598067, 0, 0.449776188968459, 0.88100211752009, 1.29367347926585, 1.68778572308345, 2.06333391594366, 2.42031254954569, 2.75871553079745, 3.07853608912917, 3.37976658623865, 3.66239863301187, 3.92642328556676, 4.17183085138392, 4.39861099328762, 4.60675312817001, 4.7962461608218, 4.96707815276852, 5.11923495436076, 5.25270057601145, 5.36745896520767, 5.46349359984147, 5.5407878269587, 5.59932591611906, 5.6390913188669, 5.66006625158722, 5.66223294677781, 5.64557202086595, 5.61006037412043, 5.55567053157292, 5.48237359709743, 5.39014271665178, 5.27895184261599, 5.14877641493396, 4.99959111229811, 4.8313686679552, 4.64407882093785, 4.43768390034779, 4.21214162485218, 3.96741149522185, 3.70345925978464, 3.42025408304195, 3.11776651929336, 2.79596849850223, 2.45482669155943, 2.09430262970808, 1.71436377944991, 1.31498324279627, 0.896133629254076, 0.457786024430439, -0.000100359737555011, 0, 0.448873813899763, 0.879285198479695, 1.29122887557893, 1.6846992525098, 2.05969024596704, 2.41619503365649, 2.7542060421506, 3.07371482789796, 3.37471183289657, 3.65718653486106, 3.92112769893375, 4.16652312882743, 4.39335980035938, 4.60162437331878, 4.79130285000399, 4.96238013555891, 5.11483829697725, 5.24865705295751, 5.36381604210457, 5.46029430126842, 5.5380707007402, 5.59712528707937, 5.63743704907599, 5.65898340152136, 5.66174176685537, 5.64568748245463, 5.61079109672407, 5.55701755713018, 5.48433003091979, 5.39269430923738, 5.28207721909563, 5.1524474758773, 5.00377279588038, 4.8360183945724, 4.64914559205788, 4.44310621112723, 4.21784621395788, 3.97331385066802, 3.70946539798941, 3.42626152128236, 3.12366463555693, 2.80163889861505, 2.46014175818689, 2.09912411046567, 1.71854452185539, 1.31836889175333, 0.898562676685946, 0.459089781755357, -0.000100160283294293, 0, 0.447969058013447, 0.87756364660723, 1.2887775162791, 1.68160403369036, 2.0560359668687, 2.41206518204846, 2.74968262898773, 3.06887819582872, 3.36964041093731, 3.65195662623633, 3.91581332438332, 4.16119581519553, 4.38808839862991, 4.5964749892777, 4.7863387000056, 4.95766128769651, 5.11042104745893, 5.24459342639167, 5.36015377481032, 5.45707671010555, 5.53533664791256, 5.59490942869792, 5.63576959237007, 5.65788977187975, 5.66124259256722, 5.64579812204131, 5.61152056152179, 5.55836729700508, 5.48629359561727, 5.39525737496373, 5.28521783209288, 5.15613697313297, 5.00797556313405, 4.84069131139981, 4.65423711098741, 4.44855428591984, 4.22357708061738, 3.97924253023563, 3.71549746921304, 3.43229408805133, 3.12958666614275, 2.80733157531461, 2.46547704300152, 2.10396334653469, 1.72274015956109, 1.32176617947977, 0.900999710779342, 0.46039747925928, -0.000100461629818471, 0, 0.447064337066917, 0.875842165542442, 1.28632626501236, 1.6785089623998, 2.05238187867211, 2.4079355711106, 2.74515951617542, 3.06404193837099, 3.36456945848994, 3.64672731003144, 3.91049970164447, 4.15586945910492, 4.38281821763436, 4.59132715850605, 4.78137651818686, 4.95294491346364, 5.10600687906555, 5.24053361056038, 5.35649599355741, 5.45386405890976, 5.53260778687732, 5.5926988287197, 5.63410728935184, 5.65680103959323, 5.66074792065659, 5.64591273972095, 5.61225335562242, 5.55971960901172, 5.48825890321572, 5.39782131831184, 5.28835845580325, 5.1598256329716, 5.01217667473024, 4.84536179579426, 4.65932545414777, 4.45399848259363, 4.22930344632149, 3.98516620100639, 3.72152416788988, 3.43832108668291, 3.13550310466197, 2.81301879370581, 2.47080716351447, 2.1087978882808, 1.72693175563543, 1.32516026079923, 0.903434556140596, 0.461704188368181, -0.000100367629258191, 0, 0.446166740815752, 0.874134346745257, 1.28389462688964, 1.67543886934376, 2.04875754961725, 2.40383991855122, 2.74067398281694, 3.05924630794032, 3.35954161318769, 3.64154302098822, 3.90523247444178, 4.15059032511731, 4.37759555460329, 4.58622662271043, 4.77646090250987, 4.94827387890212, 5.10163633777317, 5.23651524317514, 5.35287703746755, 5.45068718735583, 5.52991125969555, 5.59051673339051, 5.63246929225039, 5.65573206461185, 5.66026812052943, 5.64603701612662, 5.61299027275512, 5.56107020184226, 5.49021637902238, 5.40037108263272, 5.2914783528267, 5.16348683830909, 5.01634343488967, 4.84999087417288, 4.66436517106167, 4.45938748743931, 4.23496953621815, 3.99102603654066, 3.72748502520458, 3.44428181481974, 3.14135442367229, 2.81864360928746, 2.47607916552262, 2.11358017818975, 1.73107855434682, 1.32851858508955, 0.905844268255316, 0.46299796924569, -9.94137947281648e-05, 0, 0.445271691784591, 0.872431364788066, 1.28146985805367, 1.67237742175501, 2.04514338754018, 2.3997557023118, 2.73620090644453, 3.05446391112164, 3.35452754009829, 3.63637281204696, 3.89997941292963, 4.14532522988449, 4.37238660190093, 4.58113927910686, 4.77155778409597, 4.94361447806909, 5.09727640955413, 5.23250633095949, 5.34926626269622, 5.44751712954964, 5.52722010678302, 5.58833851768989, 5.63083363879826, 5.65466387549452, 5.65978753960127, 5.64615894556778, 5.61372328223396, 5.56241534790602, 5.49216692642212, 5.40291252997369, 5.29458867139314, 5.16713735102913, 5.02049854665656, 4.85460751829234, 4.66939182994355, 4.46476294723088, 4.240621736996, 3.99687181666911, 3.73343186742672, 3.45022879862264, 3.14719250299733, 2.8242559098131, 2.48133959956254, 2.11835208519445, 1.73521639973862, 1.33186962975498, 0.908248618115231, 0.464288548586813, -9.92574427887694e-05, 0, 0.444379157078663, 0.870733156403197, 1.27905186738478, 1.66932450318038, 2.0415392531683, 2.39568276280697, 2.7317401096561, 3.04969455517744, 3.34952703361031, 3.63121646715877, 3.89474029302803, 4.1400739436652, 4.3671911264519, 4.57606489356534, 4.76666692998587, 4.93896648141448, 5.09292687050035, 5.22850665778952, 5.34566346294544, 5.44435369095381, 5.52453414718981, 5.58616401602148, 5.62920018049669, 5.65359634250807, 5.65930606856121, 5.64627844084671, 5.61445232076639, 5.56375500961821, 5.49411053515299, 5.40544567882605, 5.29768946000414, 5.17077725082328, 5.02464212208598, 4.85921187373516, 4.67440561118949, 4.4701250786906, 4.24626030324158, 4.00270383523966, 3.73936502895236, 3.45616241423829, 3.15301776173791, 2.82985615860919, 2.48658897446784, 2.12311416488859, 1.73934589542528, 1.33521404773833, 0.910648309390025, 0.465576682388136, -9.90881221824558e-05, 0, 0.443487654236985, 0.869036942093698, 1.27663676377424, 1.66627529632129, 2.0379395884306, 2.3916149866032, 2.72728510905454, 3.04493157213068, 3.34453342652985, 3.62606750524988, 3.88950900508872, 4.13483091350419, 4.36200431721694, 4.57099946848572, 4.76178511923643, 4.9343274061144, 5.08858593736341, 5.22451510135841, 5.34206813811651, 5.44119695483828, 5.5218540086087, 5.58399436149596, 5.62757051684861, 5.65253149244818, 5.65882612238898, 5.64639826605458, 5.61518046258533, 5.56509253239707, 5.4960507826782, 5.40797429937664, 5.30078464207915, 5.17441057477833, 5.02877827236369, 4.86380808621141, 4.67941065558487, 4.47547797846076, 4.25188924826697, 4.00852598291405, 3.74528823837188, 3.46208618869195, 3.15883348587581, 2.83544736122166, 2.49182997598975, 2.12786874387078, 1.74346896953837, 1.33855332947335, 0.913044355692195, 0.466862868427683, -9.89629452724516e-05, 0, 0.442598659276898, 0.867345489030322, 1.27422842068138, 1.66323459605881, 2.03434992475945, 2.38755845680806, 2.72284235453802, 3.04018159377394, 3.33955334763186, 3.62093236714523, 3.88429161702964, 4.12960164942484, 4.35683094130107, 4.565946957202, 4.75691552929494, 4.92969969340844, 5.08425535485432, 5.2205327494441, 5.33848075855613, 5.4380468135193, 5.51917904462341, 5.58182840820484, 5.62594304167378, 5.65146729801016, 5.65834529179282, 5.646515669085, 5.61590465204457, 5.56642459634499, 5.49798412395439, 5.41049466036091, 5.30387033888622, 5.17803333537143, 5.03290293984484, 4.86839206661179, 4.68440288133241, 4.48081761105469, 4.25750462191592, 4.01433443374019, 3.75119783269151, 3.4679966606043, 3.16463645428342, 2.84102657545175, 2.4970599795069, 2.13261355366211, 1.7475837482331, 1.34188603416508, 0.915435787592257, 0.468146646855044, -9.87939132547355e-05, 0, 0.44170789088375, 0.86565057557672, 1.27181501714104, 1.66018732309036, 2.03075226550248, 2.38349260039994, 2.71838903768563, 3.03541991724143, 3.33456054053869, 3.61578358386063, 3.87905978813095, 4.12435727980042, 4.35164193694887, 4.56087844854895, 4.75202974023732, 4.92505575526264, 5.07990870745596, 5.21653469956609, 5.33487827522305, 5.43488241167441, 5.51649093378782, 5.57965070866316, 5.62430552150274, 5.65039507971676, 5.65785879125768, 5.64663009840047, 5.61662891171944, 5.56776013832531, 5.49992431237992, 5.41302480878866, 5.30696836376373, 5.18167058495376, 5.03704388861606, 4.87299376351874, 4.68941389444353, 4.48617671312932, 4.26313976480252, 4.02016260554617, 3.75712678020612, 3.47392582203989, 3.17045715627218, 2.84662226163131, 2.50230489046267, 2.13737141929891, 1.75170945120066, 1.34522725204263, 0.917833042811378, 0.469433280940582, -9.9014662596153e-05, 0, 0.440819624078018, 0.863960411482492, 1.26940835733931, 1.65714853574402, 2.02716458283269, 2.37943796309622, 2.71394793745364, 3.03067121441642, 3.32958122974031, 3.61064859216163, 3.87384182708947, 4.11912664489831, 4.34646633561826, 4.55582282477184, 4.74715614466647, 4.92042315425203, 5.07557238736309, 5.21254583314097, 5.33128371830329, 5.43172458774442, 5.51380798221498, 5.57747669604536, 5.62267017596617, 5.64932350299852, 5.65737139136164, 5.64674208911761, 5.6173492007649, 5.56909020105042, 5.50185757286761, 5.41554667673908, 5.31005688498307, 5.18529725691389, 5.04117334607451, 4.8775832271903, 4.69441209697843, 4.49152256767662, 4.26876136996032, 4.02597713031518, 3.76304218055438, 3.47984176878753, 3.17626521210489, 2.8522060926557, 2.50753896223786, 2.14211970203672, 1.75582707436042, 1.34856213968033, 0.920225963538165, 0.470717822427691, -9.88392150364503e-05, 0, 0.43993386289038, 0.862275004758864, 1.26700845321685, 1.65411824983644, 2.02358689638487, 2.37539456828465, 2.70951908090718, 3.02593551595131, 3.32461544936684, 3.60552742952194, 3.86863777455881, 4.11390978835272, 4.34130418368282, 4.55078013469396, 4.74229479351097, 4.91580194307874, 5.0712464487141, 5.2085662053178, 5.3276971434332, 5.42857339722532, 5.51113024452803, 5.57530642330992, 5.62103705554418, 5.64825261496919, 5.65688313495313, 5.64685167895351, 5.61806555099958, 5.57041480968434, 5.50378392298177, 5.41806027304554, 5.31313590134622, 5.18891333864604, 5.04529128682344, 4.88216041804524, 4.69939743389741, 4.49685510314694, 4.27436934830296, 4.03177790025798, 3.76894390596788, 3.48574435173748, 3.18206044996475, 2.8577778726949, 2.51276197368128, 2.14685815404779, 1.75993634182635, 1.35189039173506, 0.922614213534624, 0.471999902653362, -9.86704366066071e-05, 0, 0.439050599979599, 0.86059434149213, 1.26461528505531, 1.65109644061008, 2.02001917712328, 2.37136238340519, 2.70510243270519, 3.02121278445292, 3.31966316068245, 3.60042005654805, 3.86344759114326, 4.10870667138564, 4.33615544356046, 4.545750342459, 4.73744565311555, 4.91119209077633, 5.06693086371335, 5.20459579186582, 5.32411853024361, 5.42542882380235, 5.50845770855496, 5.57313988245692, 5.61940615641609, 5.64718241592058, 5.65639402635867, 5.64695887622416, 5.61877797478196, 5.57173398069203, 5.50570338316992, 5.42056562182905, 5.31620544017045, 5.19251886011099, 5.04939774290762, 4.88672536964256, 4.70436993982318, 4.50217435499813, 4.27996373591989, 4.03756495175395, 3.77483199266525, 3.49163360641256, 3.18784290414177, 2.86333763433088, 2.51797395519381, 2.15158680303782, 1.76403727808005, 1.35521202893914, 0.924997809262144, 0.473279533290028, -9.85019568923717e-05, 0, 0.438169048528812, 0.858916966954926, 1.26222684912226, 1.6480806742305, 2.0164586800101, 2.36733847110774, 2.70069498206576, 3.0165000545731, 3.31472156261839, 3.59532395527108, 3.85826909339941, 4.10351543242028, 4.33101856175799, 4.54073218882594, 4.73260774460542, 4.90659288496239, 5.06262517259117, 5.20063437166082, 5.32054788219163, 5.4222910813467, 5.50579078431016, 5.57097766531455, 5.6177782378729, 5.64611381818246, 5.65590511651236, 5.64706485606656, 5.61948775714903, 5.57304909471935, 5.50761741520969, 5.4230642513388, 5.31926708134986, 5.19611543794715, 5.0534943528034, 4.89127972738135, 4.70933125228271, 4.5074819383133, 4.28554611090608, 4.04333981123122, 3.78070790062457, 3.49751091147874, 3.19361385713233, 2.86888654910346, 2.5231759525858, 2.15630655429028, 1.76813063308812, 1.35852763118665, 0.927377145829905, 0.474556909994329, -9.83522508417045e-05, 0, 0.437289984936984, 0.857244315992766, 1.25984512075645, 1.64507334857436, 2.01290810750061, 2.36332572046071, 2.69629968669565, 3.01180023466943, 3.30979339617826, 3.59024158131381, 3.85310440118288, 4.09833786946188, 4.32589502939503, 4.53572687294751, 4.72778199003312, 4.90200498547011, 5.05832978783855, 5.19668212464416, 5.31698516136726, 5.41915992869435, 5.50312904187097, 5.56881916763927, 5.61615253576671, 5.6450459120466, 5.65541536447917, 5.6471684606851, 5.62019363790887, 5.57435880365462, 5.5095245973616, 5.4255546803172, 5.32231929805246, 5.19970151361691, 5.05757954012911, 4.89582191088661, 4.71427980087602, 4.51277630685535, 4.29111496539892, 4.04910102327433, 3.78657024083885, 3.50337495821037, 3.19937209435676, 2.87442351049621, 2.52836698131166, 2.1610165590812, 1.77221570776188, 1.36183666281092, 0.929751864743376, 0.47583186515589, -9.81843123337711e-05, 0, 0.436414398613809, 0.855578287404463, 1.25747282812409, 1.64207794115097, 2.00937160641847, 2.35932886756607, 2.69192179192882, 3.00711899924743, 3.30488468495993, 3.58517922726369, 3.84795999593902, 4.09318057264743, 4.32079146509464, 4.53074096168208, 4.72297482419058, 4.89743461473866, 5.05405063925362, 5.19274460760195, 5.31343547108185, 5.41603993512084, 5.50047643581672, 5.56666764859814, 5.6145315331157, 5.6439803235729, 5.65492545853886, 5.64726935978586, 5.62089418749179, 5.57566059445103, 5.51142144229823, 5.42803255712765, 5.32535698412956, 5.20327133617324, 5.06164701883672, 4.9003452086863, 4.71920855849074, 4.51805022786216, 4.29666297098717, 4.05484127366907, 3.79241182300673, 3.50921878982225, 3.20511100210922, 2.87994235745636, 2.53354144247919, 2.16571189005234, 1.77628835550649, 1.36513586703608, 0.932119707871726, 0.477103247874629, -9.79331287388474e-05, 0, 0.435541073707494, 0.853916548225851, 1.25510661988724, 1.63909018098484, 2.00584408488214, 2.35534209835987, 2.68755486023097, 3.00244938599856, 3.29998804055518, 3.58012917726019, 3.84282793296861, 4.08803546701229, 4.31569976215401, 4.52576641506255, 4.71817837226039, 4.89287416151856, 5.04978047755797, 5.18881503153426, 5.30989258081638, 5.41292552667968, 5.49782814675509, 5.56451914127014, 5.61291221335952, 5.64291508437483, 5.6544345762789, 5.64736797476127, 5.62159116902168, 5.57695755267627, 5.51331222486735, 5.4305032113854, 5.32838638929378, 5.20683194068998, 5.06570447462603, 4.904857822369, 4.72412610799225, 4.52331253109042, 4.30219906997102, 4.06056948279506, 3.79824141104251, 3.51505087917038, 3.21083862763699, 2.88545057719174, 2.53870612890885, 2.17039851135995, 1.78035357767583, 1.36842914848884, 0.934483349464238, 0.47837236864534, -9.77855131698568e-05, 0, 0.434667910377842, 0.852255119037536, 1.25274085730774, 1.63610299027748, 2.00231724628725, 2.35135611767939, 2.68318881811841, 2.99778076334118, 3.29509249348808, 3.57508034411195, 3.83769722751283, 4.08289189034095, 4.31060980096884, 4.52079387611411, 4.7133842598596, 4.88831645399001, 5.04551355345816, 5.18488913522668, 5.30635363530643, 5.40981516961145, 5.49518387788859, 5.56237450122278, 5.61129649981621, 5.64185310083994, 5.65394652247026, 5.64746892411694, 5.6222899301921, 5.57825567087938, 5.51520349815792, 5.43297367223597, 5.33141493411006, 5.21039105444959, 5.06975985679647, 4.90936783854971, 4.7290405887357, 4.52857132428762, 4.30773125418235, 4.06629344214602, 3.80406651159689, 3.52087836350483, 3.21656165426683, 2.89095431469109, 2.54386656290438, 2.17508123832617, 1.78441539842334, 1.37171965614137, 0.936844979529702, 0.479640374985089, -9.77199805008433e-05, 0, 0.433797006403817, 0.85059797535037, 1.2503811735803, 1.6331234398577, 1.99879937904381, 2.34738021145826, 2.67883372898384, 2.99312375205307, 3.29020900183458, 3.57004380308975, 3.83257885191325, 4.07776049189628, 4.3055316875441, 4.51583268736937, 4.70860084579329, 4.88376864699944, 5.04125559761938, 5.18097115995347, 5.30282146945828, 5.40671037761674, 5.49254390678216, 5.5602328549041, 5.60968245281889, 5.64079145212191, 5.65345748001531, 5.64756757946642, 5.62298511639042, 5.57954895349718, 5.51708871094748, 5.43543691791893, 5.33443521124266, 5.21394096943068, 5.07380524152233, 4.91386720246722, 4.73394390000558, 4.533818545976, 4.31325158659178, 4.07200542420886, 3.80987969161917, 3.52669418907761, 3.22227349235783, 2.89644752923793, 2.54901733743019, 2.17975538222729, 1.7884699318344, 1.37500439122505, 0.939202570573506, 0.480906294590188, -9.75696042959107e-05, 0, 0.432928358723102, 0.848945111443098, 1.24802756072722, 1.6301515198916, 1.99529047185793, 2.34341436733194, 2.67448957977167, 2.9884783387536, 3.28533755223691, 3.56501954118354, 3.82747279380388, 4.07264126021857, 4.30046541154939, 4.51088283980482, 4.7038281224712, 4.87923073452896, 5.03700660573104, 5.17706110316124, 5.2992960824318, 5.40361115142718, 5.48990823549957, 5.558094205415, 5.60807007619034, 5.63973014238078, 5.65296745301756, 5.64766394449511, 5.62367673061842, 5.5808374027896, 5.5189678647073, 5.43789294889811, 5.33744721977093, 5.21748168288036, 5.07784062376492, 4.91835590633443, 4.73883603091973, 4.53905418204687, 4.31876004975894, 4.07770540797591, 3.8156809261956, 3.53249832664995, 3.22797410792554, 2.90193018174008, 2.55415840792574, 2.18442089263351, 1.79251712119225, 1.37828329031752, 0.941556052043383, 0.4821700493379, -9.74205635323466e-05, 0, 0.432065329473844, 0.847302918039518, 1.24568910450398, 1.62719867760976, 1.99180399987426, 2.3394737547915, 2.67017290074237, 2.98386208088322, 3.28049639570966, 3.56002616935593, 3.82239769044448, 4.06755252518433, 4.29542866176437, 4.50596104735116, 4.6990814951794, 4.87471647944502, 5.03277836446828, 5.17316844148443, 5.29578430688302, 5.40052134568781, 5.48727740654279, 5.55595544892039, 5.6064522855311, 5.63865777233673, 5.65246039296473, 5.64773698710351, 5.6243391264422, 5.58209180896081, 5.52080924453902, 5.44030860323144, 5.34041740858876, 5.2209803123241, 5.08183484746537, 4.92280557828592, 4.74369245171167, 4.54425860297682, 4.3242429726149, 4.08338673898124, 3.82147045718355, 3.53829665827061, 3.23367375367984, 2.90741562628679, 2.55930496083703, 2.18909351964423, 1.79657201203869, 1.3815694269049, 0.943915258801802, 0.483436969758421, -9.77135990285483e-05, 0, 0.43120463131015, 0.845665147922475, 1.243356925296, 1.62425372847116, 1.9883268010905, 2.33554356182866, 2.66586755732258, 2.97925784872441, 3.27566773478542, 3.55504554975048, 3.81733539090937, 4.06247645007002, 4.29040424288441, 4.50105108327723, 4.69434603284587, 4.8702125734135, 5.0285595152868, 5.169284093112, 5.29227966456269, 5.39743741242596, 5.48465112882247, 5.55381987776232, 5.60483628314421, 5.6375857807231, 5.65195230149708, 5.64780759837003, 5.62499771627491, 5.58334106485327, 5.522644175622, 5.44271659019099, 5.34337882267443, 5.22446918999923, 5.08581848366978, 4.92724397971263, 4.7485370657565, 4.54945080595664, 4.32971339798716, 4.08905545731847, 3.82724745427643, 3.54408275364999, 3.23936168319075, 2.91289008402062, 2.56444146833837, 2.19375726952926, 1.80061942728385, 1.38484972238369, 0.946270491681763, 0.484702016313871, -9.75468494595622e-05, 0, 0.430346277608215, 0.844031827295918, 1.24103106158563, 1.62131672268492, 1.98485893688678, 2.3316238604319, 2.66157363153649, 2.97466573375083, 3.27085166978266, 3.55007779090262, 3.81228601129447, 4.05741315784117, 4.28539228401448, 4.49615308205178, 4.68962187447623, 4.86571915916182, 5.02435020381556, 5.16540820566938, 5.28878230409402, 5.39435950016675, 5.48202954957209, 5.5516876366336, 5.6032222099116, 5.63651430327135, 5.65144330784611, 5.6478758997074, 5.62565261236893, 5.58458527230867, 5.52447274814612, 5.44511698690244, 5.34633152451957, 5.22794836212251, 5.08979156067244, 4.93167111932873, 4.75336986064532, 4.55463075612503, 4.33517126725829, 4.09471147917957, 3.83301180692785, 3.54985647386526, 3.24503772751726, 2.91835335439693, 2.56956769669318, 2.19841187372417, 1.80465906187041, 1.388123833514, 0.948621367516887, 0.485964764039714, -9.73892919373109e-05, 0, 0.429490262078105, 0.842402944255397, 1.23871149652839, 1.61838763913884, 1.9814003825512, 2.32771462295084, 2.65729109344655, 2.97008570437532, 3.26604816808389, 3.54512285976062, 3.80724951868127, 4.05236261624558, 4.2803927540626, 4.49126701419151, 4.68490899259311, 4.86123621162733, 5.02015040781004, 5.16154076004882, 5.28529220973136, 5.39128759665494, 5.47941266005773, 5.549558720297, 5.60161006404669, 5.63544334153023, 5.65093341677045, 5.64794189898879, 5.62630382559374, 5.58582444516507, 5.52629497889932, 5.44750981291457, 5.34927553608788, 5.23141785265611, 5.09375410401074, 4.93608702381365, 4.75819086388061, 4.55979848170172, 4.34061660928522, 4.10035483384887, 3.83876354452781, 3.55561784800163, 3.2507019150277, 2.92380546471409, 2.57468367177895, 2.20305735629565, 1.8086909376501, 1.39139177953209, 0.950967902530866, 0.487225225753973, -9.72319005050348e-05, 0, 0.428644647955617, 0.840794038466441, 1.23642065941072, 1.61549520992743, 1.97798558616798, 2.3238554266333, 2.6530640626283, 2.96556583565309, 3.26130867336088, 3.5402349817323, 3.80228233331324, 4.04738285344006, 4.27546470215403, 4.48645236282115, 4.68026671732702, 4.85682232099525, 5.01601739058966, 5.15773710573915, 5.28186223011797, 5.38827146262063, 5.47684654597433, 5.54747495227394, 5.60003681977012, 5.63440443324664, 5.65044814237207, 5.64802449952826, 5.62696306129283, 5.58706250367021, 5.52810641586836, 5.44988165655252, 5.35218789840302, 5.23484456750986, 5.09766229653745, 4.94043656485892, 4.76293438015735, 4.56487975888994, 4.34596872243545, 4.1059003921115, 3.84441516008725, 3.56127904059565, 3.2562681305392, 2.92916406816473, 2.57971286229042, 2.20762504719692, 1.81265628973242, 1.39460674206482, 0.953277262909733, 0.48846658686029, -9.5833455175387e-05, 0, 0.427801481347435, 0.839189781778493, 1.23413642746073, 1.61261109729027, 1.97458057461337, 2.32000724260389, 2.64884903404591, 2.96105872595044, 3.25658246690555, 3.53536070050943, 3.79732884069522, 4.04241667608298, 4.27054993535867, 4.48165051458513, 4.67563659395316, 4.85241977017429, 5.01189475161373, 5.15394273749133, 5.27844033384995, 5.38526211887123, 5.47428585852623, 5.54539519222118, 5.59846612315274, 5.63336658873333, 5.64996243696966, 5.64810517339643, 5.6276188889744, 5.58829569250651, 5.52991155661834, 5.45224584579303, 5.35509134725046, 5.23826122766164, 5.10155942187596, 4.94477416627662, 4.76766523370517, 4.56994779294171, 4.3513071615504, 4.11143202704553, 3.85005281373888, 3.56692646794342, 3.26182101612991, 2.93451000297329, 2.58473027389529, 2.21218209207653, 1.81661237804875, 1.39781407207321, 0.955580870541296, 0.489704323111352, -9.56841343998094e-05, 0, 0.426962541162523, 0.837593581659427, 1.23186368635385, 1.60974151475641, 1.97119273891162, 2.31617848901659, 2.6446553026077, 2.95657439654116, 3.25188014595066, 3.53051103885511, 3.79240033866513, 4.03747550659964, 4.26565985016581, 4.47687268947194, 4.67102951534826, 4.84803897433437, 5.00779227775001, 5.15016666319743, 5.27503459908352, 5.38226656297607, 5.47173636375272, 5.54332382365211, 5.59690082416452, 5.63233097332805, 5.6494756301637, 5.64818142409923, 5.62826715115451, 5.58951836011957, 5.53170342243903, 5.4545942415028, 5.35797674963816, 5.24165787274141, 5.10543485873745, 4.94908871229256, 4.77237198067695, 4.57499097842741, 4.35662032610973, 4.11693830937504, 3.85566541364078, 3.57254954169522, 3.26735065294388, 2.93983418576652, 2.58972782459921, 2.21672157605018, 1.8205536203759, 1.40100968534043, 0.957876304338335, 0.490937841609291, -9.53826131521729e-05, 0, 0.426125929684754, 0.836001802780486, 1.22959722325142, 1.6068798320775, 1.96781419149992, 2.31236018108085, 2.64047294636973, 2.95210214838521, 3.24719039439427, 3.52567422361075, 3.78748475697728, 4.03254713758417, 4.26078226188801, 4.4721068853356, 4.66643382166853, 4.8436687756918, 5.00369947301062, 5.14639920829971, 5.27163633221562, 5.37927724169996, 5.46919180809008, 5.54125605191238, 5.59533774626741, 5.63129618774092, 5.64898825903082, 5.64825571747088, 5.62891207346596, 5.59073632126476, 5.53348924653835, 5.45693532450546, 5.36085366301861, 5.24504496578067, 5.10929980468251, 4.95339196394436, 4.77706677454195, 4.58002169031131, 4.36192064167456, 4.12243154425327, 3.86126497345381, 3.57815981289011, 3.27286795832606, 2.94514672926091, 2.59471465166536, 2.22125149021123, 1.82448669111058, 1.40419876932206, 0.960167094933303, 0.492168846638307, -9.52207325361498e-05, 0, 0.425291379424554, 0.834413970783177, 1.22733641754575, 1.60402534301408, 1.96444420112021, 2.30855162312626, 2.63630133416805, 2.94764141363952, 3.2425127059941, 3.52084980839198, 3.78258170733408, 4.02763123702096, 4.25591689294835, 4.46735287715007, 4.66184933850085, 4.83930904851895, 4.99961625842004, 5.14264033855869, 5.26824554163567, 5.37629420385952, 5.46665227848559, 5.53919199972887, 5.59377704559511, 5.63026241907183, 5.64850053918611, 5.64832829527492, 5.62955392148476, 5.59194986308248, 5.53526933538144, 5.45926941818545, 5.36372242513738, 5.24842285625898, 5.11315461829019, 4.95768428626555, 4.78174998413904, 4.58504029868477, 4.36720847706042, 4.12791209656502, 3.86685185136796, 3.58375763017301, 3.2783732685262, 2.95044795452151, 2.5996910581901, 2.22577211686973, 1.82841184895259, 1.40738155629979, 0.962453445406499, 0.493397509336305, -9.50619542180453e-05, 0, 0.424459143345681, 0.832830532329884, 1.22508185033187, 1.60117870382585, 1.96108343992491, 2.30475344391972, 2.63214102387369, 2.94319268194152, 3.23784750531667, 3.51603815583485, 3.77769149355398, 4.0227280529906, 4.25106393873145, 4.46261081060195, 4.6572761647824, 4.83495984796294, 4.99554264828925, 5.13889003032131, 5.26486216850853, 5.37331735812583, 5.46411765371071, 5.53713151851349, 5.59221854871845, 5.62922947150151, 5.64801225486086, 5.6483989243176, 5.63019244714701, 5.59315872528109, 5.53704341909989, 5.46159624558367, 5.36658275427882, 5.25179125996935, 5.1169990151196, 4.961965396828, 4.78642133129468, 4.59004653196604, 4.37248356963824, 4.13337971486759, 3.8724258092504, 3.58934277075652, 3.28386637813491, 2.95573767560592, 2.60465687978664, 2.23028331524134, 1.8323289787483, 1.41055795877632, 0.964735297937451, 0.494623803573626, -9.48987011816782e-05, 0, 0.423629215395601, 0.831251475955097, 1.22283350536998, 1.59833989413512, 1.95773188403085, 2.30096561669813, 2.62799198645926, 2.93875592260146, 3.23319476059392, 3.51123923365437, 3.77281408336855, 4.01783755374127, 4.24622336846407, 4.45788065631449, 4.65271427290112, 4.83062114855497, 4.99147861966525, 5.13514826344108, 5.26148619569477, 5.37034669047355, 5.46158792286721, 5.53507460045414, 5.59066225084871, 5.62819734313448, 5.64752340691221, 5.64846760815116, 5.63082765667265, 5.59436291680758, 5.53881150943547, 5.4639158211402, 5.36943466733375, 5.25515019593706, 5.12083301600656, 4.9662353179433, 4.7910808394568, 4.59504041449502, 4.37774594441946, 4.13883442449745, 3.87798687230689, 3.59491525917325, 3.28934731046756, 2.96101591412584, 2.60961213587846, 2.23478510203809, 1.83623809396071, 1.41372798643116, 0.967012657890114, 0.495847729868101, -9.47358324348557e-05, 0, 0.422801589660907, 0.829676790468312, 1.22059136682786, 1.59550889410124, 1.95438951021798, 2.29718811548449, 2.6238541938032, 2.93433110595207, 3.22855444119377, 3.50645301081209, 3.76794944586356, 4.01295970898032, 4.24139515293446, 4.45316238657232, 4.64816363700413, 4.82629292668085, 4.98742415154276, 5.1314150198104, 5.25811760818349, 5.3673821890945, 5.4590630773622, 5.53302124013195, 5.589108149678, 5.62716603464368, 5.64703399885343, 5.64853435307112, 5.63145955911124, 5.59556244952369, 5.54057362112855, 5.4662281623773, 5.37227818435919, 5.25849968643855, 5.12465664512378, 4.97049407534641, 4.79572853558387, 4.60002197420964, 4.38299563010146, 4.14427625456577, 3.88353506960816, 3.60047512391292, 3.2948160928906, 2.96628269583977, 2.61455685013326, 2.23927749831556, 1.84013921249772, 1.41689165349211, 0.969285535282397, 0.497069293499824, -9.45733329084097e-05, 0, 0.421978949401142, 0.828111611572116, 1.21836279203325, 1.59269505185644, 1.95106742659808, 2.29343357753826, 2.61974158147112, 2.92993323501061, 3.2239423867141, 3.50169593259503, 3.76311440109885, 4.00811148259481, 4.23659616887863, 4.44847255994454, 4.64364026643598, 4.8219904114214, 4.98339346170263, 5.12770327480226, 5.25476790775185, 5.36443365089759, 5.4565509778773, 5.53097713059233, 5.58755953918503, 5.62613620943988, 5.64654205958885, 5.64859476946907, 5.63208156491557, 5.59674875258801, 5.54231942068071, 5.46852139159798, 5.3751001017517, 5.26182542017074, 5.12845470164901, 4.97472579684552, 4.80034809423675, 4.60497465061385, 4.38821604931411, 4.14968882884772, 3.88905444393731, 3.60600704448087, 3.30025825926287, 2.9715246265404, 2.61947891771404, 2.24374990580579, 1.84402345957011, 1.4200420251845, 0.97154915139934, 0.498286087347019, -9.4230994169997e-05, 0, 0.421158700632276, 0.826550974766339, 1.21614066943696, 1.5898893322671, 1.94775489791221, 2.28968979092528, 2.61564068428993, 2.92554781478254, 3.21934329573171, 3.49695211451299, 3.75829270484076, 4.00327649388584, 4.23181012235939, 4.44379519242394, 4.63912871022214, 4.81769890792851, 4.97937283448831, 5.12400051491107, 5.25142600589119, 5.36149163510282, 5.45404405398205, 5.5289367943076, 5.5860132572646, 5.62510724328574, 5.64604950593356, 5.64865310666759, 5.63270004492977, 5.59793010746264, 5.54405888927163, 5.47080697863608, 5.3779131667903, 5.26514121058835, 5.13224185394369, 4.97894579443844, 4.80495525978782, 4.60991440930154, 4.39342317776114, 4.15508792194716, 3.89456035751942, 3.61152575941279, 3.30568771319282, 2.97675456382905, 2.62438993927317, 2.24821245741865, 1.84789928979613, 1.42318566764287, 0.973807974159173, 0.499500271834637, -9.40654647560435e-05, 0, 0.420340831767019, 0.824994857955394, 1.21392496751318, 1.58709169545304, 1.9444518769975, 2.28595670226491, 2.61155144371594, 2.92117478260221, 3.21475710248188, 3.49222148870246, 3.75348428809924, 3.99845467367558, 4.22703694491181, 4.43913021711514, 4.63462890384402, 4.81341835487672, 4.97536221257669, 5.12030668754396, 5.24809185537721, 5.35855610040012, 5.45154227073312, 5.52690020309968, 5.58446928287975, 5.62407912259405, 5.64555633195077, 5.64870936656773, 5.63331500910733, 5.59910653245222, 5.54579205386307, 5.47308495925444, 5.38071742403369, 5.26844711097266, 5.13601816392986, 4.98315413859474, 4.80955011115557, 4.61484133763512, 4.39861711126734, 4.16047363804508, 3.90005292267779, 3.61703138887482, 3.31110458238899, 2.98197264271443, 2.62929005688075, 2.25266530201123, 1.85176685853602, 1.42632274245902, 0.976062171134384, 0.500712020307419, -9.38977292287424e-05, 0, 0.419525335805718, 0.823443247871725, 1.21171566745733, 1.58430211780123, 1.94115833615699, 2.28223428049388, 2.6074738260273, 2.91681410278303, 3.21018376998929, 3.48750401755272, 3.74868911325361, 3.99364598492556, 4.22227660063389, 4.43447759976311, 4.63014081515485, 4.80914872269775, 4.97136156944129, 5.11662176959854, 5.24476543682497, 5.35562703132308, 5.44904561669127, 5.52486734961135, 5.58292761278746, 5.62305184820146, 5.64506254241472, 5.6487635577262, 5.63392646965919, 5.60027804337726, 5.54751893384785, 5.47535535621974, 5.38351289927565, 5.27174314973005, 5.13978366220338, 4.987350861665, 4.81413268200516, 4.61975547024713, 4.40379788510889, 4.16584601261334, 3.9055321745243, 3.6225239669777, 3.31650889931802, 2.98717889343316, 2.63417929795922, 2.25710846356928, 1.85562618570215, 1.42945326483837, 0.97831175219243, 0.501921336665244, -9.37304860001431e-05, 0, 0.418713259458606, 0.821898123818442, 1.20951556704695, 1.58152410144296, 1.93787836775076, 2.2785270940695, 2.60341276163704, 2.91247095353908, 3.205628610097, 3.4828050323421, 3.74391241679715, 3.98885545509187, 4.21753379365638, 4.42984160684333, 4.62566815859797, 4.80489305943668, 4.96737325017991, 5.11294744093433, 5.24144780362198, 5.35270489346167, 5.44655400823089, 5.522837639529, 5.58138718048989, 5.6220239198615, 5.64456624165746, 5.64881342736541, 5.63453185503444, 5.60144178833064, 5.5492364353845, 5.47761487201535, 5.38629612943338, 5.27502573625012, 5.14353466865306, 4.99153223204878, 4.81869922724878, 4.62465308665192, 4.40896184150899, 4.17120148855931, 3.910994694509, 3.62800025147475, 3.32189763577881, 2.9923705396067, 2.63905517570164, 2.26153978252765, 1.8594754765714, 1.43257584242664, 0.980555764777136, 0.503127745476104, -9.35246813845714e-05, 0, 0.417903453427736, 0.820357312439756, 1.20732159410766, 1.57875380062202, 1.93460747767291, 2.27483012576057, 2.59936283540154, 2.90813964701148, 3.20108578740752, 3.47811867528541, 3.73914844367633, 3.98407755693464, 4.21280334959276, 4.42521754181404, 4.62120684041389, 4.80064799905705, 4.96339465703847, 5.10928183196308, 5.2381377728945, 5.34978914911043, 5.44406751117438, 5.5208117005074, 5.57984913375451, 5.62099696366738, 5.6440694922043, 5.64886143253564, 5.63513397492692, 5.60260088784934, 5.55094794805806, 5.47986712331925, 5.38907091617642, 5.27829881502669, 5.14727522842243, 4.99570235335506, 4.82325386677374, 4.62953828092333, 4.41411300666345, 4.17654398201962, 3.91644424643079, 3.63346381147641, 3.32727412385819, 2.99755063404272, 2.64392042141414, 2.26596162647366, 1.86331669284036, 1.4356919889425, 0.982795232650018, 0.504331738673578, -9.33621381846717e-05, 0, 0.417092370395624, 0.818814031654894, 1.20512404434938, 1.57597890139151, 1.93133105486853, 2.27112677994654, 2.59530577966689, 2.90380055603105, 3.19653462773531, 3.47342353765509, 3.73437536306495, 3.97929034993495, 4.20806353059382, 4.42058418180752, 4.61673646497084, 4.79639428541596, 4.95940798567588, 5.10560890244256, 5.23482138069958, 5.34686822272668, 5.4415772503833, 5.51878366976079, 5.57831093407633, 5.61997178882553, 5.64357619313678, 5.64891430305753, 5.63574212109977, 5.60376692498332, 5.55266708697924, 5.4821274980097, 5.39185416073143, 5.28158054116989, 5.15102449105354, 4.99988111011868, 4.82781696069027, 4.63443162945292, 4.41927191401263, 4.18189372417587, 3.92190049985837, 3.63893349557623, 3.33265613190971, 3.00273560577774, 2.64878986591849, 2.27038696932156, 1.86716069314396, 1.43881018983246, 0.985036010765519, 0.505536284051175, -9.34191092646364e-05, 0, 0.416283575171935, 0.817275097526107, 1.20293267152843, 1.57321178164075, 1.92806378779491, 2.26743374208152, 2.59125996330425, 2.89947341929455, 3.19199592599619, 3.46874115696035, 3.72961514141646, 3.97451591581279, 4.20333621993574, 4.41596289790734, 4.6122775773674, 4.79215132385786, 4.95543118801142, 5.10194483720845, 5.23151273104847, 5.34395382366491, 5.43909222662564, 5.51675952548173, 5.57677522355195, 5.61894767780011, 5.64308252134283, 5.64896536637427, 5.636347027386, 5.60492830064573, 5.55438018563238, 5.48438052699401, 5.39462885593433, 5.28485263384682, 5.15476316641555, 5.00404846724535, 4.83236799324276, 4.63931240021502, 4.42441787965114, 4.18723034343639, 3.92734365951486, 3.64439034862863, 3.3380258086362, 3.00790897102685, 2.65364865643212, 2.27480285248703, 1.87099667593977, 1.44192206299021, 0.987272398264611, 0.506738623225727, -9.32498966919049e-05, 0, 0.415475480221401, 0.815737451659005, 1.20074306306701, 1.57044679128263, 1.92479890552633, 2.26374323706614, 2.58721672369662, 2.89514880331112, 3.18745959445274, 3.46406090782358, 3.72485673229314, 3.96974290361898, 4.19860987866986, 4.41134207963499, 4.60781861201655, 4.78790771011391, 4.95145313758475, 5.09827890409075, 5.22820160245804, 5.34103635743621, 5.43660358862513, 5.51473127577253, 5.57523498859299, 5.61791871686428, 5.64258378448994, 5.64901127306733, 5.63694680891695, 5.60608471620661, 5.55608865318913, 5.48662944822691, 5.39740018893023, 5.28812234974431, 5.15850070111051, 5.00821593969012, 4.8369201909789, 4.64419517251054, 4.42956647685964, 4.19257004823667, 3.93279021013968, 3.64985077283444, 3.34339911495531, 3.01308589085547, 2.65851079577667, 2.27922176236775, 1.87483525334179, 1.44503598884125, 0.989510187065307, 0.507941603359307, -9.33088157557549e-05, 0, 0.41466966177322, 0.814204130965523, 1.19855960101246, 1.56768954195105, 1.92154313373178, 2.26006298904907, 2.58318466791127, 2.89083608249788, 3.18293565929316, 3.45939335261266, 3.72011111863567, 3.96498260124131, 4.19389598398412, 4.40673327780666, 4.60337107766289, 4.78367479518387, 4.94748491206391, 5.09462179185874, 5.22489817917954, 5.33812538809807, 5.43412016451194, 5.51270689447025, 5.57369722783799, 5.6168908084469, 5.64208466774996, 5.64905537000158, 5.63754335331758, 5.60723647917295, 5.55779109603984, 5.4888710458638, 5.40016299963912, 5.29138246174087, 5.16222767814494, 5.01237204091526, 4.84146035453915, 4.64906539314497, 4.43470215759241, 4.19789665453157, 3.93822369040836, 3.65529838817756, 3.34876011065217, 3.01825122325754, 2.66336229839233, 2.28363122782487, 1.87866582626835, 1.44814359754793, 0.991743593180394, 0.509142382358164, -9.31395359928811e-05, 0, 0.413866096308791, 0.812675090449571, 1.1963822209315, 1.5649399518138, 1.91829637521469, 2.25639288749774, 2.57916367409893, 2.88653512569566, 3.17842398203887, 3.4547383474996, 3.71537815321124, 3.96023485995646, 4.18919438754445, 4.40213634631748, 4.59893483222582, 4.77945244281636, 4.94352638290136, 5.09097338154058, 5.22160235360816, 5.33522082111952, 5.43164187440263, 5.51068631761262, 5.57216189426492, 5.61586392338295, 5.6415851606747, 5.64909766628716, 5.63813669021239, 5.60838364068392, 5.55948758769067, 5.49110541648933, 5.40291740831024, 5.2946331116026, 5.16594425604269, 5.01651694140357, 4.84598866155676, 4.65392324218243, 4.43982509964862, 4.20321033304438, 3.94364425905768, 3.66073333641848, 3.35410891552017, 3.02340506112195, 2.66820322532773, 2.28803127309472, 1.88248837715586, 1.45124482475538, 0.993972500457216, 0.510340787218274, -9.29771187018202e-05, 0, 0.41306474628742, 0.811150258028097, 1.19421081919635, 1.56219788869427, 1.9150584722422, 2.25273275211036, 2.57515354236811, 2.88224571639171, 3.17392433250996, 3.45009565157331, 3.7106575872912, 3.95549942610512, 4.18450483361722, 4.39755103018038, 4.59450962424588, 4.77524040787324, 4.93957731414387, 5.08733344923259, 5.21831391668182, 5.33232246499583, 5.42916854688238, 5.50866939629236, 5.57062886386942, 5.6148379648769, 5.64108519593348, 5.6491381263011, 5.63872681804091, 5.6095262356427, 5.5611782017752, 5.49333267460666, 5.40566357234254, 5.29787449768565, 5.16965066836681, 5.02065090412813, 4.85050539861194, 4.65876902409165, 4.44493561969193, 4.20851140683792, 3.94905223966624, 3.6661559356995, 3.3594458363143, 3.0285476939148, 2.67303384286353, 2.29242213534983, 1.88630310814064, 1.45433983164629, 0.996197023220338, 0.511536879515138, -9.28186289145261e-05, 0, 0.412265622888249, 0.809629655389834, 1.19204542733491, 1.55946339328698, 1.91182947399901, 2.24908263987883, 2.57115433682549, 2.87796792510198, 3.16943678690914, 3.44546534597931, 3.70594950619357, 3.95077638837592, 4.17982741342391, 4.39297742227059, 4.59009554732643, 4.77103878376896, 4.93563779816901, 5.08370208542318, 5.21503295606466, 5.32943040351948, 5.42670026071523, 5.50665620307143, 5.56909820180965, 5.61381298937924, 5.64058481990601, 5.64917678496892, 5.63931375900581, 5.61066427230441, 5.56286293122491, 5.49555279630335, 5.40840144933081, 5.30110655743472, 5.17334683313537, 5.02477383066393, 4.85501045383003, 4.66360261663124, 4.4500335882205, 4.21379974213752, 3.95444749707105, 3.67156605227135, 3.36477074349866, 3.03367899916688, 2.67785403845056, 2.29680371477521, 1.89010993493923, 1.45742855226476, 0.998417116634512, 0.512730638323915, -9.26582850414581e-05