-14.5551, -14.5549367346939, -14.5547734693878, -14.5546102040816, -14.5544469387755, -14.5542836734694, -14.5541204081633, -14.5539571428571, -14.553793877551, -14.5536306122449, -14.5534673469388, -14.5533040816327, -14.5531408163265, -14.5529775510204, -14.5528142857143, -14.5526510204082, -14.552487755102, -14.5523244897959, -14.5521612244898, -14.5519979591837, -14.5518346938775, -14.5516714285714, -14.5515081632653, -14.5513448979592, -14.5511816326531, -14.5510183673469, -14.5508551020408, -14.5506918367347, -14.5505285714286, -14.5503653061224, -14.5502020408163, -14.5500387755102, -14.5498755102041, -14.549712244898, -14.5495489795918, -14.5493857142857, -14.5492224489796, -14.5490591836735, -14.5488959183673, -14.5487326530612, -14.5485693877551, -14.548406122449, -14.5482428571429, -14.5480795918367, -14.5479163265306, -14.5477530612245, -14.5475897959184, -14.5474265306122, -14.5472632653061, -14.5471, -14.5551, -14.5511620780147, -14.5399838828481, -14.5218735442212, -14.4971391918521, -14.4660889554558, -14.4290309647446, -14.3862733494279, -14.3381242392122, -14.284891763801, -14.2268840528954, -14.1644092361939, -14.0977754433924, -14.0272908041848, -13.9532634482629, -13.8760015053168, -13.7958131050351, -13.7130063771053, -13.6278894512142, -13.5407704570481, -13.4519575242934, -13.3617587826364, -13.2704823617642, -13.1784363913647, -13.0859290011267, -12.9932683207401, -12.9007624798959, -12.8087196082862, -12.717447835604, -12.6272552915427, -12.5384501057961, -12.4513404080575, -12.3662343280192, -12.283439995372, -12.2032655398037, -12.1260190909987, -12.0520087786365, -11.9815427323901, -11.914929081925, -11.8524759568964, -11.7944914869479, -11.7412838017079, -11.6931610307867, -11.6504313037724, -11.6134027502249, -11.58238349967, -11.5576816815894, -11.5396054254089, -11.5284628604811, -11.5245621160618, -14.5551, -14.5511623525887, -14.539984889425, -14.5218756483249, -14.4971426671033, -14.4660939835745, -14.4290376355519, -14.3862816608489, -14.3381340972782, -14.2849029826525, -14.2268963547843, -14.164422251486, -14.0977887105697, -14.0273037698474, -13.9532754671306, -13.8760118402304, -13.7958209269574, -13.7130107651212, -13.6278893925305, -13.540764846993, -13.4519451663151, -13.361738388302, -13.2704525507574, -13.1783956914834, -13.0858758482808, -12.9932010589484, -12.9006793612831, -12.8086187930797, -12.7173273921305, -12.6271131962247, -12.5382842431479, -12.4511485706811, -12.3660142230483, -12.2831892584929, -12.2029817566031, -12.1256998256988, -12.0516516098552, -11.9811452944735, -11.9144891153451, -11.8519913642048, -11.7939603930769, -11.7407046237755, -11.6925325550093, -11.6497527672649, -11.6126739287103, -11.5816047972096, -11.5568542217871, -11.5387311511206, -11.5275446365294, -11.5236038341835, -14.5551, -14.5511630585554, -14.5399876167495, -14.5218816164538, -14.4971529995394, -14.4661097078767, -14.4290596833366, -14.3863108677903, -14.3381712031101, -14.2849486311691, -14.2269510938422, -14.1644865330056, -14.0978628905372, -14.0273881083165, -13.9533701282243, -13.8761168921427, -13.7959363419545, -13.713136419543, -13.6280250667916, -13.5409102255832, -13.4520998377995, -13.3619018453211, -13.2706241900267, -13.1785748137927, -13.0860616584926, -12.9933926659973, -12.9008757781737, -12.8088189368851, -12.7175300839902, -12.6273171613426, -12.5384881107901, -12.4513508741735, -12.3662134062349, -12.2833836897731, -12.2031697502972, -12.1258796708045, -12.0518216058327, -11.9813037926065, -11.914634569166, -11.8521223854767, -11.7940758121344, -11.7408035593578, -11.6926144912263, -11.6498176354569, -11.6127221951996, -11.5816375530736, -11.5568732741065, -11.5387391228056, -11.5275450691675, -11.5236012931413, -14.5551, -14.5511644950198, -14.5399931664579, -14.5218937612517, -14.4971740263383, -14.4661417086558, -14.4291045551437, -14.3863703127438, -14.3382467284016, -14.2850415490663, -14.2270625216916, -14.1646173932365, -14.0980139106649, -14.0275598209463, -13.953562871055, -13.8763308079697, -13.7961713786733, -13.7133923301515, -13.6283014093918, -13.5412063633826, -13.4524149391121, -13.3622348835666, -13.27097394373, -13.178939866582, -13.0864403990977, -12.9937832882465, -12.9012762809908, -12.8092271242859, -12.7179435650784, -12.6277333503057, -12.5389042268948, -12.4517639417607, -12.3666202678575, -12.2837810347996, -12.203554158474, -12.1262476708994, -12.0521697486204, -11.9816287352316, -11.9149331780167, -11.8523918504017, -11.794313769547, -11.7410082347286, -11.6927848561183, -11.6499535745493, -11.6128246853487, -11.5817088465013, -11.5569170846009, -11.5387608294196, -11.527551926087, -11.5236026441562, -14.5551, -14.5511659353453, -14.5399987310894, -14.5219059387168, -14.4971951097127, -14.4661737955638, -14.42914954776, -14.3864299177955, -14.3383224571703, -14.285134717391, -14.2271742499723, -14.164748606437, -14.0981653383171, -14.0277319971533, -13.9537561344952, -13.8765453018999, -13.7964070509316, -13.7136489331601, -13.628578500159, -13.5415033035038, -13.4527308947704, -13.3625688255329, -13.2713246473616, -13.1793059118218, -13.0868201704713, -12.9941749748597, -12.9016778765268, -12.809636427001, -12.7183581777989, -12.628150680423, -12.5393214863612, -12.4521781470845, -12.3670282531543, -12.2841794803084, -12.2039396340439, -12.1266166945478, -12.0525188594341, -11.9819545776433, -11.9152326046157, -11.852662036098, -11.7945523346049, -11.7412133872252, -11.6929555489141, -11.6500896722544, -11.6129271433511, -11.5817798941285, -11.5569604112965, -11.5387817884006, -11.5275577441782, -11.5236026362319, -14.5551, -14.5511673743838, -14.5400042907554, -14.5219181053287, -14.497216174318, -14.4662058539408, -14.429194500419, -14.3864894699807, -14.3383981188623, -14.2852278033096, -14.2272858795797, -14.1648797039412, -14.0983166326756, -14.0279040220768, -13.9539492284509, -13.8767596081155, -13.7966425173978, -13.7139053126333, -13.628855350163, -13.5417999863316, -13.4530465774843, -13.3629024799645, -13.271675050111, -13.1796716442556, -13.0871996187212, -12.9945663298191, -12.9020791338478, -12.8100453870912, -12.7187724458168, -12.6285676662745, -12.5397384046945, -12.4525920172854, -12.3674359123119, -12.2845776116428, -12.2043248103167, -12.1269854365347, -12.0528677087432, -11.9822801809031, -11.9155318162232, -11.8529320323303, -11.7947907365819, -11.7414184033335, -11.6931261317144, -11.6502256853887, -11.6130295405398, -11.5818509023044, -11.5570037167584, -11.5388027404307, -11.5275635648424, -11.5236026347949, -14.5551, -14.5511688121415, -14.5400098454805, -14.52193026114, -14.4972372202448, -14.4662378839234, -14.4292394133102, -14.3865489695481, -14.3384737137902, -14.2853208072023, -14.2273974109642, -14.165010686271, -14.0984677943342, -14.0280758963815, -13.9541421536563, -13.8769737274168, -13.7968777789339, -13.7141614694893, -13.6291319603724, -13.542096412877, -13.4533619882985, -13.36323584793, -13.2720251530594, -13.1800370649658, -13.0875787449171, -12.9949573541674, -12.9024800539545, -12.8104540054978, -12.7191863699969, -12.6289843086292, -12.5401549825481, -12.4530055528801, -12.3678432456881, -12.2849754289783, -12.2047096872617, -12.1273538965988, -12.0532162960296, -11.9826055442099, -11.915830811728, -11.8532018376496, -11.7950289736627, -11.7416232808433, -11.6932966018836, -11.6503616108614, -11.6131318733375, -11.581921866934, -11.5570469963417, -11.5388236802819, -11.5275693822354, -11.5236026333504, -14.5551, -14.5511702486194, -14.5400153952677, -14.521942406158, -14.4972582475056, -14.4662698855305, -14.4292842864605, -14.386608416533, -14.3385492419989, -14.285413729124, -14.2275088441915, -14.1651415535035, -14.0986188233818, -14.0282476201682, -13.9543349102239, -13.8771876599283, -13.7971128356764, -13.7144174038765, -13.6294083309465, -13.5423925833103, -13.4536771273934, -13.3635689296194, -13.2723749564053, -13.1804021741581, -13.0879575492716, -12.9953480481224, -12.9028806370682, -12.8108622824448, -12.7195999505638, -12.6294006077109, -12.5405712201428, -12.4534187540848, -12.3682502534921, -12.2853729325157, -12.2050942650691, -12.1277220749178, -12.0535646214576, -11.9829306677131, -11.916129591264, -11.8534714521736, -11.7952670459489, -11.7418280198397, -11.6934669594916, -11.6504974487277, -11.6132341417862, -11.5819927880474, -11.5570902500669, -11.5388446079676, -11.5275751963663, -11.5236026319067, -14.5551, -14.5511716838184, -14.5400209401205, -14.52195454039, -14.4972792561131, -14.4663018587816, -14.4293291198966, -14.3866678109712, -14.3386247035336, -14.2855065691303, -14.2276201793281, -14.1652723057164, -14.0987697199078, -14.0284191935384, -13.9545274982676, -13.8774014057761, -13.7973476877633, -13.7146731159446, -13.6296844620466, -13.5426884978033, -13.4539919949512, -13.3639017252241, -13.2727244603488, -13.1807669720405, -13.0883360319987, -12.9957384119034, -12.9032808834124, -12.8112702181577, -12.7200131877439, -12.6298165637448, -12.540987117701, -12.4538316211167, -12.3686569359343, -12.2857701224563, -12.2054785439295, -12.1280899716701, -12.0539126851913, -11.9832555515619, -11.9164281549642, -11.8537408760188, -11.7955049535401, -11.742032620406, -11.6936372046054, -11.6506331990392, -11.6133363459235, -11.5820636656699, -11.5571334779488, -11.5388655234948, -11.5275810072371, -11.5236026304639, -14.5551, -14.5511731177392, -14.5400264800423, -14.5219666638435, -14.4973002460799, -14.4663338036958, -14.4293739136457, -14.3867271528981, -14.3387000984394, -14.2855993272765, -14.2277314164404, -14.1654029429877, -14.0989204840018, -14.0285906165938, -13.9547199179011, -13.8776149650859, -13.7975823353325, -13.714928605843, -13.6299603538334, -13.5429841565279, -13.4543065911537, -13.3642342349356, -13.2730736650901, -13.1811314588206, -13.0887141933127, -12.9961284457299, -12.9036807932101, -12.8116778128622, -12.7204260817633, -12.630232176956, -12.5414026754449, -12.4542441541933, -12.3690632932252, -12.2861669990017, -12.2058625240336, -12.1284575870337, -12.054260487395, -11.9835801959052, -11.9167265029617, -11.8540101093019, -11.7957426965361, -11.7422370826252, -11.6938073372919, -11.6507688618476, -11.6134384857869, -11.5821344998267, -11.5571766800024, -11.5388864268704, -11.5275868148495, -11.523602629022, -14.5551, -14.5511745503828, -14.5400320150364, -14.5219787765256, -14.4973212174188, -14.4663657202924, -14.4294186677346, -14.3867864423495, -14.3387754267614, -14.2856920036182, -14.2278425555948, -14.165533465395, -14.0990711157535, -14.0287618894359, -13.954912169238, -13.8778283379836, -13.7978167785216, -13.7151838737214, -13.6302360064679, -13.5432795596557, -13.4546209161831, -13.3645664589454, -13.2734225708291, -13.1814956347059, -13.0890920334275, -12.996518149821, -12.9040803666844, -12.8120850667835, -12.7208386328482, -12.6306474475696, -12.5418178935966, -12.4546563535317, -12.369469325575, -12.2865635623531, -12.2062462055719, -12.1288249211868, -12.0546080282328, -11.9839046008921, -11.9170246353895, -11.8542791521392, -11.7959802750367, -11.7424414065805, -11.693977357618, -11.6509044372046, -11.6135405614142, -11.582205290543, -11.5572198562425, -11.5389073181014, -11.5275926192053, -11.523602627581, -14.5551, -14.5511759817501, -14.5400375451062, -14.5219908784437, -14.4973421701424, -14.4663976085906, -14.4294633821902, -14.3868456793609, -14.3388506885449, -14.2857845982109, -14.2279535968575, -14.1656638730161, -14.0992216152522, -14.0289330121662, -13.9551042523919, -13.8780415245949, -13.7980510174684, -13.7154389197291, -13.6305114201108, -13.5435747073585, -13.4549349702212, -13.3648983974449, -13.2737711777658, -13.181859499904, -13.0894695525573, -12.9969075243959, -12.9044796040583, -12.8124919801469, -12.7212508412244, -12.6310623758106, -12.5422327723782, -12.4550682193489, -12.3698750331937, -12.2869598127119, -12.2066295887351, -12.1291919743074, -12.0549553078688, -11.9842287666715, -11.9173225523806, -11.8545480046471, -11.7962176891416, -11.742645592355, -11.6941472656508, -11.6510399251618, -11.6136425728429, -11.5822760378442, -11.557263006684, -11.5389281971947, -11.5275984203066, -11.5236026261409, -14.5551, -14.5511774118418, -14.540043070255, -14.5220029696052, -14.4973631042633, -14.4664294686096, -14.4295080570395, -14.3869048639679, -14.338925883835, -14.2858771111098, -14.2280645402948, -14.1657941659286, -14.0993719825874, -14.029103984886, -13.9552961674764, -13.8782545250453, -13.7982850523106, -13.7156937440155, -13.6307865949229, -13.5438695998077, -13.4552487534496, -13.3652300506251, -13.2741194861, -13.1822230546222, -13.0898467509156, -12.9972965696736, -12.9048785055547, -12.8128985531777, -12.721662707118, -12.6314769619037, -12.5426473120115, -12.4554797518621, -12.3702804162915, -12.2873557502791, -12.2070126737133, -12.1295587465735, -12.055302326467, -11.9845526933923, -11.9176202540679, -11.8548166669421, -11.7964549389503, -11.7428496400315, -11.694317061457, -11.6511753257709, -11.6137445201107, -11.5823467417554, -11.5573061313418, -11.5389490641573, -11.527604218155, -11.5236026247016, -14.5551, -14.551178840659, -14.5400485904861, -14.5220150500174, -14.4973840197942, -14.4664613003687, -14.4295526923093, -14.3869639962061, -14.3390010126767, -14.2859695423704, -14.2281753859731, -14.1659243442103, -14.0995222178486, -14.029274807697, -13.955487914605, -13.8784673394607, -13.7985188831857, -13.71594834673, -13.6310615310648, -13.5441642371749, -13.4555622660502, -13.3655614186773, -13.2744674960313, -13.1825862990679, -13.0902236287164, -12.9976852858732, -12.9052770713963, -12.813304786101, -12.7220742307547, -12.6318912060738, -12.5430615127184, -12.455890951288, -12.3706854750784, -12.2877513752558, -12.2073954606971, -12.1299252381628, -12.0556490841912, -11.9848763812034, -11.9179177405843, -11.8550851391405, -11.7966920245626, -11.7430535496933, -11.6944867451036, -11.6513106390834, -11.6138464032552, -11.5824174023018, -11.5573492302307, -11.538969918996, -11.5276100127524, -11.5236026232632, -14.5551, -14.5511802682023, -14.5400541058029, -14.5220271196875, -14.4974049167477, -14.466493103887, -14.4295972880265, -14.387023076111, -14.3390760751151, -14.286061892048, -14.2282861339586, -14.1660544079386, -14.099672321125, -14.0294454807002, -13.9556794938912, -13.8786799679664, -13.7987525102313, -13.7162027280217, -13.6313362286971, -13.5444586196314, -13.4558755082044, -13.3658925017924, -13.2748152077594, -13.1829492334482, -13.0906001861732, -12.9980736732133, -12.9056753018058, -12.8137106791416, -12.7224854123602, -12.6323051085454, -12.5434753747206, -12.4563018178436, -12.3710902097641, -12.2881466878431, -12.2077779498766, -12.1302914492532, -12.0559955812055, -11.9851998302534, -11.9182150120625, -11.8553534213585, -11.7969289460779, -11.7432573214231, -11.6946563166573, -11.6514458651509, -11.6139482223139, -11.5824880195087, -11.5573923033657, -11.5389907617178, -11.5276158041006, -11.5236026218257, -14.5551, -14.5511816944728, -14.5400596162088, -14.5220391786229, -14.4974257951365, -14.4665248791837, -14.429641844218, -14.3870821037182, -14.3391510711953, -14.2861541601979, -14.2283967843174, -14.1661843571913, -14.099822292506, -14.0296160039971, -13.9558709054483, -13.878892410688, -13.7989859335847, -13.7164568880399, -13.6316106879803, -13.5447527473486, -13.4561884800939, -13.3662233001616, -13.2751626214838, -13.1833118579702, -13.0909764234996, -12.9984617319128, -12.9060731970058, -12.8141162325246, -12.72289625216, -12.6327186695431, -12.5438888982398, -12.4567123517455, -12.3714946205585, -12.2885416882419, -12.208160141442, -12.1306573800225, -12.0563418176735, -11.9855230406911, -11.9185120686353, -11.8556215137125, -11.7971657035957, -11.743460955304, -11.6948257761851, -11.651581004025, -11.6140499773243, -11.5825585934013, -11.5574353507615, -11.5390115923297, -11.5276215922016, -11.5236026203891, -14.5551, -14.5511831194712, -14.5400651217071, -14.5220512268309, -14.4974466549731, -14.4665566262781, -14.4296863609106, -14.3871410790631, -14.3392260009623, -14.2862463468755, -14.2285073371157, -14.1663141920458, -14.0999721320808, -14.0297863776889, -13.9560621493897, -13.8791046677509, -13.7992191533834, -13.7167108269335, -13.6318849090746, -13.5450466204976, -13.4565011818999, -13.3665538139755, -13.2755097374039, -13.1836741728408, -13.091352340909, -12.9988494621902, -12.9064707572186, -12.8145214464746, -12.7233067503797, -12.6331318892913, -12.5443020834973, -12.4571225532102, -12.3718987076713, -12.2889363766528, -12.2085420355833, -12.1310230306482, -12.056687793759, -11.9858460126651, -11.9188089104353, -11.8558894163185, -11.7974022972157, -11.7436644514188, -11.6949951237536, -11.6517160557573, -11.6141516683242, -11.5826291240047, -11.5574783724329, -11.5390324108385, -11.527627377057, -11.5236026189533, -14.5551, -14.5511845431985, -14.5400706223011, -14.5220632643188, -14.4974674962703, -14.4665883451893, -14.4297308381312, -14.3872000021813, -14.3393008644611, -14.286338452136, -14.2286177924197, -14.1664439125796, -14.1001218399387, -14.0299566018768, -13.9562532258286, -13.8793167392805, -13.7994521697647, -13.7169645448516, -13.6321588921406, -13.5453402392496, -13.4568136138039, -13.3668840434249, -13.2758565557191, -13.1840361782671, -13.0917279386147, -12.9992368642641, -12.9068679826666, -12.8149263212164, -12.7237169072446, -12.6335447680144, -12.5447149307148, -12.4575324224545, -12.372302471312, -12.2893307532768, -12.2089236324907, -12.1313884013079, -12.0570335096256, -11.9861687463241, -11.9191055375953, -11.8561571292928, -11.7976387270372, -11.7438678098505, -11.6951643594298, -11.6518510203993, -11.6142532953509, -11.5826996113441, -11.557521368395, -11.5390532172513, -11.5276331586689, -11.5236026175184, -14.5551, -14.5511859656555, -14.5400761179942, -14.5220752910938, -14.4974883190406, -14.4666200359364, -14.4297752759066, -14.3872588731081, -14.3393756617368, -14.2864304760346, -14.2287281502955, -14.1665735188702, -14.1002714161689, -14.0301266766619, -13.9564441348783, -13.879528625402, -13.7996849828658, -13.7172180419432, -13.6324326373384, -13.5456336037757, -13.4571257759871, -13.3672139887007, -13.2762030766286, -13.1843978744557, -13.09210321683, -12.9996239383529, -12.9072648735721, -12.8153308569744, -12.72412672298, -12.6339573059365, -12.5451274401134, -12.4579419596946, -12.3727059116902, -12.2897248183143, -12.2093049323539, -12.1317534921792, -12.057378965437, -11.9864912418165, -11.9194019502479, -11.8564246527515, -11.7978749931597, -11.7440710306819, -11.6953334832802, -11.6519858980024, -11.614354858442, -11.5827700554447, -11.5575643386624, -11.5390740115748, -11.5276389370389, -11.5236026160844, -14.5551, -14.5511873868431, -14.5400816087897, -14.5220873071633, -14.4975091232965, -14.4666516985386, -14.4298196742636, -14.3873176918792, -14.3394503928342, -14.2865224186265, -14.228838410809, -14.166703010995, -14.1004208608604, -14.0302966021453, -13.9566348766519, -13.8797403262407, -13.799917592824, -13.717471318357, -13.6327061448282, -13.5459267142468, -13.4574376686306, -13.3675436499932, -13.2765493003315, -13.1847592616135, -13.092478175768, -13.000010684675, -12.9076614301572, -12.8157350539732, -12.724536197811, -12.6343695032819, -12.5455396119144, -12.4583511651469, -12.3731090290152, -12.2901185719661, -12.2096859353629, -12.1321183034395, -12.0577241613567, -11.9868134992908, -11.9196981485255, -11.8566919868106, -11.7981110956826, -11.7442741139958, -11.6955024953718, -11.6521206886183, -11.6144563576351, -11.5828404563317, -11.5576072832501, -11.5390947938161, -11.527644712169, -11.5236026146513, -14.5551, -14.5511888067621, -14.5400870946909, -14.5220993125346, -14.4975299090508, -14.4666833330151, -14.4298640332291, -14.3873764585299, -14.3395250577984, -14.286614279967, -14.2289485740265, -14.1668323890313, -14.1005701741024, -14.0304663784281, -13.9568254512626, -13.8799518419218, -13.8001499997762, -13.717724374242, -13.6329794147701, -13.5462195708338, -13.4577492919156, -13.3678730274932, -13.2768952270269, -13.1851203399469, -13.0928528156417, -13.0003971034485, -12.9080576526439, -12.8161389124371, -12.7249453319627, -12.6347813602745, -12.5459514463389, -12.4587600390276, -12.3735118234965, -12.2905120144325, -12.2100666417074, -12.1324828352661, -12.0580690975482, -11.9871355188955, -11.9199941325607, -11.8569591315861, -11.7983470347052, -11.7444770598751, -11.6956713957711, -11.6522553922983, -11.6145577929677, -11.5829108140303, -11.5576502021728, -11.539115563982, -11.527650484061, -11.523602613219, -14.5551, -14.5511902254135, -14.5400925757012, -14.5221113072149, -14.497550676316, -14.4667149393849, -14.4299083528297, -14.3874351730956, -14.3395996566742, -14.2867060601111, -14.2290586400139, -14.1669616530566, -14.1007193559839, -14.0306360056112, -13.9570158588235, -13.8801631725704, -13.8003822038597, -13.7179772097468, -13.6332524473242, -13.5465121737077, -13.4580606460229, -13.3682021213908, -13.2772408569138, -13.1854811096625, -13.0932271366642, -13.0007831948916, -12.9084535412543, -12.8165424325904, -12.7253541256601, -12.6351928771382, -12.5463629436081, -12.4591685815529, -12.3739142953432, -12.2909051459139, -12.2104470515771, -12.1328470878363, -12.0584137741749, -11.9874573007788, -11.920289902486, -11.8572260871942, -11.7985828103268, -11.7446798684024, -11.6958401845448, -11.652390009094, -11.6146591644771, -11.5829811285655, -11.5576930954454, -11.5391363220796, -11.5276562527167, -11.5236026117876, -14.5551, -14.551191642798, -14.5400980518239, -14.5221232912115, -14.4975714251047, -14.4667465176673, -14.4299526330923, -14.3874938356118, -14.3396741895065, -14.2867977591141, -14.2291686088371, -14.1670908031482, -14.1008684065939, -14.0308054837956, -13.9572060994474, -13.8803743183116, -13.8006142052112, -13.71822982502, -13.6335252426502, -13.546804523039, -13.4583717311336, -13.3685309318765, -13.2775861901909, -13.1858415709667, -13.0936011390481, -13.0011689592222, -12.90884909621, -12.8169456146573, -12.725762579128, -12.635604054097, -12.5467741039426, -12.4595767929387, -12.3743164447645, -12.2912979666107, -12.2108271651615, -12.1332110613273, -12.0587581914, -11.9877788450891, -11.9205854584337, -11.8574928537506, -11.7988184226466, -11.7448825396604, -11.6960088617597, -11.6525245390567, -11.614760472201, -11.5830513999626, -11.5577359630827, -11.5391570681156, -11.5276620181379, -11.5236026103571, -14.5551, -14.5511930589165, -14.5401035230624, -14.5221352645318, -14.4975921554295, -14.4667780678813, -14.4299968740437, -14.3875524461139, -14.3397486563402, -14.286889377031, -14.2292784805621, -14.1672198393832, -14.1010173260215, -14.0309748130823, -13.9573961732474, -13.8805852792703, -13.8008460039679, -13.7184822202103, -13.6337978009083, -13.5470966189985, -13.4586825474284, -13.3688594591405, -13.2779312270572, -13.1862017240659, -13.0939748230062, -13.0015543966584, -12.9092443177328, -12.8173484588616, -12.7261706925912, -12.6360148913744, -12.5471849275635, -12.4599846734012, -12.3747182719694, -12.291690476723, -12.2112069826503, -12.1335747559163, -12.0591023493869, -11.9881001519746, -11.9208808005361, -11.8577594313713, -11.7990538717641, -11.745085073732, -11.6961774274823, -11.652658982238, -11.6148617161768, -11.5831216282466, -11.5577788050995, -11.539177802097, -11.5276677803265, -11.5236026089274, -14.5551, -14.5511944737699, -14.54010898942, -14.5221472271829, -14.497612867303, -14.4668095900461, -14.4300410757105, -14.3876110046371, -14.3398230572202, -14.2869809139168, -14.2293882552548, -14.167348761839, -14.1011661143554, -14.031143993572, -13.9575860803365, -13.8807960555715, -13.8010776002664, -13.7187343954662, -13.634070122258, -13.5473884617566, -13.458993095088, -13.3691877033729, -13.2782759677111, -13.1865615691661, -13.0943481887513, -13.0019395074179, -12.9096392060444, -12.8177509654276, -12.7265784662743, -12.6364253891942, -12.5475954146914, -12.460392223156, -12.3751197771668, -12.292082676451, -12.2115865042329, -12.1339381717803, -12.0594462482988, -11.9884212215835, -11.9211759289256, -11.8580258201721, -11.7992891577782, -11.7452874706997, -11.6963458817792, -11.6527933386892, -11.6149628964419, -11.5831918134428, -11.5578216215106, -11.5391985240307, -11.5276735392844, -11.5236026074986, -14.5551, -14.5511958873591, -14.5401144508999, -14.5221591791722, -14.4976335607376, -14.4668410841807, -14.4300852381196, -14.3876695112169, -14.3398973921914, -14.2870723698267, -14.229497932981, -14.1674775705927, -14.1013147716847, -14.0313130253655, -13.9577758208273, -13.8810066473401, -13.8013089942437, -13.718986350936, -13.6343422068592, -13.547680051484, -13.4593033742931, -13.3695156647638, -13.2786204123514, -13.1869211064736, -13.0947212364957, -13.0023242917183, -12.9100337613662, -12.8181531345788, -12.7269859004019, -12.6368355477798, -12.548005565547, -12.4607994424189, -12.3755209605658, -12.2924745659948, -12.2119657300986, -12.1343013090963, -12.0597898882988, -11.9887420540639, -11.9214708437343, -11.8582920202688, -11.7995242807883, -11.7454897306463, -11.696514224717, -11.6529276084617, -11.6150640130337, -11.5832619555761, -11.5578644123309, -11.5392192339236, -11.5276792950132, -11.5236026060707, -14.5551, -14.5511972996849, -14.5401199075056, -14.5221711205069, -14.4976542357461, -14.4668725503043, -14.4301293612975, -14.3877279658887, -14.3399716612984, -14.2871637448157, -14.2296075138067, -14.1676062657215, -14.1014632980981, -14.0314819085637, -13.9579653948327, -13.8812170547008, -13.8015401860364, -13.7192380867682, -13.6346140548715, -13.547971388351, -13.4596133852243, -13.3698433435031, -13.2789645611765, -13.1872803361943, -13.095093966452, -13.0027087497774, -12.9104279839197, -12.8185549665391, -12.7273929951984, -12.6372453673546, -12.5484153803508, -12.4612063314057, -12.3759218223749, -12.2928661455541, -12.2123446604367, -12.1346641680412, -12.0601332695499, -11.9890626495639, -11.9217655450946, -11.8585580317773, -11.7997592408934, -11.7456918536542, -11.6966824563624, -11.6530617916068, -11.6151650659898, -11.5833320546717, -11.5579071775751, -11.5392399317827, -11.527685047515, -11.5236026046437, -14.5551, -14.5511987107482, -14.5401253592404, -14.5221830511943, -14.4976748923409, -14.4669039884358, -14.4301734452712, -14.3877863686876, -14.3400458645861, -14.2872550389387, -14.2297169977977, -14.1677348473025, -14.1016116936843, -14.0316506432671, -13.9581548024655, -13.8814272777785, -13.8017711757811, -13.7194896031111, -13.6348856664543, -13.548262472528, -13.4599231280619, -13.3701707397806, -13.2793084143848, -13.1876392585342, -13.0954663788324, -13.0030928818127, -12.9108218739263, -12.8189564615322, -12.7277997508882, -12.637654848142, -12.5488248593231, -12.4616128903318, -12.3763223628029, -12.2932574153291, -12.2127232954364, -12.1350267487918, -12.0604763922153, -11.9893830082314, -11.9220600331385, -11.8588238548132, -11.7999940381926, -11.7458938398061, -11.6968505767817, -11.653195888176, -11.6152660553474, -11.5834021107548, -11.5579499172581, -11.5392606176148, -11.5276907967915, -11.5236026032175, -14.5551, -14.5512001205498, -14.5401308061075, -14.5221949712416, -14.4976955305346, -14.4669353985945, -14.4302174900672, -14.3878447196491, -14.3401200020994, -14.2873462522508, -14.2298263850197, -14.1678633154128, -14.1017599585323, -14.0318192295766, -13.9583440438382, -13.8816373166979, -13.8020019636145, -13.7197409001128, -13.6351570417673, -13.5485533041851, -13.4602326029864, -13.3704978537862, -13.2796519721745, -13.1879978736991, -13.0958384738493, -13.0034766880414, -12.911215431607, -12.8193576197815, -12.7282061676954, -12.6380639903652, -12.5492340026844, -12.4620191194127, -12.3767225820585, -12.2936483755193, -12.2131016352868, -12.135389051525, -12.0608192564578, -11.9897031302144, -11.9223543079981, -11.8590894894921, -11.800228672785, -11.7460956891846, -11.6970185860416, -11.6533298982206, -11.6153669811441, -11.5834721238504, -11.5579926313946, -11.5392812914268, -11.5276965428445, -11.5236026017922, -14.5551, -14.5512015231884, -14.5401362252817, -14.5222068306533, -14.4977160636906, -14.4669666488078, -14.4302613104584, -14.3879027731482, -14.340193761448, -14.2874370000052, -14.2299352135536, -14.1679911269212, -14.1019074650344, -14.0319869529198, -13.9585323157016, -13.8818462785953, -13.8022315668977, -13.7199909059737, -13.6354270212401, -13.5488426381473, -13.4605404821597, -13.3708232787359, -13.2799937533089, -13.1883546312679, -13.0962086379415, -13.003858498583, -12.9116069383571, -12.8197566823298, -12.7286104554576, -12.6384709825795, -12.5496409884065, -12.4624231975116, -12.3771206721465, -12.2940372442983, -12.2134779381326, -12.1357493889353, -12.0611602448771, -11.9900214841495, -11.9226469412548, -11.859353628025, -11.8004619759722, -11.7462963914202, -11.6971856433364, -11.6534631537302, -11.6154673433934, -11.5835417492217, -11.5580351097205, -11.539301848648, -11.5277022500147, -11.5236025888355, -14.5551, -14.5512029245632, -14.5401416395805, -14.5222186794083, -14.4977365784174, -14.4669978710066, -14.4303050916151, -14.3879607747366, -14.3402674549321, -14.2875276668417, -14.2300439451954, -14.1681188248201, -14.1020548406455, -14.0321545277043, -13.9587204211309, -13.8820550561537, -13.802460968086, -13.7202406923111, -13.6356967642663, -13.5491317194238, -13.4608480932703, -13.3711484212865, -13.2803352389266, -13.1887110815997, -13.096578484652, -13.0042399833518, -12.9119981128758, -12.8201554082984, -12.7290144045809, -12.6388776365627, -12.5500476389512, -12.4628269463105, -12.3775184417309, -12.2944258042989, -12.2138539467879, -12.1361094494567, -12.0615009761916, -11.99033960293, -11.9229393630944, -11.8596175802341, -11.8006951187838, -11.7464969595472, -11.6973525925478, -11.6535963263212, -11.6155676463783, -11.5836113367951, -11.5580775688273, -11.5393224016006, -11.527707963466, -11.523602587508, -14.5551, -14.551204324708, -14.5401470491345, -14.5222305177919, -14.4977570752086, -14.4670290659411, -14.4303488345883, -14.3880187258053, -14.3403410843168, -14.2876182549293, -14.2301525825423, -14.1682464121557, -14.1022020888756, -14.0323219579148, -13.958908364591, -13.8822636543196, -13.8026901726035, -13.7204902650183, -13.6359662771954, -13.5494205548022, -13.4611554435212, -13.3714732890288, -13.2806764369743, -13.1890672329599, -13.0969480225231, -13.0046211511207, -12.9123889641151, -12.8205538067627, -12.729418024203, -12.6392839614497, -12.5504539633798, -12.4632303747225, -12.3779158994969, -12.2948140638938, -12.2142296692244, -12.1364692405666, -12.0618414572866, -11.990657492747, -11.9232315789075, -11.859881350599, -11.8009281046732, -11.7466973958737, -11.6975194347144, -11.653729415635, -11.6156678882107, -11.5836808830167, -11.5581200033537, -11.5393429429711, -11.5277136737827, -11.5236025861382, -14.5551, -14.5512057236238, -14.5401524539464, -14.5222423458106, -14.4977775540751, -14.4670602336281, -14.4303925394016, -14.3880766263853, -14.3404146496412, -14.287708764316, -14.2302611256519, -14.1683738889954, -14.1023492098024, -14.0324892436393, -13.9590961461807, -13.8824720732024, -13.8029191805702, -13.7207396242257, -13.6362355601675, -13.549709144432, -13.461462533071, -13.3717978821301, -13.2810173476267, -13.18942308553, -13.0973172517421, -13.0050020020819, -12.9127794922709, -12.8209518779208, -12.7298213145231, -12.639689957439, -12.5508599618888, -12.4636334829402, -12.3783130456314, -12.2952020232631, -12.2146051056134, -12.1368287624262, -12.0621816883119, -11.9909751537386, -11.9235235888196, -11.8601449392321, -11.8011609337401, -11.7468977004872, -11.6976861699124, -11.6538624217372, -11.6157680689472, -11.5837503879354, -11.5581624133435, -11.5393634728003, -11.5277193810053, -11.5236025847691, -14.5551, -14.5512071213112, -14.5401578540195, -14.522254163471, -14.4977980150285, -14.4670913740851, -14.4304362060792, -14.3881344765088, -14.3404881509465, -14.2877991950521, -14.2303695745845, -14.1685012554098, -14.1024962035072, -14.0326563849699, -13.9592837660031, -13.8826803129159, -13.8031479921109, -13.7209887700684, -13.6365046133283, -13.5499974884687, -13.4617693620844, -13.3721222007633, -13.2813579710646, -13.1897786394975, -13.0976861725023, -13.0053825364333, -12.9131696975442, -12.8213496219759, -12.7302242757448, -12.6400956247331, -12.551265634678, -12.4640362711587, -12.378709880323, -12.2955896825868, -12.2149802561251, -12.1371880151939, -12.0625216694134, -11.9912925860364, -11.923815392948, -11.8604083462358, -11.8013936060717, -11.7470978734601, -11.6978527981998, -11.6539953446726, -11.6158681886202, -11.5838198515729, -11.5582047988094, -11.5393839910939, -11.5277250851352, -11.5236025834008, -14.5551, -14.551208517771, -14.5401632493566, -14.5222659707797, -14.4978184580802, -14.4671224873295, -14.4304798346456, -14.3881922762081, -14.3405615882734, -14.2878895471879, -14.2304779294001, -14.1686285114693, -14.102643070071, -14.0328233819987, -13.959471224161, -13.8828883735741, -13.8033766073502, -13.721237702682, -13.6367734368233, -13.5502855870678, -13.4620759307259, -13.3724462451015, -13.2816983074687, -13.19013389505, -13.098054784997, -13.0057627543727, -12.9135595801364, -12.821747039131, -12.7306269080716, -12.6405009635345, -12.5516709819467, -12.4644387395726, -12.37910640376, -12.295977042045, -12.2153551209293, -12.1375469990284, -12.0628614007366, -11.9916097897724, -11.9241069914098, -11.8606715717123, -11.8016261217555, -11.7472979148649, -11.698019319635, -11.654128184486, -11.6159682472624, -11.5838892739512, -11.5582471597642, -11.539404497858, -11.5277307861741, -11.5236025820333, -14.5551, -14.5512099130041, -14.5401686399609, -14.5222777677433, -14.4978388832417, -14.4671535733787, -14.4305234251252, -14.3882500255155, -14.3406349616629, -14.2879798207736, -14.230586190159, -14.1687556572443, -14.102789809575, -14.0329902348176, -13.9596585207575, -13.8830962552909, -13.803605026413, -13.7214864222016, -13.637042030798, -13.5505734403843, -13.46238223916, -13.3727700153178, -13.2820383570197, -13.1904888523748, -13.0984230894193, -13.0061426560977, -12.9139491402483, -12.8221441295893, -12.731029211707, -12.6409059740454, -12.5520760038945, -12.464840888377, -12.3795026161305, -12.2963641018175, -12.2157297001961, -12.1379057140881, -12.0632008824273, -11.9919267650784, -11.9243983843223, -11.860934615764, -11.8018584808785, -11.7474978247741, -11.6981857342761, -11.6542609412221, -11.6160682449062, -11.583958655092, -11.5582894962208, -11.5394249930985, -11.5277364841235, -11.5236025806665, -14.5551, -14.5512113070149, -14.5401740258501, -14.5222895544008, -14.4978592905801, -14.467184632335, -14.4305669776613, -14.3883077246208, -14.3407082713562, -14.288070016106, -14.2306943572168, -14.1688826931527, -14.1029364225012, -14.0331569439747, -13.9598456564078, -13.8833039587491, -13.8038332500493, -13.7217349294441, -13.6373103961345, -13.5508610493635, -13.4626882883923, -13.3730935124747, -13.2823781208335, -13.1908435126369, -13.0987910869775, -13.0065222428547, -12.9143383791577, -12.8225408946525, -12.7314311879697, -12.6413106575931, -12.5524807018481, -12.4652427188884, -12.3798985187314, -12.2967508631707, -12.2161039951505, -12.1382641615452, -12.0635401155934, -11.9922435129865, -11.9246895726298, -11.8611974792351, -11.8020906841767, -11.7476976038104, -11.698352042632, -11.6543936152791, -11.6161681818456, -11.5840279951954, -11.5583318082999, -11.5394454768749, -11.5277421790035, -11.5236025793067, -14.5551, -14.5512126998299, -14.5401794071258, -14.5223013309741, -14.4978796804802, -14.4672156647836, -14.4306104930746, -14.3883653746109, -14.3407815187339, -14.2881601348833, -14.2308024326099, -14.1690096215854, -14.1030829116084, -14.033323512606, -13.960032634631, -13.8835114878534, -13.8040612825482, -13.721983229078, -13.6375785378723, -13.5511484194041, -13.462994084165, -13.3734167426392, -13.2827176052787, -13.1911978824797, -13.0991587845608, -13.0069015217445, -12.9147273041402, -12.8229373417307, -12.7318328443595, -12.6417150217192, -12.5528850833399, -12.465644238575, -12.3802941189084, -12.2971373332675, -12.21647801271, -12.1386223480082, -12.0638791064696, -11.9925600392921, -11.9249805616233, -11.8614601668464, -11.8023227357568, -11.7478972554436, -11.6985182475332, -11.6545262088668, -11.6162680597094, -11.5840972953695, -11.5583740966689, -11.5394659495148, -11.5277478709231, -11.5236025779869, -14.5551, -14.5512140914761, -14.5401847838927, -14.5223130976927, -14.4979000533386, -14.4672466713279, -14.4306539722103, -14.388422976605, -14.340854705217, -14.2882501788522, -14.2309104184309, -14.1691364449977, -14.1032292797274, -14.033489943927, -13.9602194590325, -13.8837188466006, -13.8042891282957, -13.7222313258723, -13.6378464611537, -13.5514355560081, -13.4632996323225, -13.3737397119765, -13.2830568168169, -13.1915519686328, -13.099526189134, -13.007280499931, -12.915115922519, -12.8233334782623, -12.7322341883826, -12.6421190739468, -12.5532891558545, -12.4660454548238, -12.3806894238887, -12.2975235191092, -12.2168517595806, -12.1389802798146, -12.0642178609479, -11.9928763493805, -11.9252713561348, -11.8617226828456, -11.8025546392657, -11.7480967827187, -11.6986843514368, -11.6546587238835, -11.616367879881, -11.5841665565414, -11.5584163618733, -11.5394864112711, -11.5277535599474, -11.5236025767031, -14.5551, -14.5512154819778, -14.5401901562443, -14.5223248547609, -14.4979204095087, -14.4672776525053, -14.4306974158215, -14.3884805315997, -14.3409278320703, -14.2883401495673, -14.2310183165424, -14.1692631655746, -14.1033755293768, -14.0336562407976, -13.9604061328182, -13.8839260385435, -13.8045167911892, -13.7224792240635, -13.6381141705454, -13.5517224640597, -13.4636049380508, -13.3740624259556, -13.2833957611771, -13.1919057770594, -13.0998933068648, -13.0076591837544, -12.91550424077, -12.8237293108199, -12.7326352266657, -12.64252282091, -12.5536929259839, -12.4664463741323, -12.3810844400189, -12.297909426833, -12.2172252416287, -12.1393379624969, -12.0645563841624, -11.9931924479356, -11.9255619603595, -11.8619850309138, -11.8027863978585, -11.7482961882659, -11.6988503564617, -11.6547911619632, -11.6164676435489, -11.5842357795068, -11.5584586043799, -11.5395068623593, -11.5277592461303, -11.5236025754509, -14.5551, -14.5512168713355, -14.5401955241828, -14.5223366021834, -14.4979407489988, -14.4673086083283, -14.4307408239257, -14.3885380396181, -14.341000899323, -14.2884300470645, -14.2311261269871, -14.1693897833661, -14.1035216606141, -14.033822403283, -13.9605926560608, -13.8841330637625, -13.8047442713168, -13.7227269237471, -13.6383816661497, -13.5520091436679, -13.4639100014652, -13.3743848846973, -13.2837344384853, -13.1922593078896, -13.1002601378873, -13.0080375733511, -12.9158922590317, -12.8241248395428, -12.7330359593475, -12.642926262746, -12.5540963938626, -12.4668469966306, -12.3814791674235, -12.2982950565564, -12.217598458964, -12.139695396156, -12.064894676204, -11.9935083350377, -11.9258523743668, -11.8622472111096, -11.8030180115827, -11.7484954721215, -11.6990162626335, -11.654923523121, -11.6165673507185, -11.5843049642614, -11.5585008241762, -11.5395273027595, -11.5277649294456, -11.523602574199, -14.5551, -14.5512182595498, -14.5402008877102, -14.5223483399644, -14.4979610718163, -14.4673395388082, -14.4307841965386, -14.388595500681, -14.3410739070017, -14.2885198713764, -14.2312338498041, -14.1695162984178, -14.1036676734917, -14.0339884314428, -13.960779028827, -13.8843399223314, -13.8049715687589, -13.7229744250102, -13.6386489480603, -13.5522955949327, -13.4642148226713, -13.3747070883126, -13.284072848857, -13.1926125612434, -13.1006266823247, -13.0084156688471, -12.9162799774318, -12.8245200645594, -12.7334363865563, -12.6433293995819, -12.5544995596151, -12.4672473224396, -12.3818736062185, -12.2986804083896, -12.2179714116897, -12.1400525808869, -12.0652327371594, -11.9938240107647, -11.9261425982256, -11.8625092234924, -11.8032494804888, -11.7486946343273, -11.6991820699853, -11.6550558073825, -11.6166670014082, -11.5843741108177, -11.5585430212694, -11.5395477324749, -11.5277706098943, -11.5236025729475, -14.5551, -14.5512196466211, -14.5402062468285, -14.5223600681085, -14.4979813779688, -14.4673704439564, -14.4308275336761, -14.3886529148095, -14.3411468551332, -14.2886096225357, -14.2313414850323, -14.1696427107756, -14.1038135680625, -14.0341543253364, -13.9609652511835, -13.8845466143237, -13.8051986835963, -13.7232217279403, -13.6389160163711, -13.5525818179539, -13.4645194017749, -13.3750290369124, -13.2844109924081, -13.1929655372404, -13.1009929403, -13.0087934703681, -12.9166673960977, -12.8249149859981, -12.7338365084203, -12.6437322315445, -12.5549024233661, -12.4676473516802, -12.3822677565201, -12.2990654824428, -12.2183440999088, -12.1404095167851, -12.0655705671154, -11.9941394751945, -11.9264326320046, -11.8627710681218, -11.8034808046271, -11.7488936749249, -11.6993477785508, -11.6551880147733, -11.6167665956367, -11.584443219188, -11.5585851956669, -11.5395681515091, -11.5277762874772, -11.5236025716964, -14.5551, -14.55122103255, -14.5402116015396, -14.5223717866198, -14.4980016674636, -14.4674013237843, -14.4308708353543, -14.3887102820247, -14.3412197437439, -14.2886993005751, -14.2314490327109, -14.1697690204851, -14.1039593443788, -14.0343200850235, -13.9611513231967, -13.8847531398131, -13.8054256159093, -13.7234688326245, -13.6391828711759, -13.5528678128317, -13.4648237388817, -13.3753507306078, -13.2847488692543, -13.1933182360007, -13.1013589119367, -13.00917097804, -12.9170545151571, -12.8253096039873, -12.7342363250678, -12.6441347587611, -12.5553049852402, -12.4680470844735, -12.3826616184444, -12.2994502788259, -12.2187165237245, -12.1407662039458, -12.0659081661589, -11.994454728405, -11.9267224757726, -11.8630327450575, -11.8037119840484, -11.7490925939562, -11.6995133883631, -11.655320145319, -11.6168661334223, -11.5845122893848, -11.5586273473759, -11.5395885598653, -11.5277819621952, -11.5236025704457, -14.5551, -14.551222417337, -14.5402169518456, -14.5223834955027, -14.4980219403084, -14.4674321783033, -14.430914101589, -14.3887676023475, -14.3412925728605, -14.2887889055271, -14.231556492879, -14.169895227592, -14.1041050024934, -14.0344857105638, -13.9613372449335, -13.8849594988732, -13.8056523657787, -13.7237157391502, -13.6394495125684, -13.5531535796659, -13.4651278340975, -13.3756721695098, -13.2850864795113, -13.193670657644, -13.101724597358, -13.0095481919888, -12.9174413347378, -12.8257039186556, -12.7346358366272, -12.6445369813586, -12.5557072453621, -12.4684465209405, -12.3830551921076, -12.2998347976494, -12.21908868324, -12.1411226424643, -12.0662455343767, -11.9947697704742, -11.9270121295984, -11.863294254359, -11.803943018803, -11.7492913914629, -11.6996788994558, -11.6554521990453, -11.6169656147838, -11.5845813214205, -11.5586694764037, -11.539608957547, -11.5277876340492, -11.5236025691955, -14.5551, -14.5512238009827, -14.5402222977483, -14.5223951947617, -14.4980421965105, -14.4674630075247, -14.4309573323961, -14.388824875799, -14.3413653425097, -14.2888784374246, -14.2316638655756, -14.1700213321422, -14.1042505424588, -14.0346512020168, -13.9615230164605, -13.8851656915779, -13.805878933285, -13.7239624476049, -13.6397159406427, -13.5534391185567, -13.4654316875281, -13.3759933537296, -13.2854238232951, -13.1940228022903, -13.1020899966872, -13.0099251123404, -12.9178278549674, -12.8260979301316, -12.7350350432269, -12.6449388994642, -12.5561092038565, -12.4688456612024, -12.383448477626, -12.3002190390234, -12.2194605785587, -12.1414788324362, -12.0665826718559, -11.9950846014802, -11.9273015935509, -11.863555596086, -11.8041739089417, -11.7494900674867, -11.6998443118622, -11.6555841759777, -11.6170650397396, -11.5846503153073, -11.5587115827575, -11.5396293445576, -11.5277933030402, -11.5236025679456, -14.5551, -14.5512251833331, -14.5402276386548, -14.5224068831003, -14.4980624338289, -14.4674938080424, -14.4310005230064, -14.3888820960706, -14.341438044689, -14.2889678864385, -14.2317711390345, -14.1701473203434, -14.1043959483898, -14.0348165413589, -13.9617086175923, -13.8853716955786, -13.8061052939371, -13.7242089313968, -13.6399821267704, -13.5537243989252, -13.4657352667519, -13.3763142491325, -13.2857608649092, -13.194374632855, -13.1024550716465, -13.0103016998408, -12.9182140358548, -12.8264915979475, -12.7354339042052, -12.6453404725268, -12.556510820609, -12.4692444659297, -12.3838414368251, -12.3006029663206, -12.2198321750143, -12.141834741505, -12.0669195488326, -11.9953991944691, -11.9275908436376, -11.8638167492936, -11.8044046365872, -11.7496886071729, -11.7000096136388, -11.6557160669072, -11.617164401573, -11.5847192665128, -11.5587536637153, -11.539649719546, -11.5277989686832, -11.5236025665068, -14.5551, -14.5512265625649, -14.5402329675057, -14.522418545045, -14.4980826254298, -14.4675245389509, -14.4310436159639, -14.3889391869107, -14.3415105823395, -14.2890571329243, -14.2318781694806, -14.1702730229781, -14.1045410245483, -14.0349815054868, -13.961893797249, -13.8855772314406, -13.8063311398007, -13.7244548541808, -13.6402477065176, -13.5540090288041, -13.4660381530568, -13.3766344112836, -13.2860971354517, -13.1947256574575, -13.1028193090991, -13.0106774220525, -12.9185993278503, -12.8268843578641, -12.7358318432888, -12.645741115128, -12.5569115041788, -12.4696423410146, -12.3842334765196, -12.300985991101, -12.2202028929687, -12.1421898032078, -12.0672556167094, -11.9957130237161, -11.9278793823311, -11.8640772502927, -11.8046347778473, -11.7498866327015, -11.7001744796305, -11.6558476062532, -11.6172634968761, -11.5847880320889, -11.5587956307643, -11.5396700380996, -11.5278046160189, -11.5236025604154, -14.5551, -14.5512279406312, -14.5402382918606, -14.5224301971627, -14.4981028000367, -14.4675552440271, -14.4310866727442, -14.3889962298866, -14.3415830592614, -14.2891463048043, -14.2319851105956, -14.1703986208728, -14.1046859800389, -14.0351463326645, -13.9620788234835, -13.8857825973832, -13.8065567993872, -13.7247005746339, -13.640513068349, -13.5542934258153, -13.46634079234, -13.3769543132213, -13.2864331337161, -13.1950763990088, -13.1031832541836, -13.0110528442, -12.9189843138709, -12.827276807845, -12.7362294705906, -12.6461414463805, -12.5573118792767, -12.4700399131129, -12.384625221405, -12.3013687319432, -12.220573340475, -12.1425446104124, -12.067591448258, -11.9960266367348, -11.9281677264731, -11.8643375795887, -11.8048647709756, -11.7500845339077, -11.7003392448361, -11.6559790675095, -11.6173625353456, -11.5848567600193, -11.5588375766369, -11.5396903485367, -11.5278102641661, -11.5236025591814
5.5809, 5.5809, 5.5809, 5.5809, 5.5809, 5.5809, 5.5809, 5.5809, 5.5809, 5.5809, 5.5809, 5.5809, 5.5809, 5.5809, 5.5809, 5.5809, 5.5809, 5.5809, 5.5809, 5.5809, 5.5809, 5.5809, 5.5809, 5.5809, 5.5809, 5.5809, 5.5809, 5.5809, 5.5809, 5.5809, 5.5809, 5.5809, 5.5809, 5.5809, 5.5809, 5.5809, 5.5809, 5.5809, 5.5809, 5.5809, 5.5809, 5.5809, 5.5809, 5.5809, 5.5809, 5.5809, 5.5809, 5.5809, 5.5809, 5.5809, 5.5809, 5.58265617977528, 5.5877809364595, 5.59613091100567, 5.60756274436819, 5.62193307750281, 5.63909855136662, 5.6589158069181, 5.68124148511701, 5.70593222692445, 5.73284467330273, 5.76183546521538, 5.79276124362706, 5.82547864950342, 5.85984432381109, 5.89571490751746, 5.93294704159061, 5.97139736699915, 6.01092252471202, 6.05137915569838, 6.09262390092743, 6.13451340136823, 6.17690429798962, 6.21965323176004, 6.26261684364749, 6.30565177461945, 6.3486146656429, 6.3913621576843, 6.43375089170976, 6.47563750868507, 6.51687864957597, 6.55733095534835, 6.59685106696856, 6.63529562540375, 6.67252127162229, 6.7083846465943, 6.74274239129211, 6.77545114669102, 6.80636755376997, 6.8353482535125, 6.86224988690773, 6.88692909495172, 6.90924251864898, 6.92904679901444, 6.94619857707597, 6.96055449387751, 6.97197119048338, 6.98030530798399, 6.98541348750368, 6.98715237021196, 5.5809, 5.5826559027689, 5.58777989175107, 5.5961286711741, 5.60755894526596, 5.62192741825489, 5.63909079436923, 5.65890577783733, 5.68122907288745, 5.70591738374764, 5.7328274146457, 5.76181586980914, 5.79273945346517, 5.82545486984074, 5.85981882316261, 5.89568801765739, 5.93291915755171, 5.97136894707231, 6.01089409044615, 6.0513512919006, 6.09259725566354, 6.13448868596347, 6.17688228702969, 6.21963476309231, 6.26260281838247, 6.30564315713239, 6.34861248357551, 6.39136750194667, 6.4337649164823, 6.47566143142069, 6.5169137510023, 6.55737857947021, 6.59691261651117, 6.63537255143665, 6.67261505779119, 6.7084967876908, 6.74287436660923, 6.77560438770041, 6.80654340828259, 6.8355479487321, 6.86247448320498, 6.88717944015236, 6.90951920458392, 6.9293501155628, 6.94652845773132, 6.9609104633648, 6.97235231456132, 6.98071014240961, 6.98584002452554, 6.98759798320549, 5.5809, 5.58265542446109, 5.58777804416668, 5.59612462858327, 5.60755194717758, 5.62191676941621, 5.63907586476544, 5.65888600269088, 5.68120395265724, 5.70588648412811, 5.73279036656576, 5.76177236943103, 5.79268926218324, 5.82539781428027, 5.85975479517856, 5.89561697433336, 5.93284112119888, 5.97128400522866, 6.0108023958758, 6.05125306259343, 6.09249277483496, 6.13437830205457, 6.17676641370746, 6.21951387925026, 6.26247746814129, 6.30551394984091, 6.34848009381173, 6.39123266951901, 6.43362844643085, 6.47552419401867, 6.51677668175757, 6.55724267912692, 6.59677894648304, 6.63524222341851, 6.67248921798118, 6.70837659534489, 6.74276096737951, 6.77549888128719, 6.8064468125876, 6.83546116291, 6.86239824140904, 6.88711426584135, 6.90946536704539, 6.92930758392668, 6.94649684655943, 6.96088898029942, 6.97233971016694, 6.98070465905027, 6.98583934275967, 6.98759916631008, 5.5809, 5.58265445108426, 5.58777428411477, 5.59611640118433, 5.60753770438555, 5.62189509581029, 5.63904547754904, 5.65884575169034, 5.6811528203202, 5.70582358552162, 5.7327149493741, 5.76168381395339, 5.79258708133129, 5.82528165357562, 5.85962443275041, 5.89547232091616, 5.93268222013036, 5.9711110324481, 6.01061565992276, 6.05105300460689, 6.09227996855299, 6.13415345381442, 6.17653036244622, 6.21926759650591, 6.2622220580542, 6.30525064915567, 6.34821027187936, 6.39095782829932, 6.43335022049517, 6.47524435055267, 6.51649712056441, 6.55696543263057, 6.59650617043901, 6.63497617574685, 6.67223222659279, 6.70813101440855, 6.74252912294325, 6.77528300530193, 6.80624896976807, 6.83528317534101, 6.86224159417988, 6.88698001379485, 6.90935404607099, 6.92921911713024, 6.94643043322622, 6.96084298905832, 6.97231157663058, 6.98069078149998, 6.98583497276134, 6.98759829551032, 5.5809, 5.58265347551427, 5.58777051558901, 5.59610815524024, 5.60752342948344, 5.62187337333266, 5.63901502179956, 5.65880540989255, 5.68110157261589, 5.7057605449689, 5.73263936194526, 5.76159505853256, 5.79248466971198, 5.82516523045824, 5.8594937757398, 5.89532734051938, 5.93252295975462, 5.97093766839906, 6.01042850140327, 6.05085249371609, 6.09206668028601, 6.13392809606246, 6.17629377599722, 6.21902075504558, 6.26196606816756, 6.30498675032885, 6.34793983650181, 6.39068236166622, 6.43307136081013, 6.47496386893058, 6.51621692103454, 6.55668755213996, 6.59623276962472, 6.63470951783571, 6.6719746452778, 6.70788487017908, 6.74229674876868, 6.77506664072931, 6.80605068781222, 6.83510480710586, 6.86208463454695, 6.88684552816328, 6.90924258168491, 6.92913060927951, 6.946364094208, 6.96079720133845, 6.97228379048163, 6.98067741071193, 6.98583128527842, 6.98759830024398, 5.5809, 5.58265250078319, 5.58776675029883, 5.59609991636695, 5.60750916680664, 5.62185166943486, 5.63898459206521, 5.65876510250672, 5.68105036856265, 5.70569755802939, 5.73256383869557, 5.76150637834137, 5.7923823447381, 5.82504890564813, 5.85936322882518, 5.89518248201489, 5.93236383295584, 5.97076444938081, 6.01024149901829, 6.05065214959423, 6.09185356883383, 6.13370292446342, 6.17605738421224, 6.21877411581416, 6.26171028700924, 6.30472306554509, 6.34766961917812, 6.39040711567463, 6.43279272281181, 6.47468360837878, 6.51593694017764, 6.55640988602484, 6.59595957693069, 6.63444305984117, 6.67171725378677, 6.70763890391484, 6.74206453911968, 6.77485042592112, 6.80585253982671, 6.83492655631773, 6.86192777546637, 6.88671112616674, 6.90913118437699, 6.92904215272437, 6.94629779188938, 6.96075143731808, 6.9722560170349, 6.98066404406384, 6.98582759626066, 6.98759830112392, 5.5809, 5.58265152688721, 5.58776298822972, 5.59609168453299, 5.60749491630113, 5.62182998403544, 5.63895418823288, 5.65872482938454, 5.68099920797408, 5.70563462447641, 5.73248837935652, 5.76141777306863, 5.79228010605561, 5.82493267874893, 5.85923279156896, 5.89503774492576, 5.93220483922026, 5.97059137484592, 6.01005465219062, 6.05045197163884, 6.09164063357397, 6.13347793838065, 6.17582118644705, 6.21852767816705, 6.26145471394219, 6.30445959418344, 6.34739961931272, 6.39013208976425, 6.43251430598584, 6.47440356844006, 6.51565717760562, 6.55613243397888, 6.59568659214554, 6.63417680166052, 6.67146005213992, 6.70739311577368, 6.7418324943069, 6.77463436135627, 6.80565452647458, 6.83474842384009, 6.86177101801867, 6.88657680911997, 6.9090198557137, 6.92895374930099, 6.94623152839472, 6.96070569942862, 6.97222825904825, 6.98065068465989, 6.98582390917892, 6.98759830200843, 5.5809, 5.58265055382583, 5.58775922937978, 5.59608345973419, 5.6074806779597, 5.62180831712346, 5.63892381028728, 5.65868459050578, 5.68094809082455, 5.70557174427851, 5.73241298389053, 5.76132924267033, 5.79217795361388, 5.82481654970325, 5.85910246390699, 5.89489312918105, 5.93204597847027, 5.97041844471029, 6.0098679608299, 6.05025195975362, 6.09142787440455, 6.13325313770715, 6.17558518259006, 6.21828144198867, 6.26119934884752, 6.30419633612246, 6.3471298367824, 6.38985728381103, 6.43223611020825, 6.47412374899162, 6.51537763319791, 6.55585519588492, 6.59541381515672, 6.63391074318688, 6.67120304023704, 6.70714750566295, 6.74160061424591, 6.77441844695899, 6.80545664768893, 6.83457040961491, 6.86161436215453, 6.88644257698199, 6.90890859566193, 6.92886539898344, 6.94616530370438, 6.96065998765582, 6.9722005165117, 6.98063733249315, 6.98582022402799, 6.98759830289252, 5.5809, 5.58264958159857, 5.58775547374707, 5.59607524196633, 5.60746645177507, 5.62178666868786, 5.63889345821293, 5.65864438585001, 5.68089701708816, 5.70550891740392, 5.73233765225958, 5.76124078710197, 5.79207588736174, 5.82470051845312, 5.85897224577443, 5.89474863470911, 5.93188725062748, 5.97024565888896, 6.00968142484482, 6.05005211384126, 6.09121529122264, 6.13302852233485, 6.17534937252858, 6.21803540716232, 6.26094419160522, 6.30393329123956, 6.34686027146285, 6.38958269768982, 6.43195813535405, 6.47384414990965, 6.51509830683304, 6.55557817162501, 6.59514124585098, 6.6336448843128, 6.67094621797749, 6.70690207348971, 6.7413688988522, 6.77420268265366, 6.80525890340326, 6.83439251358487, 6.8614578078256, 6.88630842971314, 6.9087974041902, 6.92877710174778, 6.94609911780118, 6.96061430198827, 6.97217278941859, 6.98062398756054, 6.98581654080703, 6.98759830377618, 5.5809, 5.58264861020491, 5.58775172132966, 5.5960670312252, 5.60745223773996, 5.62176503871759, 5.63886313199436, 5.65860421539677, 5.68084598673901, 5.70544614382085, 5.73226238442567, 5.76115240631908, 5.79197390724801, 5.82458458494056, 5.85884213710644, 5.89460426143826, 5.93172865561348, 5.97007301729696, 6.00949504414413, 6.04985243380449, 6.09100288392536, 6.13280409215573, 6.17511375614997, 6.21778957357137, 6.26068924209534, 6.30367045941222, 6.34659092322983, 6.38930833127556, 6.43168038129831, 6.47356477107042, 6.51481919838959, 6.55530136108125, 6.59486888411513, 6.63337922493088, 6.67068958526071, 6.7066568191611, 6.74113734804134, 6.77398706836472, 6.8050612935511, 6.83421473569264, 6.86130135498355, 6.88617436727378, 6.90868628126707, 6.92868885757011, 6.94603297066795, 6.96056864241462, 6.97214507776233, 6.98061064985904, 6.98581285951528, 6.98759830465942, 5.5809, 5.58264763964435, 5.58774797212563, 5.59605882750657, 5.6074380358471, 5.62174342720159, 5.63883283161613, 5.65856407912565, 5.68079499975122, 5.70538342349756, 5.73218718035085, 5.7610641002772, 5.79187201322157, 5.82446874910763, 5.85871213783823, 5.8944600092969, 5.93157019334993, 5.96990051984938, 6.00930881863658, 6.04965291954607, 6.09079065240986, 6.13257984706178, 6.17487833334164, 6.21754394109922, 6.26043450019794, 6.30340784051798, 6.34632179195913, 6.38903418444319, 6.43140284791614, 6.47328561235023, 6.51454030774618, 6.55502476413578, 6.59459672983599, 6.63311376493375, 6.6704331419861, 6.70641174258424, 6.74090596172887, 6.77377160401658, 6.80486381806597, 6.8340370758809, 6.86114500358007, 6.88604038962423, 6.90857522686107, 6.92860066642652, 6.94596686228753, 6.9605230089235, 6.97211738153629, 6.98059731938559, 6.98580918015193, 6.98759830554225, 5.5809, 5.58264666991641, 5.58774422613303, 5.59605063080626, 5.6074238460892, 5.62172183412883, 5.63880255706276, 5.65852397701622, 5.68074405609891, 5.70532075640228, 5.73211203999715, 5.76097586893187, 5.79177020523128, 5.8243530108964, 5.85858224790504, 5.89431587821341, 5.93141186375849, 5.96972816646134, 6.00912274823097, 6.0494535709688, 6.09057859657334, 6.13235578694506, 6.174643103991, 6.2172985096293, 6.26017996579314, 6.30314543443436, 6.34605287752655, 6.3887602570677, 6.43112553508266, 6.4730066736254, 6.51426163478144, 6.55474838067072, 6.59432478290039, 6.63284850421403, 6.67017688805312, 6.70616684366626, 6.74067473983033, 6.77355628953366, 6.80466647688139, 6.83385953409234, 6.86098875356679, 6.88590649672484, 6.90846424094074, 6.92851252829309, 6.9459007926427, 6.96047740150351, 6.97208970073382, 6.98058399613711, 6.98580550271617, 6.98759830642465, 5.5809, 5.58264570102056, 5.58774048334996, 5.59604244112003, 5.607409668459, 5.62170025948825, 5.63877230831883, 5.65848390904807, 5.6806931557562, 5.70525814250328, 5.7320369633266, 5.76088771223868, 5.79166848322604, 5.82423737024897, 5.8584524672421, 5.89417186811622, 5.93125366676087, 5.96955595704797, 6.00893683283613, 6.04925438797551, 6.09036671631302, 6.13213191169763, 6.17440806798555, 6.21705327904508, 6.25992563876111, 6.30288324103898, 6.34578417980796, 6.38848654902412, 6.43084844267304, 6.47272795477229, 6.51398317937405, 6.55447221056826, 6.59405304319523, 6.63258344266438, 6.66992082336123, 6.70592212231435, 6.74044368226131, 6.77334112484042, 6.80446926993092, 6.83368211026964, 6.86083260489541, 6.88577268853596, 6.90835332347463, 6.92842444314589, 6.94583476171632, 6.96043182014329, 6.97206203534831, 6.98057068011056, 6.9858018272072, 6.98759830730663, 5.5809, 5.58264473295632, 5.58773674377447, 5.59603425844368, 5.60739550294923, 5.62167870326882, 5.63874208536888, 5.65844387520079, 5.68064229869724, 5.70519558176884, 5.73196195030129, 5.7607996301532, 5.79156684715477, 5.82412182710746, 5.8583227957847, 5.89402797893378, 5.93109560227878, 5.96938389152445, 6.00875107236092, 6.04905537046908, 6.09015501152617, 6.13190822121163, 6.17417322521278, 6.21680824923008, 6.25967151898203, 6.30262126020947, 6.34551569867926, 6.38821306018752, 6.43057157056251, 6.47244945566731, 6.51370494140273, 6.55419625371063, 6.5937815106074, 6.6323185801775, 6.66966494780992, 6.70567757843567, 6.74021278893739, 6.77312610986129, 6.80427219714809, 6.83350480435549, 6.86067655751759, 6.88563896501793, 6.90824247443128, 6.92833641096102, 6.94576876949118, 6.96038626483145, 6.97203438537313, 6.98055737130289, 6.98579815362424, 6.98759830818819, 5.5809, 5.58264376572318, 5.58773300740464, 5.59602608277302, 5.60738134955262, 5.6216571654595, 5.63871188819748, 5.65840387545399, 5.68059148489618, 5.70513307416723, 5.73188700088328, 5.76071162263104, 5.79146529696639, 5.824006381414, 5.85819323346811, 5.89388421059457, 5.93093767023399, 5.96921196980597, 6.00856546671424, 6.04885651835239, 6.08994348211006, 6.13168471537921, 6.17393857556024, 6.21656342006783, 6.25941760633614, 6.30235949182349, 6.34524743401638, 6.387939790433, 6.43029491862629, 6.47217117618688, 6.5134269207462, 6.55392050998006, 6.59351018502382, 6.63205391664609, 6.6694092612987, 6.70543321193741, 6.73998205977417, 6.77291124452073, 6.80407525846645, 6.83332761629259, 6.86052061138501, 6.88550532613109, 6.90813169377922, 6.92824843171454, 6.94570281595011, 6.96034073555662, 6.97200675080165, 6.98054406971103, 6.98579448196647, 6.98759830906933, 5.5809, 5.58264279932065, 5.58772927423854, 5.59601791410382, 5.6073672082619, 5.62163564604927, 5.63868171678919, 5.65836390978727, 5.68054071432719, 5.70507061966677, 5.73181211503467, 5.76062368962781, 5.79136383260985, 5.82389103311076, 5.85806378022767, 5.89374056302709, 5.93077987054827, 5.96904019180777, 6.008380015805, 6.04865783152838, 6.08973212796204, 6.13146139409254, 6.17370411891552, 6.21631879144194, 6.25916390070371, 6.30209793575875, 6.34497938569531, 6.38766673963571, 6.43001848673967, 6.47189311620747, 6.51314911728324, 6.55364497925882, 6.59323906633147, 6.63178945196289, 6.66915376372708, 6.70518902272679, 6.73975149468725, 6.77269652874322, 6.80387845381957, 6.83315054602363, 6.86036476644935, 6.88537177183578, 6.90802098148698, 6.92816050538255, 6.94563690107593, 6.9602952323074, 6.97197913162724, 6.98053077533193, 6.9857908122331, 6.98759830995005, 5.5809, 5.58264183374822, 5.58772554427426, 5.5960097524319, 5.60735307906981, 5.62161414502709, 5.6386515711286, 5.65832397818025, 5.68048998696442, 5.70500821823574, 5.73173729271756, 5.76053583109916, 5.79126245403413, 5.82377578213991, 5.85793443599871, 5.89359703615987, 5.93062220314343, 5.96886855744511, 6.00819471954215, 6.04845930990001, 6.08952094897946, 6.13123825724385, 6.17346985516623, 6.21607436323601, 6.25891040196504, 6.301836591893, 6.34471155359205, 6.38739390767081, 6.42974227477797, 6.47161527560559, 6.51287153089266, 6.55336966142921, 6.59296815441731, 6.63152518602064, 6.66889845499462, 6.70494501071103, 6.73952109359226, 6.77248196245322, 6.80368178314099, 6.83297359349132, 6.86020902266227, 6.88523830209234, 6.90791033752312, 6.92807263194111, 6.94557102485145, 6.96024975507242, 6.97195152784326, 6.98051748816253, 6.98578714442332, 6.98759831083035, 5.5809, 5.5826408690054, 5.58772181750986, 5.59600159775304, 5.6073389619691, 5.62159266238195, 5.63862145120029, 5.65828408061256, 5.68043930278206, 5.70494586984249, 5.73166253389408, 5.76044804700074, 5.79116116118821, 5.82366062844365, 5.8578052007166, 5.89345362992144, 5.93046466794131, 5.96869706663327, 6.0080095778347, 6.04826095337029, 6.08930994505973, 6.13101530472542, 6.17323578420004, 6.21583013533371, 6.25865711000048, 6.30157546010402, 6.34444393758264, 6.38712129441353, 6.42946628261653, 6.47133765425776, 6.51259416145329, 6.55309455637357, 6.59269744916835, 6.63126111871212, 6.66864333500087, 6.70470117579736, 6.73929085640483, 6.77226754557521, 6.80348524636428, 6.83279675863835, 6.86005337997545, 6.88510491686113, 6.90779976185615, 6.92798481136631, 6.94550518725947, 6.96020430384029, 6.97192393944309, 6.98050420819978, 6.98578347853634, 6.98759831171023, 5.5809, 5.58263990509168, 5.58771809394342, 5.59599345006305, 5.60732485695251, 5.62157119810283, 5.63859135698884, 5.65824421706382, 5.6803886617543, 5.70488357445532, 5.73158783852636, 5.7603603372882, 5.79105995402109, 5.82354557196421, 5.85767607431672, 5.89331034424041, 5.93030726486376, 5.96852571928758, 6.00782459059164, 6.04806276184223, 6.08909911610027, 6.13079253642952, 6.17300190590463, 6.21558610761875, 6.25840402469042, 6.30131454026964, 6.34417653754319, 6.38684889973911, 6.42919051013075, 6.47106025204056, 6.51231700884401, 6.55281966397424, 6.59242695047163, 6.63099724993014, 6.66838840364542, 6.70445751789305, 6.7390607830406, 6.77205327803369, 6.80328884342302, 6.83262004140744, 6.85989783834058, 6.88497161610248, 6.90768925445462, 6.92789704363421, 6.94543938828282, 6.96015887859963, 6.97189636642009, 6.9804909354406, 6.98577981457135, 6.98759831258969, 5.5809, 5.58263894200657, 5.58771437357303, 5.59598530935773, 5.60731076401278, 5.6215497521787, 5.63856128847884, 5.65820438751367, 5.68033806385534, 5.7048213320426, 5.73151320657654, 5.76027270191723, 5.79095883248179, 5.82343061264382, 5.85754705673449, 5.89316717904535, 5.93014999383269, 5.96835451532339, 6.00763975772203, 6.04786473521891, 6.08888846199856, 6.1305699522485, 6.17276822016774, 6.21534227997485, 6.25815114591527, 6.30105383226772, 6.34390935334982, 6.38657672352285, 6.42891495719606, 6.47078306883059, 6.51204007294371, 6.55254498411364, 6.59215665821422, 6.63073357956752, 6.66813366082787, 6.70421403690536, 6.73883087341523, 6.77183915975316, 6.80309257425078, 6.83244344174129, 6.85974239770934, 6.88483839977673, 6.90757881528706, 6.9278093287209, 6.9453736279043, 6.96011347933904, 6.97186880876763, 6.98047766988195, 6.98577615252755, 6.98759831346872, 5.5809, 5.58263797974957, 5.58771065639674, 5.59597717563287, 5.60729668314267, 5.62152832459858, 5.63853124565489, 5.65816459194176, 5.68028750905937, 5.70475914257268, 5.73143863800678, 5.76018514084353, 5.79085779651936, 5.82331575042474, 5.85741814790533, 5.89302413426491, 5.92999285477, 5.96818345465606, 6.00745507913495, 6.04766687340342, 6.0886779826521, 6.13034755207472, 6.17253472687713, 6.2150986522858, 6.25789847355551, 6.30079333597616, 6.34364238487868, 6.38630476564008, 6.4286396236879, 6.47050610450449, 6.51176335363132, 6.55227051667416, 6.59188657228319, 6.6304701075171, 6.66787910644784, 6.70397073274158, 6.73860112744439, 6.77162519065812, 6.80289643878116, 6.83226695958263, 6.8595870580334, 6.88470526784424, 6.90746844432201, 6.92772166660244, 6.94530790610673, 6.96006810604715, 6.97184126647908, 6.98046441152076, 6.98577249240415, 6.98759831434734, 5.5809, 5.58263701832017, 5.58770694241266, 5.5959690488843, 5.60728261433492, 5.62150691535143, 5.6385012285016, 5.65812483032774, 5.68023699734063, 5.70469700601391, 5.73136413277927, 5.76009765402283, 5.79075684608286, 5.82320098524926, 5.8572893477647, 5.89288120982773, 5.92983584759764, 5.96801253720101, 6.00727055473952, 6.0474691762989, 6.08846767795842, 6.13012533580058, 6.17230142592061, 6.2148552244354, 6.25764600749162, 6.3005330512729, 6.34337563200599, 6.38603302596615, 6.42836450948179, 6.47022935893894, 6.51148685078583, 6.55199626153826, 6.59161669256566, 6.63020683367176, 6.66762474040498, 6.70372760530902, 6.73837154504376, 6.7714113706731, 6.80270043694773, 6.83209059487416, 6.85943181926446, 6.88457222026534, 6.90735814152799, 6.9276340572549, 6.9452422228729, 6.96002275871257, 6.9718137395478, 6.98045116035397, 6.98576883420034, 6.98759831522554, 5.5809, 5.58263605771789, 5.58770323161885, 5.5959609291078, 5.60726855758229, 5.62148552442628, 5.63847123700358, 5.65808510265128, 5.68018652867334, 5.70463492233468, 5.73128969085619, 5.76001024141083, 5.79065598112137, 5.82308631705969, 5.85716065624808, 5.89273840566248, 5.92967897223759, 5.96784176287367, 6.00708618444486, 6.0472716438085, 6.0882575478151, 6.12990330331854, 6.17206831718603, 6.21461199630752, 6.25739374760416, 6.30027297803591, 6.34310909460798, 6.38576150437647, 6.42808961445325, 6.46995283201064, 6.51121056428622, 6.55172221858842, 6.59134701894877, 6.62994375792438, 6.66737056259894, 6.703484654515, 6.73814212612903, 6.77119769972261, 6.8025045686841, 6.83191434755861, 6.85927668135419, 6.88443925700038, 6.90724790687354, 6.92754650065436, 6.94517657818563, 6.95997743732389, 6.97178622796715, 6.98043791637853, 6.98576517791532, 6.98759831610332, 5.5809, 5.58263509794222, 5.58769952401339, 5.59595281629919, 5.60725451287755, 5.62146415181211, 5.63844127114543, 5.65804540889204, 5.68013610303173, 5.70457289150338, 5.73121531219973, 5.7599229029633, 5.79055520158398, 5.82297174579833, 5.85703207329097, 5.89259572169788, 5.92952222861184, 5.96767113158952, 6.00690196816017, 6.04707427583542, 6.08804759211973, 6.12968145452105, 6.17183540056126, 6.21436896778602, 6.25714169377368, 6.3000131161432, 6.34284277256093, 6.38549020074647, 6.42781493847785, 6.46967652359633, 6.51093449401152, 6.55144838770715, 6.5910775513197, 6.62968088016789, 6.6671165729294, 6.70324188026684, 6.73791287061591, 6.7709841777312, 6.80230883392386, 6.83173821757869, 6.85912164425429, 6.88430637800969, 6.90713774032719, 6.92745899677688, 6.94511097202772, 6.95993214186974, 6.97175873173049, 6.98042467959137, 6.98576152354828, 6.98759831698067, 5.5809, 5.58263413899266, 5.58769581959436, 5.59594471045428, 5.60724048021344, 5.62144279749793, 5.63841133091179, 5.6580057490297, 5.68008572039004, 5.70451091348841, 5.73114099677212, 5.759835638636, 5.7904545074198, 5.82285727140755, 5.85690359882889, 5.89245315786265, 5.92936561664242, 5.96750064326403, 6.00671790579463, 6.04687707228289, 6.08783781076997, 6.12945978930064, 6.17160267593421, 6.21412613875484, 6.25688984588081, 6.29975346547284, 6.34257666574116, 6.38521911495164, 6.42754048143119, 6.46940043357279, 6.51065863984079, 6.55117476877698, 6.59080828956562, 6.62941820029522, 6.66686277129607, 6.70299928247189, 6.73768377842012, 6.77077080462341, 6.80211323260062, 6.83156220487715, 6.85896670791644, 6.88417358325363, 6.90702764185747, 6.92737154559854, 6.94504540438197, 6.95988687233871, 6.97173125083119, 6.98041144998943, 6.98575787109843, 6.98759831785761, 5.5809, 5.58263318086871, 5.58769211835985, 5.59593661156887, 5.60722645958273, 5.62142146147276, 5.63838141628727, 5.65796612304394, 5.68003538072254, 5.70444898825818, 5.73106674453558, 5.75974844838469, 5.79035389857797, 5.8227428938297, 5.8567752327974, 5.89231071408555, 5.92920913625139, 5.96733029781275, 6.00653399725749, 6.04668003305417, 6.08762820366348, 6.12923830754985, 6.17137014319285, 6.21388350909794, 6.2566382038062, 6.29949402590291, 6.34231077402501, 6.38494824686748, 6.42726624318892, 6.46912456181684, 6.51038300165314, 6.55090136168048, 6.59053923357377, 6.62915571819933, 6.66660915759866, 6.70275686103753, 6.73745484945738, 6.77055758032379, 6.801917764648, 6.8313863093967, 6.85881187229233, 6.88404087269254, 6.90691761143291, 6.92728414709539, 6.94497987523119, 6.95984162871942, 6.97170378526261, 6.98039822756964, 6.98575422056496, 6.98759831873412, 5.5809, 5.58263222356989, 5.58768842030794, 5.59592851963879, 5.60721245097818, 5.62140014372561, 5.63835152725651, 5.65792653091445, 5.67998508400348, 5.70438711578111, 5.73099255545237, 5.75966133216519, 5.79025337500765, 5.82262861300716, 5.85664697513205, 5.89216839029534, 5.92905278736082, 5.96716009515121, 6.00635024245801, 6.04648315805256, 6.08741877069798, 6.12901700916126, 6.17113780222516, 6.21364107869933, 6.25638676743054, 6.29923479731154, 6.34204509728889, 6.38467759636955, 6.42699222362671, 6.46884890820531, 6.51010757932769, 6.55062816630026, 6.59027038323138, 6.62889343377321, 6.66635573173691, 6.70251461587114, 6.73722608364344, 6.77034450475691, 6.80172242999962, 6.83121053108009, 6.85865713733366, 6.88390824628677, 6.90680764902204, 6.9271968012435, 6.94491438455818, 6.95979641100048, 6.97167633501812, 6.98038501232896, 6.98575057194708, 6.98759831961022, 5.5809, 5.58263126709569, 5.58768472543671, 5.59592043465984, 5.60719845439258, 5.62137884424549, 5.63832166380415, 5.65788697262094, 5.67993483020714, 5.70432529602564, 5.73091842948473, 5.7595742899333, 5.79015293665799, 5.82251442888235, 5.85651882576846, 5.89202618642083, 5.92889656989282, 5.96699003519501, 6.00616664130549, 6.04628644718138, 6.0872095117712, 6.1287958940275, 6.17090565291916, 6.21339884744304, 6.25613553663454, 6.29897577957689, 6.34177963540922, 6.38440716333343, 6.42671842262028, 6.46857347261508, 6.5098323727436, 6.55035518251892, 6.59000173842573, 6.62863134690986, 6.66610249361057, 6.70227254688011, 6.73699748089404, 6.77013157784732, 6.80152722858909, 6.83103486987004, 6.85850250299211, 6.88377570399665, 6.90669775459338, 6.92710950801894, 6.94484893234573, 6.95975121917047, 6.97164890009106, 6.9803718042643, 6.98574692524397, 6.98759832048589, 5.5809, 5.5826303114456, 5.58768103374425, 5.59591235662784, 5.60718446981867, 5.62135756302143, 5.63829182591483, 5.65784744814311, 5.6798846193078, 5.70426352896022, 5.73084436659493, 5.75948732164484, 5.79005258347819, 5.8224003413977, 5.85639078464222, 5.89188410239085, 5.92874048376953, 5.96682011785976, 6.00598319370927, 6.046089900344, 6.08700042678094, 6.12857496204121, 6.17067369516292, 6.21315681521315, 6.25588451129899, 6.29871697257718, 6.34151438826247, 6.38413694763474, 6.42644484004537, 6.46829825492307, 6.50955738178006, 6.55008241021914, 6.58973329904413, 6.62836945750233, 6.66584944311944, 6.70203065397185, 6.73676904112497, 6.76991879951963, 6.80133216035006, 6.83085932570932, 6.85834796921939, 6.88364324578254, 6.90658792811548, 6.92702226739778, 6.94478351857666, 6.95970605321802, 6.97162148047481, 6.98035860337262, 6.98574328045484, 6.98759832136115, 5.5809, 5.58262935658652, 5.58767734510243, 5.59590428526219, 5.60717049677026, 5.62133629931282, 5.63826201254913, 5.65780795610267, 5.67983444955264, 5.70420181242614, 5.73077036419144, 5.75940042425284, 5.78995231194758, 5.82228634654497, 5.85626284724804, 5.89174213319788, 5.9285845234804, 5.96665033713544, 6.00579989316779, 6.04589351055962, 6.08679150828379, 6.12835420531744, 6.17044192065526, 6.212914973322, 6.25563368238385, 6.29845836695845, 6.34124934622357, 6.38386693942451, 6.42617146588062, 6.46802324499144, 6.50928259624302, 6.54980983921527, 6.58946505497825, 6.62810775559272, 6.66559657053338, 6.7017889277255, 6.7365407553102, 6.7697061612323, 6.80113721731921, 6.83068389131063, 6.85819352950614, 6.88351086601906, 6.90647816490855, 6.92693507566305, 6.94471814046964, 6.9596609112259, 6.97159407500031, 6.98034540907274, 6.98573963738176, 6.98759832217223, 5.5809, 5.58262840251512, 5.58767365949849, 5.59589622053496, 5.60715653519903, 5.62131505304624, 5.63823222360423, 5.65776849636359, 5.67978432076907, 5.7041401462114, 5.7306964220204, 5.75931359745968, 5.78985212172331, 5.82217244393506, 5.85613501315004, 5.89160027835918, 5.92842868849626, 5.96648069244732, 6.0056167390621, 6.04569727716688, 6.08658275557827, 6.12813362311729, 6.17021032862313, 6.21267332096605, 6.25538304905923, 6.2981999618691, 6.34098450842431, 6.38359713782344, 6.42589829924169, 6.4677484419373, 6.50900801525799, 6.54953746864866, 6.58919700539292, 6.62784624037693, 6.66534387508673, 6.70154736742085, 6.73631262278135, 6.76949366237424, 6.80094239894728, 6.83050856619023, 6.8580391834368, 6.88337856436064, 6.906368464697, 6.92684793260716, 6.94465279788122, 6.95961579310923, 6.97156668363411, 6.98033222137374, 6.98573599606564, 6.98759832297949, 5.5809, 5.58262744923097, 5.58766997693073, 5.59588816244246, 5.60714258509859, 5.62129382421197, 5.63820245906656, 5.65772906890797, 5.67973423293439, 5.70407853028815, 5.73062254004856, 5.75922684122642, 5.78975201276062, 5.82205863351731, 5.85600728229159, 5.8914585378122, 5.92827297874873, 5.96631118372136, 6.00543373131272, 6.04550120008115, 6.08637416857495, 6.12791321534699, 6.16997891896886, 6.21243185804432, 6.25513261122145, 6.29794175720342, 6.3407198747577, 6.38332754272407, 6.42562534002155, 6.46747384565496, 6.50873363872167, 6.54926529841946, 6.58892915019281, 6.62758491176509, 6.665091356696, 6.70130597298151, 6.73608464346975, 6.76928130288482, 6.80074770518176, 6.83033335030365, 6.85788493097463, 6.88324634077787, 6.9062588274582, 6.92676083821359, 6.94458749080033, 6.95957069886162, 6.97153930637364, 6.98031904027602, 6.98573235650895, 6.98759832378644, 5.5809, 5.58262649673364, 5.5876662973975, 5.59588011098109, 5.60712864646278, 5.62127261280067, 5.63817271892302, 5.65768967371848, 5.67968418602668, 5.70401696462952, 5.73054871824379, 5.75914015551549, 5.78965198501632, 5.82194491524279, 5.85587965461804, 5.89131691149658, 5.92811739417181, 5.96614181088611, 6.00525086984296, 6.04530527922077, 6.08616574718757, 6.12769298191605, 6.16974769159824, 6.21219058445938, 6.25488236877048, 6.29768375285942, 6.34045544512052, 6.38305815402277, 6.42535258811696, 6.46719945604253, 6.50845946653445, 6.54899332843141, 6.588661489286, 6.62732376967056, 6.66483901528069, 6.70106474433384, 6.73585681730916, 6.76906908270548, 6.80055313597187, 6.83015824360777, 6.85773077208386, 6.88311419524182, 6.90614925316953, 6.92667379246541, 6.94452221921495, 6.95952562847521, 6.97151194321439, 6.98030586577752, 6.98572871871117, 6.98759832459308, 5.5809, 5.5826255450227, 5.58766262089718, 5.5958720661473, 5.60711471928542, 5.62125141880296, 5.63814300316053, 5.65765031077786, 5.67963418002405, 5.70395544920866, 5.73047495657401, 5.75905354028933, 5.78955203844722, 5.82183128906262, 5.85575213007473, 5.89117539935195, 5.92796193469954, 5.96597257387011, 6.00506815457611, 6.04510951450409, 6.08595749132985, 6.12747292273399, 6.16951664641705, 6.21194950011381, 6.25463232160628, 6.29742594873514, 6.3401912194096, 6.3827889716159, 6.42508004342471, 6.4669252729981, 6.50818549859673, 6.54872155858821, 6.58839402258057, 6.6270628140067, 6.66458685076027, 6.70082368140418, 6.73562914423331, 6.76885700177764, 6.80035869126677, 6.82998324605942, 6.85757670672865, 6.88298212772354, 6.90603974180837, 6.92658679534565, 6.94445698311307, 6.95948058194213, 6.97148459415183, 6.9802926978762, 6.98572508267174, 6.98759832539943, 5.5809, 5.58262459409773, 5.58765894742813, 5.59586402793752, 5.60710080356034, 5.62123024220948, 5.63811331176599, 5.65761098006879, 5.6795842149046, 5.70389398399871, 5.7304012550071, 5.7589669955104, 5.78945217301016, 5.82171775492791, 5.85562470860706, 5.89103400131797, 5.92780660026595, 5.96580347260195, 6.00488558543552, 6.04491390584947, 6.08574940091554, 6.12725303771035, 6.16928578333108, 6.21170860491021, 6.25438246962885, 6.29716834472861, 6.33992719752173, 6.38251999539983, 6.42480770584156, 6.46665129641977, 6.50791173480889, 6.54844998879359, 6.58812674998457, 6.62680204468687, 6.66433486305423, 6.70058278411886, 6.73540162417591, 6.76864506004272, 6.80016437101565, 6.82980835761543, 6.85742273487317, 6.88285013819408, 6.90593029335207, 6.92649984683734, 6.94439178248265, 6.95943555925452, 6.97145725918142, 6.98027953656997, 6.98572144839016, 6.98759832620547, 5.5809, 5.5826236439583, 5.58765527698871, 5.59585599634816, 5.60708689928139, 5.62120908301088, 5.63808364472632, 5.65757168157401, 5.67953429064643, 5.70383256897282, 5.73032761351099, 5.75888052114113, 5.78935238866197, 5.82160431278978, 5.85549739016038, 5.89089271733431, 5.92765139080508, 5.9656345070102, 6.00470316234451, 6.0447184531753, 6.0855414758584, 6.12703332675468, 6.16905510224616, 6.21146789875119, 6.25413281273819, 6.29691094073789, 6.33966337935375, 6.38225122527095, 6.42453557526431, 6.46637752620564, 6.50763817507133, 6.54817861895126, 6.58785967140609, 6.6265414616244, 6.66408305208203, 6.70034205240418, 6.73517425707069, 6.76843325744211, 6.79997017516767, 6.82963357823261, 6.85726885648157, 6.88271822662444, 6.90582090777797, 6.92641294692348, 6.94432661731165, 6.95939056040448, 6.97142993829863, 6.98026638185677, 6.98571781586588, 6.9875983270112, 5.5809, 5.58262271144837, 5.58765167468156, 5.59584811389616, 5.60707325327615, 5.62118831698262, 5.63805452914294, 5.65753311383979, 5.67948529510056, 5.70377229688749, 5.73025534308939, 5.75879565751521, 5.7892544638901, 5.82149298585436, 5.85537244696553, 5.89075407070372, 5.92749908048004, 5.96546869964801, 6.00452415151722, 6.04452665936891, 6.08533744647251, 6.12681773610264, 6.16882875155561, 6.21123171616511, 6.25388785331632, 6.29665838645847, 6.33940453911561, 6.38198753489581, 6.42426859749933, 6.46610895072613, 6.50736981848375, 6.54791242479641, 6.58759770286271, 6.6262858825069, 6.66383609632947, 6.70010598241273, 6.7349513113459, 6.7682255870287, 6.79977977148924, 6.82946219821956, 6.85711794760285, 6.88258883337263, 6.9057135836912, 6.92632766176368, 6.94426264599031, 6.95934637605763, 6.97140310985726, 6.98025347055933, 6.98571426653909, 6.98759835539108, 5.5809, 5.58262177973514, 5.58764807544651, 5.59584023815634, 5.60705961887392, 5.62116756858496, 5.63802543824054, 5.65749457874578, 5.67943634094894, 5.70371207563136, 5.73018313349886, 5.75871086517517, 5.7891566211979, 5.82138175201744, 5.85524760799909, 5.89061553942855, 5.92734689652061, 5.96530302943082, 6.00434528826959, 6.04433502311814, 6.08513358404557, 6.12660232112627, 6.16860258445691, 6.21099572417256, 6.2536430904612, 6.29640603357662, 6.33914590384948, 6.3817240516968, 6.42400182763028, 6.46584058226412, 6.50710166632301, 6.54764643065152, 6.58733592803082, 6.62603048892913, 6.66358931613006, 6.6998700762928, 6.73472851629596, 6.76801805282946, 6.79958948858119, 6.82929092284726, 6.85696712685364, 6.88245951165474, 6.90560631474029, 6.92624241585114, 6.94419869884842, 6.95930220195207, 6.97137627915573, 6.98024054626879, 6.98571069560655, 6.9875983560403, 5.5809, 5.58262085891168, 5.58764451824795, 5.5958324543437, 5.60704614352049, 5.6211470620757, 5.63799668627111, 5.65745649232131, 5.67938795638252, 5.70365255454221, 5.73011176281034, 5.75862705711255, 5.78905991328605, 5.82127180707849, 5.85512421415015, 5.89047861007955, 5.9271964703724, 5.96513927047357, 6.00416848578156, 6.04414559166489, 6.0849320634796, 6.12638937658713, 6.16837900637183, 6.21076242825741, 6.25340111772191, 6.29615655031091, 6.33889020164888, 6.38146354744897, 6.42373806352149, 6.46557522578197, 6.50683651025934, 6.54738339310556, 6.58707704522991, 6.62577789635358, 6.66334521810259, 6.69963670443339, 6.7345080772945, 6.76781267213322, 6.79940113829451, 6.82912134689192, 6.85681776601454, 6.88233141005095, 6.90550003181611, 6.9261579336144, 6.94413531079476, 6.959258406135, 6.97134967575324, 6.98022773414528, 6.98570716363353, 6.98759837044906, 5.5809, 5.58261993876284, 5.58764096365028, 5.59582467621289, 5.60703267798756, 5.62112657048637, 5.63796795518485, 5.65741843351013, 5.67933960682939, 5.70359307643932, 5.73004044355702, 5.75854330931313, 5.7889632747475, 5.82116194080809, 5.85500090835321, 5.89034177815728, 5.92704615091997, 5.96497562727853, 6.00399180782262, 6.0439562931111, 6.08473068369002, 6.12617658011097, 6.168155582949, 6.21052929281952, 6.2531593103937, 6.29590723641195, 6.33863467169563, 6.38120321715705, 6.42347447380821, 6.46531004276899, 6.50657152527561, 6.54712052269047, 6.58681832401223, 6.62552545823969, 6.66310126591591, 6.69940346843022, 6.73428776299669, 6.76760740403094, 6.79921288777581, 6.82895185741938, 6.85666847817788, 6.88220336803119, 6.90539379536125, 6.92607348530776, 6.94407194497855, 6.95921462197801, 6.97132307481564, 6.98021491696523, 6.98570362106783, 6.98759837104157, 5.5809, 5.5826190192671, 5.5876374115708, 5.59581690358373, 5.60701922196451, 5.6211060933463, 5.63793924432477, 5.65738040144596, 5.67929129119444, 5.70353363998248, 5.72996917414075, 5.75845961991124, 5.78886670344286, 5.82105215079029, 5.85487768791627, 5.89020504069749, 5.92689593493403, 5.9648120963619, 6.00381525066832, 6.04376712350892, 6.08452944052617, 6.12596392736819, 6.16793230970713, 6.21029631325655, 6.2529176637871, 6.29565808714047, 6.33837930924129, 6.38094305610743, 6.42321105385896, 6.46504502872651, 6.50630670706001, 6.54685781533867, 6.58655976061508, 6.62527317119348, 6.66285745661182, 6.69917036583113, 6.73406757152974, 6.76740224730581, 6.79902473654407, 6.82878245476748, 6.85651926458676, 6.88207538783365, 6.9052876087022, 6.92598907544268, 6.94400860719634, 6.95917085666636, 6.97129648502399, 6.9802021050161, 6.98570007991739, 6.9875983716638, 5.5809, 5.58261810042441, 5.58763386200926, 5.59580913645568, 5.60700577545041, 5.62108563065408, 5.63791055368892, 5.65734239612626, 5.67924300947447, 5.70347424516781, 5.72989795455692, 5.75837598890156, 5.78877019936611, 5.82094243701837, 5.85475455283191, 5.89006839769214, 5.92674582240594, 5.96464867771451, 6.00363881430906, 6.04357808284838, 6.08432833397778, 6.12575141834834, 6.16770918663576, 6.21006348955811, 6.25267617789198, 6.29540910248673, 6.33812411427667, 6.38068306429166, 6.42294780366623, 6.46478018364821, 6.50604205560757, 6.54659527104678, 6.58630135503687, 6.62502103521515, 6.66261379019225, 6.69893739663953, 6.73384750289813, 6.76719720196278, 6.79883668460406, 6.82861313894007, 6.85637012524342, 6.88194746945819, 6.90518147183591, 6.92590470401269, 6.94394529743788, 6.95912711018581, 6.97126990635995, 6.98018929827553, 6.98569654015603, 6.98759837228611, 5.5809, 5.58261718223465, 5.58763031496529, 5.59580137482795, 5.6069923384439, 5.62106518240768, 5.63788188327446, 5.65730441754731, 5.67919476166482, 5.70341489198965, 5.72982678479884, 5.75829241627634, 5.78867376250843, 5.82083279948245, 5.85463150308926, 5.8899318491294, 5.92659581332297, 5.96448537132282, 6.00346249873057, 6.04338917111462, 6.08412736402956, 6.12553905303585, 6.16748621371916, 6.20983082170854, 6.25243485269295, 6.29516028243582, 6.33786908678761, 6.38042324169656, 6.42268472321811, 6.46451550752369, 6.50577757090977, 6.54633288980846, 6.58604310727368, 6.6247690503034, 6.66237026665854, 6.69870456085926, 6.7336275571079, 6.76699226800964, 6.79864873196477, 6.82844390994679, 6.85622106015749, 6.88181961291397, 6.90507538477058, 6.92582037102471, 6.94388201570861, 6.95908338254022, 6.97124333882595, 6.98017649674474, 6.98569300178415, 6.98759837290856, 5.5809, 5.58261626469774, 5.58762677043854, 5.59579361869976, 5.60697891094363, 5.62104474860503, 5.63785323307854, 5.65726646570539, 5.6791465477608, 5.7033555804423, 5.72975566485976, 5.75820890202778, 5.78857739286094, 5.82072323817262, 5.85450853867738, 5.88979539499736, 5.92644590767232, 5.96432217717322, 6.00328630391853, 6.04320038829273, 6.08392653066612, 6.12532683141502, 6.16726339094152, 6.20959830969209, 6.2521936881745, 6.29491162697272, 6.33761422675979, 6.3801635883088, 6.42242181250253, 6.46425100034243, 6.50551325295793, 6.54607067161722, 6.58578501732151, 6.6245172164568, 6.66212688601188, 6.69847185849405, 6.73340773416496, 6.76678744545406, 6.79846087863509, 6.82827476779715, 6.85607206933854, 6.88169181821002, 6.90496934751431, 6.92573607648558, 6.94381876201388, 6.95903967373342, 6.97121678242434, 6.98016370042486, 6.98568946480204, 6.98759837353113, 5.5809, 5.58261534781358, 5.58762322842863, 5.59578586807029, 5.60696549294823, 5.62102432924408, 5.6378246030983, 5.65722854059674, 5.67909836775771, 5.70329631052005, 5.72968459473293, 5.75812544614803, 5.78848109041475, 5.82061375307892, 5.85438565958529, 5.88965903528405, 5.92629610544113, 5.96415909525203, 6.00311022985854, 6.0430117343677, 6.08372583387201, 6.1251147534701, 6.16704071828694, 6.2093659534929, 6.25195268432102, 6.29466313608231, 6.33735953417882, 6.37990410411496, 6.4221590715073, 6.4639866620938, 6.50524910174329, 6.54580861646647, 6.58552708517621, 6.62426553367383, 6.66188364825339, 6.69823928954752, 6.73318803407512, 6.76658273430362, 6.79827312462384, 6.82810571250062, 6.85592315279607, 6.88156408535536, 6.9048633600752, 6.92565182040213, 6.94375553635905, 6.95899598376921, 6.97119023715751, 6.98015090931708, 6.98568592921004, 6.98759837415383, 5.5809, 5.58261443158207, 5.5876196889352, 5.59577812293876, 5.60695208445631, 5.62100392432277, 5.63779599333088, 5.6571906422176, 5.67905022165082, 5.70323708221715, 5.72961357441153, 5.75804204862922, 5.7883848551609, 5.82050434419134, 5.85426286580196, 5.88952276997748, 5.92614640661647, 5.96399612554548, 6.00293427653612, 6.04282320932445, 6.08352527363166, 6.12490281918519, 6.16681819573938, 6.20913375309498, 6.2517118411168, 6.29441480974934, 6.33710500903017, 6.37964478910148, 6.42189650022014, 6.46372249276705, 6.50498511725693, 6.54554672434949, 6.58526931083351, 6.6240140019528, 6.66164055338402, 6.69800685402313, 6.73296845684409, 6.76637813456578, 6.7980854699397, 6.82793674406653, 6.85577431053948, 6.8814364143589, 6.90475742246123, 6.9255676027811, 6.94369233874941, 6.95895231265138, 6.97116370302779, 6.98013812342252, 6.98568239500846, 6.98759837477664, 5.5809, 5.58261351601036, 5.5876161519858, 5.5957703833654, 5.60693868557207, 5.62098353399942, 5.63776740399801, 5.65715277086131, 5.67900210981227, 5.70317789599073, 5.72954260444288, 5.75795871011301, 5.78828868783854, 5.82039501234865, 5.85414015826691, 5.88938660011806, 5.92599681233875, 5.96383326929207, 6.00275844528492, 6.04263481458788, 6.08332485145628, 6.12469103015184, 6.16659582496378, 6.20890171022867, 6.25147116034859, 6.29416664980697, 6.33685065318239, 6.37938564516031, 6.42163410054331, 6.46345849426076, 6.50472130137868, 6.54528499711126, 6.5850116960864, 6.62376262301641, 6.66139760303671, 6.69777455344757, 6.73274900387865, 6.76617364751679, 6.79789791572074, 6.82776786349013, 6.85562554341966, 6.88130880592878, 6.90465153524258, 6.9254834240627, 6.94362916950641, 6.95890866059702, 6.97113718016563, 6.9801253428059, 6.98567886222042, 6.98759837540847, 5.5809, 5.58261260110385, 5.58761261760127, 5.59576264939575, 5.60692529637424, 5.62096315839375, 5.63773883526731, 5.65711492674967, 5.67895403252347, 5.70311875218653, 5.72947168524094, 5.75787543108476, 5.78819258900685, 5.82028575818551, 5.85401753769115, 5.88925052649323, 5.92584732347124, 5.96367052742948, 6.00258273711488, 6.04244655123721, 6.08312456849071, 6.12447938757608, 6.16637360722208, 6.20866982620589, 6.25123064337151, 6.29391865764605, 6.3365964680538, 6.37912667372815, 6.42137187392216, 6.46319466801832, 6.50445765553869, 6.5450234361566, 6.58475424230146, 6.62351139817914, 6.66115479845913, 6.69754238898908, 6.7325296762571, 6.76596927413665, 6.79771046284246, 6.82759907153849, 6.85547685209356, 6.8811812606125, 6.90454569886038, 6.92539928458709, 6.94356602887732, 6.95886502777133, 6.97111066866756, 6.98011256751122, 6.98567533085617, 6.98759837604727, 5.5809, 5.58261168686359, 5.58760908578568, 5.59575492103874, 5.60691191687833, 5.62094279752945, 5.63771028717218, 5.65707710992709, 5.67890598984114, 5.70305965087465, 5.72940081689025, 5.75779221164431, 5.78809655878172, 5.82017658183449, 5.85389500422448, 5.88911454927043, 5.92569794019928, 5.96350790016111, 6.00240715224748, 6.04225841951197, 6.08292442499228, 6.1242678917327, 6.16615154280616, 6.20843810133498, 6.2509902905097, 6.29367083360571, 6.33634245399756, 6.37886787517121, 6.42110982073473, 6.46293101442834, 6.50419418013469, 6.54476204189086, 6.58449694988988, 6.62326032785585, 6.66091214006719, 6.69731036106146, 6.73231047438728, 6.76576501482276, 6.79752311168685, 6.82743036857261, 6.85532823689518, 6.88105377871064, 6.90443991357515, 6.92531518456786, 6.94350291702558, 6.95882141428811, 6.97108416860216, 6.98009979756995, 6.98567180092198, 6.98759837668972
0.01, 0.01, 0.01, 0.01, 0.01, 0.01, 0.01, 0.01, 0.01, 0.01, 0.01, 0.01, 0.01, 0.01, 0.01, 0.01, 0.01, 0.01, 0.01, 0.01, 0.01, 0.01, 0.01, 0.01, 0.01, 0.01, 0.01, 0.01, 0.01, 0.01, 0.01, 0.01, 0.01, 0.01, 0.01, 0.01, 0.01, 0.01, 0.01, 0.01, 0.01, 0.01, 0.01, 0.01, 0.01, 0.01, 0.01, 0.01, 0.01, 0.01, 0.01, 0.462902117096002, 0.896931299896067, 1.31208755466895, 1.70837088807367, 2.08578130709092, 2.4443188189362, 2.78398343095505, 3.10477515050154, 3.40669398480243, 3.68973994081036, 3.95391302505055, 4.19921324346646, 4.42564060127036, 4.63319510280526, 4.82187675142435, 4.99168554939371, 5.14262149782308, 5.27468459662792, 5.38787484452443, 5.48219223905767, 5.55763677666056, 5.61420845274053, 5.65190726178867, 5.67073319750574, 5.67068625293853, 5.65176642061999, 5.613973692707, 5.55730806111005, 5.48176951760994, 5.38735805395762, 5.27407366195404, 5.14191633350783, 4.99088606066929, 4.82098283563927, 4.63220665075219, 4.42455749843142, 4.19803537111531, 3.95264026115023, 3.68837216064557, 3.4052310612823, 3.10321695406287, 2.78232982898356, 2.44256967460114, 2.08393647745105, 1.70643022125175, 1.31005088579288, 0.894798445344545, 0.460672866320488, 0.00767410374405592, 0.01, 0.462871282818734, 0.89687526044881, 1.31201193904177, 1.70828132512824, 2.08568342555075, 2.44421824737903, 2.78388579780797, 3.10468608403948, 3.40661911315059, 3.68968489195098, 3.95388342683419, 4.19921472362787, 4.42567878744865, 4.6332756225678, 4.82200523229376, 4.99186761887691, 5.14286278344128, 5.27499072594641, 5.38825144518118, 5.4826449387896, 5.55817120332685, 5.61483023434246, 5.6526220264859, 5.67154657362922, 5.67160386900058, 5.65279390532239, 5.61511667494824, 5.55857216999297, 5.48316038245122, 5.38888130430076, 5.27573472939559, 5.14372002272801, 4.99283609311897, 4.82308139883063, 4.63445395686685, 4.42695139863413, 4.20057090657232, 3.9553092160918, 3.6911627587658, 3.40812754040198, 3.10619905842628, 2.78537244184945, 2.44564248682081, 2.08700374553377, 1.70945065948699, 1.31297735794502, 0.897577615130241, 0.463245035148997, 0.00997309839792043, 0.01, 0.462787777222876, 0.896714125829412, 1.31177905195665, 1.70798256210789, 2.08532466308466, 2.44380536190164, 2.78342466568476, 3.10418258155395, 3.40607911649269, 3.6891142772078, 3.95328806998364, 4.19860050053581, 4.42505157386994, 4.63264129415164, 4.82136966459308, 4.99123668736178, 5.14224236351569, 5.27438669296779, 5.38766967448178, 5.4820913056987, 5.557651583193, 5.61435050255468, 5.65218805849336, 5.67116424495874, 5.67127905527177, 5.65253248226064, 5.61492451839571, 5.55845515591839, 5.48312438695933, 5.38893220364258, 5.27587820140585, 5.14396111740915, 4.99317877623265, 4.82352810103942, 4.63500513213414, 4.42760513831834, 4.20132249035829, 3.9561506650863, 3.69208253152635, 3.40911010761236, 3.10722439478405, 2.78641565772738, 2.44667349721021, 2.08798702864594, 1.71034514886606, 1.31373613193249, 0.898147544729512, 0.463566620732537, 0.00998035612947262, 0.01, 0.462617855420387, 0.896386221910854, 1.31130510557906, 1.70737451287279, 2.08459445051024, 2.44296492539412, 2.78248594451007, 3.10315751481109, 3.40497964309021, 3.68795233584479, 3.9520755991367, 4.19734943845312, 4.42377385857341, 4.63134886344748, 4.82007445609098, 4.98995063850199, 5.14097741160314, 5.27315477521174, 5.3864827280392, 5.48096126771955, 5.55659039086532, 5.61337009314791, 5.65130036939827, 5.67038121372307, 5.6706126196312, 5.65199458016509, 5.61452708803182, 5.55821013572947, 5.48304371566457, 5.38902782025781, 5.27616164132784, 5.14444263740935, 4.99386642291345, 4.8244267907208, 4.63611574978696, 4.42892375007557, 4.20283942677669, 3.95784960861826, 3.69393989632126, 3.41109417126992, 3.10929426134517, 2.78852050633989, 2.44875190605693, 2.0899664818563, 1.71214181620825, 1.3152542352789, 0.899278639560636, 0.464189262684267, 0.00995986901980705, 0.01, 0.462447476695559, 0.896057435903282, 1.31082988370135, 1.70676482648191, 2.0838622708796, 2.44212222368483, 2.7815446917426, 3.10212968183854, 3.40387720057473, 3.68678725423851, 3.95085984866867, 4.19609498912338, 4.42249268015511, 4.63005292549753, 4.81877572796921, 4.98866108939836, 5.13970901057192, 5.27191949121126, 5.38529252997537, 5.4798281244912, 5.55552627140949, 5.61238696648322, 5.65041020466497, 5.6695959802188, 5.669944286842, 5.65145511779177, 5.61412846601257, 5.55796432425977, 5.48296268521649, 5.38912354160086, 5.27644568425182, 5.1449252983887, 4.99455579327085, 4.82532783643301, 4.63722941064919, 4.43024615228548, 4.20436096555142, 3.959554034601, 3.69580369563238, 3.41308569669136, 3.11137269512328, 2.79063510956041, 2.45084134160237, 2.09195832038369, 1.71395231557731, 1.31678770744357, 0.900426732382898, 0.464830626124153, 0.00995992290133779, 0.01, 0.462277250000345, 0.895728942825311, 1.31035508452364, 1.70615568143188, 2.08313074010119, 2.44128026720982, 2.78060426946225, 3.10110275347691, 3.40277572566509, 3.68562319210436, 3.9496451584106, 4.19484162961322, 4.421212610038, 4.62875810320257, 4.81747811172863, 4.98737263727466, 5.13844168049204, 5.27068524100625, 5.38410331742392, 5.47869590736491, 5.55446300751813, 5.61140461371802, 5.64952072103867, 5.66881132390135, 5.66927641619155, 5.65091599138105, 5.61373004265139, 5.557718563015, 5.4828815454313, 5.38921898291553, 5.27672926797099, 5.14540731782172, 4.99524434160411, 4.82622788645501, 4.63834191414442, 4.43156725269018, 4.20588107992491, 3.96125693896593, 3.69766590527317, 3.4150755967672, 3.11344950328013, 2.79274812601211, 2.45292927111196, 2.093948777301, 1.71576160299508, 1.31832018450227, 0.901574096375281, 0.465471578302068, 0.00995993594234773, 0.01, 0.462107174589371, 0.895400741255381, 1.30988070601736, 1.70554707515631, 2.08239985514, 2.44043905253461, 2.77966467390426, 3.10007672570034, 3.40167521414353, 3.68446014510181, 3.94843152396842, 4.19358935554418, 4.41993364392841, 4.62746439242293, 4.81618160345271, 4.98608527850668, 5.13717541810077, 5.26945202176467, 5.38291508805266, 5.47756461457754, 5.55340059806628, 5.61042303443474, 5.64863191887835, 5.66802724597545, 5.66860900979952, 5.65037720403669, 5.61333182210535, 5.55747285727471, 5.4828003027802, 5.38931415193389, 5.27701240154439, 5.14588870615452, 4.99593207980291, 4.82712695417406, 4.63945327520742, 4.43288706781698, 4.20739978805939, 3.96295834155282, 3.69952654680244, 3.41706389481625, 3.1155247109353, 2.79485958265403, 2.4550157234222, 2.09593788336029, 1.71756971116747, 1.31985170115257, 0.902720768264097, 0.466112158009894, 0.00995994903706438, 0.01, 0.461937250360984, 0.895072830997727, 1.30940674790018, 1.70493900729385, 2.0816696155632, 2.43959857916246, 2.77872590451549, 3.09905159790684, 3.40057566536678, 3.68329811255386, 3.94721894463891, 4.19233816619439, 4.41865578109338, 4.62617179242205, 4.81488620240887, 4.98479901237336, 5.13591022269611, 5.26821983281112, 5.38172784122035, 5.47643424552951, 5.55233904250363, 5.60944222813984, 5.6477437977548, 5.66724374608376, 5.66794206738797, 5.64983875556771, 5.61293380427796, 5.55722720704445, 5.48271895737835, 5.38940904888823, 5.27729508532597, 5.14636946386106, 4.99661900845621, 4.82802504028646, 4.64056349463004, 4.43420559853674, 4.20891709088547, 3.96465824333304, 3.70138562121201, 3.41905059183006, 3.11759831905909, 2.79696948041224, 2.45710069939097, 2.09792563932756, 1.71937664074488, 1.32138225790504, 0.903866748395092, 0.466752365402934, 0.0099599621244662, 0.01, 0.461767477212414, 0.894745211854455, 1.30893320988671, 1.70433147747928, 2.08094002093336, 2.43875884659137, 2.77778796073706, 3.09802736948826, 3.39947707868502, 3.68213709377671, 3.94600741971192, 4.19108806083498, 4.41737902079294, 4.62488030245656, 4.81359190785795, 4.98351383814739, 5.13464609357025, 5.26698867346492, 5.38054157628108, 5.47530479961735, 5.55127834027673, 5.60846219433756, 5.64685635723762, 5.66646082386884, 5.66727558868009, 5.64930064578556, 5.61253598907656, 5.55698161233512, 5.48263750934782, 5.38950367401944, 5.27757731968001, 5.14684959142758, 4.9973051281672, 4.82892214550484, 4.64167257322272, 4.43552284574128, 4.21043298935715, 3.96635664530383, 3.70324312952229, 3.42103568883153, 3.11967032865611, 2.79907782025002, 2.4591841999165, 2.09991204601231, 1.72118239242455, 1.32291185532057, 0.905012037167797, 0.467392200693904, 0.009959975204681, 0.01, 0.461597855040951, 0.894417883627779, 1.30846009169175, 1.70372448534757, 2.08021107081332, 2.43791985431965, 2.77685084201037, 3.09700403983676, 3.39837945344882, 3.68097708808693, 3.94479694847769, 4.18983903873749, 4.41610336228759, 4.6235899217835, 4.81229871906121, 4.98222975510186, 5.13338303001577, 5.26575854304577, 5.37935629258929, 5.47417627623787, 5.55021849083245, 5.60748293253244, 5.64596959689661, 5.66567847897344, 5.6666095733992, 5.64876287450175, 5.61213837640853, 5.55673607315755, 5.48255595881057, 5.38959802756825, 5.27785910497061, 5.14732908934002, 4.99799043953874, 4.82981827054147, 4.64278051179548, 4.43683881032192, 4.21194748442792, 3.96805354846199, 3.70509907275321, 3.42301918684313, 3.12174074073045, 2.80118460313024, 2.46126622589661, 2.10189710422372, 1.72298696690339, 1.32444049395972, 0.906156634981492, 0.468031664095319, 0.00995998827769001, 0.01, 0.461428383743928, 0.894090846120001, 1.30798739303019, 1.70311803053388, 2.07948276476607, 2.43708160184581, 2.77591454777707, 3.09598160834474, 3.39728278900898, 3.67981809480139, 3.94358753022675, 4.18859109917376, 4.41482880483809, 4.62230064966023, 4.81100663528019, 4.98094676251017, 5.13212103132552, 5.26452944087362, 5.37817198949968, 5.47304867478814, 5.54915949361782, 5.60650444222915, 5.64508351630172, 5.66489671104039, 5.66594402126865, 5.6482254415278, 5.61174096618117, 5.5564905895225, 5.4824743058884, 5.38969210977514, 5.27814044156153, 5.14780795808398, 4.9986749431733, 4.83071341610817, 4.64388731115786, 4.4381534931695, 4.2134605770508, 3.9697489538038, 3.70695345192423, 3.42500108688685, 3.12380955628584, 2.80328983001537, 2.46334677822875, 2.10388081477061, 1.72479036487807, 1.32596817438287, 0.907300542235328, 0.468670755819634, 0.00996000134348984, 0.01, 0.461259063218736, 0.893764099133534, 1.30751511361709, 1.70251211267354, 2.07875510235487, 2.43624408866864, 2.77497907747912, 3.09496007440499, 3.39618708471672, 3.67866011323734, 3.94237916425003, 4.18734424141604, 4.41355534770564, 4.6210124853445, 4.80971565577686, 4.97966485964611, 5.13086009679276, 5.2633013662688, 5.37698866636729, 5.47192199466555, 5.54810134808022, 5.60552672293266, 5.64419811502314, 5.66411551971275, 5.66527893201198, 5.64768834667538, 5.61134375830189, 5.55624516144071, 5.48239255070307, 5.38978592088052, 5.27842132981641, 5.14828619814484, 4.99935863967307, 4.83160758291644, 4.64499297211904, 4.43946689517451, 4.21497226817841, 3.97144286232517, 3.70880626805443, 3.42698138998433, 3.12587677632561, 2.80539350186756, 2.46542585781012, 2.10586317846161, 1.72659258704506, 1.32749489715026, 0.908443759328359, 0.469309476079262, 0.00996001440209943, 0.01, 0.461089893362812, 0.893437642470876, 1.30704325316765, 1.70190673140205, 2.07802808314317, 2.43540731428716, 2.77404443055873, 3.09393943741051, 3.39509233992349, 3.6775031427123, 3.94117184983877, 4.18609846473688, 4.41228299015174, 4.61972542809439, 4.80842577981347, 4.97838404578375, 5.129600225711, 5.26207431855191, 5.37580632254741, 5.47079623526769, 5.54704405366718, 5.60454977414806, 5.64331339263116, 5.66333490463362, 5.66461430535274, 5.64715158975608, 5.61094675267797, 5.55599978892282, 5.48231069337615, 5.38987946112451, 5.27870177009853, 5.14876381000759, 5.00004152963981, 4.83250077167731, 4.6460974954877, 4.44077901722687, 4.21648255876283, 3.97313527502148, 3.71065752216237, 3.4289600971567, 3.12794240185268, 2.80749561964854, 2.46750346553752, 2.10784419610498, 1.72839363410051, 1.32902066282186, 0.909586286659461, 0.469947825086509, 0.00996002745350011, 0.01, 0.460920874073645, 0.893111475934628, 1.3065718113972, 1.70130188635511, 2.07730170669463, 2.43457127820062, 2.77311060645838, 3.09291969675464, 3.39399855398108, 3.67634718254416, 3.93996558628456, 4.1848537684092, 4.41101173143824, 4.61843947716833, 4.80713700665267, 4.97710432019754, 5.12834141737412, 5.26084829704387, 5.37462495739563, 5.46967139599247, 5.54598760982653, 5.6035735953807, 5.64242934869629, 5.66255486544629, 5.66395014101461, 5.64661517058162, 5.61054994921678, 5.55575447197944, 5.48222873402914, 5.38997273074711, 5.27898176277099, 5.14924079415698, 5.00072361367498, 4.83339298310145, 4.64720088207214, 4.44208986021613, 4.21799144975576, 3.9748261928877, 3.71250721526621, 3.43093720942472, 3.13000643386956, 2.8095961843197, 2.46957960230745, 2.10982386850872, 1.7301935067404, 1.33054547195752, 0.910728124627415, 0.470585803053648, 0.00996004049771188, 0.01, 0.460752005248776, 0.892785599327488, 1.3061007880212, 1.70069757716858, 2.07657597257314, 2.43373597990855, 2.77217760462085, 3.09190085183101, 3.39290572624162, 3.67519223205115, 3.93876037287933, 4.18361015170627, 4.40974157082739, 4.61715463182512, 4.80584933555743, 4.97582568216227, 5.12708367107634, 5.25962330106594, 5.37344457026787, 5.46854747623805, 5.54493201600631, 5.60259818613616, 5.64154598278921, 5.66177540179417, 5.66328643872137, 5.64607908896374, 5.61015334782564, 5.55550921062109, 5.48214667278339, 5.39006572998813, 5.27926130819663, 5.14971715107742, 5.00140489237966, 4.83428421789914, 4.64830313268021, 4.44339942503135, 4.21949894210839, 3.97651561691832, 3.71435534838366, 3.43291272780872, 3.13206887337837, 2.81169519684206, 2.47165426901605, 2.11180219648055, 1.73199220566043, 1.33206932511686, 0.911869273630845, 0.471223410192854, 0.00996005353472201, 0.01, 0.460583286785795, 0.892460012452255, 1.30563018275529, 1.70009380347851, 2.07585088034279, 2.43290141891071, 2.77124542448916, 3.09088290203355, 3.39181385605753, 3.6740382905518, 3.93755620891536, 4.18236761390171, 4.40847250758176, 4.61587089132391, 4.80456276579109, 4.97454813095308, 5.12582698611219, 5.25839932993968, 5.37226516052032, 5.46742447540289, 5.54387727165483, 5.60162354592022, 5.6406632944808, 5.66099651332084, 5.66262319819689, 5.64554334471425, 5.60975694841189, 5.55526400485829, 5.48206450976017, 5.39015845908721, 5.27954040673807, 5.15019288125306, 5.00208536635461, 4.83517447678027, 4.64940424811936, 4.44470771256117, 4.22100503677149, 3.97820354810739, 3.71620192253199, 3.4348866533286, 3.13412972138085, 2.81379265817627, 2.47372746655919, 2.1137791808279, 1.7337897315561, 1.33359222285935, 0.913009734068276, 0.471860646716267, 0.00996006656455239, 0.01, 0.460414718582344, 0.892134715111819, 1.30515999531521, 1.69949056492114, 2.07512642956789, 2.43206759470709, 2.77031406550661, 3.08986584675647, 3.39072294278156, 3.67288535736499, 3.93635309368527, 4.1811261542695, 4.40720454096428, 4.61458825492421, 4.80327729661733, 4.97327166584542, 5.12457136177653, 5.25717638298695, 5.37108672750946, 5.46630239288568, 5.54282337622064, 5.60064967423883, 5.63978128334206, 5.66021819966996, 5.66196041916513, 5.64500793764496, 5.60936075088285, 5.55501885470142, 5.48198224508059, 5.39025091828379, 5.27981905875765, 5.15066798516772, 5.00276503620022, 4.83606376045432, 4.65050422919656, 4.44601472369375, 4.22250973469534, 3.97988998744849, 3.718046938728, 3.43685898700382, 3.13618897887829, 2.81588856928258, 2.47579919583233, 2.11575482235788, 1.73558608512259, 1.33511416574421, 0.914149506338051, 0.472497512835914, 0.00996007958718137, 0.01, 0.460246300536112, 0.891809707109168, 1.30469022541686, 1.69888786113286, 2.07440261981296, 2.43123450679794, 2.76938352711679, 3.08884968539429, 3.38963298576674, 3.67173343180992, 3.935151026482, 4.17988577208394, 4.40593767023821, 4.61330672188584, 4.80199292730017, 4.97199628611509, 5.12331679736455, 5.25595445952992, 5.36990927059206, 5.4651812280854, 5.5417703291525, 5.5996765705982, 5.63889994894421, 5.65944046048538, 5.66129810135013, 5.64447286756776, 5.60896475514584, 5.55477376016088, 5.48189987886567, 5.39034310781713, 5.28009726461749, 5.15114246330493, 5.00344390251653, 4.83695206963038, 4.65160307671839, 4.44732045931683, 4.22401303682976, 3.98157493593477, 3.71989039798808, 3.43882972985343, 3.13824664687162, 2.81798293112091, 2.47786945773064, 2.11772912187734, 1.73738126705492, 1.33663515433053, 0.915288590838424, 0.473134008763786, 0.0099600926026196, 0.01, 0.460078032544842, 0.891484988247389, 1.30422087277627, 1.69828569175026, 2.07367945064274, 2.43040215468375, 2.76845380876354, 3.0878344173418, 3.38854398436646, 3.67058251320612, 3.93395000659886, 4.17864646661969, 4.40467189466721, 4.61202629146902, 4.80070965710397, 4.97072199103825, 5.12206329217177, 5.2547335588911, 5.36873278912518, 5.46406098040129, 5.54071812989943, 5.59870423450472, 5.63801929085863, 5.65866329541105, 5.66063624447604, 5.64393813429458, 5.60856896110817, 5.55452872124694, 5.4818174112363, 5.39043502792632, 5.28037502467945, 5.1516163161479, 5.00412196590322, 4.83783940501714, 4.65270079149098, 4.44862492031765, 4.22551494412415, 3.98325839455888, 3.72173230132815, 3.44079888289604, 3.14030272636136, 2.8200757446508, 2.47993825314895, 2.11970208019284, 1.73917527804782, 1.33815518917719, 0.916426987967504, 0.473770134711805, 0.00996010561087812, 0.01, 0.459909914506328, 0.891160558329668, 1.30375193710961, 1.6976840564101, 2.07295692162218, 2.42957053786526, 2.76752490989099, 3.08682004199412, 3.3874559379344, 3.66943260087345, 3.93275003332949, 4.17740823715177, 4.40340721351525, 4.61074696293431, 4.79942748529348, 4.96944877989137, 5.12081084549405, 5.2535136803933, 5.3675572824662, 5.46294164923287, 5.53966677791071, 5.59773266546501, 5.63713930865687, 5.65788670409107, 5.65997484826709, 5.6434037376374, 5.60817336867716, 5.55428373796986, 5.48173484231325, 5.39052667885027, 5.28065233930516, 5.15208954417957, 5.00479922695965, 4.83872576732291, 4.65379737432006, 4.44992810758306, 4.22701545752741, 3.98494036431305, 3.7235726497637, 3.44276644714986, 3.14235721834762, 2.82216701083141, 2.48200558298176, 2.12167369811063, 1.7409681187958, 1.33967427084286, 0.917564698123256, 0.4744058908918, 0.00996011861194374, 0.01, 0.459741946318412, 0.890836417159284, 1.3032834181332, 1.69708295474933, 2.07223503231645, 2.42873965584344, 2.76659682994351, 3.08580655874664, 3.38636884582455, 3.66828369413211, 3.93155110596787, 4.17617108295556, 4.40214362604668, 4.60946873554262, 4.79814641113376, 4.96817665195131, 5.11955945662756, 5.25229482335963, 5.36638274997279, 5.46182323397994, 5.53861627263586, 5.5967618629859, 5.63626000191068, 5.65711068616968, 5.65931391244765, 5.64286967740826, 5.60777797776013, 5.55403881033984, 5.48165217221721, 5.39061806082771, 5.28092920885602, 5.15256214788258, 5.00547568628482, 4.83961115725562, 4.65489282601091, 4.45123002199944, 4.22851457798803, 3.98662084618907, 3.72541144430978, 3.44473242363267, 3.14441012383013, 2.82425673062154, 2.48407144812325, 2.12364397643671, 1.74275978999312, 1.34119239988606, 0.918701721703541, 0.475041277515566, 0.00996013160583653, 0.01, 0.459574127878986, 0.890512564539614, 1.30281531556348, 1.69648238640505, 2.07151378229091, 2.42790950811953, 2.76566956836578, 3.08479396699504, 3.38528270739123, 3.66713579230262, 3.93035322380831, 4.17493500330675, 4.40088113152617, 4.60819160855519, 4.79686643389021, 4.9669056064952, 5.11830912486879, 5.25107698711353, 5.36520919100286, 5.46070573404252, 5.5375666135246, 5.59579182657441, 5.63538137019195, 5.65633524129125, 5.6586534367421, 5.6423359534192, 5.60738278826435, 5.55379393836699, 5.48156940106869, 5.39070917409718, 5.28120563369315, 5.15303412773923, 5.00615134447734, 4.84049557552275, 4.65598714736838, 4.45253066445268, 4.23001230645398, 3.98829984117823, 3.72724868598098, 3.44669681336178, 3.14646144380817, 2.8263449049796, 2.48613584946723, 2.12561291597673, 1.74455029233377, 1.34270957686507, 0.919838059106045, 0.475676294794783, 0.00996014459253319, 0.01, 0.459406459085996, 0.890189000274136, 1.30234762911707, 1.69588235101457, 2.07079317111116, 2.42708009419498, 2.76474312460273, 3.08378226613534, 3.38419752198906, 3.66598889470582, 3.92915638614548, 4.1736999974814, 4.39961972921879, 4.60691558123366, 4.79558755282863, 4.96563564280057, 5.11705984951459, 5.24986017097873, 5.36403660491468, 5.45958914882097, 5.53651780002694, 5.5948225557378, 5.63450341307278, 5.6555603691003, 5.65799342087498, 5.64180256548235, 5.60698780009714, 5.55354912206138, 5.48148652898813, 5.39080001889706, 5.28148161417746, 5.15350548423156, 5.00682620213552, 4.84137902283146, 4.6570803391969, 4.45383003582829, 4.23150864387283, 3.98997735027139, 3.72908437579146, 3.44865961735414, 3.14851117928069, 2.82843153486366, 2.48819878790721, 2.1275805175361, 1.74633962651156, 1.34422580233802, 0.920973710728364, 0.476310942941107, 0.00996015757205199, 0.01, 0.459238939837436, 0.88986572416642, 1.30188035851068, 1.69528284821537, 2.070073198343, 2.42625141357153, 2.76381749809957, 3.08277145556379, 3.38311328897299, 3.66484300066292, 3.9279605922744, 4.17246606475594, 4.39835941838992, 4.60564065283998, 4.79430976721512, 4.96436676014528, 5.11581162986214, 5.24864437427932, 5.3628649910668, 5.45847347771588, 5.53546983159313, 5.59385404998353, 5.63362613012544, 5.65478606924147, 5.65733386457092, 5.64126951340989, 5.60659301316582, 5.55330436143305, 5.48140355609585, 5.39089059546554, 5.28175715066962, 5.15397621784132, 5.00750025985733, 4.84226149988847, 4.65817240230049, 4.45512813701128, 4.23300359119167, 3.99165337445897, 3.73091851475494, 3.45062083662625, 3.15055933124619, 2.8305166212314, 2.49026026433637, 2.12954678191994, 1.74812779322002, 1.34574107686284, 0.922108676967942, 0.476945222166103, 0.00996017054439097, 0.01, 0.459071570031349, 0.889542736020132, 1.30141350346118, 1.6946838776451, 2.06935386355245, 2.4254234657511, 2.76289268830177, 3.08176153467698, 3.38203000769826, 3.66369810949538, 3.92676584149038, 4.17123320440709, 4.39710019830531, 4.60436682263646, 4.79303307631614, 4.96309895780748, 5.11456446520889, 5.24742959633964, 5.36169434881801, 5.45735872012809, 5.53442270767362, 5.59288630881925, 5.63274952092233, 5.65401234135954, 5.65667476755461, 5.640736797014, 5.60619842737764, 5.55305965649191, 5.48132048251202, 5.39098090404062, 5.28203224353001, 5.1544463290499, 5.00817351824032, 4.84314300740012, 4.65926333748271, 4.45642496888622, 4.23449714935714, 3.99332791473089, 3.73275110388468, 3.45258047219417, 3.15260590070278, 2.83260016504015, 2.49232027964754, 2.13151170993305, 1.74991479315242, 1.34725540099727, 0.923242958222093, 0.477579132681272, 0.00996018350955347, 0.01, 0.458904349565833, 0.889220035639043, 1.3009470636856, 1.69408543894159, 2.06863516630574, 2.42459625023593, 2.76196869465508, 3.08075250287178, 3.38094767752044, 3.66255422052509, 3.92557213308914, 4.17000141571199, 4.39584206823107, 4.60309408988579, 4.79175747939852, 4.96183223506575, 5.1133183548527, 5.2462158364844, 5.36052467752746, 5.45624487545877, 5.53337642771915, 5.59191933175287, 5.63187358503612, 5.65323918509945, 5.65601612955087, 5.64020441610699, 5.60580404263993, 5.55281500724791, 5.48123730835675, 5.39107094486016, 5.28230689311887, 5.15491581833848, 5.00884597788179, 4.84402354607238, 4.66035314554673, 4.45772053233728, 4.23598931931542, 3.9950009720767, 3.73458214419354, 3.45453852507356, 3.15465088864819, 2.83468216724687, 2.49437883473324, 2.13347530237997, 1.75170062700185, 1.34876877529886, 0.924376554888011, 0.478212674698052, 0.00996019646754576, 0.01, 0.45873727833903, 0.888897622827012, 1.30048103890107, 1.69348753174285, 2.06791710616931, 2.42376976652844, 2.76104551660552, 3.07974435954535, 3.37986629779542, 3.66141133307418, 3.92437946636667, 4.16877069794808, 4.39458502743363, 4.60182245385098, 4.79048297572939, 4.96056659119891, 5.1120732980917, 5.24500309403858, 5.35935597655456, 5.45513194310931, 5.53233099118068, 5.59095311829246, 5.63099832203955, 5.65246660010624, 5.65535795028459, 5.63967237050112, 5.60540985885997, 5.55257041371085, 5.48115403374998, 5.3911607181618, 5.28258109979608, 5.15538468618788, 5.00951763937862, 4.84490311661079, 4.66144182729526, 4.45901482824812, 4.23748010201224, 3.99667254748541, 3.73641163669388, 3.45649499627965, 3.15669429607973, 2.83676262880812, 2.49643593048563, 2.13543756006494, 1.75348529546109, 1.35028120032497, 0.925509467362739, 0.478845848427799, 0.00996020941836534, 0.01, 0.458570356249138, 0.888575497387997, 1.30001542882489, 1.69289015568708, 2.06719968270981, 2.42294401413132, 2.76012315359938, 3.07873710409513, 3.37878586787936, 3.66026944646515, 3.92318784061935, 4.16754105039315, 4.3933290751798, 4.60055191379538, 4.78920956457627, 4.95930202548618, 5.11082929422434, 5.24379136832747, 5.358188245259, 5.45401992248135, 5.53128639750939, 5.58998766794631, 5.6301237315056, 5.65169458602509, 5.65470022948074, 5.63914066000876, 5.60501587594501, 5.55232587589051, 5.48107065881154, 5.39125022418299, 5.28285486392134, 5.1558529330786, 5.01018850332734, 4.84578171972051, 4.66252938353059, 4.46030785750195, 4.23896949839285, 3.99834264194559, 3.73823958239763, 3.45844988682722, 3.1587361239943, 2.8388415506801, 2.49849156779655, 2.13739848379188, 1.7552687992227, 1.35179267663276, 0.926641696043182, 0.479478654081794, 0.00996022236200073, 0.01, 0.458403583194402, 0.888253659126056, 1.2995502331745, 1.69229331041263, 2.06648289549411, 2.4221189925475, 2.75920160508321, 3.0777307359189, 3.37770638712881, 3.65912856002084, 3.92199725514389, 4.16631247232536, 4.39207421073675, 4.59928246898273, 4.78793724520702, 4.95803853720713, 5.10958634254947, 5.24258065867672, 5.35702148300081, 5.45290881297688, 5.53024264615675, 5.58902298022295, 5.62924981300742, 5.65092314250137, 5.65404296686443, 5.63860928444231, 5.60462209380238, 5.55208139379664, 5.4809871836612, 5.39133946316108, 5.28312818585412, 5.15632055949092, 5.01085857032418, 4.84665935610633, 4.6636158150546, 4.46159962098159, 4.24045750940208, 4.00001125644542, 3.74006598231633, 3.46040319773066, 3.16077637338844, 2.84091893381868, 2.50054574755752, 2.13935807436448, 1.75705113897903, 1.35330320477923, 0.927773241326148, 0.48011109187128, 0.00996023529846934, 0.01, 0.458237658051839, 0.887933458274117, 1.29908740601774, 1.69169950630153, 2.06576976369798, 2.42129818222656, 2.75828476526101, 3.07672951545637, 3.37663243470129, 3.65799352409962, 3.92081278398341, 4.16509021395744, 4.39082581297267, 4.59801957942348, 4.78667151126192, 4.95678160612022, 5.10834986143271, 5.24137627454857, 5.35586084282847, 5.4518035637204, 5.52920443481299, 5.5880634538677, 5.62838061883435, 5.65015592785677, 5.65338937927736, 5.63808097165024, 5.60423070377311, 5.55183857474772, 5.48090458407861, 5.39142873181945, 5.28340063573989, 5.15678636146337, 5.0115258147667, 4.84753313098645, 4.66469731036158, 4.4628853429056, 4.24193834742519, 4.00167154397557, 3.74188288247865, 3.4623458204824, 3.16280500419747, 2.84298429524275, 2.50258803406973, 2.14130643355605, 1.75882344415701, 1.35480543201976, 0.928898758468334, 0.480740315235848, 0.00996039006120875, 0.01, 0.458071882183317, 0.887613545045623, 1.29862499390922, 1.69110623373893, 2.06505726902611, 2.42047810368129, 2.75736874094166, 3.0757291832998, 3.37555943245899, 3.65685948931915, 3.91962935399575, 4.16386902587118, 4.38957850367601, 4.59675778559458, 4.78540686938744, 4.95552575252169, 5.10711443229969, 5.24017290597719, 5.35470117086368, 5.45069922439996, 5.52816706421141, 5.58710468813834, 5.62751209424831, 5.64938928083762, 5.65273624643124, 5.63755298979147, 5.60383950994611, 5.55159580624638, 5.48082187846498, 5.39151772694395, 5.28367263622588, 5.15725153496188, 5.01219225338032, 4.84840592927114, 4.66577766995575, 4.46416978676554, 4.24341778632135, 4.00333033613357, 3.74369821958272, 3.46428684423749, 3.16483203366666, 2.84504808910856, 2.50462882564582, 2.14325341108289, 1.76059452312682, 1.3563066326301, 0.930023494899973, 0.481369051997279, 0.00996040206910942, 0.01, 0.457906251591565, 0.88729391173734, 1.29816298573105, 1.69051347848356, 2.0643453944052, 2.41965873729763, 2.75645351026164, 3.07472971562751, 3.37448735491329, 3.65572642881524, 3.9184469372324, 4.16264887932498, 4.3883322536034, 4.59549705804213, 4.78414329021039, 4.95427094741033, 5.10588002681242, 5.2389705255791, 5.35354244096867, 5.44959577041476, 5.52713051157943, 5.58614666238177, 5.62664422100695, 5.64862318590356, 5.65208355577894, 5.63702532960339, 5.60344850663456, 5.55135308647288, 5.48073906915895, 5.39160645532285, 5.28394419883838, 5.15771609653331, 5.01285790801156, 4.84927777838326, 4.6668569271089, 4.4654529919502, 4.24489587186173, 4.0049876853386, 3.74551205296011, 3.4662263355038, 3.16685753574578, 2.84711039707315, 2.50666821191479, 2.14519910481092, 1.76236448225643, 1.35780692174517, 0.931147574787413, 0.481997435617838, 0.00996041434536016, 0.01, 0.457740766187719, 0.886974558178087, 1.29770138123628, 1.68992124021925, 2.0636341394564, 2.4188400826406, 2.75553907273638, 3.07373111191189, 3.37341620150013, 3.65459434199386, 3.91726553307592, 4.16142977368457, 4.38708706211026, 4.59423739611778, 4.78288077308524, 4.95301719014992, 5.10464664435059, 5.23776913275639, 5.35238465257451, 5.44849320123137, 5.5260947764257, 5.58518937615525, 5.62577699872266, 5.64785764272868, 5.65143130706282, 5.63649799090315, 5.60305769373693, 5.55111041541359, 5.4806561562413, 5.39169491713793, 5.28421532386381, 5.15818004656657, 5.01352277914641, 4.85014867889793, 4.66793508247348, 4.46673495917294, 4.24637260480163, 4.00664359236912, 3.74732438339253, 3.46816429504586, 3.16888151116333, 2.84917121981004, 2.50870619347536, 2.14714351524434, 1.76413332193592, 1.35930629962076, 0.932270998231161, 0.482625466021303, 0.00996042661525287, 0.01, 0.457575425878565, 0.886655484188395, 1.29724018016614, 1.68932951861491, 2.06292350378324, 2.41802213925532, 2.75462542785957, 3.07273337160212, 3.37234597163115, 3.65346322823609, 3.9160851408838, 4.16021170829078, 4.38584292852772, 4.59297879914995, 4.7816193173446, 4.95176448008429, 5.10341428427615, 5.23656872689613, 5.35122780510033, 5.44739151630798, 5.52505985825438, 5.58423282901586, 5.62491042701245, 5.64709265099685, 5.65077950004056, 5.63597097352922, 5.60266707117946, 5.55086779308942, 5.48057313983462, 5.3917831126204, 5.28448601164607, 5.15864338551655, 5.01418686734572, 4.85101863147449, 4.66901213679592, 4.46801568925131, 4.24784798601114, 4.00829805812947, 3.74913521179902, 3.4701007237774, 3.17090396080937, 2.85123055816699, 2.51074277111362, 2.14908664308836, 1.76590104277031, 1.36080476674201, 0.933393765575939, 0.483253143390915, 0.00996043887921927, 0.01, 0.457410230570936, 0.886336689588887, 1.29677938226201, 1.68873831333962, 2.06221348698944, 2.41720490668714, 2.75371257512512, 3.07173649414768, 3.3712766647183, 3.65233308692333, 3.91490576001383, 4.15899468248475, 4.38459985218725, 4.59172126646736, 4.78035892232145, 4.95051281655758, 5.10218294595138, 5.23536930738569, 5.35007189796555, 5.44629071510298, 5.52402575656983, 5.58327702052091, 5.62404450549348, 5.64632821039205, 5.65012813446993, 5.6354442773201, 5.60227663888833, 5.55062521952123, 5.48049002006137, 5.39187104200128, 5.2847562625288, 5.15910611383785, 5.01485017317001, 4.85188763677191, 4.6700880908222, 4.46929518300236, 4.24932201635989, 4.00995108352347, 3.75094453909811, 3.47203562261167, 3.17292488557345, 2.85328841299131, 2.51277794561522, 2.15102848904768, 1.76766764536419, 1.36230232359362, 0.934515877166015, 0.483880467909469, 0.0099604511372533, 0.01, 0.457245180171697, 0.886018174200248, 1.29631898726535, 1.68814762406255, 2.0615040886789, 2.41638838448157, 2.75280051402713, 3.07074047899818, 3.37020828017372, 3.65120391743717, 3.913727389824, 4.15777869560784, 4.38335783242051, 4.59046479739895, 4.77909958734892, 4.94926219891411, 5.10095262873873, 5.23417087361259, 5.34891693058972, 5.44519079707491, 5.52299247087651, 5.58232195022773, 5.62317923378293, 5.64556432059826, 5.64947721010865, 5.63491790211421, 5.60188639678962, 5.55038269472969, 5.48040679704378, 5.39195870551132, 5.28502607685535, 5.15956823198469, 5.01551269717937, 4.8527556954487, 4.67116294529786, 4.47057344124273, 4.25079469671703, 4.01160266945452, 3.75275236620793, 3.47396899246155, 3.17494428634481, 2.85534478512999, 2.51481171776553, 2.15296905382681, 1.76943313032197, 1.36379897066014, 0.935637333345565, 0.484507439759707, 0.00996046338933326, 0.01, 0.457080274138256, 0.88569993697545, 1.29585899366284, 1.68755744884228, 2.06079530652018, 2.41557256995539, 2.75188924156871, 3.06974532288124, 3.36914081448764, 3.65007571606862, 3.91255002644429, 4.15656374366711, 4.3821168651498, 4.58920938782041, 4.77784130829426, 4.94801262305079, 5.09972332860295, 5.23297342164757, 5.34776289918771, 5.44409175862092, 5.521959997792, 5.58136761501247, 5.62231460905366, 5.6448009791232, 5.64882672483746, 5.63439184620346, 5.60149634362455, 5.55014021794349, 5.48032347053617, 5.39204610346859, 5.28529545554284, 5.16002974150274, 5.01617444157425, 4.8536228103838, 4.67223670380016, 4.47185046826328, 4.25226603209973, 4.01325282167898, 3.75455869951339, 3.47590084010879, 3.1769621700714, 2.85739968146631, 2.5168440941515, 2.15490834348485, 1.77119750294336, 1.36529471224994, 0.936758137198758, 0.485134060568302, 0.00996047557101654, 0.01, 0.456915509361307, 0.885381971915532, 1.29539939278552, 1.68696777655949, 2.06008712716328, 2.4147574477475, 2.75097874059735, 3.06875100707256, 3.36807424758365, 3.64894846160877, 3.91137364775287, 4.1553498038475, 4.38087692708644, 4.58795501418904, 4.77658406158035, 4.94676406557573, 5.09849502255695, 5.23177692912796, 5.34660978224086, 5.44299357928599, 5.52092831814452, 5.58041399720619, 5.62145061535918, 5.64403817196246, 5.64817666681362, 5.6338661001264, 5.60110647253259, 5.54989778512265, 5.48024003953872, 5.39213323813313, 5.28556440431276, 5.16049065173979, 5.01683541946346, 4.85448899855415, 4.67330938724872, 4.47312628896435, 4.25373605140424, 4.01490157310343, 3.75636357527659, 3.47783120386715, 3.17897857583556, 2.8594531405744, 2.518875111563, 2.15684639176455, 1.77296079267282, 1.36678957225829, 0.937878305813008, 0.485760339351486, 0.00996048736180927, 0.01, 0.456750882630773, 0.885064272831298, 1.29494017569604, 1.68637859575962, 2.05937953686739, 2.41394300206184, 2.75006899349267, 3.0677575123584, 3.36700855888554, 3.64782213234994, 3.91019823114155, 4.15413685287119, 4.37963799451392, 4.58670165258057, 4.7753278233061, 4.94551650284192, 5.09726768743874, 5.2305813736077, 5.34545755824997, 5.44189623874865, 5.51989741302126, 5.57946107953568, 5.62058723729679, 5.64327588581475, 5.64752702506822, 5.63334065547741, 5.60071677790236, 5.54965539368097, 5.48015650472137, 5.39222011366192, 5.28583293103732, 5.16095097450573, 5.01749564681382, 4.85535428030031, 4.67438102057085, 4.47440093250058, 4.25520478708962, 4.01654895856633, 3.75816702979092, 3.47976012056148, 3.18099354007174, 2.86150519757628, 2.52090480288682, 2.15878322839472, 1.77472302515843, 1.36828357132934, 0.938997853904716, 0.486386283973752, 0.00996049885004457, 0.01, 0.456586391085678, 0.884746834207766, 1.29448133443237, 1.68578989624057, 2.05867252339731, 2.41312921883703, 2.74915998457409, 3.06676482164591, 3.36594373009522, 3.64669670899567, 3.90902375652245, 4.15292487006585, 4.37840004638241, 4.5854492817746, 4.77407257228745, 4.94426991390858, 5.09604130275773, 5.22938673525331, 5.3443062082456, 5.44079971911045, 5.51886726580168, 5.57850884686521, 5.61972446142253, 5.64251410913481, 5.64687779016159, 5.6328155051294, 5.60032725512625, 5.54941304173728, 5.48007286713634, 5.39230673424755, 5.28610104324519, 5.1614107208382, 5.01815513832683, 4.85621867412644, 4.67545162619287, 4.47567442486845, 4.25667226791269, 4.01819500877296, 3.75996909490131, 3.48168762237573, 3.18300709451465, 2.8635558829721, 2.52293319660314, 2.16071887905639, 1.77648422250817, 1.36977672722401, 0.940116794109815, 0.487011901165814, 0.00996051007979715, 0.01, 0.456422034659429, 0.884429655916841, 1.29402286881001, 1.68520167776651, 2.05796608647098, 2.41231609774989, 2.74825171348236, 3.06577293454491, 3.3648797607966, 3.64557219110912, 3.90785022344306, 4.15171385496838, 4.37716308222327, 4.58419790130206, 4.77281830806002, 4.94302429832109, 5.09481586807416, 5.22819301364498, 5.34315573183297, 5.43970402000673, 5.51783787615633, 5.57755729890564, 5.61886228749263, 5.64175284172936, 5.64622896195604, 5.63229064900532, 5.59993790419297, 5.54917072935114, 5.47998912691913, 5.39239310010653, 5.28636874123637, 5.16186989111777, 5.01881389445782, 4.85708218055457, 4.67652120469198, 4.47694676668783, 4.25813849452443, 4.01983972439409, 3.76176977128745, 3.48361370998867, 3.18501923983377, 2.86560519741349, 2.52496029333647, 2.16265334433761, 1.7782443852643, 1.37126904042899, 0.941235126848997, 0.487637191271551, 0.00996052130719832, 0.01, 0.45625781329129, 0.884112737841662, 1.29356477866058, 1.68461394012219, 2.05726022583085, 2.41150363850519, 2.74734417988924, 3.0647818506987, 3.36381665060919, 3.64444857829058, 3.90667763148907, 4.15050380715448, 4.37592710160686, 4.58294751073257, 4.77156503019729, 4.9417796556614, 5.09359138298308, 5.22700020839546, 5.34200612864716, 5.43860914109951, 5.51680924377877, 5.57660643538668, 5.6180007152776, 5.64099208341428, 5.64558054031746, 5.63176608702569, 5.59954872508229, 5.54892845656614, 5.47990528418179, 5.39247921142401, 5.28663602527103, 5.16232848567639, 5.01947191560424, 4.85794480003926, 4.67758975656786, 4.47821795849071, 4.25960346747718, 4.02148310599073, 3.76356905950778, 3.48553838394596, 3.18702997655324, 2.86765314139412, 2.52698609354028, 2.16458662464209, 1.78000351377115, 1.3727605112191, 0.942352852316695, 0.488262154393714, 0.00996053253174045, 0.01, 0.456093726920499, 0.883796079865324, 1.29310706381566, 1.68402668309225, 2.05655494121928, 2.41069184080763, 2.74643738346633, 3.06379156975047, 3.36275439915233, 3.64332587014018, 3.90550598024601, 4.14929472619971, 4.37469210410337, 4.58169810963558, 4.77031273827255, 4.9405359855113, 5.09236784707937, 5.22580831911736, 5.3408573983231, 5.43751508205065, 5.51578136836243, 5.57565625603796, 5.61713974454783, 5.64023183400537, 5.64493252511168, 5.63124181911096, 5.5991597177739, 5.54868622342589, 5.47982133903641, 5.39256506838517, 5.28690289560944, 5.16278650484614, 5.0201292021637, 4.85880653303526, 4.67865728232046, 4.47948800080941, 4.26106718732368, 4.02312515412436, 3.76536696012127, 3.48746164479385, 3.18903930519779, 2.8696997154083, 2.52901059766874, 2.16651872037425, 1.7817616083737, 1.37425113986977, 0.943469970707952, 0.488886790635619, 0.00996054375342031, 0.01, 0.45592977548628, 0.883479681870892, 1.29264972410677, 1.68343990646131, 2.05585023237858, 2.40988070436181, 2.74553132388518, 3.06280209134328, 3.36169300604525, 3.64220406625794, 3.9043352692993, 4.1480866116795, 4.37345808928287, 4.58044969758038, 4.76906143185899, 4.93929328745245, 5.09114525995778, 5.22461734542313, 5.33970954049558, 5.4364218425219, 5.51475424960061, 5.57470676058894, 5.6162793750736, 5.63947209331834, 5.64428491620441, 5.63071784518152, 5.59877088224746, 5.54844402997388, 5.47973729159498, 5.39265067117514, 5.28716935251182, 5.16324394895903, 5.02078575453382, 4.85966737999736, 4.67972378244982, 4.48075689417638, 4.26252965461686, 4.02476586935668, 3.76716347368716, 3.48938349307886, 3.19104722629251, 2.87174491995065, 2.53103380617635, 2.16844963193878, 1.78351866941723, 1.37574092665669, 0.944586482217988, 0.489511100100686, 0.00996055497225135, 0.01, 0.455765958927836, 0.883163543741391, 1.29219275936538, 1.68285361001388, 2.05514609905093, 2.40907022887223, 2.7446260008172, 3.06181341512009, 3.36063247090707, 3.64108316624372, 3.90316549823419, 4.14687946316911, 4.37222505671523, 4.5792022741361, 4.76781111052959, 4.9380515610663, 5.08992362121286, 5.22342728692504, 5.33856255479919, 5.43532942217478, 5.51372788718641, 5.57375794876892, 5.615419606625, 5.63871286116868, 5.64363771346119, 5.63019416515753, 5.5983822184824, 5.54820187625347, 5.47965314196938, 5.39273601997888, 5.28743539623826, 5.16370081834702, 5.02144157311214, 4.86052734138033, 4.68078925745597, 4.48202463912415, 4.26399086990975, 4.02640525224956, 3.76895860076489, 3.49130392934779, 3.19305374036273, 2.8737887555161, 2.53305571951786, 2.17037935974066, 1.78527469724721, 1.37722987185573, 0.945702387042141, 0.49013508289238, 0.00996056618821267, 0.01, 0.45560227718436, 0.882847665359829, 1.29173616942291, 1.68226779353445, 2.05444254097851, 2.40826041404334, 2.74372141393374, 3.06082554072378, 3.35957279335681, 3.63996316969733, 3.90199666663588, 4.14567328024373, 4.37099300597026, 4.5779558388718, 4.76656177385724, 4.93681080593424, 5.0887029304391, 5.22223814323529, 5.33741644086845, 5.43423782067079, 5.51270228081289, 5.57280982030712, 5.61456043897206, 5.63795413737185, 5.64299091674753, 5.62967077895919, 5.59799372645819, 5.547959762308, 5.47956889027147, 5.39282111498142, 5.2877010270489, 5.16415711334209, 5.02209665829629, 4.86138641763903, 4.68185370783913, 4.48329123618542, 4.26545083375562, 4.02804330336515, 3.77075234191422, 3.49322295414775, 3.19505884793415, 2.87583122259993, 2.53507633814841, 2.17230790418517, 1.78702969220945, 1.37871797574298, 0.946817685375944, 0.490758739114285, 0.00996057740130418, 0.01, 0.455438748416461, 0.88253208170883, 1.29128000474544, 1.68168252163394, 2.05373963557852, 2.40745134876007, 2.74281766224894, 3.05983857595915, 3.35851408865141, 3.63884419798939, 3.9008289006502, 4.14446819248597, 4.36976206872895, 4.57671052422843, 4.76531355370452, 4.93557115200207, 5.0874833143272, 5.22105003645114, 5.33627131486888, 5.43314714690532, 5.511677530767, 5.57186246554371, 5.6137019511698, 5.63719598835933, 5.64234457853295, 5.62914772375562, 5.59760542670513, 5.54771769069046, 5.47948451973838, 5.39290591876549, 5.28796618553087, 5.16461275118926, 5.02275090263966, 4.8622444779816, 4.68291698347259, 4.48455651991817, 4.26690936941735, 4.02967983869169, 3.77254450986954, 3.49514038098101, 3.19706236729999, 2.87787214830913, 2.53709550201071, 2.17423512207269, 1.78878353198376, 1.380205140899, 0.947932308721196, 0.491382033209661, 0.00996059001653826, 0.01, 0.455275588768915, 0.882217210781579, 1.29082487087822, 1.68109857311341, 2.05303832061165, 2.40664411544676, 2.7419159585549, 3.05885384969045, 3.35745778743194, 3.63772776924263, 3.89966379158675, 4.14326585009783, 4.36853393979147, 4.57546805531041, 4.76406819118649, 4.93433434210211, 5.08626650313354, 5.21986466995999, 5.33512883902595, 5.43205900764903, 5.51065517407166, 5.5709173374609, 5.61284549786657, 5.63643965615235, 5.64169981391805, 5.62862597343306, 5.59721813760104, 5.54747630997595, 5.47940049484783, 5.39299069741641, 5.2882309250789, 5.16506755828851, 5.02340389123955, 4.86310084933329, 4.68397813370619, 4.48581924268202, 4.26836491284931, 4.03131295836198, 3.77433284952455, 3.49705358008351, 3.19906127461847, 2.87990809530049, 2.53910948364717, 2.17615725891564, 1.79053269912716, 1.38168835099633, 0.949044005935278, 0.492003743293349, 0.00996067549169222, 0.01, 0.455112566777939, 0.881902605084161, 1.29037011973081, 1.68051511471945, 2.05233759309496, 2.40583755682416, 2.74101500670919, 3.05786994234493, 3.35640236212788, 3.63661226332111, 3.89849964217612, 4.14206449410805, 4.36730681391606, 4.57422659603656, 4.76282383481322, 4.93309852476619, 5.08505066084195, 5.2186802386278, 5.33398725451775, 5.43097170582211, 5.50963359081916, 5.56997290875314, 5.61198965978921, 5.6356838449405, 5.64105546598585, 5.62810452539883, 5.59683102630877, 5.54723497251434, 5.47931636856861, 5.39307521995418, 5.28849524619159, 5.16552178203447, 5.0240561337964, 4.86395631910267, 4.6850382390502, 4.48708079347763, 4.26981917692815, 4.03294471451096, 3.77611976765221, 3.49896532824466, 3.20105873207388, 2.88194262653118, 2.54112211937685, 2.17807815731014, 1.79228077443567, 1.38317065695462, 0.950155029983948, 0.492625056294367, 0.00996068662177435
0, 0, 0, 0, 0, 0, 0, 0, 0, 0, 0, 0, 0, 0, 0, 0, 0, 0, 0, 0, 0, 0, 0, 0, 0, 0, 0, 0, 0, 0, 0, 0, 0, 0, 0, 0, 0, 0, 0, 0, 0, 0, 0, 0, 0, 0, 0, 0, 0, 0, 0, 0.210715200303934, 0.412649664152074, 0.605803394460992, 0.790176394328835, 0.965768667003404, 1.13258021584176, 1.29061104426144, 1.43986115568398, 1.58033055347166, 1.71201924085925, 1.83492722088262, 1.94905449630701, 2.05440106955747, 2.15096694265459, 2.23875211715847, 2.31775659412341, 2.38798037406573, 2.44942345694608, 2.50208584216719, 2.54596752858687, 2.58106851454553, 2.60738879790643, 2.62492837610653, 2.63368724621509, 2.63366540499706, 2.62486284897838, 2.60727957450998, 2.58091557782818, 2.54577085510894, 2.50184540251436, 2.44913921622978, 2.38765229249064, 2.3173846275983, 2.23833621792418, 2.1505070599018, 2.05389715000611, 1.948506484719, 1.83433506047958, 1.71138287361671, 1.5796499202599, 1.43913619622299, 1.28984169685172, 1.13176641682203, 0.964910349869485, 0.789273488418992, 0.604855823067582, 0.411657341844274, 0.209678029122877, -0.00108213602224169, 0, 0.210683206491775, 0.412589552054168, 0.605719039546147, 0.790071672000329, 0.965647452591571, 1.13244638459747, 1.29046847135092, 1.43971371618538, 1.58018212237377, 1.71187369306269, 1.83478843120386, 1.94892633948514, 2.05428742026388, 2.1508716755053, 2.23867910672867, 2.31770971496392, 2.38796350072049, 2.44944046397023, 2.50214060414482, 2.54606392014804, 2.58121041038172, 2.60758007278433, 2.62517290487966, 2.6339889038335, 2.6340280665152, 2.62529038956155, 2.60777586944001, 2.58148450250905, 2.54641628507318, 2.50257121343128, 2.44994914378391, 2.38854961487776, 2.31837182233162, 2.23941462318913, 2.15167654151217, 2.05515576767122, 1.94985021075273, 1.83575763825975, 1.71287549785907, 1.58120097125044, 1.44073132376228, 1.29146381145201, 1.13339535263043, 0.9665226714216, 0.790842618268007, 0.606352081922357, 0.413047847101645, 0.210926562555152, -1.52216324390553e-05, 0, 0.210626636985245, 0.412480408912386, 0.60556131863055, 0.789869369153832, 0.965404563629314, 1.1321669052973, 1.29015639744402, 1.43937304334741, 1.57981684621711, 1.71148780913018, 1.83438593496453, 1.94851122633231, 2.05386368551596, 2.15044331440941, 2.2382501144671, 2.31728408666321, 2.38754523146286, 2.44903354880682, 2.50174903811021, 2.54569169827527, 2.58086152771737, 2.60725852440286, 2.62488268589673, 2.63373400941777, 2.63381249189861, 2.62511813004802, 2.60765092041295, 2.58141085943794, 2.54639794352003, 2.50261216905759, 2.45005325194763, 2.38872027278047, 2.31861162583329, 2.23972502807586, 2.15205753022507, 2.05560551527128, 1.95036480393459, 1.83633093451884, 1.71349880512448, 1.5818627827718, 1.4414174020842, 1.29215717816724, 1.13407595285256, 0.967167182404279, 0.79142457755509, 0.606841923832939, 0.413412797152078, 0.211130504436708, -1.18401859768025e-05, 0, 0.21051151134169, 0.41225828096027, 0.605240311684908, 0.789457606492052, 0.964910168472295, 1.13159800079008, 1.28952110663665, 1.43867948917696, 1.5790731514918, 1.71070209651663, 1.83356632697898, 1.94766584533679, 2.05300065371981, 2.14957075387658, 2.2373761471293, 2.31641683433831, 2.38669281587814, 2.44820409162588, 2.50095066096241, 2.5449325227864, 2.58014967554026, 2.60660211724661, 2.62428984555377, 2.63321285778792, 2.63337115101, 2.62476472207489, 2.60739356769079, 2.58125768447705, 2.54635706901856, 2.5026917179157, 2.45026106167215, 2.38906324783485, 2.31909503712247, 2.24035182163961, 2.15282764730735, 2.05651521081382, 1.95140607266258, 1.83749122266202, 1.71476035701444, 1.58320209944865, 1.4428054123827, 1.29355921838431, 1.13545108150036, 0.968467789161956, 0.792596644770606, 0.607825101381148, 0.414140187279263, 0.211528390145606, -2.41873708294038e-05, 0, 0.210396126243212, 0.412035652286521, 0.604918580939085, 0.789044915139625, 0.964414657922118, 1.13102781237498, 1.28888438159425, 1.43798436863167, 1.57832777643891, 1.70991460780947, 1.83274486532022, 1.94681855127453, 2.05213566764911, 2.14869621604685, 2.23650019765735, 2.31554761322691, 2.38583846303925, 2.44737274690762, 2.5001504641786, 2.5441716137473, 2.57943619408317, 2.60594420326528, 2.6236956390254, 2.63269049879737, 2.63292877977071, 2.62441047894669, 2.60713559319515, 2.58110411931059, 2.54631605406616, 2.50277139426471, 2.45046928690785, 2.3894069504234, 2.31957951554612, 2.24098005298757, 2.15359960771349, 2.0574271942862, 1.95245011614547, 1.83865481596146, 1.71602579016609, 1.58454592055922, 1.44419859814586, 1.29496715494595, 1.1368328781177, 0.969775886135792, 0.793777074921335, 0.608817565789196, 0.414877840816523, 0.211937569599359, -2.41557336233544e-05, 0, 0.210280840210596, 0.411813214440303, 0.604597125478288, 0.788632576225578, 0.963919569659591, 1.13045810879279, 1.2882481966261, 1.43728983609815, 1.5775830300316, 1.70912778107816, 1.83192409166416, 1.94597196393852, 2.0512713997251, 2.14782240048124, 2.23562496726405, 2.31467910070591, 2.3849848009998, 2.4465420678952, 2.49935090070438, 2.5434112983189, 2.57872325923523, 2.60528678158876, 2.6231018631947, 2.63216850159441, 2.63248669410583, 2.62405643787649, 2.60687772993772, 2.580950567259, 2.54627494680152, 2.50285086557041, 2.45067718895965, 2.38975021020936, 2.3200634336536, 2.24160761209188, 2.1543707933829, 2.05833831414697, 1.95349322391864, 1.83981741959004, 1.71729019995308, 1.58588870624106, 1.44559075883566, 1.29637410119619, 1.13821374448138, 0.971083138074796, 0.794956770253135, 0.609809431302365, 0.41561505847699, 0.21234650439692, -2.41484460138108e-05, 0, 0.210165652799387, 0.411590966573979, 0.604275944092973, 0.788220588219739, 0.963424901875188, 1.1298888879959, 1.28761254948778, 1.43659588917646, 1.57683890975569, 1.70834161373553, 1.83110400339191, 1.94512608071946, 2.0504078473893, 2.14694930471335, 2.23475045361641, 2.31381129461697, 2.38413182781738, 2.44571205290337, 2.49855196915298, 2.54265157545415, 2.57801087033036, 2.6046298519733, 2.62250851828145, 2.63164686690362, 2.63204489528605, 2.62370260072238, 2.60661998040524, 2.58079703147893, 2.54623375109252, 2.50293013645317, 2.4508847732392, 2.39009303342927, 2.32054679853792, 2.24223450693258, 2.15514121321015, 2.05924858022859, 1.95453540677436, 1.84097904532424, 1.71855359916071, 1.58723047031402, 1.44698190933386, 1.29778007310509, 1.13959369767655, 0.972389563207479, 0.796135750167292, 0.610800718524215, 0.416351862095465, 0.212755217633057, -2.4141124557564e-05, 0, 0.21005056395113, 0.411368908575073, 0.603955036621073, 0.787808950914879, 0.962930654320952, 1.12932014970005, 1.28697743986317, 1.43590252752302, 1.5760954152446, 1.70755610539643, 1.83028460010417, 1.94428090120832, 2.04954501022741, 2.14607692832805, 2.23387665630284, 2.31294419455652, 2.38327954310083, 2.44488270155787, 2.49775366917141, 2.5418924448258, 2.57729902707149, 2.60397341415638, 2.62191560406218, 2.63112559454498, 2.63160338317922, 2.6233489674045, 2.6063623445746, 2.58064351200845, 2.5461924670428, 2.50300920708668, 2.45109203999214, 2.39043542039752, 2.32102961057697, 2.24286073794476, 2.15591086767821, 2.06015799304846, 1.95557666524952, 1.84213969370794, 1.71981598832756, 1.58857121330028, 1.44837205013671, 1.29918507113239, 1.1409727381163, 0.973695161891649, 0.797314014958784, 0.611791427679393, 0.417088251818136, 0.213163709366994, -2.4133805702431e-05, 0, 0.209935573606701, 0.411147040329826, 0.603634402898684, 0.787397664101438, 0.962436826746152, 1.12875189361785, 1.28634286743267, 1.43520975079054, 1.57535254612782, 1.70677125567161, 1.82946588139748, 1.9434364249919, 2.04868288782094, 2.14520527090609, 2.23300357490781, 2.31207780011721, 2.38242794645554, 2.44405401348124, 2.49695600040389, 2.54113390610424, 2.57658772915964, 2.60331746787416, 2.62132312031264, 2.63060468433837, 2.63116215765383, 2.62299553784444, 2.60610482242495, 2.58049000888876, 2.54615109476013, 2.50308807764973, 2.4512989894703, 2.39077737143586, 2.3215118701572, 2.24348630557334, 2.15667975728122, 2.06106655313654, 1.95661699989504, 1.84329936530061, 1.72107736800947, 1.58991093574094, 1.44976118176108, 1.30058909576028, 1.14235086623801, 0.974999934511297, 0.798491564950721, 0.612781559022687, 0.417824227823395, 0.21357197969227, -2.41264894120241e-05, 0, 0.209820681707004, 0.410925361724529, 0.603314042761973, 0.786986727569946, 0.961943418900169, 1.12818411946199, 1.28570883187682, 1.43451755863188, 1.57461030203499, 1.70598706417202, 1.82864784686853, 1.94259265165714, 2.04782147975161, 2.14433433202839, 2.23213120901598, 2.31121211089191, 2.38157703748703, 2.4432259882962, 2.4961589624948, 2.54037595895996, 2.57587697629594, 2.60266201286289, 2.6207310668087, 2.63008413610373, 2.63072121857839, 2.62264231196375, 2.6058474139354, 2.58033652216103, 2.54610963435219, 2.50316674832102, 2.45150562192537, 2.39111888686585, 2.32199357766485, 2.24411121026306, 2.15744788251309, 2.06197426102261, 1.95765641126168, 1.84445806066156, 1.72233773876214, 1.59124963817701, 1.45114930472381, 1.30199214747088, 1.14372808247903, 0.97630388145041, 0.799668400466222, 0.613771112808895, 0.41855979028964, 0.213980028702421, -2.41191756704673e-05, 0, 0.20970588819296, 0.410703872645513, 0.602993956047162, 0.786576141111004, 0.961450430532467, 1.12761682694531, 1.28507533287626, 1.43382595069999, 1.57386868259589, 1.7052035305087, 1.82783049611415, 1.94174958079113, 2.04696078560122, 2.14346411127599, 2.23125955821207, 2.31034712647356, 2.38072681580092, 2.44239862562551, 2.49536255508854, 2.53961860306353, 2.57516676818157, 2.60200704885885, 2.62013944332621, 2.62956394966099, 2.63028056582138, 2.62228928968396, 2.605590119085, 2.58018305186629, 2.54606808592651, 2.50324521927906, 2.45171193760883, 2.39145996700883, 2.32247473348593, 2.24473545245836, 2.15821524386752, 2.06288111723619, 1.95869489989997, 1.84561578034995, 1.72359710114111, 1.59258732114935, 1.45253641954161, 1.30339422674627, 1.1451043872767, 0.977607003092956, 0.8008445218284, 0.614760089292818, 0.419294939395269, 0.214387856490974, -2.41118644804528e-05, 0, 0.209591193005515, 0.410482572979152, 0.602674142590538, 0.786165904515293, 0.960957861392605, 1.12705001578071, 1.28444237011177, 1.43313492664796, 1.57312768744041, 1.70442065429285, 1.82701382873131, 1.94090721198109, 2.04610080495175, 2.14259460823009, 2.23038862208101, 2.30948284645523, 2.37987728100297, 2.4415719250921, 2.49456677782968, 2.53886183808561, 2.5744571045178, 2.60135257559839, 2.61954824964109, 2.6290441248301, 2.62984019925128, 2.62193647092657, 2.60533293785274, 2.58002959804552, 2.54602644959053, 2.50332349070221, 2.451917936772, 2.39180061218595, 2.32295533800625, 2.24535903260351, 2.15898184183795, 2.06378712230661, 1.95973246636026, 1.84677252492474, 1.7248554557018, 1.59392398519875, 1.45392252673114, 1.30479533406847, 1.14647978106829, 0.978909299822906, 0.802019929360382, 0.615748488729272, 0.420029675318693, 0.214795463151464, -2.4104555857718e-05, 0, 0.209476596085636, 0.410261462611862, 0.602354602228447, 0.785756017573568, 0.960465711230232, 1.12648368568121, 1.28380994326421, 1.43244448612901, 1.57238731619859, 1.7036384351358, 1.82619784431711, 1.94006554481439, 2.0452415373853, 2.14172582247203, 2.22951840020782, 2.30861927043016, 2.37902843269906, 2.44074588631898, 2.49377163036285, 2.53810566369694, 2.57374798500594, 2.60069859281788, 2.61895748552927, 2.62852466143103, 2.62940011873656, 2.62158385561303, 2.60507587021754, 2.57987616073959, 2.54598472545154, 2.5034015627687, 2.45212361966598, 2.39214082271813, 2.32343539161138, 2.24598195114251, 2.15974767691762, 2.06469227676296, 1.96076911119272, 1.84792829494474, 1.72611280299951, 1.59525963086588, 1.45530762680899, 1.3061954699195, 1.14785426429113, 0.980210772024248, 0.803194623385326, 0.616736311373117, 0.420763998238369, 0.215202848777466, -2.40972497849989e-05, 0, 0.209362097374314, 0.410040541430103, 0.602035334797299, 0.785346480076672, 0.959973979795096, 1.12591783635997, 1.28317805201459, 1.43175462879648, 1.57164756850059, 1.70285687264902, 1.82538254246881, 1.93922457887856, 2.04438298248415, 2.14085775358327, 2.22864889217767, 2.30775639799168, 2.37818027049519, 2.4399205089293, 2.49297711233282, 2.53735007956838, 2.57303940934742, 2.60004510025381, 2.61836715076674, 2.62800555928378, 2.62896032414571, 2.62123144366479, 2.60481891615828, 2.5797227399893, 2.54594291361676, 2.50347943565661, 2.45232898654175, 2.39248059892612, 2.32391489468668, 2.24660420851918, 2.16051274959953, 2.06559658113415, 1.9618048349473, 1.84908309096862, 1.72736914358939, 1.59659425869135, 1.45669172029169, 1.30759463478129, 1.14922783738247, 0.981511420080959, 0.804368604226392, 0.61772355747921, 0.42149790833275, 0.215610013462538, -2.40899462793376e-05, 0, 0.209247696812559, 0.409819809320375, 0.60171634013356, 0.784937291815511, 0.959482666837028, 1.12535246753019, 1.28254669604401, 1.43106535430385, 1.57090844397672, 1.70207596644412, 1.82456792278381, 1.93838431376124, 2.04352513983066, 2.13999040114543, 2.22778009757588, 2.30689422873328, 2.37733279399749, 2.4390957925463, 2.49218322338441, 2.53659508537083, 2.5723313772437, 2.59939209764266, 2.6177772451295, 2.62748681820832, 2.62852081534717, 2.62087923500322, 2.60456207565377, 2.57956933583535, 2.54590101419324, 2.50355710954385, 2.45253403765007, 2.39281994113045, 2.32439384761731, 2.24722580517707, 2.16127706037645, 2.06650003594883, 1.96283963817376, 1.85023691355484, 1.72862447802645, 1.59792786921561, 1.45807480769568, 1.30899282913576, 1.15060050077957, 0.982811244377025, 0.805541872206761, 0.618710227302447, 0.422231405780325, 0.216016957300274, -2.40826453344056e-05, 0, 0.209133394341407, 0.409599266169223, 0.60139761807376, 0.784528452581079, 0.958991772105956, 1.12478757890524, 1.28191587503371, 1.43037666230469, 1.57016994225739, 1.70129571613284, 1.82375398485964, 1.93754474905023, 2.0426680090074, 2.13912376474026, 2.22691201598787, 2.30603276224855, 2.3764860028122, 2.43827173679333, 2.49138996316258, 2.53584068077532, 2.57162388839634, 2.59873958472101, 2.61718776839363, 2.62696843802469, 2.6280815922094, 2.62052722954971, 2.60430534868278, 2.57941594831836, 2.54585902728796, 2.5036345846082, 2.45273877324152, 2.39315884965146, 2.32487225078819, 2.24784674155953, 2.16204060974094, 2.06740264173548, 1.9638735214217, 1.85138976326173, 1.72987880686559, 1.59926046297906, 1.45945688953735, 1.31039005346478, 1.15197225491968, 0.98411024529644, 0.806714427649636, 0.619696321097742, 0.422964490759604, 0.216423680384274, -2.40753469493704e-05, 0, 0.209019189901913, 0.409378911863232, 0.601079168454488, 0.784119962164442, 0.9585012953519, 1.12422317019854, 1.28128558866502, 1.42968855245273, 1.56943206297318, 1.70051612132705, 1.82294072829396, 1.93670588433347, 2.04181158959703, 2.13825784394964, 2.22604464699923, 2.30517199813124, 2.37563989654569, 2.43744834129386, 2.49059733131238, 2.53508686545293, 2.57091694250696, 2.59808756122548, 2.61659872033518, 2.62645041855291, 2.62764265460085, 2.62017542722559, 2.60404873522398, 2.57926257747888, 2.54581695300775, 2.50371186102729, 2.45294319356652, 2.39349732480926, 2.32535010458404, 2.24846701810969, 2.16280339818532, 2.06830439902232, 1.96490648524049, 1.85254164064743, 1.73113213066156, 1.60059204052199, 1.46083796633301, 1.31178630825018, 1.15334310024002, 0.985408423223191, 0.807886270878224, 0.620681839120025, 0.423697163449107, 0.216830182808148, -2.40680511290892e-05, 0, 0.208905083435156, 0.409158746289032, 0.600760991112396, 0.783711820356746, 0.95801123632497, 1.12365924112365, 1.28065583661942, 1.4290010244018, 1.56869480575477, 1.69973718163879, 1.82212815268461, 1.93586771919905, 2.04095588118238, 2.13739263835563, 2.22517799019567, 2.30431193597521, 2.37479447480445, 2.4366256056715, 2.48980532747897, 2.53433363907487, 2.57021053927726, 2.59743602689273, 2.61601010073031, 2.62593275961303, 2.62720400238996, 2.61982382795216, 2.60379223525604, 2.57910922335733, 2.54577479145934, 2.5037889389786, 2.4531472988753, 2.3938353669238, 2.32582740938935, 2.24908663527045, 2.16356542620169, 2.06920530833739, 1.96593853017932, 1.85369254626995, 1.73238444996899, 1.60192260238457, 1.4622180385989, 1.31318159397374, 1.15471303717781, 0.986705778541276, 0.809057402215757, 0.621666781624252, 0.424429424027384, 0.217236464665524, -2.4060757874117e-05, 0, 0.208791074882235, 0.408938769333291, 0.600443085884194, 0.783304026949212, 0.957521594775368, 1.12309579139422, 1.28002661857846, 1.42831407780588, 1.56795817023299, 1.6989588966802, 1.82131625762952, 1.93503025323519, 2.04010088334641, 2.13652814754037, 2.22431204516304, 2.30345257537446, 2.37394973719508, 2.43580352954992, 2.48901395130758, 2.5335810013124, 2.56950467840901, 2.5967849814595, 2.61542190935517, 2.62541546102511, 2.62676563544515, 2.6194724316507, 2.60353584875752, 2.5789558859941, 2.54573254274935, 2.50386581863945, 2.45335108941792, 2.39417297631479, 2.3263041655884, 2.24970559348446, 2.16432669428192, 2.07010537020849, 1.96696965678719, 1.8548424806871, 1.73363576534237, 1.60325214910688, 1.4635971068512, 1.3145759111172, 1.15608206617022, 0.988002311634686, 0.810227821985473, 0.622651148865395, 0.425161272672997, 0.217642526050039, -2.40534671885617e-05, 0, 0.208677164184273, 0.408718980882724, 0.600125452606654, 0.782896581733138, 0.957032370453389, 1.12253282072401, 1.27939793422384, 1.42762771231904, 1.5672221560388, 1.69818126606358, 1.82050504272679, 1.93419348603025, 2.03924659567222, 2.1356643710862, 2.22344681148733, 2.3025939159231, 2.37310568332433, 2.43498211255294, 2.48822320244357, 2.53282895183689, 2.56879935960403, 2.59613442466257, 2.61483414598594, 2.62489852260923, 2.62632755363485, 2.61912123824244, 2.60327957570696, 2.57880256542944, 2.54569020698425, 2.50394250018702, 2.45355456544425, 2.39451015330176, 2.32678037356526, 2.25032389319417, 2.16508720291765, 2.07100458516321, 1.96799986561291, 1.85599144445655, 1.73488607733606, 1.60458068122891, 1.46497517160599, 1.31596926016228, 1.15745018765443, 0.989298022887421, 0.811397530510632, 0.623634941098451, 0.425892709564534, 0.218048367055345, -2.40461790755875e-05, 0, 0.208563351282414, 0.408499380824087, 0.59980809111661, 0.782489484499902, 0.956543563109419, 1.12197032882688, 1.27876978323736, 1.4269419275955, 1.56648676280329, 1.69740428940136, 1.81969450757467, 1.93335741717275, 2.03839301774307, 2.13480130857555, 2.22258228875466, 2.30173595721541, 2.37226231279905, 2.43416135430449, 2.4874330805324, 2.53207749031979, 2.56809458256426, 2.59548435623879, 2.61424681039889, 2.62438194418548, 2.6258897568275, 2.6187702476486, 2.60302341608282, 2.57864926170356, 2.54564778427046, 2.50401898379837, 2.45375772720399, 2.39484689820405, 2.3272560337038, 2.25094153484183, 2.16584695260033, 2.07190295372897, 1.9690291572051, 1.8571394381358, 1.73613538650429, 1.60590819929056, 1.46635223337934, 1.31736164159063, 1.15881740206761, 0.990592912683492, 0.812566528114514, 0.624618158578444, 0.426623734880608, 0.218453987775113, -2.4038893531364e-05, 0, 0.208449636117826, 0.408279969044175, 0.599491001250953, 0.782082735040956, 0.956055172493936, 1.1214083154168, 1.27814216530095, 1.4262567232896, 1.56575199015767, 1.69662796630609, 1.81888465177153, 1.93252204625133, 2.03754014914233, 2.13393895959101, 2.22171847655127, 2.30087869884576, 2.37141962522622, 2.43334125442859, 2.48664358521963, 2.53132661643263, 2.56739034699167, 2.59483477592505, 2.61365990237026, 2.62386572557398, 2.62545224489149, 2.61841945979035, 2.60276736986351, 2.57849597485656, 2.54560527471421, 2.50409526965037, 2.45396057494666, 2.39518321134078, 2.32773114638763, 2.25155851886941, 2.16660594382113, 2.0728004764329, 1.97005753211217, 1.85828646228217, 1.73738369340115, 1.60723470383159, 1.4677282926872, 1.31875305588388, 1.1601837098469, 0.991886981406903, 0.813734815120409, 0.625600801560415, 0.427354348799849, 0.218859388303024, -2.40316105558358e-05, 0, 0.208336018631696, 0.408060745429829, 0.599174182846637, 0.78167633314783, 0.955567198357508, 1.12084678020784, 1.27751508009664, 1.42557209905581, 1.5650178377333, 1.69585229639049, 1.81807547491588, 1.93168737285478, 2.03668798945355, 2.13307732371532, 2.22085537446356, 2.30002214040867, 2.37057762021293, 2.4325218125494, 2.4858547161509, 2.53057632984704, 2.56668665258832, 2.59418568345831, 2.61307342167637, 2.62334986659485, 2.62501501769523, 2.61806887458886, 2.60251143702738, 2.57834270492846, 2.54556267842167, 2.50417135791977, 2.45416310892161, 2.39551909303087, 2.32820571200019, 2.2521748457187, 2.16736417707103, 2.07369715380197, 1.97108499088235, 1.85943251745285, 1.73863099858061, 1.6085601953917, 1.46910335004545, 1.3201435035236, 1.16154911142942, 0.993180229441654, 0.814902391851616, 0.626582870299415, 0.428084551500896, 0.219264568732763, -2.40243301612986e-05, 0, 0.208222498765234, 0.407841709867929, 0.598857635740675, 0.781270278612129, 0.955079640450795, 1.12028572291417, 1.27688852730658, 1.4248880545487, 1.56428430516165, 1.69507727926739, 1.81726697660637, 1.93085339657204, 2.03583653826038, 2.13221640053134, 2.21999298207806, 2.29916628149877, 2.36973629736641, 2.43170302829116, 2.48506647297197, 2.52982663023474, 2.56598349905635, 2.59353707857556, 2.61248736809357, 2.62283436706823, 2.62457807510713, 2.61771849196522, 2.60225561755274, 2.57818945195919, 2.54551999549887, 2.50424724878316, 2.454365329378, 2.39585454359305, 2.32867973092468, 2.25279051583125, 2.16812165284079, 2.07459298636292, 1.9721115340637, 1.86057760420483, 1.73987730259651, 1.60988467451048, 1.47047740596994, 1.32153298499133, 1.16291360725227, 0.994472657171765, 0.816069258631464, 0.627564365050536, 0.428814343162428, 0.219669529158043, -2.40170523398975e-05, 0, 0.208109076459672, 0.407622862245399, 0.598541359770139, 0.780864571225535, 0.954592498524544, 1.11972514325007, 1.27626250661302, 1.42420458942298, 1.56355139207434, 1.69430291454976, 1.8164591564418, 1.93002011699217, 2.03498579514663, 2.13135618962207, 2.21913129898142, 2.29831112171083, 2.36889565629399, 2.43088490127825, 2.48427885532869, 2.52907751726751, 2.56528088609794, 2.59288896101387, 2.61190174139822, 2.62231922681427, 2.62414141699556, 2.61736831184053, 2.60199991141781, 2.5780362159886, 2.54547722605171, 2.50432294241698, 2.4545672365648, 2.39618956334584, 2.32915320354408, 2.25340552964838, 2.16887837162091, 2.07548797464227, 1.97313716220405, 1.86172172309497, 1.74112260600253, 1.6112081417274, 1.47185046097641, 1.32292150076857, 1.16427719775255, 0.995764264981245, 0.817235415783285, 0.628545286068879, 0.429543723963135, 0.220074269672588, -2.4009777090106e-05, 0, 0.207995751656265, 0.407404202449205, 0.598225354772166, 0.78045921077981, 0.954105772329602, 1.11916504092992, 1.27563701769835, 1.42352170333348, 1.5628190981031, 1.69352920185071, 1.8156520140211, 1.9291875337044, 2.03413575969626, 2.13049669057067, 2.21827032476044, 2.29745666063977, 2.36805569660314, 2.43006743113514, 2.48349186286703, 2.52832899061726, 2.56457881341537, 2.59224133051036, 2.61131654136676, 2.62180444565315, 2.62370504322893, 2.61701833413584, 2.60174431860078, 2.57788299705646, 2.54543437018601, 2.50439843899754, 2.45476883073085, 2.39652415260757, 2.32962613024118, 2.25401988761121, 2.16963433390172, 2.07638211916634, 1.97416187585105, 1.86286487467994, 1.74236690935225, 1.61253059758186, 1.47322251558056, 1.32430905133676, 1.16563988336733, 0.997055053254106, 0.818400863630426, 0.62952563360956, 0.430272694081715, 0.220478790370117, -2.40025044277448e-05, 0, 0.20788252429629, 0.407185730366355, 0.597909620583949, 0.780054197066789, 0.953619461616902, 1.11860541566821, 1.27501206024507, 1.42283939593517, 1.56208742287982, 1.69275614078349, 1.81484554894336, 1.92835564629808, 2.03328643149336, 2.12963790296041, 2.21741005900204, 2.2966028978806, 2.36721641790144, 2.42925061748644, 2.48270549523303, 2.52758104995595, 2.563877280711, 2.59159418680221, 2.61073176777564, 2.62129002340507, 2.62326895367561, 2.61666855877218, 2.60148883907977, 2.57772979520244, 2.54539142800747, 2.50447373870099, 2.45497011212477, 2.39685831169638, 2.33009851139856, 2.25463359016062, 2.17038954017328, 2.07727542046123, 1.97518567555219, 1.86400705951626, 1.74361021319913, 1.61385204261315, 1.474593570298, 1.32569563717734, 1.16700166453369, 0.99834502237438, 0.819565602496269, 0.630505407927741, 0.431001253696919, 0.220883091344396, -2.39952343329408e-05, 0, 0.207769394321043, 0.406967445883897, 0.597594157042741, 0.779649529878384, 0.953133566137466, 1.11804626717953, 1.27438763393578, 1.42215766688312, 1.5613563660365, 1.69198373096148, 1.81403976080776, 1.92752445436269, 2.03243781012216, 2.12877982637471, 2.21655050129329, 2.29574983302848, 2.3663778197966, 2.42843445995684, 2.48191975207285, 2.52683369495563, 2.56317628768723, 2.59094752962662, 2.61014742040132, 2.6207759598902, 2.62283314820396, 2.61631898567053, 2.60123347283284, 2.57757661046613, 2.54534839962163, 2.50454884170333, 2.45517108099501, 2.39719204093016, 2.33057034739853, 2.25524663773726, 2.17114399092543, 2.07816787905282, 1.97620856185472, 1.86514827816028, 1.74485251809643, 1.61517247736045, 1.47596362564427, 1.32708125877165, 1.16836254168862, 0.999634172726066, 0.820729632704172, 0.631484609278564, 0.431729402987471, 0.221287172689161, -2.39879668322285e-05, 0, 0.207656361671845, 0.406749348888924, 0.59727896398586, 0.779245209006586, 0.952648085642413, 1.11748759517857, 1.2737637384532, 1.42147651583253, 1.56062592720527, 1.6912119719982, 1.81323464921369, 1.92669395748789, 2.03158989516704, 2.12792246039714, 2.2156916512214, 2.29489746567872, 2.36553990189644, 2.42761895817117, 2.48113463303275, 2.52608692528847, 2.56247583404657, 2.59030135872091, 2.60956349902037, 2.62026225492881, 2.62239762668237, 2.61596961475187, 2.60097821983803, 2.57742344288706, 2.54530528513399, 2.50462374818045, 2.45537173758987, 2.39752534062668, 2.33104163862327, 2.25585903078158, 2.17189768664783, 2.07905949546679, 1.97723053530575, 1.86628853116821, 1.74609382459737, 1.61649190236287, 1.47733268213488, 1.32846591660106, 1.1697225152692, 1.00092250469321, 0.821892954577555, 0.63246323791724, 0.432457142132166, 0.221691034498208, -2.3980701904458e-05, 0, 0.207543422426128, 0.406531431803483, 0.596964030447153, 0.77884122036423, 0.952163003190741, 1.11692938013767, 1.2731403519502, 1.42079591888397, 1.55989608070155, 1.69044083669109, 1.81243018570774, 1.92586412623662, 2.03074265647442, 2.12706577442474, 2.21483347800114, 2.29404576513097, 2.36470263385266, 2.42680408240024, 2.48035010926983, 2.52534071326494, 2.56177589351999, 2.58965564950368, 2.60897998100617, 2.61974888811617, 2.62196237119516, 2.61562043085671, 2.60072306795915, 2.57727028361953, 2.54526207925648, 2.50469845666907, 2.45557208453562, 2.39785821776151, 2.33151239665536, 2.25647078573985, 2.17265064890404, 2.07995029663368, 1.97825162845092, 1.86742785695134, 1.7473341772296, 1.61781036851622, 1.47870079579154, 1.32984966910134, 1.17108164340518, 1.00221007338102, 0.82305561747959, 0.633441334747531, 0.433184500857364, 0.222094692602071, -2.39742236162188e-05, 0, 0.207430576192603, 0.406313693873695, 0.596649355338842, 0.778437562558332, 0.951678317112961, 1.11637162013954, 1.27251747229035, 1.42011587371057, 1.55916682403676, 1.68967032241852, 1.81162636756395, 1.92503495780725, 2.02989609119571, 2.12620976559063, 2.21397597877608, 2.29319472856789, 2.3638660129157, 2.42598982999101, 2.47956617825619, 2.52459505651102, 2.56107646391605, 2.58901039999473, 2.60839686461842, 2.61923585798062, 2.62152738056799, 2.61527143313671, 2.60046801670257, 2.5771171325533, 2.54521878229093, 2.50477296791182, 2.45577212303644, 2.39819067400478, 2.3319826236235, 2.25708190518165, 2.17340288067331, 2.08084028589514, 1.97927184493806, 1.86856625940942, 1.74857358008705, 1.61912788005201, 1.48006797090069, 1.33123252049691, 1.17243993014289, 1.00349688254863, 0.82421762477927, 0.634418902645679, 0.433911481440269, 0.222498148570455, -2.39677792465698e-05, 0, 0.207317822919337, 0.406096134999681, 0.596334938517099, 0.778034235405106, 0.951194027189318, 1.11581431493243, 1.27189509919395, 1.41943638000865, 1.55843815688718, 1.68890042884079, 1.81082319443058, 1.92420645184002, 2.0290501989671, 2.12535443353099, 2.21311915318631, 2.29234435563754, 2.36303003874555, 2.42517620061937, 2.47878283968766, 2.52384995474643, 2.56037754498234, 2.58836560997354, 2.60781414967252, 2.61872316437741, 2.62109265469996, 2.61492262153882, 2.60021306606708, 2.57696398974299, 2.54517539435181, 2.50484728208697, 2.455971853336, 2.39852270966227, 2.33245231989024, 2.25769238951991, 2.17415438240961, 2.08172946373294, 1.98029118526194, 1.86970373903787, 1.7498120336536, 1.62044443743138, 1.48143420789355, 1.33261447118315, 1.17379737583638, 1.00478293250471, 0.825378976736861, 0.63539594182058, 0.434638084034893, 0.222901402498679, -2.3961336069217e-05, 0, 0.207205162556212, 0.405878755085064, 0.596020779843137, 0.777631238727209, 0.950710133207766, 1.11525746427347, 1.27127323239109, 1.41875743748515, 1.5577100789405, 1.68813115563011, 1.81002066596828, 1.92337860798784, 2.02820497943764, 2.1244997778948, 2.21226300088467, 2.29149464600042, 2.36219471101423, 2.42436319397272, 2.47800009327086, 2.52310540770088, 2.55967913647552, 2.58772127922757, 2.60723183599054, 2.61821080716711, 2.620658193494, 2.61457399601216, 2.59995821605186, 2.57681085524168, 2.54513191554995, 2.50492139936696, 2.45617127566984, 2.39885432502925, 2.33292148580522, 2.25830223915234, 2.17490515454948, 2.08261783060927, 1.98130964989591, 1.87084029630893, 1.75104953838835, 1.62176004108937, 1.48279950717399, 1.33399552152704, 1.17515398081035, 1.00606822352778, 0.826539673581797, 0.636372452449772, 0.435364308763442, 0.223304454449818, -2.39548941241008e-05, 0, 0.207092595053124, 0.405661554033483, 0.595706879178193, 0.777228572347326, 0.950226634956293, 1.11470106791978, 1.27065187161193, 1.41807904584708, 1.55698258988441, 1.68736250245876, 1.80921878183773, 1.92255142590367, 2.02736043225639, 2.12364579833112, 2.21140752152401, 2.29064559931704, 2.36136002939378, 2.42355080973849, 2.47721793871244, 2.5223614151041, 2.55898123815223, 2.58707740754423, 2.60664992339452, 2.61769878621025, 2.62022399685295, 2.61422555650577, 2.59970346665599, 2.57665772910234, 2.54508834599604, 2.50499531992409, 2.45637039027334, 2.39918552040081, 2.33339012171794, 2.25891145447648, 2.1756551975293, 2.08350538698623, 1.98232723931321, 1.87197593169476, 1.75228609475038, 1.62307469146103, 1.48416386914596, 1.33537567189562, 1.17650974538959, 1.00735275589646, 0.827699715543649, 0.637348434710914, 0.436090155748221, 0.223707304487016, -2.3948453429512e-05, 0, 0.206980120359976, 0.405444531748595, 0.595393236383529, 0.776826236088179, 0.949743532222925, 1.11414512562855, 1.27003101658666, 1.41740120480149, 1.5562556894067, 1.68659446899907, 1.80841754169968, 1.92172490524049, 2.02651655707246, 2.122792494489, 2.21055271475721, 2.28979721524796, 2.36052599355628, 2.42273904760409, 2.47643637571904, 2.52161797668579, 2.55828384976911, 2.58643399471092, 2.60606841170648, 2.61718710136731, 2.61979006467963, 2.61387730296863, 2.59944881787844, 2.57650461137781, 2.54504468580067, 2.5050690439305, 2.45656919738169, 2.39951629607187, 2.33385822797771, 2.25952003588972, 2.17640451178529, 2.08439213332575, 1.98334395398697, 1.87311064566747, 1.75352170319878, 1.62438838898146, 1.48552729421346, 1.33675492265606, 1.17786466989906, 1.00863652988953, 0.828859102852119, 0.63832388878179, 0.436815625111635, 0.224109952673479, -2.39420139845903e-05, 0, 0.206867738426681, 0.405227688134081, 0.595079851320441, 0.776424229772524, 0.949260824795736, 1.11358963715702, 1.26941066704552, 1.41672391405551, 1.55552937719518, 1.68582705492344, 1.80761694521493, 1.92089904565139, 2.02567335353502, 2.1219398660176, 2.20969858023723, 2.28894949345379, 2.35969260317384, 2.42192790725702, 2.47565540399735, 2.5208750921757, 2.5575869710828, 2.58579104051503, 2.60548730074843, 2.61667575249874, 2.61935639687678, 2.61352923534963, 2.59919426971813, 2.57635150212086, 2.54500093507429, 2.5051425715582, 2.45676769722996, 2.39984665233719, 2.33432580493366, 2.26012798378925, 2.17715309775351, 2.08527807008965, 1.98435979439022, 1.87424443869912, 1.75475636419259, 1.62570113408577, 1.48688978278057, 1.33813327417561, 1.17921875466379, 1.00991954578586, 0.83001783573703, 0.639298814840287, 0.43754071697617, 0.22451239907246, -2.39355757933046e-05, 0, 0.206757442585348, 0.405014871479316, 0.594772288861077, 0.776029696481442, 0.948787095591865, 1.11304448688684, 1.26880187046478, 1.41605924581204, 1.55481661181374, 1.68507396679347, 1.80683130858224, 1.92008863461439, 2.02484594204618, 2.12110322789042, 2.20886048915873, 2.28811772300208, 2.35887492684031, 2.421132098472, 2.47488923615821, 2.52014633867618, 2.55690340534216, 2.58516043600604, 2.60491743102319, 2.61617439121168, 2.61893131780463, 2.61318821240842, 2.59894507697771, 2.57620191381778, 2.54495872562425, 2.50521551556961, 2.45696334516356, 2.40017174874421, 2.3347855779477, 2.26072545095761, 2.17788839723417, 2.08614778968148, 1.98535636510493, 1.87535578911592, 1.75596583410071, 1.62698689993888, 1.48822446621518, 1.33948395741519, 1.18054627160907, 1.01117805782868, 0.831155092096595, 0.640256255764188, 0.438253280521772, 0.224908240509607, -2.36432586749324e-05, 0, 0.206647240803472, 0.404802235962566, 0.594464987637402, 0.775635497542874, 0.948313766876536, 1.1124997962605, 1.26819358570253, 1.41539513458118, 1.55410444165859, 1.68432150512319, 1.80604632266245, 1.91927889156346, 2.0240192088367, 2.12026727135612, 2.20802307600694, 2.28728661983137, 2.35805790016255, 2.42033691473807, 2.47412366178605, 2.51941814008008, 2.55622034896192, 2.5845302883349, 2.6043479586336, 2.61567336077835, 2.61850649612442, 2.61284736641735, 2.59869597376547, 2.5760523206406, 2.54491640991733, 2.50528824496066, 2.45715866493301, 2.40049640200148, 2.33524479487042, 2.2613222545537, 2.17862293484254, 2.08701666230346, 1.98635202003854, 1.87646617264555, 1.75717430443459, 1.62827165194978, 1.48955813927381, 1.34083365194025, 1.18187284058265, 1.01243568163556, 0.832291538819948, 0.641212985225509, 0.438965251713113, 0.225303630728375, -2.36381219381188e-05, 0, 0.206538326089155, 0.404592081909827, 0.594161269603317, 0.775245890849022, 0.947845946791239, 1.11196143798054, 1.26759236433513, 1.41473872512701, 1.55340051899679, 1.68357774399932, 1.80527039768021, 1.918478477181, 2.02320197936806, 2.11944090097811, 2.20719523877141, 2.28646498968261, 2.35725015095915, 2.41955072027825, 2.47336669583545, 2.51869807640064, 2.55554486134072, 2.58390705061174, 2.60378464472656, 2.61517764470642, 2.61808605202731, 2.61250986857221, 2.59844909660123, 2.57590373875072, 2.54487379807209, 2.50535927812048, 2.45735079750684, 2.40081628995838, 2.33569758472871, 2.26191088907422, 2.17934748483068, 2.08787387508136, 1.98733470843087, 1.87756265076073, 1.75836829901519, 1.62954172639975, 1.49087730080688, 1.34216936927294, 1.18318633587358, 1.01368150435124, 0.833417825990503, 0.642161566324797, 0.439671456746326, 0.225696009109197, -2.35174824332052e-05, 0, 0.206429491006945, 0.404382081182609, 0.593857772649484, 0.774856567051503, 0.947378465479747, 1.11142346841332, 1.26699157568092, 1.41408278644809, 1.55269709923402, 1.68283451196007, 1.80449502203011, 1.91767862644027, 2.02238532191289, 2.11861510504758, 2.20636797247974, 2.28564392103654, 2.35644294787977, 2.41876505062633, 2.4726102274392, 2.51797847708454, 2.55486979895437, 2.58328419305745, 2.60322165998475, 2.61468220085842, 2.61766581727499, 2.61217251125479, 2.59820228520957, 2.57575514194008, 2.54483108467437, 2.50543011715757, 2.4575426392392, 2.40113578992387, 2.33614989248425, 2.262498953822, 2.18007138752054, 2.08873037548212, 1.98831663320519, 1.87865832926287, 1.75956147394572, 1.63081097712132, 1.49219564980937, 1.34350430100905, 1.18449908912172, 1.01492664510946, 0.834543507691902, 0.643109635555436, 0.440377261982893, 0.226088119329149, -2.35129295970138e-05, 0, 0.206320733025394, 0.404172228922958, 0.593554489796391, 0.774467517254195, 0.946911312334273, 1.11088587544432, 1.26639120632359, 1.41342730403128, 1.55199416696522, 1.68209179291341, 1.80372017913809, 1.91687932249007, 2.02156921954781, 2.11778986677388, 2.20554126067892, 2.28482339798271, 2.35563627576144, 2.41797989157174, 2.47185424354402, 2.51725933044075, 2.55419515167901, 2.58266170732018, 2.60265899803335, 2.61418702504142, 2.61724579006139, 2.61183529525079, 2.59795554317293, 2.57560653679277, 2.54478827951487, 2.50550077527419, 2.45773420694667, 2.40145492252709, 2.33660174277534, 2.26308647764025, 2.18079467615341, 2.08958620133911, 1.98929783698404, 1.87975325576321, 1.76075388202819, 1.63207946231254, 1.49351325008454, 1.34483851676754, 1.1858111759728, 1.01617118579521, 0.835668672262137, 0.644057287922336, 0.441082769308294, 0.22648007036798, -2.35081753247046e-05, 0, 0.206212052136809, 0.40396252511623, 0.593251421023186, 0.774078741430768, 0.946444487323754, 1.11034865903847, 1.26579125622484, 1.41277227783574, 1.55129172214779, 1.6813495868157, 1.8029458689602, 1.9160805652869, 2.02075367223049, 2.11696518611659, 2.2047151033312, 2.28400342048676, 2.35483013457394, 2.41719524308913, 2.4710987441302, 2.51654063645589, 2.55352091950832, 2.58203959340148, 2.60209665888244, 2.61369211727482, 2.61682597041595, 2.61149822060047, 2.59770887054307, 2.57545792337281, 2.54474538267061, 2.5055712525611, 2.45792550073232, 2.40177368787749, 2.33705313571015, 2.26367346062747, 2.18151735080714, 2.09044135269931, 1.99027831977648, 1.88084743022822, 1.76194552318425, 1.6333471818513, 1.49483010147134, 1.34617201635457, 1.18712259620671, 1.01741512617012, 0.836793319453518, 0.645004523177533, 0.441787978482759, 0.226871862002241, -2.35034188031946e-05, 0, 0.206103448330022, 0.403752969741143, 0.592948566299522, 0.773690239542876, 0.945977990402892, 1.1098118191446, 1.26519172532863, 1.41211770780166, 1.55058976471918, 1.68060789360271, 1.8021720914316, 1.91528235476635, 2.01993867989799, 2.11614106301534, 2.20388950037979, 2.28318398849657, 2.35402452427085, 2.41641110513884, 2.47034372916587, 2.51582239510697, 2.55284710242927, 2.58141785129928, 2.60153464254202, 2.6131974775817, 2.61640635837589, 2.61116128735622, 2.59746226738865, 2.57530930176618, 2.54470239424595, 2.50564154914207, 2.4581165207382, 2.40209208612981, 2.33750407144882, 2.2642599029411, 2.18223941162576, 2.09129582968347, 1.99125808167326, 1.88194085271426, 1.76313639743397, 1.63461413572272, 1.49614620392504, 1.34750479970197, 1.18843334973874, 1.01865846614117, 0.837917449173981, 0.645951341239232, 0.442492889443512, 0.227263494196585, -2.34986597139886e-05, 0, 0.205994921593819, 0.403543562776326, 0.592645925594934, 0.77330201155201, 0.945511821526195, 1.10927535571128, 1.26459261357868, 1.41146359386895, 1.54988829461653, 1.6798667132099, 1.8013988464871, 1.91448469086365, 2.01912424248705, 2.11531749740937, 2.20306445176755, 2.28236510195962, 2.35321944480537, 2.41562747768084, 2.46958919861884, 2.51510460637069, 2.55217370042847, 2.58079648101119, 2.60097294902174, 2.61270310598481, 2.61598695397815, 2.61082449557022, 2.59721573377812, 2.57516067205867, 2.54465931434505, 2.50571166514074, 2.45830726710629, 2.40241011743876, 2.33795455015149, 2.26484580473864, 2.18296085875346, 2.09214963241261, 1.99223712276545, 1.88303352327808, 1.76432650479786, 1.63588032391238, 1.49746155740139, 1.34883686674209, 1.18974343648464, 1.01990120561573, 0.839041061331759, 0.646897742025812, 0.443197502127806, 0.227654966915525, -2.34938980816501e-05, 0, 0.205886471916941, 0.403334304200322, 0.592343498878825, 0.772914057419496, 0.945045980647974, 1.10873926868686, 1.26399392091844, 1.41080993597722, 1.54918731177671, 1.67912604557241, 1.80062613406119, 1.91368757351372, 2.01831035993403, 2.11449448923759, 2.20223995743695, 2.28154676082306, 2.35241489613035, 2.41484436067475, 2.46883515245656, 2.51438727022337, 2.55150071349221, 2.58017548253452, 2.60041157833097, 2.61220900250668, 2.61556775725943, 2.61048784529443, 2.59696926977977, 2.57501203433594, 2.54461614307204, 2.5057816006807, 2.45849773997856, 2.40272778195912, 2.33840457197844, 2.26543116617783, 2.18368169233476, 2.09300276100814, 1.99321544314461, 1.88412544197699, 1.76551584529705, 1.63714574640656, 1.49877616185687, 1.35016821740799, 1.19105285636086, 1.02114334450183, 0.840164155835677, 0.647843725456149, 0.443901816473263, 0.228046280123786, -2.34891338986021e-05, 0, 0.205778099288081, 0.403125193991581, 0.592041286120467, 0.772526377106492, 0.944580467722337, 1.10820355801948, 1.26339564729111, 1.41015673406583, 1.54848681613625, 1.67838589062505, 1.79985395408802, 1.91289100265108, 2.01749703217493, 2.11367203843852, 2.2014160173301, 2.28072896503364, 2.35161087819826, 2.41406175407982, 2.46808159064612, 2.51367038664101, 2.55082814160646, 2.57955485586627, 2.59985053047882, 2.61171516716958, 2.61514876825623, 2.61015133658062, 2.59672287546171, 2.57486338868353, 2.54457288053092, 2.50585135588554, 2.45868793949702, 2.40304507984577, 2.33885413709012, 2.26601598741662, 2.18440191251446, 2.09385521559184, 1.99419304290276, 1.88521660886885, 1.7667044189533, 1.6384104031922, 1.50009001724866, 1.35149885163343, 1.1923616092845, 1.02238488270813, 0.841286732595106, 0.648789291449558, 0.444605832417816, 0.228437433786246, -2.34843671931828e-05, 0, 0.205669804551205, 0.402916233776052, 0.591739289665808, 0.772138973616962, 0.944115286349279, 1.10766822784316, 1.26279779730282, 1.40950399315096, 1.54778681305947, 1.67764625401826, 1.79908231244219, 1.91209498431251, 2.01668426534671, 2.11285015118735, 2.20059263759846, 2.2799117206571, 2.35080739692715, 2.41327966360442, 2.46732851862426, 2.51295396072676, 2.55015598947877, 2.57893460525643, 2.59928980919576, 2.61122160312246, 2.61472998947404, 2.60981497122883, 2.59647655185657, 2.57471473530465, 2.54452952603352, 2.50592092911369, 2.45887786300259, 2.40336200735346, 2.33930324058483, 2.26660026245238, 2.18512151236716, 2.09470698849496, 1.99516991381031, 1.8863070153481, 1.76789221697239, 1.63967428547693, 1.50140311498056, 1.35282876121394, 1.19366968763888, 1.02362581340306, 0.842408785762006, 0.64973443533997, 0.445309546675245, 0.228828426194082, -2.347953200732e-05, 0, 0.20556158834417, 0.40270742478274, 0.591437511288288, 0.771751849222072, 0.943650439250981, 1.10713328128441, 1.26220037443764, 1.4088517170276, 1.54708730660552, 1.67690714002868, 1.79831121357107, 1.91129952306945, 2.01587206409819, 2.11202883216353, 2.19976982290543, 2.27909503229408, 2.35000445680819, 2.41249809358357, 2.46657594052313, 2.5122379963632, 2.54948426069548, 2.57831473394837, 2.59872941733547, 2.61072831278264, 2.61431142284708, 2.60947875064352, 2.5962302997923, 2.57456607440405, 2.54448607911468, 2.50599031918338, 2.45906750854787, 2.40367856171547, 2.33975187882085, 2.26718398680645, 2.1858404867061, 2.09555807395253, 1.99614604965701, 1.88739665489452, 1.76907923266189, 1.6409373865372, 1.50271544844278, 1.35415793979986, 1.19497708548863, 1.02486613122863, 0.843530310719916, 0.650679153416668, 0.44601295660419, 0.229219255938545, -2.34746413987907e-05, 0, 0.205453450791216, 0.402498767252732, 0.591135951338456, 0.771365004374441, 0.943185926974749, 1.10659871897782, 1.26160337941007, 1.40819990648276, 1.54638829762655, 1.67616854956618, 1.79754065843493, 1.91050461992512, 2.01506042946815, 2.11120808243407, 2.1989475743388, 2.27827890104579, 2.34920205894863, 2.41171704512318, 2.4658238574399, 2.51152249463135, 2.54881295631408, 2.57769524296869, 2.59816935588629, 2.61023529709276, 2.61389306926495, 2.60914267565382, 2.59598412003019, 2.57441740666781, 2.54444254037787, 2.50605952660808, 2.45925687654486, 2.40399474322249, 2.34020005194254, 2.26776716044643, 2.18655883528395, 2.09640847146327, 1.99712144965154, 1.88848552639276, 1.77026546455164, 1.64219970452249, 1.50402701538606, 1.3554863847269, 1.19628379986028, 1.02610583313031, 0.844651304565253, 0.65162344315922, 0.446716060297685, 0.229609921955326, -2.34696883613383e-05