-1.2915, -1.29133673469388, -1.29117346938776, -1.29101020408163, -1.29084693877551, -1.29068367346939, -1.29052040816326, -1.29035714285714, -1.29019387755102, -1.2900306122449, -1.28986734693877, -1.28970408163265, -1.28954081632653, -1.28937755102041, -1.28921428571428, -1.28905102040816, -1.28888775510204, -1.28872448979592, -1.28856122448979, -1.28839795918367, -1.28823469387755, -1.28807142857143, -1.2879081632653, -1.28774489795918, -1.28758163265306, -1.28741836734694, -1.28725510204081, -1.28709183673469, -1.28692857142857, -1.28676530612245, -1.28660204081632, -1.2864387755102, -1.28627551020408, -1.28611224489796, -1.28594897959183, -1.28578571428571, -1.28562244897959, -1.28545918367347, -1.28529591836734, -1.28513265306122, -1.2849693877551, -1.28480612244898, -1.28464285714285, -1.28447959183673, -1.28431632653061, -1.28415306122449, -1.28398979591836, -1.28382653061224, -1.28366326530612, -1.2835, -1.2915, -1.29417882177838, -1.30230780384318, -1.31565381256506, -1.33398379039788, -1.35706475588623, -1.38466380367289, -1.41654810450632, -1.45248490524812, -1.49224152888049, -1.53558537451375, -1.58228391739375, -1.6321047089094, -1.6848153766001, -1.7401836241632, -1.79797723146148, -1.85796405453049, -1.91991202558602, -1.98358915303139, -2.04876352146481, -2.11520329168665, -2.18267670070668, -2.25095206175133, -2.3197977642709, -2.38898227394683, -2.45827413269897, -2.52744195869294, -2.59625444634752, -2.66448036634227, -2.73188856562512, -2.79824796742026, -2.86332757123611, -2.92689645287352, -2.98872376443418, -3.04857873432929, -3.10623066728853, -3.16144894436927, -3.21400302296635, -3.26366243682224, -3.31019679603796, -3.35337578708487, -3.39296917281764, -3.42874679248904, -3.46047856176705, -3.48793447275558, -3.51088459402059, -3.52909907062445, -3.54234812417356, -3.55040205288818, -3.55303123171082, -1.2915, -1.29418414247076, -1.30232797721045, -1.31569730992213, -1.33405805556941, -1.35717623851578, -1.38481799319909, -1.41674956503485, -1.45273731149148, -1.492547708412, -1.53594735145598, -1.58270295769104, -1.63258137192877, -1.68534956844828, -1.74077464228454, -1.79862380784917, -1.85866439485591, -1.92066384801643, -1.98438973344957, -2.04960973391107, -2.11609164921252, -2.18360340398953, -2.25191304235197, -2.32078873135298, -2.3899987635693, -2.45931155763895, -2.52849566234075, -2.59731975061317, -2.66555262923823, -2.73296324016612, -2.7993206517654, -2.86439406985747, -2.92795283555298, -2.98976642412457, -3.04960446255333, -3.10723673450668, -3.16243318093165, -3.21496388016791, -3.26459905266609, -3.3111090513347, -3.35426436104239, -3.39383561425565, -3.4295935919483, -3.46130922372823, -3.48875357197536, -3.51169783494641, -3.52991334957816, -3.54317160383743, -3.5512442369127, -3.55390303915635, -1.2915, -1.29419425275174, -1.30236615740769, -1.31577935719768, -1.33419767231596, -1.35738510032668, -1.38510581818724, -1.41712418497037, -1.45320474510713, -1.49311224757396, -1.53661165024417, -1.58346812469424, -1.63344707542458, -1.68631414506197, -1.74183518807217, -1.79977626638935, -1.85990363708625, -1.9219837513668, -1.98578327392234, -2.05106906851785, -2.11760819924767, -2.18516795410129, -2.25351582858158, -2.32241953622284, -2.39164701669013, -2.46096643711156, -2.53014620443941, -2.59895494744872, -2.66716154595704, -2.73453513499767, -2.80084507806846, -2.86586100080574, -2.92935278459827, -2.99109056280948, -3.05084477405157, -3.10838617729907, -3.16348585410469, -3.21591514779612, -3.26544567781976, -3.3118493105029, -3.35489815751724, -3.39436462333839, -3.43002140801703, -3.46164150752991, -3.48899816550969, -3.51186488269238, -3.5300154253717, -3.54322386271953, -3.55126456716437, -3.55391221367582, -1.2915, -1.29420431152693, -1.30240414001286, -1.31586097456589, -1.33433654894984, -1.35759284224923, -1.38539208221519, -1.41749674978625, -1.45366958447579, -1.49367361638246, -1.53727217341442, -1.58422888927412, -1.63430773550359, -1.68727303011877, -1.74288939421507, -1.8009217442575, -1.86113527165923, -1.92329544092606, -1.98716802170835, -2.0525190649756, -2.11911490510325, -2.18672219915401, -2.25510789923683, -2.32403927004001, -2.3932839030592, -2.46260971806686, -2.53178498368928, -2.60057828784207, -2.66875858599639, -2.73609520858266, -2.80235781590305, -2.8673164547964, -2.93074153557474, -2.99240383770588, -3.05207459866792, -3.10952553921067, -3.16452886844305, -3.21685718105868, -3.266283481337, -3.31258113479262, -3.35552386561066, -3.39488583558044, -3.43044164901213, -3.46196635333043, -3.48923535846939, -3.51202445250784, -3.53010981581746, -3.54326808345129, -3.55127634571686, -3.55391214683368, -1.2915, -1.29421431537008, -1.30244191086112, -1.31594212936098, -1.334474626092, -1.35779936952878, -1.38567664604042, -1.41786706619006, -1.45413157224336, -1.49423148296057, -1.53792850365678, -1.58498473732893, -1.6351627294657, -1.68822548006681, -1.74393638360756, -1.80205921764383, -1.86235811446135, -1.92459756527847, -1.98854245769477, -2.05395804268269, -2.12060993750021, -2.18826418060581, -2.25668719253314, -2.32564580040513, -2.39490725889561, -2.46423925118359, -2.53340991768088, -2.60218781535855, -2.67034198457335, -2.73764194104203, -2.80385763112297, -2.86875951182293, -2.93211851071194, -2.9937060410685, -3.05329412616704, -3.11065543471159, -3.16556329002538, -3.21779152425562, -3.26711451206397, -3.31330710363316, -3.35614462108493, -3.39540296854188, -3.43085863947244, -3.4622887175463, -3.48947076376711, -3.51218283814307, -3.53020351957253, -3.54331199339825, -3.55128805218567, -3.55391209378531, -1.2915, -1.29422429084871, -1.30247957362835, -1.31602305032665, -1.33461230293205, -1.35800529459764, -1.38596037555356, -1.4182362911654, -1.45459219154054, -1.49478768906019, -1.53858287123917, -1.5857383149592, -1.6360151439836, -1.6891750443152, -1.7449801879823, -1.80319321761509, -1.86357721032686, -1.92589568762395, -1.98991265821161, -2.05539257603091, -2.12210034399146, -2.18980138443869, -2.25826158832133, -2.32724734665299, -2.39652557880559, -2.46586373230302, -2.5350298196346, -2.60379236692202, -2.67192049882437, -2.73918391557636, -2.8053528483403, -2.87019816275218, -2.93349130147447, -2.99500430880604, -3.05450999025629, -3.11178195817484, -3.16659464626456, -3.21872311972405, -3.26794311865901, -3.31403097305475, -3.35676359804603, -3.39591863476264, -3.43127446038417, -3.46261018927592, -3.48970552793195, -3.51234080252868, -3.53029698459139, -3.54335580381184, -3.5512997490423, -3.5539120657962, -1.2915, -1.29423423953943, -1.30251713438462, -1.31610375070871, -1.33474960233925, -1.35821065216173, -1.38624331927603, -1.41860448879382, -1.45505152351979, -1.49534233418201, -1.53923539505508, -1.58648976126378, -1.63686513894331, -1.69012190388948, -1.74602100962495, -1.80432396760645, -1.8647928034976, -1.92719007243802, -1.99127890716725, -2.05682296733314, -2.12358644403861, -2.19133414578041, -2.25983143568912, -2.32884426990489, -2.39813923379421, -2.46748353994451, -2.53664507299927, -2.60539232811048, -2.67349451344531, -2.74072151277686, -2.80684384091685, -2.87163277068993, -2.93486025778775, -2.9962989748455, -3.05572250615725, -3.11290540352521, -3.16762320730703, -3.21965221178978, -3.26876951802722, -3.31475293152393, -3.35738095608602, -3.39643296510831, -3.43168921461861, -3.46293084471269, -3.48993970238021, -3.5124983747895, -3.53039022077832, -3.543399509032, -3.55131141930393, -3.55391203938746, -1.2915, -1.29424416167441, -1.30255459402107, -1.31618423244694, -1.33488652765451, -1.35841544727847, -1.38652548426009, -1.41897166836408, -1.45550957991148, -1.4958954326672, -1.53988609219038, -1.58723909617273, -1.6377127371853, -1.69106608457497, -1.74705887726602, -1.80545149926035, -1.86600492845999, -1.92848075695069, -1.99264124440499, -2.05824925888588, -2.12506828220182, -2.19286251123635, -2.26139678304324, -2.33043662010319, -2.39974827504847, -2.4690987262275, -2.53825573049784, -2.60698775190467, -2.67506408131691, -2.74225478505436, -2.80833066041124, -2.8730633859486, -2.93622542831666, -2.99759008579969, -3.05693171802805, -3.11402581207036, -3.16864901121479, -3.22057883495707, -3.26959374088942, -3.3154730058364, -3.3579967180179, -3.39694597843767, -3.43210291719509, -3.46325069523798, -3.49017329514326, -3.51265555998229, -3.53048323067868, -3.54344310964391, -3.55132306223467, -3.55391201322921, -1.2915, -1.29425405833577, -1.30259195666803, -1.31626450448932, -1.33502309421644, -1.35861970305353, -1.3868069025586, -1.41933787186011, -1.45596641341858, -1.49644704853023, -1.54053503836855, -1.5879864073219, -1.63855803826792, -1.69200769767081, -1.74809391356968, -1.80657594603651, -1.86721372870522, -1.92976789372779, -1.99399983041784, -2.05967161777142, -2.12654603062448, -2.19438665629294, -2.26295780759087, -2.33202457465243, -2.40135287874274, -2.4707094647678, -2.5398619619624, -2.60857880323064, -2.67662936144391, -2.74378388458372, -2.80981345136644, -2.87449014474412, -2.93758694036541, -2.99887775959048, -3.05813773405591, -3.11514328203276, -3.16967214613242, -3.22150306729646, -3.27041585536544, -3.31619125440239, -3.35861093290084, -3.39745771493646, -3.43251560002293, -3.46356976520104, -3.49040632384615, -3.51281236996358, -3.53057602145654, -3.54348660931546, -3.55133467932292, -3.55391198806737, -1.2915, -1.29426392128491, -1.30262919073833, -1.31634449814634, -1.3351591838355, -1.35882324075585, -1.38708732521376, -1.41970277176862, -1.45642161100039, -1.4969966775883, -1.54118163400794, -1.58873099683277, -1.63940024447767, -1.6929458454517, -1.74912512198092, -1.80769621509176, -1.86841801900185, -1.93105021041005, -1.99535331234198, -2.06108861860783, -2.12801820075623, -2.19590503994504, -2.26451292795143, -2.33360652524506, -2.40295142445679, -2.47231413921655, -2.5414621700045, -2.61016391725427, -2.67818883384974, -2.74530734725838, -2.81129081526737, -2.87591172258398, -2.93894355060876, -3.00016083992194, -3.05933948955838, -3.11625684365397, -3.17069173925682, -3.22242413371254, -3.27123518354366, -3.31690709469207, -3.35922311050671, -3.39796777232185, -3.43292694313212, -3.46388781003662, -3.49063861114469, -3.51296868515183, -3.53066852056029, -3.54352997051829, -3.551346254783, -3.55391195530424, -1.2915, -1.29427379778921, -1.30266647827275, -1.31642461076335, -1.33529548271795, -1.35902710203416, -1.3873682089237, -1.42006829246969, -1.45687761037746, -1.49754730958742, -1.54182945259212, -1.58947704666663, -1.64024416402297, -1.69388597317318, -1.75015858863124, -1.80881903029166, -1.86962515083622, -1.93233566902186, -1.99671023869008, -2.06250936537941, -2.12949441406977, -2.19742775620439, -2.26607265876031, -2.33519334826182, -2.40455508447233, -2.47392414494919, -2.54306789671135, -2.61175470304669, -2.67975409151946, -2.74683666356474, -2.81277405034619, -2.87733913234749, -2.94030589013493, -3.00144947631646, -3.06054654938441, -3.1173753911195, -3.17171594523313, -3.22334939754514, -3.27205826280752, -3.31762622059273, -3.3598381007973, -3.3984801733117, -3.43334017578827, -3.46420731645859, -3.49087196920897, -3.51312572828749, -3.5307614635197, -3.54357356089367, -3.55135792479205, -3.55391197318037, -1.2915, -1.2942836521909, -1.30270368173907, -1.31650454177773, -1.33543147117563, -1.35923049704045, -1.38764844770708, -1.42043297093614, -1.45733255562525, -1.49809666491553, -1.542475765093, -1.59022135771292, -1.64108611210698, -1.69482389981187, -1.75118963079142, -1.80993920678289, -1.87082944187233, -1.93361809944712, -1.99806396633118, -2.06392676176812, -2.13096714595, -2.1989468821111, -2.26762871372711, -2.33677643416065, -2.40615497113568, -2.47553036640458, -2.54466985387914, -2.6133417601723, -2.68131568734619, -2.7483624104344, -2.81425383343149, -2.87876323176767, -2.94166508374103, -3.00273515195028, -3.06175085156375, -3.11849139845371, -3.17273783988166, -3.22427258687284, -3.27287950861989, -3.31834375473987, -3.36045173803174, -3.39899145290459, -3.43375250751089, -3.46452612695573, -3.49110481661334, -3.51328242181668, -3.53085418911057, -3.54361703267806, -3.55136953685214, -3.55391195094144, -1.2915, -1.2942934844619, -1.3027408010272, -1.31658429094575, -1.33556714878184, -1.35943342511794, -1.38792804063239, -1.42079680591964, -1.45778644513943, -1.49864474157622, -1.54312056908982, -1.5909639270987, -1.64192608538216, -1.69575962152979, -1.75221824412168, -1.8110567397173, -1.87203088675094, -1.93489749581839, -1.99941448890026, -2.0653408009297, -2.13243638909964, -2.20046240994932, -2.26918108476014, -2.33835577452801, -2.40775107577356, -2.47713279472323, -2.54626803254376, -2.61492507964868, -2.68287361242419, -2.74988457914154, -2.81573015608871, -2.88018401282088, -2.94302112394584, -3.00401786003129, -3.06295239015929, -3.11960486076354, -3.17375741956038, -3.22519369952966, -3.27369892053618, -3.3190596986743, -3.3610640260187, -3.39950161747948, -3.43416394757179, -3.46484425403557, -3.49133716946423, -3.5134387858287, -3.53094672181022, -3.54366041516324, -3.55138112551735, -3.55391192887303, -1.2915, -1.29430333354049, -1.30277798497235, -1.31666418109931, -1.335703069606, -1.35963672195564, -1.38820814853154, -1.42116132005982, -1.45824119317393, -1.49919386838667, -1.54376662405478, -1.59170795418666, -1.64276772548188, -1.6966972177572, -1.75324893451943, -1.81217654327416, -1.87323478289148, -1.93617950689899, -2.00076776775575, -2.06675771121656, -2.13390858641161, -2.20198093784705, -2.27073645906499, -2.33993808374126, -2.40935008227871, -2.47873802990885, -2.54786889966415, -2.61651095047939, -2.6844339371398, -2.75140898504197, -2.81720854647784, -2.88160668855431, -2.94437888538281, -3.0053021180976, -3.06415531155531, -3.12071954384793, -3.17477806467299, -3.22611573033559, -3.27451911222782, -3.31977629397563, -3.36167684792392, -3.40001221008847, -3.43457572183184, -3.46516263391194, -3.4915697064939, -3.51359527836096, -3.5310393403689, -3.54370385384048, -3.55139275366837, -3.55391194251432, -1.2915, -1.29431318480313, -1.30281517627208, -1.31674408538937, -1.33583901157256, -1.35984004575929, -1.38848828658727, -1.42152586340014, -1.4586959637049, -1.49974300351632, -1.54441266380036, -1.59245193107187, -1.64360926661408, -1.69763464983696, -1.75427937667368, -1.81329599288926, -1.87443819506528, -1.93746087657451, -2.00212021686822, -2.06817356884696, -2.13537948059031, -2.20349789131073, -2.27228997334274, -2.34151823928437, -2.41094663969736, -2.48034052454466, -2.54946674452683, -2.61809353300849, -2.68599072844113, -2.75292963842637, -2.81868299616256, -2.88302527092727, -2.94573244079456, -3.00658210133169, -3.06535393630452, -3.12182995783844, -3.17579452041072, -3.22703370629494, -3.27533544054139, -3.32048927663592, -3.3622863694626, -3.40051987802466, -3.43498501229506, -3.46547900691501, -3.49180072045194, -3.51375070915941, -3.53113130659219, -3.54374696812692, -3.55140427437607, -3.55391192512195, -1.2915, -1.29432301379362, -1.30285228288429, -1.31682380678541, -1.33597464098706, -1.36004290022215, -1.38876777565931, -1.4218895594729, -1.45914967417085, -1.5002908552712, -1.54505719018973, -1.59319416159301, -1.64444882874084, -1.69856987373305, -1.75530738815715, -1.81441279907948, -1.87563876379629, -1.93873921816819, -2.00346947088356, -2.06958608404406, -2.13684690627143, -2.20501127280337, -2.27383983587891, -2.34309468784128, -2.41253945999447, -2.48193927706893, -2.55106086754232, -2.61967243942088, -2.68754391439665, -2.75444678166274, -2.82015405453281, -2.88444060338085, -2.94708290900906, -3.00785917959393, -3.0665498552589, -3.12293787885553, -3.17680870675195, -3.22794964414598, -3.27614996619183, -3.32120069287655, -3.36289455820481, -3.40102644036263, -3.43539341400958, -3.46579469370949, -3.49203123244136, -3.5139057997618, -3.53122306762259, -3.54378998111172, -3.551415762189, -3.55391190338727, -1.2915, -1.29433284870061, -1.30288940893217, -1.31690356454916, -1.33611032291206, -1.36024581832802, -1.38904733023164, -1.42225330929971, -1.45960340862735, -1.50083867869669, -1.54570160867384, -1.59393618186002, -1.64528805972557, -1.69950463099798, -1.75633478698611, -1.8155288399389, -1.87683841170899, -1.9400164841278, -2.00481749820841, -2.0709972281517, -2.1383128255598, -2.20652302386059, -2.27538795715577, -2.34466929920337, -2.41413036342679, -2.48353605015741, -2.5526529665529, -2.6212492962635, -2.68909504459066, -2.75596188249989, -2.82162310342322, -2.88585397855143, -2.94843149097472, -3.00913446045299, -3.06774408171771, -3.12404422584566, -3.17782144900781, -3.22886427708287, -3.27696333257807, -3.32191109942445, -3.36350188813002, -3.40153229306183, -3.43580125044518, -3.46610995160872, -3.49226144075487, -3.51406069737922, -3.5313147283319, -3.54383296487302, -3.55142726674036, -3.55391191565045, -1.2915, -1.29434266135709, -1.30292645038214, -1.31698313962567, -1.33624569266119, -1.36044826769396, -1.38932623670433, -1.42261621308828, -1.46005608465959, -1.50138522087068, -1.54634451648447, -1.59467645907153, -1.64612531569689, -1.70043718480595, -1.75735976064616, -1.81664224368086, -1.87803522331026, -1.94129072998298, -2.00616233928954, -2.07240503959353, -2.1397752870833, -2.20803121470982, -2.2769324395636, -2.3462402176554, -2.41571754507375, -2.48512909775612, -2.55424136161158, -2.62282249610185, -2.69064258967549, -2.75747349441975, -2.8230887830564, -2.88726412648178, -2.94977700880225, -3.0104068595066, -3.06893562536013, -3.12514810234285, -3.17883194351437, -3.22977689236481, -3.2777749151798, -3.32261995645163, -3.36410789974884, -3.40203705179357, -3.43620820643216, -3.46642452777636, -3.4924911472402, -3.51421525007093, -3.53140617369567, -3.54387583118483, -3.55143871566234, -3.55391189363891, -1.2915, -1.29435244095961, -1.30296336662561, -1.31706244517964, -1.33638060333093, -1.36065003008673, -1.38960419683318, -1.42297788648248, -1.46050722827896, -1.5019299172324, -1.54698526013023, -1.59541425502892, -1.64695978055504, -1.70136665054582, -1.75838136798634, -1.81775202395362, -1.87922817775262, -1.94256091046397, -2.0075029338787, -2.07380845195686, -2.14123322645152, -2.20953479054253, -2.27847224480824, -2.34780642772331, -2.41730001796072, -2.48671746644568, -2.55582513728346, -2.62439116528493, -2.69218572095721, -2.75898083638941, -2.82455036229481, -2.88867036769487, -2.95111883597062, -3.0116758040188, -3.07012396760149, -3.12624904382086, -3.17983977924687, -3.23068713144755, -3.27858440645043, -3.32332700546291, -3.36471238120763, -3.40254054847376, -3.43661415432199, -3.46673833120351, -3.49272029327021, -3.51436942687228, -3.53149739523143, -3.54391858840567, -3.55145012805238, -3.55391186062599, -1.2915, -1.29436219993163, -1.30300020446477, -1.31714158148316, -1.33651522489042, -1.36085135853574, -1.38988155720718, -1.4233387772666, -1.46095739323749, -1.50247342941119, -1.5476246081652, -1.59615044139719, -1.64779242240196, -1.70229408322387, -1.7594007385237, -1.81885937276706, -1.88041851789606, -1.94382830801504, -2.00884059311768, -2.07520879472758, -2.14268798167708, -2.21103508861742, -2.28000870065071, -2.34936923946407, -2.41887906677236, -2.48830240841172, -2.55740550666682, -2.62595647177031, -2.69372555573844, -2.76048497024008, -2.82600884337946, -2.89007364142078, -2.95245784597634, -3.01294209973143, -3.07130984511399, -3.12734771727749, -3.18084555362882, -3.23159552298541, -3.27939226778778, -3.32403264281796, -3.36531566675179, -3.4030430588646, -3.43701931573201, -3.46705153440829, -3.49294900801654, -3.51452332006887, -3.53158845550714, -3.54396127726217, -3.55146153138012, -3.55391184011665, -1.2915, -1.29437193833904, -1.30303696415328, -1.31722054908982, -1.3366495582956, -1.36105225449197, -1.39015831985544, -1.42369888812145, -1.46140658293202, -1.50301576157533, -1.54826256557608, -1.59688502402064, -1.64862324797187, -1.7032194904906, -1.76041788084366, -1.81996429963491, -1.88160625415, -1.94509293388402, -2.01017532901274, -2.07660608058237, -2.14413956601327, -2.2125321226651, -2.28154182119423, -2.35092866724382, -2.42045470602316, -2.48988393820091, -2.55898248421937, -2.62751842979756, -2.69526210790689, -2.76198590936627, -2.82746423906235, -2.89147395961205, -2.95379404980764, -3.01420575649877, -3.07249326647109, -3.12844412988518, -3.18184927233296, -3.23250207107426, -3.2801985016575, -3.32473686932098, -3.36591775551481, -3.40354458044287, -3.4374236865199, -3.46736413169028, -3.49317728430508, -3.51467692112118, -3.53167934475037, -3.5440038869058, -3.55147291390189, -3.55391181967733, -1.2915, -1.29438165623411, -1.30307364589144, -1.31729934843498, -1.33678360429516, -1.36125271908705, -1.39043448635346, -1.42405822111885, -1.46185479997474, -1.50355691691334, -1.54889913615593, -1.59761800731794, -1.64945226232356, -1.70414287805383, -1.76143280130445, -1.82106681155997, -1.88279139414769, -1.94635479631355, -2.01150715038936, -2.07800031889601, -2.14558798934558, -2.21402590303824, -2.28307161720996, -2.35248472219839, -2.42202694715496, -2.49146206749974, -2.56055608180543, -2.62907705133342, -2.69679538945065, -2.76348366568768, -2.82891656109607, -2.89287133374644, -2.95512745855017, -3.0154667848899, -3.07367424161918, -3.12953829088238, -3.18285094382129, -3.23340678334786, -3.28100311483139, -3.32543969086494, -3.36651865251058, -3.40404511736066, -3.43782727001072, -3.46767612559973, -3.49340512398097, -3.51483023125658, -3.53177006367584, -3.54404641766148, -3.55148427569362, -3.55391179929351, -1.2915, -1.2943913535707, -1.3031102495008, -1.31737797912772, -1.33691736221168, -1.36145275128903, -1.390710055253, -1.4244167743388, -1.46230204192504, -1.5040968924221, -1.5495343163047, -1.59834938706581, -1.65027946059332, -1.70506424040242, -1.7624454937487, -1.82216690174824, -1.88397393047575, -1.94761388729727, -2.0128360486856, -2.079391500598, -2.14703324215382, -2.21551641983809, -2.28459807850409, -2.35403739393509, -2.42359577968538, -2.49303678586144, -2.56212628912833, -2.63063232633177, -2.69832539066404, -2.7649782299155, -2.83036580067122, -2.89426575554289, -2.95645806448644, -3.01672517777534, -3.07485276403398, -3.13063019436348, -3.18385056281177, -3.2343096551439, -3.28180610325667, -3.32614110398832, -3.36711835484233, -3.40454466725263, -3.43823006433052, -3.46798751470739, -3.49363252600623, -3.51498324976864, -3.53186061184304, -3.5440888692832, -3.55149561662642, -3.55391177887025, -1.2915, -1.29440102897096, -1.30314676970658, -1.31745642971202, -1.33705081235823, -1.36165232136518, -1.39098498519546, -1.4247744934517, -1.46274824037235, -1.50463560473559, -1.55016800706231, -1.59907904830816, -1.65110471166437, -1.70598343033261, -1.76345579519577, -1.82326439198907, -1.8851536704761, -1.94887000074944, -2.0141618056468, -2.08077939676088, -2.14847508657351, -2.21700342812488, -2.28612095504905, -2.35558642945232, -2.42516094987894, -2.49460784118604, -2.5636928579013, -2.63218401230199, -2.69985187664417, -2.76646937633154, -2.8318117426566, -2.89565702166486, -2.95778567708736, -3.01798075825433, -3.07602867107491, -3.13171969239453, -3.1848479963331, -3.23521056851951, -3.28260736389645, -3.32684102024787, -3.36771678815821, -3.40504316916734, -3.43863202104879, -3.46829826203559, -3.49385946359933, -3.51513595862717, -3.53195097834049, -3.54413123615771, -3.55150693437715, -3.55391175717855, -1.2915, -1.29441068216227, -1.30318320546888, -1.31753469793607, -1.33718395087666, -1.36185142350672, -1.39125926812734, -1.42513136791582, -1.46319338209388, -1.50517303780827, -1.55080018947065, -1.59980696913695, -1.65192799069506, -1.70690042014025, -1.76446367520295, -1.82435924927823, -1.88633057881234, -1.95012309928483, -2.01548438217832, -2.08216396697473, -2.1499134813307, -2.21848688617954, -2.2876402050675, -2.35713178726951, -2.42672241687576, -2.49617519353041, -2.56525574936667, -2.63373207190987, -2.70137481169147, -2.76795707105219, -2.83325435513562, -2.89704510228413, -2.95911026870454, -3.01923350092307, -3.07720193962467, -3.13280676416748, -3.18584322588505, -3.23610950725668, -3.28340688276757, -3.32753942782446, -3.36831394270858, -3.40554061530806, -3.43903313418321, -3.46860836325596, -3.49408593390347, -3.51528835624314, -3.53204116262205, -3.54417351853596, -3.55151822972706, -3.55391173524219, -1.2915, -1.29442034691049, -1.3032196866432, -1.31761306690184, -1.3373172661052, -1.36205079811103, -1.39153393816131, -1.42548876204857, -1.46363919293494, -1.50571130517071, -1.55143338573752, -1.60053609626481, -1.65275267956696, -1.7078190323778, -1.76547339733137, -1.82545617335973, -1.88750978142118, -1.9513787198799, -2.0168097059827, -2.08355150419233, -2.15135505399285, -2.21997372039139, -2.28916301282059, -2.35868086341285, -2.42828773720372, -2.49774650350714, -2.56682266665142, -2.63528418406979, -2.70290177862746, -2.76944872376917, -2.83470080559365, -2.89843686156429, -2.96043834702467, -3.02048951179947, -3.07837823680677, -3.13389660865563, -3.18684096099941, -3.23701067811867, -3.2842083585039, -3.32823951982583, -3.36891251664194, -3.40603922739533, -3.43943517552167, -3.46891917468239, -3.49431292017966, -3.51544110320791, -3.5321315609542, -3.54421591466504, -3.55152957716961, -3.55391174602759, -1.2915, -1.29442999111117, -1.30325608946163, -1.31769126623384, -1.33745029073159, -1.3622497352148, -1.39180800158366, -1.42584536190158, -1.4640840068435, -1.50624836141359, -1.55206514845857, -1.60126356227087, -1.6535754774381, -1.7087355247998, -1.76648077536981, -1.82655053691429, -1.88868621815175, -1.95263138324886, -2.01813189775756, -2.08493575363305, -2.15279320426142, -2.22145702032866, -2.29068219855206, -2.36022625503453, -2.4298493365809, -2.49931408248488, -2.56838586928685, -2.63683262441199, -2.70442514254511, -2.77093686782651, -2.83614386628873, -2.89982537321446, -2.9617633416193, -3.02174262260618, -3.07955183466425, -3.13498396827562, -3.18783643639832, -3.23790982194388, -3.28500804375204, -3.32893805827855, -3.3695097708165, -3.4065367464524, -3.43983633946824, -3.46922930919847, -3.49453941077337, -3.51559351219614, -3.53222175109429, -3.5442582000255, -3.55154087443661, -3.55391172593268, -1.2915, -1.29443961153573, -1.30329240165169, -1.31776926943632, -1.33758297949347, -1.36244816688169, -1.39208136451289, -1.42620104501329, -1.46452767077954, -1.50678402155694, -1.55269525999111, -1.60198911676638, -1.6543961017307, -1.70964958339925, -1.76748546484252, -1.82764196615898, -1.88985948727579, -1.95388066128165, -2.01945050477827, -2.08631623992707, -2.15422743629537, -2.22293627206001, -2.29219723282832, -2.36176741999437, -2.43140666316399, -2.50087737213164, -2.56994479587815, -2.63837683211283, -2.70594434703781, -2.77242095528913, -2.83758300202411, -2.90121011895417, -2.9630847552131, -3.02299236107589, -3.08072228985807, -3.13606843245799, -3.18882927736472, -3.23880660219197, -3.28580564171662, -3.3296347869426, -3.37010548960006, -3.40703299675101, -3.44023648873844, -3.46953866574719, -3.49476533788263, -3.5157455449329, -3.53231171981132, -3.54430038119218, -3.55155214191576, -3.55391170241018, -1.2915, -1.29444924070696, -1.30332874873564, -1.31784735097263, -1.33771580720175, -1.36264681514168, -1.39235503853468, -1.42655715032715, -1.46497188431231, -1.50732037453047, -1.55332622282953, -1.60271569548552, -1.65521793656617, -1.71056505130283, -1.76849177396775, -1.82873523595904, -1.89103482732929, -1.95513224867971, -2.02077166588032, -2.08769952948518, -2.15566472299811, -2.22441882937895, -2.29371582021122, -2.36331237898259, -2.43296801461475, -2.50244490341155, -2.57150816251144, -2.63992565089353, -2.70746829667361, -2.7739098754786, -2.83902700148209, -2.90259969210547, -2.96441088171883, -3.02424663102349, -3.08189703878395, -3.13715690623078, -3.18982580662292, -3.23970672136014, -3.2866062097607, -3.3303341061531, -3.37070341741857, -3.40753108094141, -3.44063811135479, -3.46984915788478, -3.49499209377114, -3.51589813857546, -3.53240202835394, -3.54434273571359, -3.5515634786739, -3.55391171427423, -1.2915, -1.29445884285275, -1.30336499274733, -1.31792520934456, -1.3378482525721, -1.36284488775418, -1.39262791436607, -1.4269122105159, -1.46541478615251, -1.50785513424959, -1.55395530034561, -1.6034400905934, -1.65603728732588, -1.71147773651421, -1.76949500775834, -1.8298251477042, -1.89220654042631, -1.95637995760988, -2.02208871759436, -2.08907850249363, -2.15709751248627, -2.2258967375923, -2.2952296374425, -2.36485247924864, -2.43452445259125, -2.50400750112325, -2.57306661068902, -2.64146960155197, -2.70898746317044, -2.77539413168656, -2.84046648921431, -2.90398493720234, -2.96573289341101, -3.02549702648362, -3.08306817751973, -3.13824205426564, -3.19081931025971, -3.24060412604255, -3.28740438035166, -3.33103134588862, -3.37129957967242, -3.40802770403109, -3.4410385623928, -3.47015874749212, -3.49521819014023, -3.51605028394, -3.53249206222885, -3.5443849456451, -3.55157475145643, -3.55391168738406, -1.2915, -1.29446841704188, -1.30340113017155, -1.31800283700782, -1.33798030279381, -1.36304236561243, -1.39289996578242, -1.42726619162311, -1.46585633420613, -1.50838825028531, -1.5545824337867, -1.60416223523439, -1.65685407948196, -1.71238755729911, -1.77049507777265, -1.83091160677806, -1.89337452634098, -1.95762368283612, -2.02340155030919, -2.09045304563547, -2.15852568844287, -2.22736987812749, -2.29673856447706, -2.36638760002727, -2.43607585633007, -2.50556504519938, -2.5746200217066, -2.64300856738948, -2.71050173245659, -2.77687361306558, -2.84190135817416, -2.90536575155797, -2.96705069250379, -3.02674345509812, -3.08423561965036, -3.13932379659811, -3.19180971526398, -3.24149875067953, -3.28820009587665, -3.33172645697452, -3.37189393611223, -3.4085228351801, -3.44143782070584, -3.47046742319964, -3.49544362528082, -3.51620198866169, -3.53258183789973, -3.54442703556389, -3.55158599203984, -3.55391165960206, -1.2915, -1.29447796344897, -1.30343716167673, -1.31808023541415, -1.33811196036166, -1.36323925248433, -1.39317119802526, -1.42761910053502, -1.46629653714609, -1.50891973321049, -1.55520763571069, -1.60488214400913, -1.65766832970918, -1.71329453241196, -1.7714920048225, -1.83199463600025, -1.89453880982296, -1.95886345093389, -2.02471019229732, -2.09182318872568, -2.15994928204749, -2.22883828333007, -2.29824263460742, -2.36791777532148, -2.4376222602914, -2.50711757029044, -2.57616843012494, -2.64454258258737, -2.71201113805987, -2.77834835222855, -2.84333163981461, -2.90674216524052, -2.96836430747571, -3.02798594357503, -3.08539938996005, -3.14040215596693, -3.1927970422426, -3.24239061369516, -3.28899337256406, -3.33241945346673, -3.3724864986809, -3.40901648431554, -3.44183589433351, -3.47077519131878, -3.49566840396661, -3.5163532561986, -3.53267135776323, -3.54446900709154, -3.55159720158921, -3.5539116319876, -1.2915, -1.29448748219822, -1.30347308773844, -1.31815740559659, -1.33824322705121, -1.36343555105199, -1.3934416148263, -1.42797094215521, -1.46673540114952, -1.50944959055716, -1.55583091506603, -1.60559982732473, -1.65848004989706, -1.71419867523042, -1.77248580375963, -1.8330742516629, -1.8956994085508, -1.96009928089513, -2.02601466377377, -2.09318895309332, -2.16136831561749, -2.23030197636561, -2.29974187169272, -2.36944302951746, -2.43916368921026, -2.5086651012931, -2.57771186080644, -2.64607167177187, -2.71351570417748, -2.77981837275699, -2.84475735692416, -2.90811420008045, -2.96967375904625, -3.02922451138508, -3.08655950655118, -3.14147714900778, -3.19378130629049, -3.24327972859378, -3.289784222304, -3.33311034564228, -3.37307727606815, -3.40950865859133, -3.44223278897227, -3.47108205619364, -3.49589252932117, -3.51650408861268, -3.53276062300601, -3.54451086075318, -3.55160838020935, -3.55391160449376, -1.2915, -1.29449697379805, -1.30350891031599, -1.31823435183384, -1.33837411025525, -1.36363127254309, -1.39371123189527, -1.42832173724903, -1.46717295253761, -1.50997785462971, -1.55645231049525, -1.60631533044521, -1.65928929214376, -1.71510004482925, -1.7734765407058, -1.83415052693355, -1.89685640266407, -1.96133125968685, -2.0273150583194, -2.09455043864928, -2.16278289504207, -2.23176106868443, -2.30123639226205, -2.37096348367838, -2.44070026807752, -2.51020776646065, -2.57925044454335, -2.64759596749562, -2.715015564292, -2.78128380817826, -2.84617864213857, -2.9094819868377, -2.97097917506753, -3.03045928239634, -3.08771608819068, -3.1425488882323, -3.19476261247606, -3.24416619177915, -3.2905727318983, -3.33379921004633, -3.37366633419017, -3.40999941320635, -3.44262854930038, -3.47138805246358, -3.49611602671169, -3.51665450305118, -3.53284964389344, -3.54455260155619, -3.55161952955944, -3.55391157762716, -1.2915, -1.29450639670899, -1.30354447047431, -1.31831072910124, -1.33850401732748, -1.36382552231976, -1.39397880539481, -1.42866985273395, -1.46760713609936, -1.51050202236796, -1.55706885253124, -1.60702520610231, -1.66009212714986, -1.71599423281244, -1.77445933826561, -1.8352181326774, -1.89800403571054, -1.9625532351246, -2.02860486676765, -2.09590082515856, -2.1641859420971, -2.23320828432057, -2.30271879002302, -2.37247167577166, -2.44222454841136, -2.51173819485968, -2.58077694665584, -2.64910842474813, -2.71650391119157, -2.78273813191921, -2.8475892870775, -2.91083966759619, -2.97227507507614, -3.03168517530679, -3.08886446917, -3.14361313468397, -3.19573715448303, -3.2450466301931, -3.29135595690893, -3.33448352096606, -3.37425155090764, -3.41048700918769, -3.44302179385025, -3.47169212525165, -3.49633813168425, -3.51680398406353, -3.53293810730745, -3.5445940667937, -3.55163058017232, -3.55391151273826, -1.2915, -1.29451579301902, -1.30357992925095, -1.31838688699467, -1.3386335487782, -1.36401920691007, -1.39424559572166, -1.42901694347396, -1.46804003451269, -1.51102463035909, -1.55768355051515, -1.60773294798617, -1.66089253730117, -1.71688570736067, -1.77543914026481, -1.83628247096726, -1.89914814336325, -1.96377144458796, -2.02989068906627, -2.09724702875295, -2.1655846354711, -2.23465100365157, -2.30419657893441, -2.37397517799248, -2.44374409060225, -2.51326387034255, -2.58229871503279, -2.65061620134054, -2.7179876638098, -2.78418798054792, -2.84899560777094, -2.91219320499403, -2.97356704078365, -3.03290736868938, -3.09000940803749, -3.14467421533069, -3.19670882147652, -3.24592449430942, -3.29213691356355, -3.33516587016019, -3.37483510870404, -3.41097324035501, -3.44341395380766, -3.47199537455775, -3.49655964991829, -3.51695308529159, -3.53302636255229, -3.54463545454883, -3.55164163744278, -3.55391148648311, -1.2915, -1.29452516357203, -1.30361528988202, -1.31846283255254, -1.33876271671986, -1.36421234463406, -1.39451162839881, -1.42936304305245, -1.46847169014105, -1.51154573032885, -1.55829646598033, -1.60843862774688, -1.66169060453828, -1.71777456074392, -1.77641604920497, -1.83734365430208, -1.90028884774729, -1.96498601932119, -2.03117266493784, -2.09858919685731, -2.16697912938217, -2.23608938664909, -2.30566992355117, -2.37547415818099, -2.4452590643496, -2.51478496308362, -2.5838159189811, -2.65211946441484, -2.71946698587419, -2.78563351317282, -2.85039775755186, -2.91354274548395, -2.97485521070886, -3.03412599216111, -3.09115102462924, -3.1457322394406, -3.19767771146486, -3.24679987027994, -3.292915675656, -3.33584631865686, -3.37541705566553, -3.41145814190879, -3.44380505177726, -3.47229781091411, -3.49678058063054, -3.51710179562731, -3.5331143894199, -3.54467673697246, -3.55165266757366, -3.55391146104352, -1.2915, -1.29453452047204, -1.30365059827845, -1.31853866471327, -1.3388916898568, -1.36440518821817, -1.39477725194888, -1.42970860508026, -1.46890266849378, -1.51206600401389, -1.5589083987385, -1.60914316263848, -1.66248736044511, -1.71866193328417, -1.77739130607333, -1.83840301378085, -1.90142755703825, -1.96619842906114, -2.0324523109005, -2.09992887872567, -2.16837099251097, -2.23752500884938, -2.30714039443219, -2.37697017082619, -2.44677099772034, -2.51630296522257, -2.58533000605532, -2.6536196091323, -2.72094321319683, -2.78707600015039, -2.8517969360671, -2.91488941360395, -2.97614063073647, -3.03534201027493, -3.09229020035669, -3.14678800434528, -3.19864453763535, -3.24767338795715, -3.29369279138731, -3.33652533556153, -3.37599778522919, -3.41194203591726, -3.444195343631, -3.47259963004181, -3.49700106630942, -3.51725021211763, -3.53320224818004, -3.54471794709437, -3.55166368676495, -3.5539114470729, -1.2915, -1.29454385321434, -1.30368581461161, -1.31861429767532, -1.33902032193572, -1.36459751864869, -1.39504216445939, -1.43005323677821, -1.46933248012772, -1.51258486168078, -1.55951865731109, -1.60984576015446, -1.66328191437729, -1.71954684126264, -1.77836384131146, -1.83945940341194, -1.90256306038863, -1.96740741185397, -2.0337283269024, -2.10126474847346, -2.16975888466493, -2.23895652653829, -2.3086066543901, -2.37846189458042, -2.44827859378413, -2.51781661208876, -2.58683975095203, -2.65511545593244, -2.72241521760703, -2.78851436961505, -2.85319213194304, -2.91623226193425, -2.97742242013725, -3.03655461100676, -3.09342619319663, -3.14784083860268, -3.1996086989952, -3.24854451595354, -3.29446779741932, -3.33720252331585, -3.3765769626322, -3.41242464671542, -3.44458460839177, -3.47290066052955, -3.49722097927527, -3.51739824426882, -3.53328987826808, -3.54475904631126, -3.55167466969604, -3.55391142314369, -1.2915, -1.29455314527165, -1.30372087588752, -1.31868959512637, -1.33914837956202, -1.36478898477266, -1.3953058794308, -1.43039630180003, -1.4697603274379, -1.51310133614249, -1.56012609969466, -1.61054510133038, -1.6640727713553, -1.72042761772161, -1.7793318231095, -1.84051083674878, -1.90369323001919, -1.96861071498198, -2.03499835477053, -2.10259436504322, -2.17114030756295, -2.24038140830357, -2.31006616140533, -2.37994679777503, -2.44977935061598, -2.51932344932831, -2.58834276315108, -2.65660469282965, -2.72388077879594, -2.78994650451532, -2.85458134140822, -2.9175694084512, -2.97869882554837, -3.03776217501586, -3.09455752164318, -3.14888940080967, -3.2005689949703, -3.24941219370878, -3.29523977084892, -3.33787709277472, -3.37715392704417, -3.41290543480184, -3.44497241936011, -3.47320057841182, -3.49744008668749, -3.517545737216, -3.53337718810591, -3.54479999010343, -3.55168560113789, -3.55391138401027, -1.2915, -1.29456242617357, -1.30375589524852, -1.31876480296973, -1.33927628561352, -1.3649802257211, -1.39556928659144, -1.43073896988099, -1.47018768464213, -1.51361722564119, -1.56073286276455, -1.61124367135125, -1.66486276961914, -1.72130745377089, -1.78029879032962, -1.84156119035684, -1.90482226521738, -1.96981284054258, -2.03626717452374, -2.10392275650897, -2.17252050249248, -2.24180507389231, -2.31152447901942, -2.38143055317192, -2.4512790157154, -2.52082926478686, -2.58984483654465, -2.65809308555787, -2.72534560023228, -2.79137801204276, -2.85597004147627, -2.91890616620438, -2.97997496238341, -3.03896958652523, -3.09568880529462, -3.14993801262953, -3.20152941610549, -3.25028004759272, -3.29601195007164, -3.33855187981596, -3.37773110653595, -3.41338642440592, -3.445360410145, -3.47350064915288, -3.49765931759542, -3.5176933245769, -3.53346456611606, -3.54484098118677, -3.5516965668401, -3.55391137644841, -1.2915, -1.29457168404556, -1.30379082686177, -1.3188398209837, -1.33940386670216, -1.3651709778153, -1.39583201650079, -1.43108075200092, -1.47061393097603, -1.51413176715742, -1.56133803238912, -1.61194039777041, -1.66565067285906, -1.72218494534448, -1.78126316890963, -1.84260871959101, -1.90594825182078, -1.97101170757505, -2.03753254265884, -2.10524752261648, -2.17389691978227, -2.24322483309115, -2.31297878689264, -2.38291022226356, -2.45277454590817, -2.52233092566709, -2.59134276529832, -2.65957737337637, -2.72680638594691, -2.79280558222207, -2.85735493095567, -2.92023926714596, -2.98124762166813, -3.04017372313621, -3.09681703740449, -3.15098381362185, -3.20248728050002, -3.25114560805755, -3.2967821041153, -3.33922491067332, -3.37830679558446, -3.41386618169347, -3.44574741445629, -3.47379996227182, -3.49787799800301, -3.51784054192738, -3.53355172294562, -3.54488186319197, -3.55170749374263, -3.55391135344608, -1.2915, -1.29458091893991, -1.30382567092577, -1.31891464959634, -1.33953112355838, -1.3653612421503, -1.39609407067032, -1.43142165012919, -1.47103906889828, -1.51464496366071, -1.56194161206085, -1.61263528460665, -1.66643648561542, -1.7230600974919, -1.7822249643864, -1.84365343044463, -1.90707119623838, -1.97220732285456, -2.0387944662596, -2.10656867069085, -2.17526956693266, -2.24464069350915, -2.31442909267577, -2.38438581267753, -2.45426594873583, -2.52382843936369, -2.59283655660153, -2.66105756321612, -2.72826314256692, -2.79422922133624, -2.85873601575294, -2.92156871678459, -2.9825168085025, -3.04137458954287, -3.09794222228017, -3.1520268077462, -3.20344259182704, -3.25200887857408, -3.29755023635533, -3.33989618875521, -3.37888099777969, -3.41434471060604, -3.4461334367796, -3.47409852301314, -3.49809613415096, -3.51798739676451, -3.53363866763139, -3.54492264700203, -3.55171839490455, -3.55391133059075, -1.2915, -1.29459013092095, -1.30386042768656, -1.31898928934153, -1.33965805709881, -1.3655510201093, -1.39635545102251, -1.43176166678935, -1.47146310158461, -1.51515681901973, -1.56254360637236, -1.6133283371983, -1.66722021398574, -1.72393291707557, -1.7831841843833, -1.84469533128874, -1.90819110756561, -1.97339969616912, -2.0400529557665, -2.10788621177559, -2.17663845553326, -2.24605266721609, -2.31587540884399, -2.38585733721338, -2.45575323723515, -2.5253218190575, -2.59432622368051, -2.66253366824728, -2.72971588310536, -2.79564894213766, -2.86011330825669, -2.92289452704563, -2.98378253425278, -3.04257219646293, -3.09906436991113, -3.15306700419712, -3.20439535843572, -3.25286986661193, -3.29831635336421, -3.34056571973442, -3.37945371790594, -3.41482201506574, -3.4465184802173, -3.47439633371823, -3.49831372769447, -3.51813389014881, -3.53372540074758, -3.54496333283041, -3.55172927032104, -3.55391130779629, -1.2915, -1.29459932014777, -1.3038950977702, -1.31906374160991, -1.33978466976607, -1.36574031546397, -1.39661616292506, -1.43210080920218, -1.47188603835611, -1.51566734489382, -1.56314402955018, -1.61401957255984, -1.66800187798587, -1.72480342731917, -1.78414085552965, -1.84573445234778, -1.90930801973004, -1.97458886517743, -2.04130805251786, -2.10920019075628, -2.17800363380573, -2.24746080547809, -2.31731778933601, -2.38732485203291, -2.45723646926407, -2.52681112369816, -2.59581182589514, -2.6640057476023, -2.7311646658761, -2.79706480157436, -2.86148686354864, -2.92421675069391, -2.98504484896614, -3.04376659087802, -3.10018352392143, -3.15410444300838, -3.20534561659917, -3.25372860457576, -3.2990804836331, -3.34123352820482, -3.380024976736, -3.41529811216176, -3.44690255837489, -3.47469340477112, -3.49853078612077, -3.5182800270581, -3.53381192521327, -3.54500392205113, -3.55174012039809, -3.5539112851409, -1.2915, -1.29460843714603, -1.30392949025932, -1.31913758900083, -1.33991023956436, -1.36592803044007, -1.39687466857046, -1.4324370422008, -1.47230529628947, -1.51617336713538, -1.56373907968447, -1.61470453141175, -1.66877633829064, -1.72566579310786, -1.78508843810664, -1.84676354741476, -1.9104139850302, -1.9757661925567, -2.04255044832269, -2.11050065420541, -2.17935453559855, -2.2488539688114, -2.31874456772596, -2.38877621715985, -2.4587030916895, -2.52828345439169, -2.59728019298961, -2.66546044123224, -2.73259602977916, -2.79846333340801, -2.86284331333923, -2.92552222765423, -2.98629091822609, -3.04494538865739, -3.10128788227991, -3.15512804325561, -3.20628312109673, -3.25457577313406, -3.2998342994961, -3.34189231953278, -3.38058852962501, -3.4157677997874, -3.44728147982888, -3.47498649917401, -3.49874494619969, -3.51842421297414, -3.53389728577157, -3.54504394482565, -3.55175078248146, -3.55391120452851, -1.2915, -1.29461753441214, -1.30396380770661, -1.31921127430528, -1.3400355323272, -1.36611532934001, -1.39713259877883, -1.43277252379431, -1.47272361387684, -1.516678250637, -1.56433278660938, -1.61538793969558, -1.66954904074039, -1.72652619659866, -1.7860338596313, -1.84779029103611, -1.91151741933804, -1.97694082242877, -2.04378999510595, -2.11179813403243, -2.18070233761706, -2.2502439361576, -2.32016807531842, -2.39022425907723, -2.46016636167727, -2.52975242718004, -2.59874522076481, -2.66691183826918, -2.73402416354184, -2.79985872491483, -2.864196735099, -2.92682480993103, -2.98753424560449, -3.04612161466978, -3.10238985357978, -3.15614945240733, -3.20721863902687, -3.25542116537552, -3.30058655199634, -3.34254976028247, -3.38115094182539, -3.41623655065068, -3.44765965910969, -3.47527903324422, -3.49895871159562, -3.51856815006217, -3.53398251983351, -3.54508393614483, -3.55176147706346, -3.5539111854635, -1.2915, -1.29462661726837, -1.30399807067829, -1.31928484253739, -1.34016062600288, -1.36630233081485, -1.397390119955, -1.43310747447497, -1.47314127131433, -1.5171823401982, -1.56492556391109, -1.61607028325161, -1.67032054618219, -1.72738527568357, -1.78697783636255, -1.84881547844384, -1.91261919674935, -1.97811370692976, -2.045027721507, -2.1130937331279, -2.18204821403799, -2.25163194929999, -2.32158961710736, -2.39167034088003, -2.46162769459999, -2.53121950317641, -2.60020840882414, -2.66836146884309, -2.73545061914649, -2.80125254054203, -2.86554869564202, -2.92812605589959, -2.98877636952444, -3.0472967751677, -3.10349089898249, -3.15717007291419, -3.208153499805, -3.25626602265092, -3.30133837868598, -3.34320686776707, -3.38171309867568, -3.41670511108616, -3.44803770122529, -3.47557147304702, -3.49917241652107, -3.51871205247797, -3.53406773800024, -3.54512392426273, -3.55177217596393, -3.55391117394953, -1.2915, -1.29463570231989, -1.30403234274021, -1.31935843174833, -1.34028575782166, -1.36648939313688, -1.3976477304455, -1.43344254886516, -1.47355909287149, -1.51768664027709, -1.56551860394807, -1.61675294722172, -1.67109243459625, -1.72824480440862, -1.78792233281035, -1.84984125818094, -1.91372164058061, -1.97928733206291, -2.04626626130216, -2.11439021529945, -2.18339503813212, -2.25302096757645, -2.32301221227197, -2.39311751253567, -2.46309013933288, -2.53268769545593, -2.60167269690761, -2.66981215899648, -2.73687807623507, -2.80264728848507, -2.86690151433062, -2.9294280831167, -2.99001919717842, -3.04847256283711, -3.10459249694444, -3.15819117370222, -3.2090887719422, -3.25711122658833, -3.30209049225842, -3.3438642081086, -3.38227544060739, -3.41717381523383, -3.44841585194262, -3.475863992414, -3.49938617782934, -3.51885599357323, -3.53415298211848, -3.54516393003774, -3.55178288808964, -3.55391117449871
1.7234, 1.7234, 1.7234, 1.7234, 1.7234, 1.7234, 1.7234, 1.7234, 1.7234, 1.7234, 1.7234, 1.7234, 1.7234, 1.7234, 1.7234, 1.7234, 1.7234, 1.7234, 1.7234, 1.7234, 1.7234, 1.7234, 1.7234, 1.7234, 1.7234, 1.7234, 1.7234, 1.7234, 1.7234, 1.7234, 1.7234, 1.7234, 1.7234, 1.7234, 1.7234, 1.7234, 1.7234, 1.7234, 1.7234, 1.7234, 1.7234, 1.7234, 1.7234, 1.7234, 1.7234, 1.7234, 1.7234, 1.7234, 1.7234, 1.7234, 1.7234, 1.72087177338166, 1.71349186684883, 1.70146452896482, 1.68499415222622, 1.66428527307546, 1.63954257191343, 1.61097087311202, 1.57877514502674, 1.54316050000928, 1.50433219442008, 1.46249562864095, 1.41785634708759, 1.37062003822217, 1.32099253456594, 1.26917981271177, 1.21538799333678, 1.15982334121495, 1.10269226522976, 1.04420131838687, 0.984557197826819, 0.923966744837748, 0.862636944868158, 0.800774927539642, 0.738587966659631, 0.676283480234093, 0.614069030480189, 0.552152323838854, 0.490741210987281, 0.43004368685129, 0.370267890617563, 0.311622105745718, 0.254314759980219, 0.198554425362074, 0.144549818240316, 0.0925097992832209, 0.0426433734892034, -0.00484030980266222, -0.0497319569026172, -0.0918221297608259, -0.130901245958833, -0.166759578702178, -0.199187256814638, -0.227974264734795, -0.25291044251601, -0.27378548583155, -0.290388945987695, -0.30251022994969, -0.309938600389171, -0.312463175769261, 1.7234, 1.7208806827384, 1.71352543351337, 1.7015365208209, 1.68511642801163, 1.66446785386853, 1.6397937143076, 1.61129714263504, 1.57918148979835, 1.54365032448843, 1.50490743128091, 1.46315681020713, 1.41860267598404, 1.37144945431939, 1.32190178525372, 1.27016452993462, 1.21644277410969, 1.16094183148998, 1.10386724370492, 1.04542478325184, 0.985820456459922, 0.925260504171832, 0.863951406694945, 0.802099883562035, 0.739912895701738, 0.677597650250232, 0.61536159723678, 0.553412435535269, 0.491958114542042, 0.431206835739774, 0.371367056227681, 0.312647489130721, 0.255257111032736, 0.199405160727408, 0.145301132361001, 0.0931547643999096, 0.0431760473894441, -0.0044247613288553, -0.0494371401960006, -0.091650299681611, -0.130853178990424, -0.166834444097582, -0.199382489419828, -0.228285436239632, -0.253331130481629, -0.27430714014341, -0.291000756883862, -0.303198996334364, -0.310688597359406, -0.313256022070953, 1.7234, 1.72089951205861, 1.71359652940182, 1.70168928497621, 1.68537637129512, 1.66485674216131, 1.64032971779652, 1.61199498558303, 1.58005260078487, 1.54470298681227, 1.5061469295274, 1.46458557589616, 1.42022043159924, 1.3732533497604, 1.32388654119836, 1.27232259486802, 1.21876448848363, 1.16341559865974, 1.10647970067441, 1.04816097746402, 0.988664028596139, 0.928193872295496, 0.86695596037672, 0.805156177488087, 0.743000847877564, 0.68069674977114, 0.618451105271307, 0.556471598558051, 0.494966380810943, 0.434144075075304, 0.374213786842967, 0.315385105419506, 0.257868126689882, 0.201873448979512, 0.14761215216317, 0.0952957641153155, 0.0451362848343793, -0.00265376934148045, -0.0478613735682002, -0.0902729828559105, -0.129674522048454, -0.165851380062753, -0.198588414777151, -0.227669948217209, -0.252879759715175, -0.274001078262333, -0.290816587269575, -0.30310842523692, -0.310658183325859, -0.313246904847969, 1.7234, 1.72091832891923, 1.71366757917357, 1.70184195182593, 1.68563615218968, 1.66524539267977, 1.64086540133922, 1.61269242303492, 1.58092322061551, 1.54575507529693, 1.50738577709896, 1.46601362254049, 1.42183741058923, 1.37505642379032, 1.32587044563004, 1.27447979439294, 1.22108534095495, 1.16588852558467, 1.1090913573799, 1.05089642938991, 0.991506933564566, 0.931126664084604, 0.869960042099051, 0.808212114450043, 0.7460885653483, 0.683795739933976, 0.621540627407592, 0.559530891674045, 0.49797487926877, 0.437081627737706, 0.377060883073604, 0.318123102267872, 0.26047949139088, 0.2043419984044, 0.149923278259031, 0.0974366510750382, 0.0470961291298855, -0.000883510076410632, -0.0462867368380803, -0.0888972494574412, -0.128497957469392, -0.164870972232178, -0.197797614841575, -0.227058408042044, -0.252433064711534, -0.273700475193247, -0.290638715176772, -0.303025046649115, -0.310635913758886, -0.313246941750708, 1.7234, 1.72093709800069, 1.71373844690899, 1.70199422488607, 1.6858952589986, 1.66563302918235, 1.64139968013331, 1.61338802292794, 1.58179153658424, 1.54680436852733, 1.50862132112318, 1.46743784838039, 1.42345005019607, 1.37685464586236, 1.32784899874067, 1.27663116328607, 1.22339991004901, 1.1683547489346, 1.11169592826563, 1.05362445611252, 0.994342121185951, 0.934051497431873, 0.872955978399179, 0.811259775443795, 0.749167934621448, 0.686886369053289, 0.624621835309253, 0.562581976684631, 0.500975333894384, 0.440011357192456, 0.379900430454607, 0.320853875137846, 0.263084003447528, 0.206804108155907, 0.152228413711281, 0.0995720262170388, 0.0490509639491974, 0.000882258633155705, -0.044716062684562, -0.0875249494468706, -0.127324304027265, -0.163892968816173, -0.197008736971485, -0.226448341018199, -0.251987436600555, -0.273400584847984, -0.290461263323804, -0.302941867180498, -0.310613703292867, -0.313246988607629, 1.7234, 1.72095581449391, 1.7138091139718, 1.70214606327093, 1.68615362076073, 1.66601954340241, 1.64193240197312, 1.61408158308055, 1.58265729109401, 1.54785054864919, 1.5098531792457, 1.46885780291852, 1.42505782873783, 1.37864742067145, 1.32982152976497, 1.27877595408754, 1.22570737097953, 1.1708133665497, 1.11429243433888, 1.05634400293605, 0.997168462781891, 0.936967171989191, 0.87594250016918, 0.81429782611319, 0.752237560204302, 0.689967185216821, 0.627693225972416, 0.565623305434617, 0.503966157939869, 0.442931645309164, 0.382730788476179, 0.323575771938116, 0.265680011785413, 0.209258142580827, 0.154525954503967, 0.101700335195763, 0.050999304462709, 0.00264214313603608, -0.0431506300969945, -0.0861572290216426, -0.126154562350786, -0.162918217447963, -0.196222473726889, -0.225840287902816, -0.251543272954252, -0.273101675577119, -0.290284390148256, -0.302858960008234, -0.310591569840804, -0.313247043407681, 1.7234, 1.72097447265175, 1.71387955822777, 1.70229741866705, 1.68641115403896, 1.66640480868282, 1.64246338973308, 1.61477286949877, 1.58352018773128, 1.5488932521276, 1.51108091695846, 1.47027297767284, 1.42666016160977, 1.38043408619459, 1.33178729881845, 1.28091334946143, 1.22800683022259, 1.17326341083723, 1.11687983691558, 1.05905396392216, 0.999984789857598, 0.939872462265568, 0.878918331348071, 0.817324947123146, 0.755296087652273, 0.693036807907864, 0.630753402722692, 0.568653475884747, 0.506945955676765, 0.445841115229976, 0.385550611697729, 0.32628749118048, 0.268266271396655, 0.211702925676358, 0.15681480616506, 0.10382057760026, 0.0529402568527327, 0.00439536054008774, -0.041591114907352, -0.0847946616745367, -0.124989209168646, -0.161947104519835, -0.195439128443135, -0.225234477104829, -0.251100736236231, -0.272803853729733, -0.290108156564597, -0.302776352140887, -0.310569518882672, -0.313247103328232, 1.7234, 1.72099308468795, 1.71394982681796, 1.70244839415511, 1.68666803716474, 1.66678909621573, 1.64299302337515, 1.61546238512288, 1.58438086492299, 1.54993326368501, 1.51230547438964, 1.47168447558971, 1.42825832029227, 1.38221608646688, 1.33374792481557, 1.28304514383127, 1.23030025664597, 1.17570702235238, 1.11946044379215, 1.06175680797437, 1.0027937246032, 0.942770134232484, 0.881886370502498, 0.820344156772154, 0.758346640454478, 0.696098449591243, 0.633805649116313, 0.571675823130461, 0.509918092524135, 0.448743139820024, 0.388363255892381, 0.328992345349152, 0.270846023625207, 0.214141598144356, 0.159097977606023, 0.105935597760365, 0.0548764664305559, 0.00614432950214316, -0.0400353459449769, -0.0834353377495009, -0.123826603564024, -0.160978258273506, -0.194657592134101, -0.224630049218038, -0.250659196622208, -0.27250669225959, -0.289932304695074, -0.30269391445434, -0.310547502828138, -0.313247148287578, 1.7234, 1.72101163775557, 1.71401987070703, 1.70259888350198, 1.68692408802982, 1.66717213167267, 1.64352092233787, 1.61614963147822, 1.58523869693407, 1.55096982331221, 1.51352595257611, 1.47309125640725, 1.4298511232157, 1.38399210093888, 1.33570195289092, 1.28516975501628, 1.23258595009085, 1.17814239463445, 1.12203235622345, 1.0644505604228, 1.00559323512706, 0.945658119824233, 0.884844533073687, 0.823353372325732, 0.761387154653466, 0.699150080678379, 0.636847984168417, 0.57468842766947, 0.512880721989196, 0.451635955772005, 0.391167049764296, 0.331688762637059, 0.273417802285221, 0.216572804211371, 0.161374226919356, 0.108044269753756, 0.0568069240410214, 0.00788815707976121, -0.0384841018280273, -0.0820799247634482, -0.122667306509685, -0.160012139027117, -0.193878231684635, -0.224027286246571, -0.250218861118994, -0.272210334389697, -0.289756926521967, -0.302611701562518, -0.31052555412429, -0.313247205096798, 1.7234, 1.72103014661108, 1.71408974623602, 1.70274900879968, 1.68717951598199, 1.66755423050048, 1.64404752434905, 1.61683518209455, 1.58609440395667, 1.5520038060642, 1.51474338697717, 1.47449451887224, 1.43143993264045, 1.38576365295501, 1.33765106238686, 1.28728901061519, 1.23486587601564, 1.18057161795218, 1.12459777358903, 1.06713751140951, 1.00838568133808, 0.948538825074993, 0.887795248819287, 0.826355026106914, 0.764420045222213, 0.702194080123347, 0.639882733714756, 0.577693546690517, 0.515836018659956, 0.454521642695642, 0.393963967144737, 0.334378601875704, 0.275983343570042, 0.218998151380776, 0.163645028456998, 0.110147931913128, 0.0587328307206369, 0.00962790732804814, -0.0369364535738503, -0.0807276253036845, -0.121510647066362, -0.159048195622751, -0.193100607430074, -0.223425850134567, -0.249779481798565, -0.27191460924199, -0.289581913542172, -0.302529651065171, -0.310503638604538, -0.313247248356502, 1.7234, 1.72104861458814, 1.71415946619214, 1.70289879786601, 1.68743436890383, 1.66793546513787, 1.64457293035237, 1.61751916982701, 1.58694815362199, 1.55303541667151, 1.51595802120525, 1.47589454672182, 1.43302507313252, 1.38753110807679, 1.33959565948853, 1.28940335652725, 1.23714051858649, 1.182995212756, 1.12715725010811, 1.06981824587509, 1.01117167532, 0.951412885104024, 0.890739171258095, 0.829349784873214, 0.76744598646998, 0.705231123577852, 0.642910568075992, 0.580691839056761, 0.518784624366884, 0.457400820365688, 0.39675460128282, 0.337062425873028, 0.278543176489256, 0.22141813206863, 0.16591083581215, 0.112246997347319, 0.0606545579969837, 0.0113639096617913, -0.035392113844133, -0.0793781935050259, -0.120356419671213, -0.158086261060083, -0.192324588623269, -0.222825643508803, -0.249340991212279, -0.271619475272416, -0.289407245525244, -0.302447758883433, -0.310481762608464, -0.313247288520474, 1.7234, 1.72106703917597, 1.71422902093915, 1.7030482297281, 1.68768861067824, 1.66831578091959, 1.64509706413418, 1.61820149431716, 1.58779981923438, 1.55406450031317, 1.5171696709305, 1.47729112513865, 1.43460629881379, 1.38929418919794, 1.34153543609936, 1.29151245430922, 1.23940951006279, 1.18541278346414, 1.12971036422203, 1.07249231855694, 1.01395075078838, 0.954279815696872, 0.893675801747775, 0.832337139468609, 0.770464463052394, 0.708260694247595, 0.645930974158454, 0.583682800089824, 0.521726047127538, 0.460273013342667, 0.399538496695858, 0.339739802084181, 0.281096893985784, 0.223832366825829, 0.168171298835261, 0.114341146459907, 0.0625718176414743, 0.013095907596376, -0.0338513074414215, -0.0780318229876746, -0.119204787699308, -0.157126469843564, -0.191550282709664, -0.222226749004221, -0.248903449869716, -0.271324973986983, -0.289232948532078, -0.302366039628111, -0.310459933728321, -0.313247331030415, 1.7234, 1.72108542047018, 1.71429841084112, 1.7031973051732, 1.68794224265224, 1.66869517987091, 1.64561992849863, 1.61888215923097, 1.58864940538732, 1.55509106255898, 1.51837834273161, 1.47868426172737, 1.4361836183174, 1.39105290596907, 1.34347040286199, 1.29361631555655, 1.24167286293993, 1.18782434340731, 1.13225713002269, 1.0751597442254, 1.01672292310162, 0.957139632703159, 0.896605156526838, 0.835317106415817, 0.773475491668137, 0.711282808898823, 0.648943968686044, 0.586666446358472, 0.524660303243596, 0.463138237550901, 0.402315668823067, 0.342410745359188, 0.283644510223591, 0.226240869043885, 0.17042643007284, 0.116430390896726, 0.064484620357641, 0.0148239108661437, -0.0323140256105119, -0.0766885059692199, -0.118055744317968, -0.156168816049058, -0.190777684613864, -0.221629162315365, -0.248466854137303, -0.271031102306175, -0.289059019899263, -0.302284490893693, -0.310438149637964, -0.313247373440683, 1.7234, 1.7211037422467, 1.71436757341688, 1.70334588782653, 1.68819502931754, 1.66907330450683, 1.64614102353753, 1.61956050418769, 1.58949607557543, 1.55611407752464, 1.51958281048946, 1.48007252167719, 1.4377553820839, 1.39280539042605, 1.3453984721514, 1.2957126341278, 1.24392805610502, 1.19022716244864, 1.13479461670132, 1.07781740215739, 1.01948489478635, 0.95998887747085, 0.899523633744844, 0.838285961095892, 0.776475247808144, 0.714293568462683, 0.65194560581109, 0.589638815466551, 0.52758344645391, 0.465992598001824, 0.405082311541079, 0.345071578488794, 0.286182512117369, 0.22864032013518, 0.172673130976316, 0.118511872860358, 0.0663903649794329, 0.0165455859855773, -0.0307823279358679, -0.0753500267416305, -0.116910801963624, -0.155214548521105, -0.190007792678048, -0.221033649196661, -0.248031759920707, -0.270738233849253, -0.28888568334449, -0.302203223703005, -0.310416450693566, -0.313247432290796, 1.7234, 1.72112202164401, 1.71443657466123, 1.70349412171761, 1.68844721937733, 1.66945053230386, 1.6466608770612, 1.62023722635293, 1.59034071280242, 1.55713462799653, 1.52078436817983, 1.4814574190228, 1.43932333053986, 1.39455361318451, 1.3473218460335, 1.29780384226514, 1.24617774816776, 1.19262411922359, 1.13732591404617, 1.08046858189079, 1.02224014112123, 0.962831194406032, 0.902435027718633, 0.841247626004643, 0.779467757899952, 0.717297076538634, 0.654940037032132, 0.592604075025424, 0.530499626186046, 0.468840189133347, 0.407842424984222, 0.34772616548298, 0.288714590788836, 0.231034206629156, 0.174914656841029, 0.120588594834504, 0.068291784664113, 0.0182633853342438, -0.0292540492017576, -0.0740145085741133, -0.115768368646022, -0.154262351199256, -0.18923955289426, -0.220439398748018, -0.24759757541582, -0.270445966829085, -0.28871269295176, -0.302122108798848, -0.31039478001809, -0.313247473738553, 1.7234, 1.72114024775545, 1.71450537284776, 1.70364191627148, 1.68869865726362, 1.66982662844078, 1.64717916261949, 1.62091189715649, 1.59118277777181, 1.55815205723077, 1.5219822367759, 1.48283804950501, 1.44088643313101, 1.39629641821983, 1.34923924572466, 1.29988854302461, 1.24842043050968, 1.1950136018139, 1.13984931710446, 1.08311149759498, 1.02498680938924, 0.965664679732471, 0.905337401276577, 0.844200150076595, 0.782451075085946, 0.720291407181645, 0.65792537262335, 0.595560385435748, 0.533407065478586, 0.47167930773844, 0.410594389422173, 0.350372978417479, 0.291239317056957, 0.233421203636412, 0.177149791232443, 0.122659451620912, 0.0701878868461907, 0.0199764289917432, -0.0277299580526284, -0.0726826115866322, -0.114629000093919, -0.153312680934142, -0.188473330127207, -0.219846692092351, -0.247164507599428, -0.270154445022516, -0.288540141593911, -0.302041201795421, -0.310373170961737, -0.313247525214277, 1.7234, 1.72115843097353, 1.71457400773878, 1.70378935780493, 1.68894949123987, 1.67020181672753, 1.64769619137636, 1.62158492513201, 1.59202278461101, 1.55916699138169, 1.52317715910182, 1.48421527546828, 1.44244567278131, 1.39803490830453, 1.35115189132414, 1.30196806952036, 1.25065754315831, 1.19739714927142, 1.14236645427816, 1.08574785556392, 1.02772667053709, 0.968491154030731, 0.908232607835836, 0.847145400991301, 0.78542706403801, 0.723278406093892, 0.660903424661975, 0.598509511800304, 0.536307470419988, 0.474511590162072, 0.413339762039039, 0.353013487211303, 0.293758066785544, 0.235802587492973, 0.179379706807176, 0.124725509369195, 0.0720796296620451, 0.0216855668971485, -0.0262093116063891, -0.0713536974899317, -0.113492158822468, -0.152365095931226, -0.187708771832437, -0.219255258168731, -0.246732357801063, -0.269863531729581, -0.288367942794407, -0.301960453365444, -0.310351596945197, -0.313247567158087, 1.7234, 1.72117658114532, 1.71464251659084, 1.70393652643473, 1.68919985762204, 1.67057630090652, 1.64821224361644, 1.62225667411067, 1.59286118559101, 1.56017997394259, 1.52436977054537, 1.48558982275475, 1.4440018622355, 1.39976997742335, 1.35306075028252, 1.30404345278376, 1.25289016872989, 1.19977588439416, 1.1448784777392, 1.08837882713128, 1.03046090544612, 0.97131179871472, 0.911121820927707, 0.850084536583215, 0.788396859681554, 0.72625917868459, 0.663875263037672, 0.601452483088408, 0.539201824264271, 0.477337969754617, 0.416079422700556, 0.355648515272906, 0.296271604562204, 0.238179062213994, 0.181605045871246, 0.126787348157105, 0.0739675310570366, 0.0233912555749091, -0.0246917134304923, -0.0700274279973961, -0.112357562127689, -0.151419365887346, -0.186945696306904, -0.218664959454411, -0.246301027639187, -0.269573162051229, -0.288196058858136, -0.301879846119321, -0.310330053366072, -0.313247599616506, 1.7234, 1.72119467713138, 1.71471081873486, 1.70408324742667, 1.68944945693017, 1.67094962992642, 1.64872669374631, 1.62292632484156, 1.59369695254343, 1.56118975642348, 1.52555859474712, 1.48695998344471, 1.44555306218044, 1.40149945889521, 1.35496343643374, 1.30611209893837, 1.2551155213036, 1.20214684606917, 1.14738226922231, 1.09100115610797, 1.0331861404228, 0.97412314419796, 0.914001497876985, 0.853013965086515, 0.791356846353198, 0.729230111784003, 0.666837304662263, 0.604385775076634, 0.542086691634758, 0.480155126920838, 0.418810191480823, 0.358275043188012, 0.29877708928166, 0.240547979758771, 0.183823365165536, 0.128842738188479, 0.0758495803409395, 0.0250917060460461, -0.0231787312228528, -0.0687051529920953, -0.111226348579532, -0.150476427595044, -0.186184851134772, -0.218076369927016, -0.245870936118993, -0.269283621685774, -0.288024666872823, -0.301799476260781, -0.310308586300738, -0.313247652325496, 1.7234, 1.721212737048, 1.71477898312703, 1.70422966982291, 1.68969854406082, 1.671322186829, 1.64924007176663, 1.62359456962082, 1.59453095192002, 1.562197387816, 1.52674486814781, 1.48832718286305, 1.44710088478731, 1.40322514622811, 1.35686191564071, 1.30817613688064, 1.2573358831495, 1.20451245994369, 1.14988038742153, 1.09361752217313, 1.03590516234145, 0.976928069033268, 0.916874591673095, 0.855936694961693, 0.794310067297003, 0.732194261014134, 0.669792593410925, 0.607312394048437, 0.544965013662253, 0.48296591279849, 0.42153480740614, 0.360895678476406, 0.301276980286592, 0.242911637350307, 0.186036788582428, 0.130893621548985, 0.0777275320487724, 0.0267884822840003, -0.0216689918471876, -0.0673856877157313, -0.110097516603294, -0.14953545473218, -0.185425574578398, -0.217488979028129, -0.245441707718765, -0.268994651268116, -0.287853602012258, -0.301719249147261, -0.310287144197579, -0.313247686993995, 1.7234, 1.72123077299244, 1.71484705712385, 1.70437589837241, 1.68994730226006, 1.67169425343356, 1.64975277711748, 1.62426194352877, 1.5953638714329, 1.56320372442816, 1.52792963058863, 1.48969265829528, 1.44864677767187, 1.40494870922973, 1.35875809073953, 1.3102377091101, 1.25955363886337, 1.20687535094244, 1.15237569162525, 1.0962310103119, 1.03862127051793, 0.979730072803174, 0.919744785403999, 0.858856573344816, 0.797260511544809, 0.735155732458375, 0.672745324881069, 0.610236594882981, 0.547841071584023, 0.48577459936645, 0.424257494888302, 0.363514556982821, 0.303775281163965, 0.245273859939228, 0.188248922595115, 0.132943352933878, 0.079604462334765, 0.02848436167671, -0.0201600303675083, -0.0660668868312197, -0.108969241068983, -0.148594936444351, -0.184666657587766, -0.216901860501465, -0.245012673426181, -0.268705806941198, -0.287682606947384, -0.301639048812397, -0.310265700749912, -0.313247708733953, 1.7234, 1.72124876727972, 1.71491497254945, 1.7045217841473, 1.69019547413158, 1.67206543870375, 1.65026426249583, 1.62492772291404, 1.59619479354598, 1.56420763984835, 1.52911153433752, 1.4910548307905, 1.45018892331299, 1.40666808700521, 1.36064965520472, 1.31229426376063, 1.26176599407497, 1.2092324875755, 1.15486492115769, 1.09883814114501, 1.04133077990244, 0.982525280371305, 0.922608031982111, 0.861769401884381, 0.800203852720979, 0.738110097511771, 0.67569099658636, 0.613153832111613, 0.550710310402143, 0.488576658102617, 0.426973790438315, 0.366127321361311, 0.306267784373623, 0.24763063600919, 0.190455991258205, 0.134988424846939, 0.0814771583584235, 0.0301764455746092, -0.0186544183767854, -0.0647509886795802, -0.107843427540323, -0.147656452661315, -0.183909368270101, -0.216315991110712, -0.244584545807341, -0.268417570885455, -0.287511973949972, -0.301559024760703, -0.310244316500398, -0.313247749595993, 1.7234, 1.72126672773241, 1.71498275939105, 1.70466739234918, 1.69044317184881, 1.67243591225001, 1.65077476412226, 1.62559221848865, 1.59702411005251, 1.56520961224979, 1.53029114795602, 1.49241436201716, 1.45172807791585, 1.40838413043845, 1.3625375534522, 1.3143468363456, 1.26397407167272, 1.21158507509788, 1.15734935734803, 1.10144026449923, 1.04403509996096, 0.985315150703893, 0.925465828455273, 0.864676703012653, 0.803141624667629, 0.741058886177492, 0.678631120654242, 0.616065587160154, 0.553574169229122, 0.491373475407385, 0.429685018559316, 0.368735226247305, 0.30875566792824, 0.249983061413473, 0.192659003950257, 0.137029757100751, 0.0833464484964572, 0.0318654702706021, -0.0171515110899009, -0.0634374381841669, -0.106719607626199, -0.146719617429693, -0.183153397636759, -0.215731132133588, -0.244157148482464, -0.268129819913925, -0.287341622650179, -0.30147912783774, -0.310222960682255, -0.313247783147067, 1.7234, 1.72128463571029, 1.71505034641272, 1.7048125684874, 1.69069013030399, 1.67280527428169, 1.65128372675413, 1.62625470208584, 1.59785090568661, 1.56620852839008, 1.53146715264575, 1.49376972334011, 1.45326250202707, 1.41009489157658, 1.3644196346475, 1.31639308206663, 1.26617534511149, 1.2139304207361, 1.15982616001584, 1.10403441491109, 1.04673116537577, 0.988096544463606, 0.928314987707465, 0.867575268483276, 0.806070625064859, 0.743998929530302, 0.681562586750229, 0.618968831207171, 0.556429721408479, 0.494162245169261, 0.432388509793586, 0.371335752675309, 0.311236574923256, 0.252328950610278, 0.194855953530027, 0.139065525731083, 0.0852106944740592, 0.0335499834282577, -0.0156525769173978, -0.0621273241041555, -0.105598696970533, -0.145785182074485, -0.182399343749806, -0.215147741684438, -0.243730815192174, -0.267842781225591, -0.287171693794927, -0.301399434685095, -0.310201670435406, -0.313247833886253, 1.7234, 1.72130250131319, 1.71511777211099, 1.7049573958661, 1.69093649213373, 1.67317373940685, 1.65179144772424, 1.62691556263096, 1.59867566794904, 1.56720497944367, 1.5326402464694, 1.4951217210418, 1.45479310959844, 1.41180138960953, 1.36629701890587, 1.31843421577086, 1.2683711158966, 1.21626990270163, 1.16229677225076, 1.10662208664439, 1.04942050600757, 0.990871012464181, 0.931157067796508, 0.870466650825403, 0.808992389078033, 0.746931734477758, 0.684486863572612, 0.62186498573178, 0.559278333135502, 0.496944271179241, 0.435085499352607, 0.373930062048609, 0.31371158867257, 0.254669305493646, 0.197047758095065, 0.141096563619127, 0.0870706434903835, 0.0352306470539719, -0.0141570375992663, -0.0608201495229971, -0.104480276640309, -0.144852801327925, -0.181646929729653, -0.214565605035743, -0.243305386165708, -0.267556341851503, -0.287002112102289, -0.301319897633181, -0.310180414668011, -0.313247875304827, 1.7234, 1.72132032412138, 1.71518503486729, 1.70510187094858, 1.69118225122389, 1.67354129833453, 1.65229791402558, 1.62757478292213, 1.59949837502488, 1.56819893862568, 1.5338103973769, 1.49647031757426, 1.45631985741477, 1.41350357554993, 1.36816965142632, 1.32047017686655, 1.27056131773273, 1.21860344914897, 1.16476111687869, 1.10920319748615, 1.0521030349647, 0.993638463568667, 0.933991973847752, 0.873350752009641, 0.811906816182589, 0.749857198739554, 0.687403847905844, 0.624753947483548, 0.562119902108575, 0.499719453150331, 0.437775889910918, 0.376518060832405, 0.316180620144181, 0.257004042132573, 0.199234339302615, 0.143122798389504, 0.0889262294057792, 0.0369074014020614, -0.0126649464370121, -0.0595159613564281, -0.103364387332096, -0.143922509940874, -0.180896184761302, -0.213984746292596, -0.242880881020045, -0.26727051761768, -0.286832890409481, -0.301240527437453, -0.310159203065609, -0.31324791713508, 1.7234, 1.72133810462722, 1.71525213651856, 1.7052459976375, 1.6914274141328, 1.6739079607377, 1.65280313877378, 1.6282323797148, 1.60031904737598, 1.56919043004057, 1.53497763292154, 1.49781554361627, 1.45784277882779, 1.41520148498796, 1.37003756962047, 1.32250100418776, 1.27274599049546, 1.22093110063355, 1.16721923479397, 1.11177778834901, 1.05477879287973, 0.996398937854927, 0.936819745134145, 0.876227610278962, 0.814813943392328, 0.752775357929065, 0.690313573820278, 0.627635748875022, 0.564954458997593, 0.502487819954108, 0.440459708495517, 0.379099774172872, 0.318643692577741, 0.259333181846773, 0.201415716552862, 0.145144247538368, 0.0907774678415911, 0.0385802602624443, -0.011176291413628, -0.0582147492867204, -0.102251020338329, -0.142994300710785, -0.180147103025768, -0.21340516088154, -0.242457296272417, -0.26698530596026, -0.286664026882744, -0.301161322788361, -0.310138034619819, -0.313247958429556, 1.7234, 1.72135580499429, 1.71531892923066, 1.70538944943535, 1.69167141052968, 1.67427285077816, 1.65330588244495, 1.62888669511726, 1.60113555755705, 1.57017680900037, 1.53613875047345, 1.49915360488808, 1.4593574611916, 1.41689006723892, 1.37189507213479, 1.32452034012536, 1.27491812177641, 1.22324519844889, 1.16966283653981, 1.11433696162007, 1.05743830362657, 0.999142417377949, 0.93962986563835, 0.879086262343867, 0.81770241800063, 0.755674534835804, 0.693204111574429, 0.630498286665183, 0.567769813155785, 0.505237186693147, 0.44312487617855, 0.381663333145694, 0.321089254901151, 0.261645603083301, 0.203581313300664, 0.147150998842095, 0.0926152088508226, 0.0402409125610055, -0.00969848948927206, -0.056923002273889, -0.101145724086154, -0.142072790350161, -0.179403399688278, -0.212829713935181, -0.242036719882721, -0.266702111869085, -0.2864963590848, -0.301082690702579, -0.310117044019155, -0.313248041104295, 1.7234, 1.72137346165214, 1.71538555539212, 1.70553254090401, 1.69191479004915, 1.67463681274779, 1.65380734025818, 1.62953932823158, 1.60194995819534, 1.57116062798706, 1.53729684189002, 1.50048816533473, 1.46086816644454, 1.41857420133348, 1.37374766738463, 1.32653432796681, 1.27708448841879, 1.2255531448771, 1.17209993492306, 1.11688931892076, 1.06009072913902, 1.00187858909379, 0.942432505263319, 0.881937312196407, 0.820583222451358, 0.758566027943687, 0.696087006509012, 0.633353276915438, 0.570577768281513, 0.507979354671876, 0.445783094897827, 0.384220239498445, 0.323528503999844, 0.263952089317406, 0.205741387191274, 0.149152667828181, 0.0944483303832028, 0.0418974240406405, -0.00822434092401707, -0.0556344195443195, -0.100043108898113, -0.1411534915727, -0.178661460313773, -0.212255613495351, -0.241617111161755, -0.266419553883364, -0.286329051911425, -0.301004208730883, -0.310096066939041, -0.313248083599082, 1.7234, 1.72139109492765, 1.71545209135337, 1.70567543520529, 1.69215782854338, 1.67500025615933, 1.65430807144835, 1.6301909991679, 1.60276313652115, 1.57214294268808, 1.53845312774525, 1.50182060193921, 1.46237641459447, 1.42025553660478, 1.37559712001377, 1.32854483333698, 1.27924704238426, 1.22785696325866, 1.17453260939299, 1.11943698022677, 1.06273821402623, 1.00460960604325, 0.945229808971401, 0.884782881469319, 0.823458441056277, 0.761451871513937, 0.698964231367667, 0.636202620506306, 0.573380144170197, 0.510716054501515, 0.448435999106096, 0.38677202567767, 0.325962865593482, 0.266253955945114, 0.20789714082551, 0.151150342956782, 0.0962778065395656, 0.0435506553513679, -0.00675309648231447, -0.0543483601126449, -0.0989426377464804, -0.140235965887276, -0.177920938398037, -0.211682597366259, -0.241198283414776, -0.26613751087327, -0.286162038733003, -0.300925852550716, -0.31007510804247, -0.313248105112555, 1.7234, 1.72140868017885, 1.71551844416884, 1.70581793299721, 1.69240018775003, 1.67536267687508, 1.65480738461638, 1.63084081344891, 1.60357398473149, 1.57312242729708, 1.539606065122, 1.5031491611369, 1.4638802534642, 1.42193193511588, 1.377441119994, 1.3305493886017, 1.28140317373454, 1.23015391747132, 1.17695801458358, 1.12197700868815, 1.06537774853609, 1.00733240497827, 0.948018680250057, 0.887619859746214, 0.826324967985886, 0.764328981927987, 0.701832741501203, 0.639043327654151, 0.576174020941127, 0.513444450381372, 0.451080850403008, 0.389316063150228, 0.328389832630244, 0.268548828160642, 0.210046341562073, 0.153141942826243, 0.0981017153924438, 0.045198851434543, -0.00528633779700171, -0.0530662264671662, -0.0978455290940037, -0.139321243686145, -0.177182677792474, -0.21111132996281, -0.240780734298259, -0.265856331987627, -0.285995544013345, -0.300847751334755, -0.310054236175744, -0.313248154700459, 1.7234, 1.72142623434501, 1.71558467897221, 1.70596017626031, 1.69264211254634, 1.67572444611618, 1.6553057981722, 1.63148945491614, 1.60438336774066, 1.57410014084112, 1.54075691759975, 1.50447531889985, 1.46538137666007, 1.42360531075142, 1.37928180153394, 1.3325503457418, 1.28355544707375, 1.23244677699852, 1.17937911452098, 1.12451254994443, 1.06801264440243, 1.0100504456209, 0.950802706117891, 0.890451938068253, 0.829186572449099, 0.767201178130436, 0.704696374582089, 0.641879221179479, 0.578963175190824, 0.516168243518955, 0.453721247652726, 0.391855823696937, 0.330812727282937, 0.270839858223132, 0.212191953663089, 0.155130227843742, 0.0999225998642841, 0.0468443263270306, -0.00382198888645559, -0.0517861876206593, -0.0967502016561498, -0.138407995863574, -0.176445597178344, -0.210540966492849, -0.240363837418181, -0.265575584234007, -0.285829296297188, -0.300769756433021, -0.310033379895095, -0.313248185658696, 1.7234, 1.72144374388711, 1.71565074376739, 1.70610205176614, 1.69288340783884, 1.67608526843435, 1.65580289996579, 1.63213638051399, 1.605190599527, 1.57507524441587, 1.54190468561907, 1.50579790938607, 1.46687844857578, 1.42527415680533, 1.38111748763728, 1.33454586042603, 1.28570185583651, 1.23473338028874, 1.18179360206452, 1.12704116281135, 1.07064034009374, 1.01276106194202, 0.953579134051778, 0.893276297578717, 0.832040391573817, 0.770065577712836, 0.7075522553064, 0.644707461688812, 0.581744829629792, 0.518884742308068, 0.456354605900961, 0.394388847376504, 0.333229230377418, 0.273124880876046, 0.214331976339365, 0.157113369639358, 0.101738809361113, 0.0484856099728446, -0.00236133909913046, -0.0505093546377103, -0.0956575932300891, -0.137496994557065, -0.175710313231254, -0.20997198095747, -0.239947939477677, -0.265295504982538, -0.285663444174358, -0.300691950795135, -0.31001258223724, -0.313248229425818, 1.7234, 1.72146121790021, 1.71571667367261, 1.70624363633129, 1.69312420656498, 1.6764453460576, 1.65629897343292, 1.63278196555091, 1.60599615668471, 1.57604832406294, 1.54305007157997, 1.5071177570151, 1.46837242006263, 1.42693955372475, 1.38294939026214, 1.33653727679056, 1.28784387575623, 1.23701533284597, 1.18420320941847, 1.12956470187945, 1.07326280703178, 1.01546633540138, 0.956350147519162, 0.896095214488601, 0.834888783817971, 0.772924609654383, 0.710402870221276, 0.647530579119844, 0.584521542188308, 0.521596516051822, 0.458983487985828, 0.396917671509591, 0.335641833450696, 0.27540632039627, 0.216468743924068, 0.159093588714773, 0.103552425463786, 0.0501246187417232, -0.000902657684208996, -0.0492341969119862, -0.0945663819973486, -0.136587129495985, -0.174975924104131, -0.20940367092469, -0.239532522567374, -0.265015740069904, -0.285497770567124, -0.300614221884931, -0.309991796780259, -0.31324826138331, 1.7234, 1.72147864786666, 1.71578243578464, 1.70638485795792, 1.69336438408218, 1.67680448930752, 1.65679375262734, 1.63342585774023, 1.60679959167373, 1.57701882923597, 1.54419241533755, 1.50843408661255, 1.46986239664794, 1.4286004846326, 1.38477636818259, 1.33852332847853, 1.28998011572528, 1.2392911203559, 1.18660630177184, 1.13208141571652, 1.07587818220647, 1.01816429762465, 0.959113680166226, 0.898906533023294, 0.837729513744616, 0.775775969817044, 0.713245858652697, 0.650346169634715, 0.587290880446984, 0.524301119540294, 0.461605452909853, 0.399439877529295, 0.338048159800274, 0.277681862598435, 0.218600026623471, 0.161068762767032, 0.105361457686382, 0.0517595195187657, 0.000552399476302763, -0.0479621789240687, -0.0934778325611753, -0.135679462621447, -0.174243291980956, -0.208836707415646, -0.239118080828576, -0.264736626728379, -0.285332481456509, -0.30053667577636, -0.309971066721256, -0.313248304567942, 1.7234, 1.7214960381463, 1.71584804694352, 1.70652575349185, 1.69360400417273, 1.67716279523887, 1.65728737361782, 1.63406823731213, 1.60760113343948, 1.57798704155668, 1.54533205455893, 1.50974729466934, 1.47134883583562, 1.43025746964673, 1.38659900514191, 1.3405046632819, 1.29211128741948, 1.24156151762801, 1.1890037157352, 1.13459220081911, 1.07848741950627, 1.020855956823, 0.961870790884037, 0.901711358541565, 0.840563728405396, 0.778620841612356, 0.716082434482882, 0.6531554711456, 0.590054099360305, 0.526999817234196, 0.464221766560351, 0.401956724131002, 0.340449451773315, 0.279952723792119, 0.220727004491441, 0.163040024851624, 0.107166980822542, 0.0533913170524195, 0.00200475478325354, -0.0466924734433, -0.0923912218343353, -0.134773380111125, -0.173511913572788, -0.208270695090141, -0.238704320432071, -0.264457962348328, -0.285167451307135, -0.300459246009224, -0.309950362822468, -0.313248341257895, 1.7234, 1.72151340056798, 1.71591355258713, 1.70666642189754, 1.69384323738284, 1.67752052217225, 1.65778019682979, 1.63470957926525, 1.60840138216061, 1.57895369512927, 1.54646986415892, 1.51105840193621, 1.47283290737872, 1.43191182883077, 1.38841877096349, 1.34248289837483, 1.29423915109662, 1.24382842188035, 1.19139747750919, 1.13709920253842, 1.08109277174898, 1.02354365974748, 0.964623904975115, 0.904512177670155, 0.843393956679476, 0.7814617763868, 0.718915151028467, 0.655961017733284, 0.592813691861513, 0.529695038300498, 0.466834771015583, 0.404470442281267, 0.342847804501739, 0.282220843640319, 0.222851447179573, 0.165008965160608, 0.108970401253403, 0.0550212346587499, 0.00345545433118464, -0.0454242006562401, -0.0913058245055864, -0.13386829853786, -0.172781333878071, -0.207705293073311, -0.23829099949032, -0.264179588049427, -0.285002587424901, -0.300381888413828, -0.309929670935982, -0.313248367983438, 1.7234, 1.72153072009126, 1.71597889482649, 1.70680673688464, 1.69408186572304, 1.6778773393767, 1.65827176000373, 1.63534927328007, 1.60919956518187, 1.5799178429433, 1.54760471300895, 1.51236608566069, 1.47431309165312, 1.43356184269949, 1.3902337455688, 1.34445591461106, 1.29636139232578, 1.24608932943937, 1.19378490252185, 1.13959956604976, 1.08369122680648, 1.02622425222168, 0.967369743776369, 0.907305607129836, 0.84621673285161, 0.784295249492421, 0.721740449536055, 0.658759242693079, 0.595566110778507, 0.53238328391167, 0.46944104593573, 0.406977721605171, 0.345240050387197, 0.284483225684168, 0.224970553285033, 0.166972996820199, 0.110769361666066, 0.0566471551769057, 0.00490262726228097, -0.0441589834075628, -0.0902230181377404, -0.132965357353851, -0.172052465848383, -0.207141203864366, -0.237878630536162, -0.263901851321006, -0.284838101614596, -0.300304712904961, -0.309909037316407, -0.313248410004383, 1.7234, 1.72154799725656, 1.71604407571286, 1.70694670287611, 1.69431989673955, 1.67823325816381, 1.65876207874955, 1.63598733968874, 1.60999570787289, 1.58087951561279, 1.54873663706666, 1.51367038713621, 1.47578943517379, 1.4352075627695, 1.3920439851497, 1.34642377242561, 1.29847807524754, 1.24834430750973, 1.19616606041921, 1.14209336283658, 1.08628285741677, 1.02889780767868, 0.970108380880958, 0.910091720166108, 0.849032129340168, 0.787121332070313, 0.724558399449893, 0.661550213386586, 0.598311421041296, 0.535064616253031, 0.472040650487458, 0.409478618018977, 0.347626241906861, 0.286739918819061, 0.227084368027569, 0.168932161332082, 0.112563899855512, 0.0582691127610103, 0.0063463042108055, -0.0428967944071978, -0.0891427785549084, -0.132064535211747, -0.17132529062261, -0.206578410689169, -0.237467198425959, -0.263624738135764, -0.284673980393057, -0.300227705913259, -0.309888447619593, -0.313248451454931, 1.7234, 1.72156523290154, 1.71610909843965, 1.70708632678349, 1.69455734226856, 1.67858829634531, 1.65925117774984, 1.63662381078475, 1.61078985072319, 1.58183876225393, 1.54986569435167, 1.51497137340937, 1.47726201398574, 1.43684907390394, 1.39384958305485, 1.34838657316845, 1.30058930857749, 1.25059347138737, 1.19854107214261, 1.14458071840091, 1.0888677924105, 1.03156445710196, 0.972839948306639, 0.912870648772703, 0.851840277117894, 0.789940153137719, 0.727369126960993, 0.664334052374997, 0.601049740848085, 0.537739148495963, 0.474633692224293, 0.411973232943389, 0.350006473910598, 0.288991010966057, 0.22919297212449, 0.170886532020732, 0.114354081652644, 0.0598871657367304, 0.00778653607529468, -0.0416375900164171, -0.088065069122027, -0.13116580213381, -0.1705997844427, -0.206016895480123, -0.237056690161512, -0.26334823985148, -0.284510218667942, -0.300150864997337, -0.309867901063311, -0.313248492127309, 1.7234, 1.72158244851359, 1.71617404506354, 1.70722578645531, 1.69479450731376, 1.67894291358414, 1.65973969497192, 1.63725952262622, 1.61158304380989, 1.58279685903333, 1.55099339533365, 1.51627079361057, 1.47873281638283, 1.43848860020893, 1.39565299199635, 1.35034698709753, 1.30269796520547, 1.25283987782845, 1.20091315862011, 1.14706499721977, 1.09144951826483, 1.03422778650502, 0.975568108225742, 0.915646106992783, 0.854644916901477, 0.792755453979434, 0.730176346910142, 0.667114420139927, 0.603784647506646, 0.540410345058944, 0.477223496233572, 0.414464728970138, 0.352383726608178, 0.291239283348084, 0.231298934491723, 0.172838455462729, 0.11614202455289, 0.061503199067753, 0.00922497511852305, -0.0403799475619593, -0.0869886903640823, -0.130268172170798, -0.169875161930495, -0.205456057193241, -0.236646669513942, -0.263072062252959, -0.284346638153908, -0.300074098435706, -0.309847359841871, -0.313248512201288, 1.7234, 1.72159963266262, 1.71623887180859, 1.70736498678215, 1.69503122837287, 1.67929686285398, 1.66022728666257, 1.6378940234586, 1.61237471803118, 1.58375311208492, 1.55211891589432, 1.51756768981087, 1.48020074899702, 1.44012491317907, 1.39745285056254, 1.35230352405553, 1.30480243231835, 1.25508179938416, 1.20328048469548, 1.14954426226477, 1.09402600365786, 1.03688567959396, 0.97829067043696, 0.918415843527159, 0.857443750848665, 0.795564906510598, 0.732977719016466, 0.669888983999432, 0.606513837479386, 0.54307595484319, 0.479807884729317, 0.41695102008147, 0.354756021787265, 0.29348287917914, 0.233400530976085, 0.174786348931503, 0.117926293638867, 0.0631159296175424, 0.0106604915387482, -0.039124844374953, -0.0859144704241326, -0.129372329977815, -0.169151972370181, -0.204896320275424, -0.236237449042746, -0.262796421377986, -0.284183376148162, -0.299997484981264, -0.309826866775109, -0.313248543590024, 1.7234, 1.72161677521434, 1.71630354010918, 1.70750384442409, 1.6952673629426, 1.6796499300533, 1.66071365664125, 1.63852692649602, 1.61316438942422, 1.58470693565221, 1.55324156582242, 1.51886126663924, 1.48166491254937, 1.44175701283685, 1.39924806324299, 1.35425500012185, 1.30690144666512, 1.25731790451139, 1.20564166353126, 1.15201708636093, 1.09659579515411, 1.03953666986933, 0.981006167693719, 0.921178401822113, 0.860235343662496, 0.798367106379707, 0.735771878688523, 0.672656427065693, 0.609236048657613, 0.545734776725331, 0.482385722913375, 0.419431042281044, 0.357122369867339, 0.295720886048795, 0.235496928234574, 0.176729459194541, 0.119706215979699, 0.0647247640967253, 0.0120925701774214, -0.0378727198449325, -0.0848427761360475, -0.128478573896616, -0.168430450524047, -0.20433786167091, -0.235829154483979, -0.262521399212164, -0.284020479191005, -0.299921044881362, -0.309806425816865, -0.313248584245505, 1.7234, 1.72163387626386, 1.71636805032777, 1.70764236016532, 1.69550291236561, 1.68000211720211, 1.66119880770681, 1.63915823540024, 1.61395206258081, 1.58565833530764, 1.55436135170571, 1.52015153171821, 1.48312531570226, 1.44338490887579, 1.40103864073921, 1.35620142696913, 1.30899502083906, 1.25954820666181, 1.20799670936447, 1.15448348444678, 1.0991589083013, 1.04218077338684, 0.983714616450857, 0.923933798617822, 0.863019712250906, 0.801162070542178, 0.738558842807521, 0.675416766025874, 0.611951297419642, 0.548386826664028, 0.484957026221114, 0.421904810387641, 0.359482784968495, 0.297953317310585, 0.237588138803397, 0.1786677979398, 0.121481802406425, 0.0663297124937433, 0.0135212202184762, -0.0366235655311325, -0.0837735997180102, -0.127586896695889, -0.167710589577553, -0.203780674822595, -0.235421779352792, -0.262246989131357, -0.283857940280759, -0.299844770491692, -0.309786028388181, -0.313248624902656, 1.7234, 1.72165091455666, 1.71643232155727, 1.70778035912264, 1.69573757753347, 1.6803529747923, 1.66168211785159, 1.63978713763918, 1.61473672049474, 1.58660607969684, 1.55547682204374, 1.52143681168013, 1.48458006557744, 1.44500649534182, 1.40282227453344, 1.35814030810618, 1.31108048617209, 1.26176988199442, 1.21034266139389, 1.1569403781822, 1.10171216785272, 1.04481473983621, 0.98641271438933, 0.926678703855964, 0.865793524301587, 0.803946491133961, 0.741335355878244, 0.678166823195904, 0.614656506859585, 0.5510291490225, 0.487518978302902, 0.424369662887155, 0.361834773491795, 0.300177857894699, 0.239672034293107, 0.180599429149506, 0.123251312506815, 0.0679292307791533, 0.0149450923367801, -0.035378540188961, -0.0827079159466168, -0.12669809821915, -0.1669930259404, -0.203225246658649, -0.235015677500596, -0.261973430766687, -0.283695906135761, -0.299768739375943, -0.309765709106636, -0.313248685892065, 1.7234, 1.72166793457611, 1.71649652413701, 1.70791821133317, 1.6959719944923, 1.6807034636596, 1.66216492395125, 1.64041538984878, 1.61552057575317, 1.58755286602022, 1.5565911797843, 1.52272082882738, 1.48603340991319, 1.44662654396564, 1.40460425138016, 1.36007742881879, 1.31316410528299, 1.2639896445598, 1.21268665449909, 1.15939528797175, 1.10426343973556, 1.04744673596679, 0.989108880781613, 0.929421737438068, 0.868565544857405, 0.806729219259452, 0.744110292396401, 0.680915434074442, 0.617360411376267, 0.553670315281752, 0.49007992619222, 0.42683366112748, 0.364186050154247, 0.30240181523789, 0.241755454509708, 0.182530675559873, 0.125020513531509, 0.069528503325841, 0.0163687716595137, -0.0341336632814117, -0.081642343196707, -0.125809379051104, -0.166275514681084, -0.202669847981641, -0.234609585691331, -0.261699866048322, -0.283533852035623, -0.299692677325672, -0.309745350418084, -0.313248701435354, 1.7234, 1.72168491513732, 1.7165605764974, 1.70805573878836, 1.69620585588588, 1.68105311733702, 1.6626465738108, 1.64104213063484, 1.61630253743786, 1.58849735665781, 1.55770282657559, 1.52400171319484, 1.48748319939944, 1.44824262151113, 1.40638185268489, 1.36200978687135, 1.31524259716278, 1.26620394259585, 1.21502487733869, 1.16184415722132, 1.10680843958518, 1.05007227028012, 0.991798439776924, 0.932158064090765, 0.871330806301463, 0.809505184187514, 0.746878509897547, 0.68365741799723, 0.620057827796056, 0.556305177603733, 0.49263479739056, 0.429291850117463, 0.366531821804352, 0.304620604529878, 0.243834071659953, 0.184457506621453, 0.126785704501146, 0.0711241831515422, 0.017789281730353, -0.0328915321100873, -0.0805790988880723, -0.124922583901255, -0.165559542866208, -0.202115631177886, -0.234204352488158, -0.261426878466033, -0.283372143037512, -0.299616785496385, -0.309725051996972, -0.313248740036622, 1.7234, 1.72170185609961, 1.71662447809075, 1.70819294028213, 1.6964391596133, 1.68140193260751, 1.6631270628908, 1.64166735394475, 1.61708259780801, 1.58943954202162, 1.55881175084015, 1.52527945109065, 1.48892941812307, 1.44985470975574, 1.40815505784544, 1.36393735923051, 1.31731593631496, 1.26841274813213, 1.21735729947961, 1.16428695306858, 1.10934713216756, 1.05269130525195, 0.994481351665702, 0.934887642050375, 0.874089264974279, 0.812274340549327, 0.74963996151931, 0.686392726854419, 0.622748707040905, 0.558933686253671, 0.495183541853008, 0.431744179886613, 0.368872038969388, 0.306834177260547, 0.245907838705297, 0.186379877322792, 0.128546843030294, 0.0727162311398484, 0.0192065873896866, -0.0316521771457258, -0.0795182082256564, -0.124037732285811, -0.164845124053314, -0.201562603729054, -0.233799979332141, -0.261154463607572, -0.283210769214844, -0.299541048937703, -0.309704794511103, -0.3132487787752, 1.7234, 1.72171875825315, 1.71668823195344, 1.70832982242989, 1.69667191707862, 1.68174992675015, 1.66360641530882, 1.64229109157515, 1.61786079705738, 1.59037947129845, 1.5599180112321, 1.52655411098947, 1.49037214461221, 1.45146289739422, 1.40992396571585, 1.36586025478257, 1.31938424141205, 1.27061618926399, 1.2196840579601, 1.16672382089816, 1.11187967050255, 1.05530400071137, 0.997157782145141, 0.937610641828259, 0.87684109503564, 0.815036864876459, 0.752394824778557, 0.689121537652764, 0.625433224023124, 0.561556012375249, 0.497726325193235, 0.434190808968873, 0.371206851766225, 0.30904267400716, 0.247976885777964, 0.188297906664798, 0.130304036518821, 0.0743047428369759, 0.0206207722952062, -0.0304155264366263, -0.0784596106190777, -0.12315477446797, -0.16413221868765, -0.201010735426877, -0.233396444361679, -0.26088260679363, -0.283049721741498, -0.299465463182752, -0.309684576194051, -0.313248816761389
0.01, 0.01, 0.01, 0.01, 0.01, 0.01, 0.01, 0.01, 0.01, 0.01, 0.01, 0.01, 0.01, 0.01, 0.01, 0.01, 0.01, 0.01, 0.01, 0.01, 0.01, 0.01, 0.01, 0.01, 0.01, 0.01, 0.01, 0.01, 0.01, 0.01, 0.01, 0.01, 0.01, 0.01, 0.01, 0.01, 0.01, 0.01, 0.01, 0.01, 0.01, 0.01, 0.01, 0.01, 0.01, 0.01, 0.01, 0.01, 0.01, 0.01, 0.01, -0.3309631647098, -0.657644552797082, -0.970048829410735, -1.26818066085294, -1.55204471457085, -1.82164565912702, -2.07698816414515, -2.3180769002285, -2.54491653884899, -2.75751175220653, -2.95586721305953, -3.13998759452971, -3.30987756988608, -3.46554181231541, -3.60698499468796, -3.73421178932891, -3.84722686780658, -3.94603490074829, -4.03064055769386, -4.10104850699473, -4.15726341576407, -4.19928994987972, -4.22713277403886, -4.24079655185941, -4.2402859460205, -4.22560561843212, -4.19676023042233, -4.15375444293017, -4.09659291669231, -4.02528031241228, -3.93982129090253, -3.8402205131904, -3.7264826405805, -3.59861233466625, -3.45661425728327, -3.3004930703957, -3.13025343590378, -2.94590001535544, -2.74743746953621, -2.53487045789846, -2.30820363776908, -2.06744166324091, -1.81258918359693, -1.54365084102131, -1.26063126718709, -0.963535078011679, -0.652366865308926, -0.327131182950443, 0.0121674771957883, 0.01, -0.331580627305893, -0.658813369952652, -0.971705049891937, -1.27026237123233, -1.55449206226679, -1.8244009001223, -2.0799957230898, -2.32128359836198, -2.54827182758528, -2.760967807372, -2.95937917877714, -3.14351382637985, -3.31337941867612, -3.4689833203591, -3.61033272520809, -3.73743469380412, -3.85029647317059, -3.94892535426976, -4.0333284976773, -4.10351331342013, -4.15948727908628, -4.20125781807113, -4.22883253519477, -4.24221912904484, -4.24142543931903, -4.22645924379112, -4.19732843717542, -4.15404124626292, -4.09660566961933, -4.02502978009882, -3.93932191656895, -3.83949031908287, -3.72554373319529, -3.5974915891249, -3.45534348864095, -3.29910843913181, -3.12879499080478, -2.9444115346421, -2.745966153841, -2.53346739554953, -2.30692430373767, -2.06634595292766, -1.81174092472098, -1.54311741248609, -1.2604837730878, -0.963848814276299, -0.653221691355606, -0.328611525610546, 0.00997264811272014, 0.01, -0.332749225122286, -0.661015783704891, -0.97481089907605, -1.27414543375539, -1.55903032099131, -1.82947663958248, -2.08549565150962, -2.32709931180976, -2.5543002854875, -2.76711152373148, -2.9655467184066, -3.14962029950153, -3.31934604567831, -3.47473681349375, -3.61580493797807, -3.742562350366, -3.85502154471496, -3.95319515033752, -4.03709540535625, -4.10673530751688, -4.16212805824062, -4.2032866931882, -4.23022480987317, -4.24295629237331, -4.24149544624868, -4.2258563956132, -4.19605362094728, -4.15210261190567, -4.09401816546464, -4.02181530491444, -3.93550987281132, -3.83511740696107, -3.72065496974512, -3.5921417027808, -3.44959728198442, -3.29303957911517, -3.12248506709439, -2.93794974015396, -2.73944866243261, -2.52699830972611, -2.3006166721765, -2.06032184068419, -1.80613041754561, -1.5380578413838, -1.25612007176857, -0.960334468087125, -0.650719491056456, -0.327293565620922, 0.00992503206277251, 0.01, -0.333911773884148, -0.663206611167215, -0.97790013587685, -1.27800736796798, -1.56354344365243, -1.83452374000009, -2.09096393794861, -2.33288087364047, -2.56029256629724, -2.77321751030096, -2.97167543397705, -3.15568729510191, -3.32527297795224, -3.48045082967436, -3.62123832004644, -3.74765224478186, -3.85971032672694, -3.95743051486205, -4.04083011290713, -4.10992769173215, -4.16474215251233, -4.20529211117125, -4.23159714362823, -4.24367730331474, -4.24155332374491, -4.22524564942873, -4.19477531941858, -4.15016505606282, -4.09143642574851, -4.01861137393945, -3.93171284580351, -3.83076327119326, -3.71578798421316, -3.58681579056355, -3.44387643181634, -3.28699664093832, -3.11620077964966, -2.93151242686017, -2.73295362367667, -2.52054876024155, -2.2943247568494, -2.05430871380791, -1.80052525001763, -1.53299704266431, -1.25174764404222, -0.956802959447298, -0.648190752439182, -0.32593875027376, 0.00992553079618386, 0.01, -0.335067839487335, -0.665384956568513, -0.98097137529386, -1.28184627207875, -1.56802898410894, -1.83953918332983, -2.09639696491088, -2.33862403937377, -2.5662437710353, -2.77928018611472, -2.9777590350862, -3.16170778594292, -3.33115242400207, -3.48611678568156, -3.62662346898227, -3.75269434579827, -3.86435256154669, -3.96162136821371, -4.04452312316401, -4.1130819558026, -4.16732244305449, -4.20726874924328, -4.23294641440019, -4.24438164517887, -4.24160156531333, -4.22463291385324, -4.1935032613218, -4.14824194648125, -4.08887669939593, -4.01543635640698, -3.92795093707764, -3.82644972479883, -3.71096628236585, -3.58153903280979, -3.43820777522567, -3.28100810059902, -3.10997222566655, -2.92513129552051, -2.7265143242893, -2.51415360224238, -2.28808496391282, -2.04834451213503, -1.79496487842423, -1.52797597199636, -1.24740892813505, -0.953298192607607, -0.645680829620364, -0.324593867879516, 0.00992593675432035, 0.01, -0.336220596599063, -0.667557011133014, -0.984033666998897, -1.2856738961, -1.57250123461285, -1.84453964597484, -2.10181363488045, -2.3443497795322, -2.57217678026067, -2.78532418381942, -2.98382374859001, -3.167709435303, -3.33701332573304, -3.49176474421734, -3.63199141045407, -3.75772025987513, -3.868979836105, -3.96579867553315, -4.04820417724441, -4.11622601462825, -4.16989441648245, -4.20923906387554, -4.2342914466705, -4.24508390863788, -4.24164992624356, -4.22402250734698, -4.19223572697307, -4.14632551401655, -4.08632574159978, -4.01227211342881, -3.92420169540574, -3.82215058618256, -3.70616053447134, -3.57627953416022, -3.43255743370731, -3.27503867885927, -3.10376330775173, -2.91877001759166, -2.72009479583083, -2.50777781869876, -2.28186381908256, -2.04239789544109, -1.7894206878765, -1.52296933106796, -1.24308253352712, -0.949803276017228, -0.643177921166005, -0.32325279829166, 0.00992609746247919, 0.01, -0.337370231057829, -0.669723132170383, -0.987087525406199, -1.28949089718563, -1.57696098069787, -1.8495260274989, -2.10721494711672, -2.35005917875964, -2.57809274972445, -2.79135071604108, -2.98987082981673, -3.17369352711701, -3.34285698156359, -3.4973960040071, -3.63734342929974, -3.76273124380329, -3.8735933651214, -3.96996359552234, -4.05187436389946, -4.11936087309947, -4.17245898003237, -4.21120385105956, -4.23563291159884, -4.24578462645051, -4.24169878757152, -4.22341464602809, -4.19097275451261, -4.14441560590211, -4.08378320526092, -4.00911810952187, -3.92046440306066, -3.81786496175957, -3.70136967774335, -3.57103606957073, -3.42692402686077, -3.26908685683923, -3.09757239548539, -2.9124268825155, -2.71369328322961, -2.50141964573236, -2.27565958544539, -2.0364671895634, -1.7838911027516, -1.51797567860346, -1.23876718912966, -0.946317144627272, -0.640681203920486, -0.321914996098771, 0.00992624473567544, 0.01, -0.338516770145565, -0.671883371966969, -0.990133025529796, -1.29329737080235, -1.58140833601386, -1.85449845747619, -2.11260104487561, -2.3557523917759, -2.5839918434283, -2.79735995392861, -2.99590045499042, -3.17966024069296, -3.3486835718665, -3.50301074441458, -3.642679701783, -3.76772746869317, -3.87819331264126, -3.9741162833327, -4.05553382757348, -4.12248666316727, -4.17501625149895, -4.21316321298344, -4.23697089432307, -4.24648386528323, -4.24174819633043, -4.22280935626961, -4.18971434877007, -4.14251220468088, -4.08124904988565, -4.00597428042004, -3.91673897141991, -3.81359273822801, -3.69659357416342, -3.56580847657283, -3.42130736799223, -3.2631524262017, -3.09139926406205, -2.90610165423684, -2.7073095443302, -2.49507884029653, -2.26947202434382, -2.03055216553119, -1.77837590907009, -1.51299482094216, -1.23446272696673, -0.942839661530991, -0.638190577434625, -0.320580402696945, 0.00992638994649442, 0.01, -0.339660340299084, -0.67403797135821, -0.993170510566221, -1.29709375047179, -1.58584381237596, -1.85945751399291, -2.11797256050563, -2.36143009320394, -2.58987476631239, -2.80335262082288, -3.00191335399018, -3.18561030065598, -3.35449380419257, -3.50860964404308, -3.64800086566704, -3.77270951960495, -3.8827801992826, -3.97825718347055, -4.05918292499999, -4.12560364214879, -4.1775663859653, -4.21511720839744, -4.23830536322213, -4.24718150911598, -4.24179795829864, -4.22220637195848, -4.1884601781705, -4.1406149198616, -4.07872283259748, -4.00284013739596, -3.91302487256312, -3.8093333553511, -3.6918316382932, -3.56059615189352, -3.41570684331745, -3.25723476981601, -3.08524330024806, -2.8997937306825, -2.70094299542403, -2.48875484429456, -2.2633006105933, -2.02465233838325, -1.77287466940914, -1.50802637552966, -1.23016882670888, -0.939370575992421, -0.635705867937079, -0.319248928650695, 0.00992653082237649, 0.01, -0.340799974515627, -0.676185079399759, -0.996197328691429, -1.30087666655361, -1.59026340539604, -1.86439864099168, -2.12332446937404, -2.36708687295315, -2.59573580597988, -2.80932278521783, -3.00790345945781, -3.1915375871305, -3.36028158945412, -3.51418672784211, -3.65330114316924, -3.77767189928946, -3.88734889173176, -3.98238161003929, -4.06281750119506, -4.12870826949354, -4.18010654090697, -4.21706377655493, -4.23963512308443, -4.24787731204971, -4.2418487786887, -4.22160727058621, -4.18721261329558, -4.13872683605872, -4.0762082729785, -3.99971995594551, -3.90932685898476, -3.80509196394583, -3.68708934085602, -3.55540480802105, -3.41012832890795, -3.25133984899216, -3.07911047233771, -2.89350900890398, -2.69459938403438, -2.48245317748994, -2.25715055803089, -2.01877253788337, -1.7673917513251, -1.50307416960705, -1.22588869721352, -0.935912400439553, -0.633228813389036, -0.317921459413083, 0.00992671248615729, 0.01, -0.341941246093426, -0.678335415479918, -0.999228918176521, -1.30466584899704, -1.59469070950325, -1.86934887019559, -2.12868681332983, -2.37275535585683, -2.60160974314432, -2.81530695665215, -3.0139085827654, -3.19748078641113, -3.36608606194263, -3.51978115113572, -3.65861928367518, -3.78265252426363, -3.89193604683854, -3.98652453350044, -4.06647041352645, -4.13183086279274, -4.18266406747461, -4.21902687559884, -4.24098031247244, -4.24858716649959, -4.2419119816812, -4.22101859557516, -4.18597321194899, -4.13684432073892, -4.07369634341264, -3.99659910861305, -3.90562449873724, -3.80084212311464, -3.68233402775782, -3.5501960032784, -3.40452864048774, -3.24542078498948, -3.07295125530371, -2.88719636574734, -2.6882270369393, -2.47612266464345, -2.25097223744473, -2.0128657288355, -1.7618837615532, -1.49809949968525, -1.22158937254656, -0.932438954199596, -0.630741066034401, -0.316588527837478, 0.00992647351614012, 0.01, -0.343079944308349, -0.680480868122594, -1.00225357676585, -1.30844631473929, -1.5991077708017, -1.87428758685373, -2.13403662675184, -2.37841053541921, -2.60746984044764, -2.82127697694119, -3.01989945496911, -3.20340982890449, -3.37187666147288, -3.52536217313033, -3.66392467572466, -3.78762122234691, -3.89651224174025, -3.99065759038917, -4.07011466799293, -4.13494610756681, -4.18521564076004, -4.22098548031548, -4.24232251596408, -4.24929557692008, -4.24197530167222, -4.22043162385585, -4.1847371088857, -4.13496668188082, -4.07119084047697, -3.99348619593875, -3.90193151179405, -3.79660298793604, -3.67759060506847, -3.54500007968586, -3.39894262000085, -3.2395159801508, -3.06680667244623, -2.88089850606374, -2.68186940110438, -2.4698065554698, -2.24480776201967, -2.00697194867266, -1.75638772261578, -1.4931354343013, -1.21729902828479, -0.928972580995358, -0.628258198892642, -0.315257997351733, 0.0099265992074366, 0.01, -0.344216065789474, -0.682621430724346, -1.00527129476247, -1.31221805113028, -1.60351457383263, -1.87921477285154, -2.13937388903528, -2.38405238873019, -2.61331607288788, -2.82723281924248, -3.02587604768767, -3.20932468505776, -3.37765335765832, -3.53092976289063, -3.66921728809788, -3.79257796232597, -3.90107744563747, -3.9947807507923, -4.07375023604609, -4.13805397712516, -4.18776123643655, -4.22293956934089, -4.24366171575028, -4.25000252965609, -4.24203872975663, -4.21984635166616, -4.18350430589583, -4.13309392734439, -4.06869177860292, -3.99038123942802, -3.89824792735349, -3.79237459612806, -3.67285912007888, -3.53981709540536, -3.39337033773746, -3.23362551799579, -3.06067682168998, -2.87461554337674, -2.67552660678813, -2.46350499813979, -2.23865729906689, -2.00109138508529, -1.75090384382586, -1.48818220564998, -1.21301792079088, -0.92551356265763, -0.625780520568565, -0.313930204644867, 0.00992672347038553, 0.01, -0.34535416675729, -0.684765795619498, -1.0082944805088, -1.31599676241715, -1.60792969865049, -1.88415146396433, -2.14472167160605, -2.38970560281993, -2.61917432308672, -2.83320114180039, -3.03186537487614, -3.2152523046969, -3.38344261633383, -3.53650948235255, -3.67452135890966, -3.79754523860372, -3.90565198944993, -3.99891176244149, -4.07739186253046, -4.14116579373836, -4.19030833452221, -4.22489270315912, -4.24499781076786, -4.25070452243942, -4.24209562279205, -4.21925325511033, -4.18226265845926, -4.13121155221447, -4.06618255268663, -3.98726579398863, -3.89455373186438, -3.78813564845742, -3.66811727092484, -3.53462402922834, -3.38778833638133, -3.22772578817142, -3.05453822277849, -2.86832441066425, -2.66917628326763, -2.45719660131734, -2.23250071975413, -1.99520545484817, -1.7454153706449, -1.48322517094356, -1.20873380208579, -0.922052329056335, -0.623301421805526, -0.312601784370876, 0.00992668461287932, 0.01, -0.346492492451964, -0.686910526036176, -1.01131808796932, -1.31977586605013, -1.61234509894447, -1.88908822288164, -2.15006921892778, -2.39535817671846, -2.62503141745999, -2.83916767127205, -3.03785213633548, -3.22117643372997, -3.38922730243085, -3.54208338831535, -3.67981820963764, -3.80250371016565, -3.91021594261821, -4.00303017824071, -4.0810189928114, -4.14426163224255, -4.1928383790142, -4.22682809908445, -4.2463158670525, -4.25138854312758, -4.24213496355464, -4.218643384755, -4.18100535782583, -4.129314961442, -4.06366085438618, -3.98413991099863, -3.89085141168884, -3.78389114386093, -3.66337264698698, -3.52943113913381, -3.3822096206173, -3.22183262000333, -3.04840960772044, -2.86204682070413, -2.66284320213675, -2.45090927355155, -2.22636914784289, -1.98934762273075, -1.73995630929979, -1.47829706980395, -1.20447633725855, -0.918613662930335, -0.620838995238649, -0.311282331265207, 0.00992719390173796, 0.01, -0.347628225834505, -0.689050338679118, -1.01433471837529, -1.32354619856997, -1.61675019735001, -1.89401340912427, -2.1554041782062, -2.40099739613027, -2.63087463104657, -2.84512002289653, -3.04382463841159, -3.22708642057052, -3.39499815735304, -3.54764396603553, -3.68510242022777, -3.80745040250505, -3.91476912715121, -4.0071389677446, -4.08463775079393, -4.14735044166428, -4.1953628121073, -4.22875936054088, -4.24763130887951, -4.25207148828215, -4.24217477226912, -4.21803553566564, -4.17975162509418, -4.12742345345608, -4.0611457107424, -3.98102199739232, -3.88715840493748, -3.77965720300022, -3.65863970307249, -3.52425086590959, -3.37664426901075, -3.21595338147791, -3.04229528563509, -2.85578367547024, -2.6565245098759, -2.44463605750113, -2.22025117386021, -1.98350263330545, -1.73450909188881, -1.47337956393248, -1.20022795965057, -0.915182311248392, -0.618381843416522, -0.309965845443885, 0.00992731144127362, 0.01, -0.348764552863835, -0.691191082280999, -1.01735236004937, -1.3273173647083, -1.62115569183325, -1.89893829073025, -2.16073786440571, -2.40663409982554, -2.63671380333669, -2.85106680427481, -3.0497903050256, -3.2329885569422, -3.40076039208124, -3.55319539715344, -3.69037719436467, -3.81238759276737, -3.91931294519766, -4.01123870971975, -4.0882479435658, -4.15043130921204, -4.19788005294982, -4.2306842904549, -4.24894137318097, -4.25275007758057, -4.24221130008952, -4.21742553899839, -4.17849691996909, -4.12553216517339, -4.05863198453504, -3.97790669046934, -3.88346917209253, -3.77542815830439, -3.65391269255858, -3.51907743313905, -3.37108652456751, -3.2100823840776, -3.03618968561388, -2.84952957081304, -2.65021501818157, -2.43837202983681, -2.21414218862957, -1.97766624072693, -1.72906988506803, -1.4684692816663, -1.19598580848035, -0.911755973315938, -0.615928274932646, -0.308651293985936, 0.00992736246260673, 0.01, -0.349898290326586, -0.693326913780673, -1.02036303344796, -1.3310797718042, -1.62555089998284, -1.90385161890979, -2.16605898573867, -2.41225747641358, -2.6425391267535, -2.8569994441037, -3.05574175235132, -3.23887659455014, -3.40650884187061, -3.55873354843578, -3.69563937826366, -3.81731305495132, -3.92384604734917, -4.01532888022299, -4.09184982159622, -4.15350520879554, -4.20039174793022, -4.23260515674183, -4.25024889846676, -4.25342766930042, -4.24224837422802, -4.2168176398661, -4.17724585444188, -4.12364602454346, -4.05612486873426, -3.97479939728164, -3.87978928334847, -3.77120969226147, -3.64919735959332, -3.51391659622951, -3.36554210350822, -3.20422525423596, -3.03009829377499, -2.84328980202496, -2.6439197809558, -2.43212195254768, -2.20804661175632, -1.97184247175417, -1.72364227229061, -1.46356931271353, -1.19175242930307, -0.908336600144766, -0.613479595871219, -0.307339287660422, 0.00992748192002368, 0.01, -0.351028195378088, -0.695455505516458, -1.02336348412035, -1.33482939664667, -1.62993118785903, -1.90874830703212, -2.17136216093055, -2.41786200803862, -2.64834510494547, -2.86291262565419, -3.06167400144431, -3.24474605045262, -3.41223967797036, -3.56425530403331, -3.70088653116207, -3.82222498463328, -3.92836722689484, -4.01940883168693, -4.09544325796404, -4.15657249572052, -4.20289869617209, -4.23452316394402, -4.25155545631841, -4.25410616378414, -4.24228818550374, -4.21621428108795, -4.1760010848664, -4.12176786792981, -4.05362735093664, -3.97170322790704, -3.87612194251247, -3.76700507374217, -3.644497009652, -3.5087716690268, -3.36001429977369, -3.19838523756591, -3.02402427904909, -2.83706743301693, -2.63764172869983, -2.42588859437445, -2.20196702191804, -1.96603368670545, -1.71822836722064, -1.45868149580619, -1.18752935766774, -0.904925395864577, -0.611036650711192, -0.306030283062735, 0.00992762934590541, 0.01, -0.352155700465332, -0.697579546960095, -1.02635748314176, -1.33857091649524, -1.63430196349241, -1.91363431849666, -2.17665373336401, -2.42345424270571, -2.65413831521455, -2.86881278024807, -3.06759316243174, -3.2506025384453, -3.41795784268456, -3.56976485963998, -3.70612212415928, -3.8271261513432, -3.93287857494574, -4.02348000478591, -4.09902907561883, -4.15963340806441, -4.2054005837578, -4.23643747905027, -4.25285972756906, -4.25478378877421, -4.24232854164028, -4.21561288323853, -4.1747596775641, -4.11989444530696, -4.05113590747828, -3.96861442778883, -3.87246320689155, -3.76281021478125, -3.63980745260633, -3.50363840261539, -3.35449884899926, -3.1925580974302, -3.01796347578676, -2.83085841240849, -2.63137696752094, -2.41966826217652, -2.19589997004598, -1.96023672390631, -1.71282533889472, -1.45380337402198, -1.18331455404912, -0.901520781713176, -0.608598364820037, -0.304723753058455, 0.00992774099485405, 0.01, -0.35328081335402, -0.69969905304541, -1.02934505201708, -1.34230435882999, -1.63866325974591, -1.9185096909642, -2.18193374492371, -2.42903422596653, -2.6599188062478, -2.87469995921141, -3.07349928882884, -3.25644611384162, -3.42366339270485, -3.57526227231008, -3.71134621310722, -3.8320166081797, -3.93738014039895, -4.02754244327564, -4.1026073127474, -4.1626879781011, -4.20789743671574, -4.23834812152189, -4.25416172481216, -4.25546054979843, -4.24236944089657, -4.21501343691105, -4.1735216150774, -4.11802573079275, -4.04865050357598, -3.96553295276559, -3.86881302246932, -3.75862505111764, -3.63512861450787, -3.49851671486991, -3.34899566235366, -3.18674373961268, -3.01191578577636, -2.82466263939746, -2.62512539537629, -2.41346085405806, -2.18984535582538, -1.95445148606076, -1.70743309447104, -1.44893486042218, -1.17910793888407, -0.898122686986466, -0.606164677838382, -0.303419649118219, 0.00992785208213287, 0.01, -0.354403540176354, -0.701814035501793, -1.03232620753827, -1.34602974497173, -1.64301510193812, -1.92337445322544, -2.18720222735519, -2.4346019920173, -2.66568661420746, -2.88057420021571, -3.07939241939662, -3.26227681611971, -3.42935636782418, -3.58074758169998, -3.71655883705066, -3.83689639311115, -3.9418719597643, -4.03159618182606, -4.10617800181228, -4.16573623577714, -4.21038928216679, -4.24025511534223, -4.25546146858639, -4.25613646371939, -4.24241089620948, -4.21441595068621, -4.17228690119502, -4.11616172294455, -4.04617113201706, -3.96245878930081, -3.86517136881824, -3.75444955492277, -3.63046046046992, -3.49340656504267, -3.34350469438131, -3.18094211497358, -3.00588115725884, -2.81848006067557, -2.61888695843401, -2.40726631670903, -2.18380312754014, -1.94867792411819, -1.70205158863309, -1.44407591449881, -1.17490947755853, -0.894731084054621, -0.60373557021205, -0.302117960855157, 0.0099279627355035, 0.01, -0.355523875468573, -0.703924483772021, -1.03530093442553, -1.34974705529022, -1.64735746646449, -1.92822857808558, -2.19245915026955, -2.44015750768959, -2.67144170358712, -2.8864354658956, -3.08527251543889, -3.2680946058425, -3.43503672842588, -3.58622074852445, -3.72175995752765, -3.84176546901171, -3.94635399787033, -4.03564118785032, -4.10974111346945, -4.16877815573115, -4.21287609948522, -4.24215844538696, -4.25675895005718, -4.25681152888545, -4.24245291326584, -4.21382043683145, -4.17105555401539, -4.11430244495424, -4.04369782024723, -3.95939196825485, -3.8615382793757, -3.75028376146154, -3.62580302703328, -3.48830799061458, -3.33802598312421, -3.17515326158664, -2.99985962787959, -2.81231071301566, -2.61266169209511, -2.40108468369786, -2.17777331651254, -1.94291606674512, -1.69668084698011, -1.4392265583864, -1.17071918836945, -0.891345987015723, -0.601311051481675, -0.300818692893473, 0.00992807360799774, 0.01, -0.356641657753182, -0.706030089276287, -1.03826879137242, -1.35345573012912, -1.65168968969886, -1.93307131233545, -2.19770368527174, -2.44569988381558, -2.67718313888285, -2.89228278888074, -3.09113859223217, -3.27389849550194, -3.44070349875668, -3.59168082327459, -3.72694866574226, -3.84662298228343, -3.95082547089777, -4.03967676189586, -4.11329604724339, -4.17181324763138, -4.21535751622109, -4.24405786480679, -4.25805405571112, -4.25748577294835, -4.24249565891154, -4.21322718961168, -4.16982798339562, -4.11244841045121, -4.04123117374801, -3.95633317503739, -3.85791450755304, -3.74612848029953, -3.6211571682522, -3.48322187866155, -3.33256043716853, -3.16937809789309, -2.99385211434195, -2.80615549980372, -2.60645047479733, -2.39491679691751, -2.17175671653716, -1.93716664808797, -1.69132153245952, -1.4343873722958, -1.16653755727591, -0.887967776073074, -0.598891384593766, -0.299521979421188, 0.00992819077649637, 0.01, -0.357756855196597, -0.708130791416187, -1.04122969208515, -1.35715566057026, -1.65601164317441, -1.93790251104484, -2.20293567406766, -2.4512289518584, -2.68291074446739, -2.89811598964901, -3.09699046961107, -3.27968830761082, -3.44635650730208, -3.59712764365304, -3.73212481184275, -3.85146879877559, -3.95528626376924, -4.04370281134902, -4.11684273640983, -4.17484147138297, -4.2178335169543, -4.24595338090099, -4.25934681364259, -4.25815924299002, -4.24253919752307, -4.21263628891993, -4.16860428298747, -4.11059972510634, -4.03877130836837, -3.95328253384084, -3.85430018405855, -3.74198384693052, -3.61652302288766, -3.47814836992503, -3.32710819790851, -3.16361676445822, -2.98785875497692, -2.80001455574989, -2.60025343618666, -2.38876277954946, -2.16575344298288, -1.93142977436025, -1.68597374078522, -1.42955844011324, -1.16236465503605, -0.884596507569533, -0.596476610191902, -0.298227844098133, 0.00992830885165191, 0.01, -0.358873443333107, -0.710234224782874, -1.04419461373509, -1.36086084989069, -1.66034003980486, -1.94274128030545, -2.20817629948371, -2.45676765495867, -2.6886489074072, -2.90396058284805, -3.10285447351583, -3.2854908631828, -3.45202275390988, -3.60258807206093, -3.73731480449211, -3.85632855715003, -3.95976092899377, -4.04774248643188, -4.12040261280164, -4.1778822244767, -4.22032114895895, -4.24785937486483, -4.26064862312599, -4.258840040621, -4.24258801739966, -4.21204829400174, -4.1673807672437, -4.10874814284109, -4.03630550548415, -3.95022333898723, -3.85067510374508, -3.73782664439807, -3.6118748500179, -3.47305968756336, -3.32163994057122, -3.15783887640204, -2.98184859267315, -2.79385683938287, -2.5940399382255, -2.3825928847949, -2.15973512811075, -1.92567894467186, -1.68061332566187, -1.42471845785221, -1.15818250766239, -0.881218025173234, -0.594056877230723, -0.296931228815731, 0.00992820521675164, 0.01, -0.359987632875279, -0.71233309346293, -1.04715303644456, -1.36455783691036, -1.66465875977149, -1.94756912432832, -2.21340497243639, -2.46229359342563, -2.69437370010939, -2.90979139571319, -3.10870446877394, -3.29127937234599, -3.45767512578733, -3.60803500475476, -3.74249188093036, -3.86117616756862, -3.96422438168073, -4.05177203922242, -4.12395359749824, -4.18091542915596, -4.22280266786828, -4.24976076794781, -4.26194740326243, -4.25951941512273, -4.24263703042448, -4.21146211166799, -4.16616067023514, -4.1069015573253, -4.03384623345914, -3.94717213801309, -3.84705939562697, -3.73368008558664, -3.60723844898135, -3.46798372015468, -3.31618514570096, -3.15207500880665, -2.97585279969748, -2.78771362282726, -2.58784085553008, -2.37643709245369, -2.15373035966696, -1.91994085751258, -1.67526459915614, -1.4198888540471, -1.15400916311857, -0.877846499293129, -0.591641981608831, -0.295637057982947, 0.00992832407947247, 0.01, -0.361099048160364, -0.714426685085051, -1.05010395008846, -1.36824535270628, -1.66896631431331, -1.952384373482, -2.21861988140327, -2.46780485284355, -2.70008314433081, -2.91560642531709, -3.11453846696627, -3.29705188686568, -3.46331172738206, -3.61346661117156, -3.74765428787305, -3.86600996633593, -3.96867506013884, -4.0557900224614, -4.12749437012907, -4.18393990454252, -4.22527704497873, -4.25165669631897, -4.26324246781656, -4.26019687068388, -4.24268594414223, -4.21087766566761, -4.1649441447782, -4.10506036331978, -4.03139414189296, -3.94412983908706, -3.84345422103936, -3.72954557963711, -3.60261547156127, -3.46292235717714, -3.31074591470369, -3.14632742866358, -2.96987376224227, -2.78158736510958, -2.58165867354288, -2.37029786800744, -2.14774153684608, -1.91421779947164, -1.66992968893589, -1.41507155114717, -1.14984629236765, -0.874483303155177, -0.589232952571078, -0.294345970620244, 0.00992846289611737, 0.01, -0.36221153224512, -0.716522407986673, -1.05305805050988, -1.37193710285521, -1.67327914097695, -1.9572059195353, -2.22384209465125, -2.47332440028841, -2.70580182838134, -2.92143160375733, -3.12038346661765, -3.3028361943237, -3.46896085783721, -3.61891142447701, -3.75283051497243, -3.87085812211207, -3.97314053472705, -4.05982313094597, -4.13105047273971, -4.18697976297056, -4.22776668609154, -4.25356758248061, -4.26455197929666, -4.26088803330132, -4.24274757169619, -4.21030453228094, -4.16373696127521, -4.10322595553379, -4.02894568004022, -3.94108737553531, -3.83984442603936, -3.72540201247261, -3.59797965852884, -3.45784501314944, -3.30528814383528, -3.1405593110523, -2.96387273136031, -2.77543819042293, -2.57545318664787, -2.3641354731345, -2.14173018578642, -1.90847335827793, -1.66457504139249, -1.41023665124985, -1.14566845025008, -0.871108241344905, -0.586815641415765, -0.293050661733273, 0.00992828575921667, 0.01, -0.36332086112424, -0.718612125547713, -1.0560035998648, -1.37561805968017, -1.67757923364531, -1.96201308932839, -2.22904858338254, -2.47882716274079, -2.71150294645342, -2.92723870389645, -3.12621013075278, -3.30860215623539, -3.47459188233352, -3.62433861859087, -3.75798984992554, -3.87569034141362, -3.9775912359104, -4.06384282421391, -4.13459469907638, -4.19000943765903, -4.23024796922543, -4.25547204973561, -4.26585710203932, -4.261576904154, -4.24280904700804, -4.20973340337106, -4.16253392191495, -4.10139779961349, -4.02650553014773, -3.93805519955564, -3.836246786225, -3.72127233541231, -3.59335929906889, -3.45278447389951, -3.29984827454475, -3.1348099121234, -2.95789093706959, -2.76930846185354, -2.5692670501718, -2.35799201464563, -2.13573702411218, -1.90274602175055, -1.65923607397814, -1.40541566095972, -1.1415023921383, -0.867742477695929, -0.584404780173391, -0.2917585912498, 0.00992844536837506, 0.01, -0.364426927206265, -0.720695635306866, -1.05894031354412, -1.37928786914719, -1.68186618158535, -1.96680542816068, -2.23423886166932, -2.48431263580003, -2.71718598844843, -2.93302722274223, -3.13201797633053, -3.31434931696, -3.48020437477828, -3.62974779901456, -3.76313193185565, -3.88050629903015, -3.98202687628036, -4.06784885480266, -4.13812684378992, -4.1930287676705, -4.23272078022202, -4.25737003093321, -4.26715781404436, -4.26226350461476, -4.24287043313896, -4.20916438210267, -4.16133516856894, -4.09957607475169, -4.02407390735805, -3.93503356106531, -3.83266158520463, -3.71715686476913, -3.58875474140959, -3.44774111898241, -3.29442671732637, -3.12907967302055, -2.95192885093987, -2.76319868118998, -2.56310079586601, -2.35186805403602, -2.12976263678655, -1.89703638610621, -1.65391338189844, -1.40060916222156, -1.13734867449089, -0.864386530968595, -0.582000837699897, -0.290470165919097, 0.00992860927985728, 0.01, -0.365529750954006, -0.722772976368009, -1.06186824747169, -1.38294660218063, -1.686140068907, -1.97158303152183, -2.23941303458893, -2.48978093235997, -2.72285107333502, -2.9387972836377, -3.13780712942233, -3.32007780369874, -3.4857984618602, -3.6351390902365, -3.76825688135019, -3.88530610997488, -3.98644756371542, -4.07184132191486, -4.14164699590191, -4.1960378304974, -4.23518518378403, -4.25926157682705, -4.2684541510673, -4.2629478545082, -4.24293173316392, -4.2085974541041, -4.16014066960485, -4.09776073291676, -4.021650748131, -3.93202238213478, -3.8290887318894, -3.71305549764263, -3.58416587241713, -3.44271482684439, -3.28902334425544, -3.12336846161473, -2.94598633888738, -2.75710871466517, -2.55695429249674, -2.34576346486947, -2.12380690427786, -1.89134434062303, -1.64860686514442, -1.39581706766097, -1.13320722452104, -0.861040344931852, -0.579603776291974, -0.289185368537194, 0.00992877222839172, 0.01, -0.366629346926321, -0.724844176558548, -1.0647874414537, -1.38659430927676, -1.69040095551132, -1.97634596743913, -2.24457117702643, -2.49523213291077, -2.72849828597843, -2.94454897462513, -3.14357768009253, -3.32578770741953, -3.49137423429024, -3.64051258150575, -3.77336478497419, -3.89008985692414, -3.99085337588984, -4.07582029711827, -4.14515521979216, -4.19903668237847, -4.23764122712326, -4.26114672479435, -4.26974613992849, -4.26362996946574, -4.24299295098143, -4.20803261109107, -4.15895040465098, -4.09595174211419, -4.01923600932628, -3.92902160913958, -3.82552816291705, -3.70896816176867, -3.57959261194558, -3.43770551066545, -3.2836380632328, -3.11767618201288, -2.94006330277079, -2.75103846344859, -2.55082744205662, -2.33967815150676, -2.11786973492559, -1.88566979925817, -1.64331644492885, -1.39103930739585, -1.12907798292098, -0.857703872530871, -0.577213562828662, -0.287904181598142, 0.00992893442407, 0.01, -0.367725775109028, -0.726909351324642, -1.06769806187181, -1.3902312032294, -1.69464909608527, -1.98109452798224, -2.24971361393682, -2.50066659081515, -2.7341280036995, -2.95028269257304, -3.14933004039875, -3.33147945105547, -3.49693212152053, -3.64586870439234, -3.77845607200096, -3.89485796246533, -3.99524472442313, -4.07978617679978, -4.14865189238308, -4.2020256766893, -4.24008923606849, -4.26302576921241, -4.27103403975286, -4.26431006966832, -4.2430542642439, -4.20746998471689, -4.15776445608709, -4.09414913218358, -4.01682966499793, -3.92603115731733, -3.82197973178062, -3.70489464607609, -3.57503468175464, -3.43271282264954, -3.2782704547381, -3.11200234090929, -2.93415918323625, -2.74498731943518, -2.54471960499324, -2.33361146029304, -2.11195047839735, -1.88001213246156, -1.63804152994231, -1.38627534583014, -1.12496048730563, -0.854376742100668, -0.574829933876592, -0.286626467412006, 0.00992909029932432, 0.01, -0.368814170034289, -0.728959208402888, -1.07058682833955, -1.39384045420166, -1.69886455001598, -1.98580610044113, -2.25481549919888, -2.50605766523881, -2.73971222966729, -2.95596952339763, -3.15503481778615, -3.33712360239345, -3.50244309044265, -3.65117926360373, -3.78350382364228, -3.89958522301652, -3.99959855973206, -4.08371850417581, -4.15211958851651, -4.20499085885702, -4.24251916566666, -4.26489301387068, -4.27231655799601, -4.26499094448287, -4.24312222005506, -4.20691955575361, -4.15659591446498, -4.09236877957646, -4.01445005363616, -3.92307150352836, -3.81846573013452, -3.7008587335336, -3.57051703283642, -3.42776255871269, -3.27294683670227, -3.1063734554383, -2.92830037425887, -2.73898123147752, -2.53865596304829, -2.32758748392004, -2.10607181647851, -1.87439228930817, -1.63280101477522, -1.38154170133965, -1.12086855815882, -0.851069754597237, -0.572460349251104, -0.285356023026042, 0.00992942730681107, 0.01, -0.369899461534843, -0.731003163228254, -1.0734671976648, -1.39743911614813, -1.70306752418569, -1.99050360041971, -2.25990201295125, -2.51143235669649, -2.74527934065322, -2.9616387760612, -3.16072180941192, -3.34275000285591, -3.50793658279626, -3.65647285722625, -3.78853535036686, -3.90429721750809, -4.00393828541144, -4.08763806374237, -4.15557602987477, -4.2079464441982, -4.24494128141029, -4.26675433108416, -4.2735951171176, -4.26566988895415, -4.24319031113433, -4.20637133980598, -4.15543164368578, -4.09059472191742, -4.01207871204553, -3.92012200943439, -3.81496367028363, -3.69683641298881, -3.56601445670131, -3.42282863937535, -3.26764058523256, -3.10076268398322, -2.92246014319239, -2.73299390254232, -2.53261098399974, -2.3215817867628, -2.10021074200743, -1.86878902297847, -1.62757574480002, -1.37682164332145, -1.11678822072594, -0.847772022918306, -0.570097341290298, -0.284089132024179, 0.00992957870338307, 0.01, -0.370981748680536, -0.733041405470258, -1.07633944164719, -1.40102753453026, -1.70725842925344, -1.99518749531819, -2.26497367089078, -2.51679122075526, -2.75082992369389, -2.96729106070516, -3.16639164020545, -3.34835928388449, -3.5134132282177, -3.66175010472964, -3.79355125310215, -3.90899451997142, -4.00826444034202, -4.09154535098868, -4.159021660343, -4.21089281691925, -4.24735589982723, -4.26860996178864, -4.274869874631, -4.2663469745648, -4.24325852545992, -4.205825244009, -4.15427147288193, -4.08882671317992, -4.00971532189868, -3.91718228746042, -3.81147309854967, -3.69282716886112, -3.56152638120598, -3.41791044147119, -3.26235103187318, -3.09516931862629, -2.91663774848886, -2.72702456323967, -2.52658388060576, -2.31559357790864, -2.09436647467753, -1.86320157807695, -1.62236500383508, -1.37211450912084, -1.11271888021069, -0.844483034465096, -0.567740493932506, -0.282825489220023, 0.00992972446245505, 0.01, -0.372062436772166, -0.735076593693232, -1.07920732007794, -1.40461041833092, -1.71144277136216, -1.99986393641486, -2.27003711741683, -2.52214124293701, -2.75637115345742, -2.97293358919861, -3.17205140733293, -3.35395827607357, -3.51887943882094, -3.66701684779666, -3.79855665113211, -3.9136813753394, -4.01258034253863, -4.09544280116462, -4.16245807744105, -4.21383078196204, -4.24976307849264, -4.27045926147327, -4.27613952928602, -4.26702029195916, -4.24332439743856, -4.20527829850262, -4.15311198004952, -4.08706093133197, -4.00735571325449, -3.91424787204001, -3.80798930609742, -3.68882610174619, -3.55704776950114, -3.4130028439954, -3.25707302491612, -3.08958823048413, -2.91082813761515, -2.72106829086936, -2.52056991340594, -2.30961835453819, -2.08853480176204, -1.8576260854394, -1.61716531974173, -1.36741727709053, -1.10865801893196, -0.841200828998874, -0.565388457855637, -0.281564409685188, 0.00992983162371103, 0.01, -0.373140306690464, -0.737106422580542, -1.08206757436535, -1.40818368860663, -1.7156157841431, -2.00452760284932, -2.27508661012168, -2.52747639224766, -2.76189684334809, -2.97856015236257, -3.17769501209524, -3.35954112430439, -3.52432973612037, -3.67226811757883, -3.80354721823179, -3.91835423301701, -4.01688326007281, -4.09932845633487, -4.16588405179766, -4.21675979322989, -4.25216290937069, -4.27230291503715, -4.2774053138758, -4.26769157678803, -4.24339012055713, -4.20473310969365, -4.15195613978413, -4.08530067443024, -4.00500346291925, -3.9113225742199, -3.8045162938008, -3.68483735802248, -3.55258286933928, -3.40811015214946, -3.25181088329113, -3.08402370859485, -2.90503552610542, -2.71512918380483, -2.51457301986921, -2.30365984947653, -2.08271920778203, -1.85206573765986, -1.61197954956744, -1.36273242513133, -1.10460769207385, -0.837926995433605, -0.56304231215581, -0.280306419147323, 0.00992997139614454, 0.01, -0.374213430106312, -0.739127224598461, -1.08491498689607, -1.4117407667902, -1.71976971720443, -2.00916976154114, -2.28011262238307, -2.53278653768656, -2.76739644717441, -2.98415997803638, -3.18331164563027, -3.36509717232014, -3.52975380572621, -3.6774941307686, -3.80851389137514, -3.92300493948037, -4.02116613815363, -4.10319654959938, -4.16929529359159, -4.219677083487, -4.25455405283206, -4.27414091447912, -4.27866845613794, -4.26836319664764, -4.24345910640968, -4.20419403742263, -4.15080916460897, -4.08355191212456, -4.00266520213346, -3.90841359150024, -3.80106173018742, -3.68086898210671, -3.54814000608261, -3.40324087750622, -3.24657321025543, -3.07848435347833, -2.89926841733183, -2.70921555382006, -2.50860122563847, -2.29772570771123, -2.07692686262897, -1.84652713513505, -1.60681362982454, -1.35806513150685, -1.10057222532282, -0.834664912572586, -0.560704394456701, -0.279052719749573, 0.00993017145092789, 0.01, -0.375285270703517, -0.741145624857267, -1.08775904195039, -1.41529369407783, -1.72391886640982, -2.0138066607837, -2.28513305270196, -2.53809092576339, -2.77289025728824, -2.98975410229173, -3.18892278566484, -3.37064803749045, -3.53517310260869, -3.68271587786196, -3.81347689450538, -3.92765265007346, -4.02544676010981, -4.10706318743878, -4.17270592764566, -4.22259464740577, -4.25694637762053, -4.27598100811293, -4.27993458954248, -4.26903867575785, -4.24353277557725, -4.20366040434929, -4.14966828516279, -4.08180978893748, -4.00033399562403, -3.9055119157248, -3.79761454122559, -3.67690784118638, -3.54370399541921, -3.39837779173579, -3.24134074114131, -3.07294887190025, -2.89350377868376, -2.70330319419438, -2.50262971675134, -2.29179107488463, -2.07113343844323, -1.84098704339653, -1.60164598628939, -1.3533960490626, -1.09653506539605, -0.831401387775488, -0.558365439507006, -0.277798540395657, 0.00993014182673857, 0.01, -0.376354425238492, -0.743158918123399, -1.09059583355866, -1.41883746501807, -1.72805722808194, -2.01843139993336, -2.29014020473371, -2.54338116570724, -2.77836928978096, -2.99533304939131, -3.19451856597018, -3.37618356445341, -3.54057728358185, -3.6879229291073, -3.81842581253708, -3.9322870656127, -4.02971504032834, -4.11091859193325, -4.17610657800164, -4.22550360542001, -4.25933159493871, -4.27781559234364, -4.28119689018603, -4.26971206438434, -4.24360614696788, -4.20312829257037, -4.14853074141868, -4.08007279739331, -3.99800968377463, -3.90261883122567, -3.79417755135591, -3.6729583960343, -3.53928103082431, -3.39352891754235, -3.23612342456298, -3.06742923514134, -2.8877554182145, -2.69740728648282, -2.49667458321504, -2.28587248441909, -2.0653554470976, -1.83546148784818, -1.59649169300298, -1.34873883562268, -1.09250798909555, -0.828145852055278, -0.556032067783734, -0.276547226262601, 0.00993027751828646, 0.01, -0.377420899787311, -0.745167115901635, -1.0934253780075, -1.42237210003357, -1.73218482613697, -2.02304400576378, -2.29513410748343, -2.54865728814382, -2.78383357631, -3.00089685146623, -3.20009901863438, -3.38170378477253, -3.54596637916145, -3.69311531340601, -3.82336067217451, -3.93690821003967, -4.03397099947173, -4.1147627799206, -4.17949725741748, -4.2284039662249, -4.26170970939269, -4.27964466773885, -4.28245535472299, -4.27038335539474, -4.2436792097993, -4.20259768788471, -4.14739651615519, -4.07834091764846, -3.99569224451954, -3.89973431428988, -3.79075073587896, -3.66902062170684, -3.53487108802753, -3.38869423243421, -3.23092124110047, -3.06192542823777, -2.88202332681084, -2.69152782877926, -2.49073583160484, -2.27996995264652, -2.05959291602465, -1.82995050839746, -1.59135080372125, -1.34409356017824, -1.08849108205695, -0.824898409112587, -0.553704402476991, -0.275298921432448, 0.00993041216926721, 0.01, -0.378484701881631, -0.74717023256834, -1.09624769583162, -1.42589762513234, -1.73630169137517, -2.02764451319433, -2.30011479932829, -2.55391933426503, -2.78928316026444, -3.00644555352105, -3.20566418974317, -3.38720874512101, -3.55134043607282, -3.69829307695689, -3.8282815184976, -3.94151612674537, -4.03821467872879, -4.11859578984799, -4.18287800108275, -4.23129576124779, -4.26408074810012, -4.28146825664483, -4.28371000035049, -4.27105256046529, -4.2437519698714, -4.20206858996416, -4.14626560284428, -4.07661413690743, -3.99338165873476, -3.89685833959082, -3.78733406348533, -3.66509448122046, -3.53047412486694, -3.38387368976711, -3.22573414052305, -3.05643739836672, -2.87630745006471, -2.68566476605859, -2.48481340716049, -2.27408342595567, -2.05384579372054, -1.82445405663925, -1.5862232741284, -1.33946018350774, -1.08448431118206, -0.821659033013337, -0.551382425860404, -0.274053616724206, 0.00993054674416699, 0.01, -0.37954585069434, -0.749168305839813, -1.09906284266183, -1.42941411323217, -1.74040791337767, -2.03223302785375, -2.30508240134084, -2.55916744000142, -2.79471819187269, -3.01197931955745, -3.21121425659414, -3.39269863565562, -3.5566996568538, -3.70345643415764, -3.83318857499289, -3.94611104338325, -4.04244630503335, -4.12241784301728, -4.18624901977846, -4.23417918587139, -4.26644488612531, -4.28328650897293, -4.28496094707561, -4.2717197649538, -4.24382447316388, -4.20154100441145, -4.14513796945637, -4.07489238827789, -3.99107782744103, -3.89399077902406, -3.78392738000038, -3.66117979747364, -3.5260899446433, -3.37906707677242, -3.22056189771959, -3.0509649118992, -2.87060754966648, -2.6798178591291, -2.47890707352086, -2.26821267453053, -2.04811386070284, -1.81897192724566, -1.58110891687112, -1.3348385400664, -1.08048753659234, -0.818427613414267, -0.549066060997638, -0.272811272481833, 0.0099306797440249, 0.01, -0.380598501008607, -0.751150069647223, -1.10185455594275, -1.43290072965732, -1.74447850971793, -2.03678084394179, -2.31000490873559, -2.56436672598886, -2.80010134162461, -3.01745879438913, -3.21670826284457, -3.39813132343829, -3.56200115647856, -3.70856217234694, -3.83803872421122, -3.95065035904559, -4.04662421539549, -4.126188635704, -4.18957179042208, -4.23701791904964, -4.26876842948103, -4.28506878651139, -4.2861810413122, -4.27236172877351, -4.24387782200138, -4.20100081002953, -4.14400471049416, -4.07317242124313, -3.98878359441832, -3.89114101021868, -3.78054703658963, -3.65730033498808, -3.5217501652998, -3.37431430520627, -3.21545218542068, -3.04556191270426, -2.86498234551244, -2.67404910881572, -2.47308061730445, -2.26242177572255, -2.04245999016437, -1.81356429449098, -1.57606371264944, -1.33027892245846, -1.07654386842808, -0.815238583753302, -0.54677957046244, -0.271584486205947, 0.0099313733071929, 0.01, -0.38164885426261, -0.753127474974485, -1.10464008431243, -1.43637956881089, -1.74853996868085, -2.04131839175186, -2.31491624195613, -2.56955415098503, -2.80547215478703, -3.02292565803005, -3.22218957155002, -3.40355140291663, -3.56729030913133, -3.71365599378047, -3.84287754485346, -3.95517907731769, -4.05079238678974, -4.12995066677489, -4.19288688231137, -4.23985014907453, -4.27108673575568, -4.28684716825083, -4.28739863564746, -4.27300263031102, -4.2439315727901, -4.20046249347902, -4.14287479517815, -4.07145723989094, -3.98649555093034, -3.88829876406165, -3.77717545627455, -3.65343076148679, -3.51742125195621, -3.36957319111949, -3.21035473766357, -3.04017161554916, -2.8593701013777, -2.6682933961185, -2.46726710485326, -2.25664354927374, -2.03681832327645, -1.80816818893829, -1.57102914927937, -1.32572884350455, -1.0726084121519, -0.812056209662753, -0.544497947517007, -0.270360546310103, 0.00993147595911509, 0.01, -0.382697540133345, -0.75510173721593, -1.10742118492344, -1.43985288564596, -1.75259499906617, -2.04584878998434, -2.31981988566916, -2.57473352170627, -2.81083471623419, -3.02838422965516, -3.22766269237455, -3.40896353047123, -3.57257187409633, -3.71874271679108, -3.84770987046725, -3.95970200318256, -4.05495555190961, -4.13370855288312, -4.19619875232978, -4.24268012933975, -4.27340381103395, -4.288625369173, -4.28861711024377, -4.27364547119616, -4.24398830492652, -4.19992816823347, -4.14174982745483, -4.06974789503537, -3.98421415105438, -3.88546385446326, -3.7738117694532, -3.64956948059025, -3.51310083836277, -3.36484055547739, -3.20526551962977, -3.03478908666274, -2.85376494137199, -2.66254385981517, -2.46145881330568, -2.25086969773689, -2.03118027628108, -1.80277502880868, -1.5659969352324, -1.32118059019118, -1.06867432153094, -0.808874799945199, -0.542216944240266, -0.269136936392144, 0.00993148429514484, 0.01, -0.383746504571097, -0.757076574881167, -1.11020317545439, -1.44332742362143, -1.75665159672869, -2.05038111351392, -2.32472582040561, -2.57991555099461, -2.81620029779966, -3.0338461668051, -3.23313949532723, -3.41437961537999, -3.57785762667977, -3.72383380943081, -3.85254668858859, -3.96422947045193, -4.0591232176873, -4.1374708008981, -4.19951473411904, -4.24551384710004, -4.27572412292092, -4.29040616399042, -4.2898373737492, -4.27428912083738, -4.24404467540904, -4.1993921057139, -4.14062184293176, -4.06803465375322, -3.98192836239344, -3.88262431878589, -3.77044335411212, -3.64570348133721, -3.5087757952062, -3.36010342138245, -3.20017197751599, -3.02940246584189, -2.84815596940098, -2.65679083838459, -2.455647404171, -2.24509311613728, -2.02553988700061, -1.79737990402835, -1.56096312183995, -1.31663108456517, -1.06473929865616, -0.805692746071539, -0.539935550818708, -0.267913154691093, 0.00993148268191812
0, 0, 0, 0, 0, 0, 0, 0, 0, 0, 0, 0, 0, 0, 0, 0, 0, 0, 0, 0, 0, 0, 0, 0, 0, 0, 0, 0, 0, 0, 0, 0, 0, 0, 0, 0, 0, 0, 0, 0, 0, 0, 0, 0, 0, 0, 0, 0, 0, 0, 0, -0.303414977966385, -0.59432412594493, -0.872718633155848, -1.13858968869536, -1.39192848153076, -1.63272620047606, -1.86097403414517, -2.07666317087981, -2.27978479865048, -2.47033010492965, -2.64829027653811, -2.81365649946691, -2.96641995867948, -3.10657183790029, -3.23410331939805, -3.34900558377307, -3.4512698097588, -3.54088717404773, -3.61784885115093, -3.6821460132987, -3.73376983038748, -3.77271146997516, -3.79896209732372, -3.81251287548507, -3.81335496542319, -3.80147952616342, -3.77687771495855, -3.73954068746042, -3.68945959788599, -3.62662559916753, -3.55102984307718, -3.46266348031762, -3.361517660571, -3.24758353249883, -3.120852243685, -2.98131494051254, -2.82896276796129, -2.66378686930847, -2.48577838570475, -2.2949284555849, -2.09122821384933, -1.87466879071786, -1.64524131009809, -1.402936887213, -1.14774662506071, -0.879661608969588, -0.598672897926616, -0.304771510196346, 0.00205160169177071, 0, -0.302387598730072, -0.592392808170768, -0.870002482869922, -1.13520345056491, -1.38798246953752, -1.6283262397252, -1.85622144554124, -2.07165476113941, -2.27461291552713, -2.46508270683566, -2.64305097066814, -2.80850468016119, -2.9614308157623, -3.1018160489464, -3.22964673820095, -3.34490903017786, -3.44758896969107, -3.53767250956796, -3.61514542095704, -3.67999336239207, -3.73220181678981, -3.77175612332479, -3.79864155879038, -3.81284318470646, -3.81434601743706, -3.80313498811695, -3.77919479566663, -3.74251003808018, -3.69306515626833, -3.63084447072208, -3.55583205965235, -3.46801181395018, -3.36736787195484, -3.25388491935927, -3.12754773776263, -2.9883404214253, -2.83624669639865, -2.67125024726399, -2.49333454217571, -2.3024828859911, -2.09867857182288, -1.8819048891238, -1.65214500467169, -1.40938192874664, -1.15359862934837, -0.884778110110555, -0.602903330023621, -0.307957177492398, 7.75991713886093e-05, 0, -0.300211540517166, -0.588292280261132, -0.8642202289235, -1.12797331533367, -1.37952925813194, -1.6188655998047, -1.84595983699919, -2.06078943684928, -2.26333203517265, -2.45356548005801, -2.6314677360704, -2.79701718866471, -2.95019224438462, -3.09097037340771, -3.21932810023208, -3.33524130969501, -3.43868558487711, -3.52963623395399, -3.60806801599263, -3.67395535332737, -3.72727214266402, -3.76799185140209, -3.79608775612527, -3.81153248453078, -3.81429853801505, -3.80435815875805, -3.78168288729925, -3.74624396103008, -3.69801214250715, -3.63695783009724, -3.56305067761454, -3.47625977553398, -3.37655497895218, -3.26390780936938, -3.1382900644707, -2.9996714534703, -2.84802058347862, -2.68330593074096, -2.50549530970831, -2.3145560493045, -2.1104554497263, -1.89316080272301, -1.66263903676032, -1.41885662554883, -1.16177994360598, -0.891375502471709, -0.607609723674226, -0.31044888477868, 0.000141043624791115, 0, -0.298036893454193, -0.584194349564174, -0.85844153460124, -1.12074748073592, -1.37108087070247, -1.60941009516716, -1.83570347058998, -2.04992926695326, -2.25205603904127, -2.44205269923116, -2.61988835782679, -2.78553283136792, -2.93895596570989, -3.08012604466971, -3.20900977992795, -3.32557281818861, -3.42978031215886, -3.52159695827391, -3.60098653500768, -3.66791226218094, -3.72233649064289, -3.76422086177896, -3.79352668815091, -3.81021420217788, -3.81424343977873, -3.80557399719352, -3.78416430113066, -3.74997227365406, -3.70295504388021, -3.64306913186375, -3.57026980454822, -3.48451139491081, -3.3857495218494, -3.27394215031981, -3.14904768590896, -3.01102147131054, -2.85981703281947, -2.69538766638455, -2.51768555204697, -2.32666206574412, -2.12226853623096, -1.90445627217325, -1.67317597542165, -1.42837759486659, -1.17001092340515, -0.898025988429749, -0.612372679026977, -0.313000665432314, 0.000140856549583068, 0, -0.295867818733782, -0.580107012857908, -0.85267790665839, -1.11354063789452, -1.36265485712566, -1.59997980882012, -1.82547463681651, -2.03909842379454, -2.24081065563387, -2.43057132329472, -2.60834069954982, -2.77408005073093, -2.92775067524992, -3.06931168554843, -3.19872000167817, -3.31593105856543, -3.42089961241566, -3.51357978078813, -3.59392439303533, -3.66188550012322, -3.71741394728554, -3.76045959546162, -3.7909718293643, -3.80889852464862, -3.81418730100956, -3.80678515163412, -3.78663743381173, -3.75368879885551, -3.70788278666288, -3.64916208262918, -3.57746761077135, -3.49273899569933, -3.39491766690535, -3.28394807679788, -3.1597752602715, -3.02234021436257, -2.87158142242217, -2.70743702799206, -2.52984359593786, -2.33873657199402, -2.13405133474632, -1.91572322423262, -1.68368672719745, -1.43787527916901, -1.17822210286312, -0.904660748997321, -0.617124578662501, -0.315546657552974, 0.000140591375002885, 0, -0.293704886966413, -0.576031374858498, -0.846930947410172, -1.10635485021285, -1.35425370537211, -1.59057761676278, -1.81527656314186, -2.0283004496987, -2.22959970548798, -2.41912541428572, -2.59682902798639, -2.76266328132786, -2.91658093851948, -3.05853195562106, -3.18846348221108, -3.30632076835133, -3.41204820806016, -3.50558937275174, -3.58688617404224, -3.655879527601, -3.71250881309201, -3.75671215629429, -3.78842705015119, -3.80758905195355, -3.81413341409521, -3.80799456938227, -3.78910484987034, -3.7573956794913, -3.71279701700048, -3.65523772213869, -3.58464441952196, -3.50094207418419, -3.404057972661, -3.2939230984679, -3.17046913719407, -3.03362276108323, -2.88330744815483, -2.71944643854478, -2.54196091793601, -2.35077042596847, -2.14579441221542, -1.92695226248336, -1.69416225987234, -1.44734133794447, -1.18640616059812, -0.911273809299643, -0.621861121566637, -0.318084561346543, 0.000140219250456985, 0, -0.291548775805775, -0.571968738947559, -0.841202534038706, -1.09919251674217, -1.34588028442245, -1.58120680595066, -1.80511290252069, -2.01753931161416, -2.2184274175014, -2.40771941095823, -2.58535793959375, -2.75128722509483, -2.90545151070236, -3.04779161108692, -3.17824492647648, -3.29674654890417, -3.40323054436537, -3.49762997074491, -3.57987585323043, -3.64989800566627, -3.70762438203399, -3.75298141801432, -3.78589475077834, -3.80628765755526, -3.81408307210575, -3.80920290935668, -3.79156652013625, -3.76109214418909, -3.71769619478972, -3.66129374217019, -3.5917971550318, -3.50911678736863, -3.41316582895997, -3.30386183784402, -3.18112317166401, -3.04486245151976, -2.89498843585205, -2.73140948536084, -2.55403142067205, -2.36275789788977, -2.15749245864928, -1.93813854887604, -1.70459825945003, -1.45677203332233, -1.19455998689417, -0.917862739776631, -0.626580610322038, -0.32061346352296, 0.000139817336122616, 0, -0.289398041954885, -0.567916322733871, -0.835488649259418, -1.09204848950083, -1.3375284197844, -1.57186027955061, -1.79497573992468, -2.00680638042974, -2.20728455254903, -2.39634356818825, -2.57391728719825, -2.73994143668039, -2.8943517521255, -3.03707992179634, -3.16805361764897, -3.28719780043545, -3.3944362421323, -3.48969151958478, -3.57288380277085, -3.6439318370834, -3.7027521905408, -3.74925965355594, -3.7833680434323, -3.80498839553307, -3.81403137339385, -3.81040641638718, -3.7940199379357, -3.76477703660997, -3.72258061577747, -3.6673319922106, -3.59892932199578, -3.51726839636898, -3.42224835430857, -3.31377337156022, -3.19174849915774, -3.05607232054083, -2.90663890460575, -2.74334175503043, -2.56607134150958, -2.37471545910616, -2.16916176253293, -1.94929777216498, -1.71500939808068, -1.46618060397062, -1.20269497005543, -0.924436661496605, -0.63128948189866, -0.323136700073513, 0.000139567597197299, 0, -0.287254186480002, -0.563876985511737, -0.829793367755046, -1.08492791571713, -1.32920418838173, -1.56254490131918, -1.78487258306194, -1.99610966489806, -2.19617947748648, -2.38500646794967, -2.56251572485385, -2.72863449911632, -2.88329003169498, -3.02640489943177, -3.15789706706505, -3.27768139074674, -3.38567138230169, -3.48177916992292, -3.56591409953242, -3.63798388137145, -3.6978938516587, -3.74554731227946, -3.78084629733571, -3.80368963843985, -3.81397577707824, -3.81160171924401, -3.79646098461959, -3.76844557346195, -3.72744491474518, -3.67334660776175, -3.60603463912505, -3.52539028536864, -3.4312986804041, -3.3236506606564, -3.2023379918762, -3.06724523338958, -2.91825179448324, -2.75523634417216, -2.57807401534726, -2.38663676445871, -2.18079638024394, -1.96042447182224, -1.72539077985966, -1.47556280010256, -1.21080758786988, -0.930992861255414, -0.635985913522448, -0.325653420079811, 0.000139267640692553, 0, -0.285115484666305, -0.559847440879012, -0.824112004461667, -1.07782487468616, -1.32090059687945, -1.55325276828548, -1.7747947822958, -1.98543993165369, -2.18510253811376, -2.37369819804918, -2.55114324515064, -2.71735647247737, -2.87225663965653, -3.01575722708572, -3.14776651329788, -3.26818927644126, -3.37692880190257, -3.47388680149034, -3.55896182814156, -3.63205059015517, -3.69304722620631, -3.74184358900755, -3.77832996517718, -3.80239302059628, -3.81391901281233, -3.81279254680513, -3.79889429195344, -3.77210319289514, -3.73229523965014, -3.67934434992777, -3.61312038384064, -3.53349015103971, -3.44032482587588, -3.33350194820859, -3.21290001981653, -3.07838958951602, -2.92983543681824, -2.7671014183793, -2.59004734441653, -2.39852935513395, -2.19240339418047, -1.97152517368851, -1.73574827628523, -1.48492374107112, -1.21890210972246, -0.937534660640182, -0.640672181151486, -0.328164756031423, 0.000139026318581814, 0, -0.282981545046252, -0.555826939153127, -0.818443484732647, -1.07073800004446, -1.31261602043622, -1.54398203035488, -1.764740295482, -1.97479497967723, -2.17405140767219, -2.36241633907624, -2.53979736905409, -2.70610485106174, -2.86124907659417, -3.00513444458601, -3.13765956835024, -3.25871917455754, -3.36820635572603, -3.46601243944073, -3.55202521665855, -3.62613042687081, -3.68821104538975, -3.7381475149685, -3.77581841039441, -3.80109826975764, -3.81386120287085, -3.81397941316011, -3.80132073238392, -3.77575109192207, -3.73713307822195, -3.68532696323842, -3.62018852339431, -3.54157014904483, -3.44932910025663, -3.34332966290122, -3.22343709613476, -3.08950795194149, -2.94139240979205, -2.77893953623754, -2.60199383296364, -2.41039564623301, -2.20398509542967, -1.98260200994117, -1.74608382571113, -1.49426513646937, -1.22697998148125, -0.944063206816419, -0.645349098266946, -0.330671152740282, 0.000138802482542832, 0, -0.280852662626005, -0.551816045629261, -0.81278861943406, -1.06366832350857, -1.30435168689456, -1.53473408676477, -1.75471066851223, -1.96417647676114, -2.16302785108509, -2.35116272829476, -2.52847998135371, -2.69488154234099, -2.85026924782039, -2.99453843024848, -3.12757805869239, -3.24927283483567, -3.35950569182326, -3.45815760512392, -3.54510563468705, -3.62022458429703, -3.68338630005008, -3.73445985388141, -3.7733121443744, -3.79980561973666, -3.81380227822087, -3.81516194730724, -3.80373965943172, -3.77938837515667, -3.74195731271409, -3.69129313410753, -3.62723757481659, -3.54962865339458, -3.45830976082456, -3.35313197182238, -3.23394732458181, -3.1005983879513, -2.95292077107075, -2.79074877261743, -2.61391159987021, -2.42223382743966, -2.21553977125655, -1.99365339219306, -1.75639599085088, -1.50358572685724, -1.23504014829933, -0.950577676275146, -0.65001609943839, -0.333172329592919, 0.000138565185624329, 0, -0.278728826260744, -0.547814739130796, -0.807147378469103, -1.0566158071698, -1.29610755163496, -1.52550888727362, -1.74470584659367, -1.95358436460712, -2.15203180756141, -2.33993730339241, -2.51719101913648, -2.68368648366143, -2.83931709179897, -2.98396912451715, -3.11752192758829, -3.23985020413728, -3.35082676130402, -3.4503222544539, -3.53820304344294, -3.61433302938359, -3.67857296323641, -3.73078058513402, -3.77081115302592, -3.79851506307605, -3.81374223809088, -3.8163401552955, -3.80615108602783, -3.78301506233519, -3.74676796953941, -3.69724289543507, -3.63426757716106, -3.55766570875443, -3.46726685711199, -3.36290892843049, -3.24443076159621, -3.11166095608203, -2.96442058031843, -2.80252918729333, -2.6258007040098, -2.43404395565912, -2.22706747547307, -2.00467937001105, -1.76668481585461, -1.5128855497728, -1.24308263988085, -0.957078089650016, -0.654673194986101, -0.335668285350884, 0.000138328470799864, 0, -0.276611948851798, -0.543826698671954, -0.801525060175137, -1.04958722189593, -1.28789171125647, -1.5163157074013, -1.73473613734019, -1.94302983607311, -2.14107520832275, -2.32875258703562, -2.50594344954725, -2.67253293962304, -2.82840602356334, -2.97343994584549, -3.10750444987854, -3.23046426659875, -3.34218211038527, -3.4425183484214, -3.53132867132719, -3.60846611051352, -3.67378035581928, -3.72711785329372, -3.76832225461876, -3.79723194167337, -3.81368479786729, -3.81751597593895, -3.80855502427493, -3.78662908856635, -3.75156075647175, -3.70316957725115, -3.64126955684898, -3.5656703330977, -3.47618769473672, -3.37264642187699, -3.25487217573853, -3.12267960023284, -2.97587525260375, -2.8142639622757, -2.63764439009948, -2.44580963400789, -2.23855246521264, -2.0156651501152, -1.77693675255522, -1.52215259763809, -1.2510972846592, -0.963556406767486, -0.659314771488787, -0.338156128713102, 0.00013796607097899, 0, -0.274500009929185, -0.53984803885372, -0.795916069763551, -1.04257541904438, -1.27969561879115, -1.50714475737216, -1.72479066367013, -1.93250108225193, -2.13014546809016, -2.31759537299472, -2.49472360078775, -2.66140692819667, -2.81752190617524, -2.96293675768876, -3.09751164467624, -3.22110135218911, -3.33355853498253, -3.43473330389019, -3.52447071345382, -3.60261296059329, -3.66899870798443, -3.7234631425564, -3.7658383414368, -3.79595070988126, -3.81362612787946, -3.818687449477, -3.81095153817364, -3.79023269533639, -3.75634024613695, -3.70908023690163, -3.64825297664754, -3.57365408596961, -3.48508562003789, -3.38235927517019, -3.26528755654444, -3.13367116634633, -2.9873021800827, -2.82597072569411, -2.64946021198948, -2.45754803176294, -2.25001121485107, -2.02662620161994, -1.78716595442285, -1.53139939789866, -1.25909467368369, -0.970020971922946, -0.663946616138792, -0.340638779401806, 0.000137736190540638, 0, -0.272394286859094, -0.535881198998152, -0.790323893100903, -1.03558481561239, -1.27152450694829, -1.49800197018066, -1.71487594342433, -1.92200509037517, -2.11924992800829, -2.30647324082186, -2.48353917527723, -2.65031615908665, -2.80667234104416, -2.95246693758664, -3.08755055005999, -3.21176804388548, -3.32496204722806, -3.42697244632727, -3.51763369452774, -3.59677719114369, -3.66423060560324, -3.7198179006186, -3.76335971024556, -3.7946705985315, -3.81356447862118, -3.81985193173766, -3.81333717448778, -3.79382170581365, -3.76110162352481, -3.71496950655332, -3.6552120011958, -3.58161074964775, -3.49395411788384, -3.3920407605083, -3.27567004827563, -3.14462875555104, -2.99869450544797, -2.83764274644847, -2.66124164943958, -2.46925292411953, -2.26143787951316, -2.03755714321226, -1.79736758651064, -1.54062174472763, -1.26707131294766, -0.976469085598307, -0.668566906562218, -0.343115374847016, 0.000137458904107712, 0, -0.2702935624012, -0.531923854418061, -0.784745207844866, -1.02861120139002, -1.26337338742904, -1.48888168920296, -1.70498576139633, -1.91153519636661, -2.10838158480562, -2.29537895776779, -2.47238282053607, -2.6392532697633, -2.79585006525936, -2.94202343190966, -3.07761443130778, -3.20245803542391, -3.3163868787264, -3.41923065450766, -3.51081324967145, -3.59095530268068, -3.65947352354863, -3.71618068559009, -3.76088601624912, -3.79339228054737, -3.81350146066094, -3.82101189092578, -3.81571517896209, -3.79740006303536, -3.76584944865108, -3.72084248281183, -3.662152183229, -3.58954625240212, -3.50279941127565, -3.40169731462035, -3.28602622037432, -3.15555898904326, -3.01005882059815, -2.84928650603752, -2.67299499244915, -2.48093032842101, -2.27283812267353, -2.0484632032642, -1.80754636084189, -1.54982375253563, -1.27503063796577, -0.982903423121264, -0.673177476606652, -0.345586826115988, 0.000137227252286598, 0, -0.268196696197824, -0.527973853743566, -0.77917698095758, -1.02165079101265, -1.25523785187755, -1.47977901241803, -1.69511485121228, -1.90108589879297, -2.09753483125796, -2.28430694013474, -2.46124910574886, -2.62821311160404, -2.7850503417, -2.93160204434908, -3.06769976221324, -3.19316851642402, -3.30783089929603, -3.41150644198412, -3.50400849961225, -3.58514698644653, -3.65472768686068, -3.71255221953272, -3.75841844168986, -3.79211736138462, -3.81343906564772, -3.82216966793909, -3.81808820473488, -3.80097069524961, -3.77058688769631, -3.72670253255898, -3.66907705304651, -3.59746425055514, -3.51162524498518, -3.41133273298296, -3.29635988127561, -3.16646565052825, -3.02139884674326, -2.8609056253699, -2.68472372382469, -2.49258355152313, -2.28421503734082, -2.05934722302261, -1.81770482897499, -1.55900764524959, -1.28297450707294, -0.989325439266341, -0.677779339515228, -0.348053666945429, 0.000137024993419943, 0, -0.266106157677786, -0.524035899725175, -0.773625912403151, -1.01471204554777, -1.2471278863494, -1.47070521474531, -1.68527554051778, -1.89067034186915, -2.08672339196673, -2.27327125669418, -2.45015220759849, -2.61720973289396, -2.77428685395171, -2.9212158564672, -3.05781878397324, -3.18391073298292, -3.29930428647943, -3.40380884496719, -3.49722726635487, -3.57935877726326, -3.64999827014608, -3.70893624374751, -3.75595922140717, -3.79084649613344, -3.81337629558233, -3.82332253843541, -3.8204517278024, -3.80452733610358, -3.77530611789222, -3.73254046318742, -3.67597623472457, -3.60535337127217, -3.5204194354788, -3.42093420738701, -3.30665778411398, -3.17733524056431, -3.03270101785778, -2.87248665777959, -2.69641470220327, -2.50419994324744, -2.2955566503369, -2.07019809209015, -1.82783292904291, -1.5681645952422, -1.29089551254661, -0.995729331848957, -0.682368484257668, -0.350513863082033, 0.00013672392384706, 0, -0.264019836038964, -0.520105983764849, -0.768086308791866, -1.00778779981347, -1.23903506685999, -1.4616508263699, -1.67545752661562, -1.88027760293, -2.07593593716958, -2.26226038340278, -2.43908062051082, -2.60623185920178, -2.7635487713855, -2.91085459721429, -3.04796180682738, -3.17467559731184, -3.29079857499244, -3.39613008428417, -3.49046256242554, -3.57358458516117, -3.64528018665273, -3.70532878032052, -3.75350559184499, -3.78957824094662, -3.81331313159237, -3.82447201384344, -3.82280889512477, -3.80807473659381, -3.78001332832374, -3.73836373511059, -3.68285829316547, -3.61322311696117, -3.52919225546764, -3.43051261343516, -3.31693123995659, -3.1881793383104, -3.04397701372202, -2.88404121614492, -2.70807930604057, -2.5157904800479, -2.3068733684789, -2.08102547999373, -1.83793942562099, -1.57730229446332, -1.29880010602354, -1.00212014450355, -0.686948378778441, -0.352969139081339, 0.000136510628202191, 0, -0.26193628111401, -0.516181268534482, -0.762554008640284, -1.00087263117336, -1.23095277261569, -1.45260809132506, -1.66565198133309, -1.86989784454032, -2.06516168308091, -2.25126265299658, -2.42802185656632, -2.59526624471692, -2.75282215306172, -2.90050379156068, -3.03811407805721, -3.16544833630837, -3.28229922853509, -3.38845607135224, -3.48370091273777, -3.56781171383725, -3.64056168408811, -3.70171918613641, -3.75104818416531, -3.7883046662346, -3.81324324825741, -3.82561353791922, -3.82515708458223, -3.81161237361607, -3.78471025981758, -3.74417651795442, -3.68972999161781, -3.62108300921181, -3.53795586547768, -3.4400823515388, -3.3271964885923, -3.19901562249964, -3.05524555151242, -2.89558865555735, -2.71973712783868, -2.52737459130076, -2.31818405745079, -2.09184728816333, -1.84804085533826, -1.58643551420585, -1.30670089293654, -1.00850791629881, -0.691526095293807, -0.355423199803464, 0.000136448206530637, 0, -0.25985758017895, -0.512265772721156, -0.757034806180737, -0.99397395353752, -1.2228898813328, -1.44358719525457, -1.65587024235202, -1.8595434005151, -2.05441380372302, -2.24029192375188, -2.41699030230743, -2.58432764821821, -2.74212197398196, -2.89017847474245, -3.02829053714786, -3.15624363769328, -3.27382052696247, -3.38080052203761, -3.47695531301023, -3.56205228262983, -3.63585384915047, -3.69811735896619, -3.7485955508911, -3.78703282285604, -3.81317203833738, -3.82675068900792, -3.82749790376177, -3.81513972762911, -3.78939410938763, -3.74997356895299, -3.69658349118219, -3.62892245655632, -3.54669704902447, -3.44962798726239, -3.33743628618584, -3.20982544852995, -3.0664869944288, -2.90710875555753, -2.73136777203296, -2.53893211484169, -2.32946919693802, -2.1026450465518, -1.85812020680054, -1.5955491100697, -1.31458500416906, -1.01488246165044, -0.696094539978138, -0.357872451424034, 0.000136222131014663, 0, -0.257782815213035, -0.508357739439211, -0.751526184817088, -0.987088569750389, -1.21484259444023, -1.43458381730343, -1.6461075456473, -1.84920914274836, -2.04368688596596, -2.22934257653089, -2.40598021155467, -2.57341027539219, -2.73144247060323, -2.87987299289296, -3.01848571879006, -3.14705630353758, -3.26535761842984, -3.37315900922958, -3.47022183944631, -3.55630294952738, -3.63115400002131, -3.69452135552867, -3.74614656555254, -3.78576247929415, -3.81310016671704, -3.82788495465259, -3.82983358859822, -3.81865970863042, -3.79406838678082, -3.75575892323435, -3.70342327794576, -3.63674632150506, -3.55542097032499, -3.45915491163918, -3.3476561756959, -3.22061443645753, -3.07770696471771, -2.91860706563504, -2.74297664041776, -2.55046822978338, -2.34073366833698, -2.11342326378826, -1.86818154080952, -1.60464661995422, -1.32245537962631, -1.02124604737088, -0.700655231449984, -0.360317589258794, 0.000136035524692046, 0, -0.255714166922493, -0.504461328189305, -0.746034080931633, -0.980223991160885, -1.20681979633346, -1.42560801298459, -1.63637491590696, -1.83890686314194, -2.03299328693873, -2.21842733167034, -2.39500446579233, -2.56252696676171, -2.7207962403851, -2.86959949832009, -3.0087111280399, -3.13789698950104, -3.25692010695092, -3.36553988300466, -3.46350738583713, -3.55056903907763, -3.62646586645496, -3.69093328586059, -3.74370169348423, -3.78449243107419, -3.8130248165903, -3.82901204444019, -3.83215851423351, -3.82216549642483, -3.79872521559736, -3.76152378728005, -3.7102397803117, -3.6445443933168, -3.56411691825335, -3.46865205174874, -3.35784486099911, -3.23137120561142, -3.08889413573662, -2.93007245170927, -2.75455293001231, -2.5619726027276, -2.35196774625634, -2.12417296088285, -1.87821676314577, -1.61372097274539, -1.33030610959686, -1.02759406342201, -0.705204997601562, -0.362757017392237, 0.000135769803697117, 0, -0.253650456876374, -0.500574297628887, -0.740555305787849, -0.97337619715199, -1.1988167500198, -1.41665444441992, -1.6266665298367, -1.82863036842572, -2.02232655879835, -2.20753960211056, -2.38405645404343, -2.55167120266595, -2.71017697020523, -2.85935199965372, -2.99896121045622, -3.12876069317662, -3.24850365712479, -3.35793958987144, -3.45680929541885, -3.54484881937002, -3.62178858483427, -3.68735309734038, -3.7412616356743, -3.78322407525717, -3.81294802340437, -3.83013457450394, -3.83447581970278, -3.8256606950857, -3.80336860708467, -3.7672725215758, -3.71703764999924, -3.65232155681112, -3.57278995240219, -3.47812458344425, -3.36800757568678, -3.24210098885245, -3.10005368105855, -2.94150996945988, -2.76610151999911, -2.57344987770063, -2.36317578085264, -2.13489813538744, -1.88822946000822, -1.62277528452238, -1.33813978125311, -1.03392850927351, -0.709745191400545, -0.365191383484265, 0.000135541443281262, 0, -0.251591734629509, -0.496696743200493, -0.735089997047479, -0.96654536393289, -1.19083366657711, -1.40772335386516, -1.61698265716176, -1.81837995206178, -2.01168701497905, -2.19667971745272, -2.37313651822125, -2.54084333341719, -2.69958501485903, -2.84913085225839, -2.98923631803372, -3.11964775919138, -3.24010860209335, -3.35035844731349, -3.45012786577202, -3.53914256368022, -3.61712239961766, -3.68378100102895, -3.73882656513129, -3.78195754200729, -3.81286986955119, -3.83125257453542, -3.83678547699842, -3.8291452138403, -3.8079984088639, -3.77300491935242, -3.72381663303873, -3.66007751788981, -3.58143974543178, -3.48757215285354, -3.37814394605927, -3.25280339941766, -3.11118520753742, -2.95291922599318, -2.77762202437668, -2.58489968217894, -2.37435741961133, -2.14559846130426, -1.89821933840701, -1.63180930177147, -1.34595618700018, -1.0402492296778, -0.714275716369031, -0.36762065624738, 0.000135310117661158, 0, -0.249537943967106, -0.49282856050666, -0.729638010161437, -0.959731314831405, -1.18287034523402, -1.39881452446624, -1.60732307295123, -1.80815538903383, -2.00107443835223, -2.18584747640653, -2.36224448079716, -2.53004320860368, -2.68902025001246, -2.83893595679008, -2.9795363753133, -3.11055813482661, -3.23173491065574, -3.34279644438956, -3.44346310491019, -3.53345029757101, -3.61246735244071, -3.68021705311647, -3.73639655103801, -3.78069291185194, -3.81279044516964, -3.8323661425559, -3.83908759025483, -3.83261916112623, -3.81261473249744, -3.77872109469884, -3.73057684541597, -3.66781239373625, -3.59006641492361, -3.49699487707067, -3.38825408784113, -3.26347855080792, -3.12228882555326, -2.96430032764206, -2.78911454449353, -2.5963221115616, -2.38551275099155, -2.15627401914521, -1.90818646988451, -1.64082308603193, -1.35375537733415, -1.04655626304294, -0.718796597778369, -0.370044846764209, 0.000135079987721443, 0, -0.247493611805023, -0.488978589268824, -0.724212283544994, -0.952950872842241, -1.17494727944477, -1.38995190600761, -1.59771496917675, -1.79798689933844, -1.99052175454096, -2.17507808327291, -2.35141739654124, -2.5193093036223, -2.67852214031849, -2.82880733578333, -2.96990153132272, -3.10153166416716, -3.22342169040869, -3.33529152061591, -3.43685135261172, -3.52780632927349, -3.60785528806933, -3.67669020291661, -3.73399721519034, -3.77945204686048, -3.81272742024921, -3.8334883241096, -3.8413901481213, -3.83608503616564, -3.8172141551599, -3.78441137009887, -3.73730212079167, -3.67550329542685, -3.59864011539731, -3.50635571987742, -3.39829431547817, -3.27407741211014, -3.1333114669406, -2.97559747700332, -2.80052186167427, -2.60765983375117, -2.39658563719872, -2.1668711730394, -1.91808102800572, -1.64977192769141, -1.36149906671809, -1.05281905504431, -0.723286319582564, -0.372452784374992, 0.000134368903670079, 0, -0.245454377959618, -0.485138312167657, -0.718800345788872, -0.946187815505655, -1.16704469872555, -1.38111238298574, -1.58813208828745, -1.78784528630613, -1.97999713897921, -2.16433750139353, -2.34061943364445, -2.50860440841206, -2.66805251436794, -2.81870627333097, -2.96029294241537, -3.09252979245244, -3.21513109190459, -3.32780694814689, -3.43025741876115, -3.52217742228137, -3.60325533927912, -3.67317236799188, -3.73160367526587, -3.77821367991044, -3.81266355770841, -3.83460633249254, -3.84368523993696, -3.83954022986576, -3.82179979467209, -3.79008492031942, -3.74400792715255, -3.6831722207345, -3.60718961168492, -3.51569045019249, -3.40830687823183, -3.28464744129338, -3.14430452242997, -2.98686472153892, -2.81189940405988, -2.61896838144717, -2.40763043932138, -2.17744183629897, -1.92795120217169, -1.65869901614695, -1.3692241685044, -1.05906696701378, -0.72776541515883, -0.374854898511196, 0.000134127691527763, 0, -0.243417905714223, -0.481303356436631, -0.713396088742034, -0.939434599948126, -1.15915392613639, -1.37228644504092, -1.57856438713741, -1.77772027462069, -1.96949038477427, -2.15361589286608, -2.32984142373041, -2.49792018253546, -2.65760388045367, -2.8086261457618, -2.95070487224126, -3.08354768989621, -3.20685921108237, -3.32033976776967, -3.42367930806804, -3.51656256419795, -3.59866749546594, -3.66966451008362, -3.72921778854872, -3.77698048660691, -3.81260227416658, -3.83572425235235, -3.84597754959731, -3.84298995657336, -3.82637732699565, -3.79574781398874, -3.75070065677723, -3.6908258166525, -3.6157217366147, -3.52500601773271, -3.41829877371169, -3.29519561483196, -3.15527487830025, -2.99810878824828, -2.82325367027333, -2.63025395578195, -2.41865299187451, -2.1879914076854, -1.93780188624659, -1.66760867122223, -1.37693435934206, -1.06530296329957, -0.732236067433962, -0.377252521556746, 0.000133943648676249, 0, -0.241387039846955, -0.477479070541566, -0.708007023466988, -0.932700558736374, -1.15128577465174, -1.36348604445108, -1.56902461619198, -1.76762507180148, -1.95901481534213, -2.14292635581392, -2.31909589839976, -2.48726839695897, -2.64718719734567, -2.79857704963867, -2.94114650513522, -3.07459357854034, -3.19861325751847, -3.31289612638092, -3.41712205447694, -3.51096562559619, -3.59409441331183, -3.66616807373923, -3.72683984040076, -3.77575164630689, -3.8125416960278, -3.83683921005592, -3.84826325614022, -3.84642950064513, -3.83094119438995, -3.80139370364491, -3.75737322473606, -3.69845631291133, -3.62422808650716, -3.53429343715198, -3.42826048647502, -3.30571193865349, -3.16621211322497, -3.00931887987695, -2.83457353845956, -2.64150516156062, -2.42964182395579, -2.19850868083953, -1.94762247983799, -1.67649123986916, -1.38462127485308, -1.07152030948175, -0.736693513213535, -0.379643202818935, 0.000133613615326489, 0, -0.239359786290782, -0.473661625763198, -0.702627646005375, -0.925978672081937, -1.14343186805318, -1.35470160795291, -1.55950216450626, -1.75754818855532, -1.94855822233537, -2.13225612208023, -2.30836968887138, -2.47663564140528, -2.63678897239866, -2.78854556906794, -2.9316046610365, -3.0656546731645, -3.19038099970338, -3.30546450498118, -3.4105750102096, -3.50537698845443, -3.58952766295898, -3.6626759755307, -3.72446425194268, -3.77452324264307, -3.81247972724639, -3.83795108752744, -3.85054422980052, -3.84986258623483, -3.83549683963929, -3.80702961518598, -3.7640341043821, -3.70607349451648, -3.63271962200458, -3.54356470851666, -3.43820491962076, -3.3162100823905, -3.177130526777, -3.02050978929726, -2.84587415815823, -2.65273736830607, -2.4406122451015, -2.20900848579786, -1.95742691279154, -1.68535933105111, -1.39229578242597, -1.07772771069224, -0.741143874700972, -0.382030060882947, 0.000133443411279743, 0, -0.237337736878979, -0.469854074528708, -0.697262338137835, -0.919274519876084, -1.13559885309427, -1.34594071790409, -1.55000541876947, -1.74749868460989, -1.93813020719978, -2.12161520347321, -2.29767308591619, -2.46603235416902, -2.62641966001147, -2.77854204314774, -2.92208943232583, -3.05674068797046, -3.18217164209121, -3.29805346666709, -3.40404596533874, -3.49980353801085, -3.58497309290373, -3.65919289519607, -3.72209440202211, -3.77329722131646, -3.81241674799716, -3.83905856690545, -3.85281746919377, -3.8532846876889, -3.84003837282926, -3.81264845424514, -3.77067515658966, -3.71366833715889, -3.64118659300012, -3.55280951512814, -3.44812134889713, -3.32667907317974, -3.18801905633886, -3.03167052295222, -2.85714476369623, -2.66394019699429, -2.45155442161851, -2.21948169282928, -1.96720691794394, -1.69420569874269, -1.39995181570205, -1.08392043873991, -0.74558392036018, -0.384411519362392, 0.000133195727513691, 0, -0.235319816406971, -0.466054343165227, -0.691908104457972, -0.912584261709927, -1.12778212108662, -1.33719807404588, -1.54052846384157, -1.73747010660523, -1.92772385498041, -2.11099630002197, -2.28699848107046, -2.45545069476385, -2.6160712641492, -2.76855839676443, -2.91259274124772, -3.04784361893013, -3.17397733062071, -3.29065538351867, -3.39752759417876, -3.49423832673939, -3.58042420958369, -3.65571286880694, -3.71972493187522, -3.77206890411034, -3.81234883584688, -3.840158556623, -3.85508078848605, -3.85669459970386, -3.84456564390621, -3.81825120051987, -3.77729856517613, -3.72124430301064, -3.64963381405317, -3.56203409777869, -3.45801751500515, -3.33712822520863, -3.19888844481307, -3.04281289348633, -2.86839787717662, -2.6751265188577, -2.46248121347434, -2.22994079021562, -1.976974251475, -1.70304100660484, -1.40759858540419, -1.09010589099932, -0.750018873816044, -0.386790267716872, 0.000133075766443169, 0, -0.23330703226957, -0.462264375479994, -0.686567754201844, -0.905911501261949, -1.11998599915855, -1.32847865595293, -1.53107686072428, -1.72746852592861, -1.91734567637905, -2.10040629063425, -2.27635305029278, -2.4448980650019, -2.60575134129539, -2.75860226990041, -2.90312224009376, -3.03897105940492, -3.16580552837275, -3.28327751693983, -3.39102688499882, -3.48868799816972, -3.57588724008401, -3.65224163518658, -3.71736101936506, -3.77084283435518, -3.81227982589124, -3.84125410970752, -3.85733638461011, -3.86009358904209, -3.84907891532876, -3.82383703783454, -3.78390236088765, -3.72879819517987, -3.65805678588829, -3.57123257988827, -3.46788608897555, -3.34754868193903, -3.2097284461815, -3.05392561279025, -2.87962151709134, -2.68628400762371, -2.47338029818184, -2.2403738077517, -1.98671764392774, -1.71185503435315, -1.41522726879641, -1.09627699062318, -0.75444375243155, -0.389163765852299, 0.000132832666792593, 0, -0.231298868877349, -0.458483176730343, -0.681239849907841, -0.899254394781356, -1.11220827368909, -1.31977991653399, -1.52164776522818, -1.71749083762565, -1.90699234195829, -2.08984165760579, -2.2657331237477, -2.43437067897639, -2.59545602553892, -2.74866975270595, -2.89367401109951, -3.03011911965147, -3.15765240938753, -3.27591614043021, -3.38454024632607, -3.48314913119991, -3.57135896885526, -3.64877621934102, -3.71499996471975, -3.76961662182556, -3.81220767157939, -3.84234355720663, -3.85958299985139, -3.86348084277268, -3.8535778523903, -3.82940614285688, -3.79048726473957, -3.73633131182304, -3.66645741632152, -3.58040751118991, -3.47773029447194, -3.35794437283627, -3.22054372752865, -3.06501411739488, -2.89082178645795, -2.69741919788482, -2.48425840595101, -2.25078743525706, -1.99644350871741, -1.7206536829654, -1.42284301835863, -1.1024379055248, -0.758861503485071, -0.391533504334044, 0.000132668702629679, 0, -0.229293935169453, -0.454708078874889, -0.675920560632951, -0.892608062498926, -1.1044431301507, -1.31109522055817, -1.51223383545527, -1.7075291071417, -1.89665543848319, -2.07929362295503, -2.25512967258825, -2.42385937080732, -2.5851761278056, -2.7387517467512, -2.88423916029068, -3.02127922390246, -3.1495098297365, -3.26856365547585, -3.37806073856603, -3.47761555850583, -3.56683411408658, -3.64531233809625, -3.71263859640851, -3.76838828474975, -3.81213162476724, -3.84342742811903, -3.8618224836707, -3.8668595740835, -3.8580670752085, -3.83496458563946, -3.79706083960942, -3.74385257330876, -3.67484567234333, -3.58956959334824, -3.48756125572902, -3.36832653251255, -3.23134532162127, -3.07608892600933, -2.902008509131, -2.70854116634429, -2.49512381488915, -2.26118910076823, -2.00615837233194, -1.72944252589327, -1.43045040300525, -1.10859214857768, -0.763274532307354, -0.393900729443065, 0.000132548178485348, 0, -0.22729400343947, -0.450942488371153, -0.670614788867999, -0.885978764806037, -1.09669804869767, -1.30243312979618, -1.50284457663336, -1.6975936449839, -1.88634594353799, -2.06877369310916, -2.24455459381078, -2.41337628975122, -2.57492391132442, -2.72886049096699, -2.87482976402189, -3.01246314761995, -3.14138912429681, -3.26123081539681, -3.37159839245019, -3.47209644706813, -3.56232083775985, -3.6418570070905, -3.71028264228543, -3.7671621521357, -3.8120545343589, -3.84450701006243, -3.86405448104174, -3.87022770390976, -3.86254269924, -3.84050659453923, -3.80361534503183, -3.75135236665308, -3.68321033995718, -3.59870628360395, -3.49736537332103, -3.37868077688485, -3.24211833169809, -3.0871349011803, -2.913166578989, -2.71963511020901, -2.50596229744885, -2.27156542385032, -2.01584997328703, -1.73821069240104, -1.43804021450053, -1.11473244576303, -0.767677770795144, -0.396262850699905, 0.00013231216740861, 0, -0.225299010899707, -0.447186286348392, -0.665322366362512, -0.879366290772685, -1.08897278241417, -1.29379336802909, -1.49347968990712, -1.68768413630524, -1.87606353289978, -2.05828154104881, -2.23400756413465, -2.40292112275968, -2.56469907977784, -2.71899571226292, -2.86544557889948, -3.00367068352009, -3.13329012446616, -3.25391748915572, -3.36515311328789, -3.46659173718014, -3.55781911368513, -3.63841023206665, -3.70793213832655, -3.76593828842856, -3.81197649143397, -3.84558241878014, -3.86627913020857, -3.87358539077036, -3.86700490098178, -3.84603236153995, -3.81015098586598, -3.75883090686273, -3.69155164141362, -3.6078178083806, -3.50714287462181, -3.38900733096211, -3.25286297704541, -3.09815225310835, -2.92429619380819, -2.73070121146242, -2.5167740163818, -2.28191654454378, -2.0255184254153, -1.74695826659416, -1.44561250367881, -1.12085881108604, -0.772071192559653, -0.398619797752801, 0.000132078557139648, 0, -0.223308859794787, -0.443439286838774, -0.660043028477723, -0.872770306627352, -1.08126693792693, -1.2851754918005, -1.48413869123783, -1.67780006596063, -1.86580766976043, -2.04781661770514, -2.22348803158245, -2.39249332425175, -2.55450110329207, -2.70915690578128, -2.85608613436197, -2.9949014045569, -3.12521245587989, -3.24662336424008, -3.35872465951601, -3.46110126097088, -3.55332884425542, -3.63497198208214, -3.70558711653095, -3.76471678477809, -3.81189764242698, -3.84665385198149, -3.86849667594259, -3.87693292221966, -3.8714540064174, -3.85154224649523, -3.81666815114985, -3.76628860735176, -3.69987000950848, -3.61690461468358, -3.51689421551148, -3.3993066540659, -3.26357971494905, -3.10914143156232, -2.93539779038788, -2.74173988845135, -2.52755936602401, -2.29224282757294, -2.03516405821169, -1.75568553709725, -1.45316751262715, -1.12697143441471, -0.776454929562343, -0.400971638966688, 0.000131848271122281, 0, -0.221321038194996, -0.439696702365999, -0.654769948572153, -0.866182182940562, -1.07357031938642, -1.27656797519296, -1.47480896096931, -1.66792795685283, -1.85556425583808, -2.03736443981606, -2.21298136405303, -2.38207834936884, -2.54431576033567, -2.69933040939817, -2.84673856373831, -2.98614347548669, -3.11714546033139, -3.23933901714489, -3.35230489912736, -3.45561823430359, -3.5488446492085, -3.63153833661434, -3.70324517184539, -3.76349680725787, -3.81181878011582, -3.8477237845705, -3.87071133047628, -3.88027630295243, -3.87589773936101, -3.85704549238318, -3.82317740226711, -3.77373714702103, -3.70817803956956, -3.6259800129828, -3.52663322013853, -3.4095928824557, -3.27428279249269, -3.12011659348505, -2.94648523461356, -2.7527645150667, -2.53833102726223, -2.30255605977884, -2.04479756343052, -1.76440189953038, -1.46071313977381, -1.13307651593068, -0.780833282688952, -0.403320574871491, 0.000131722255128475, 0, -0.219336886228337, -0.435961095085388, -0.649506792727115, -0.859606571616939, -1.06588844641483, -1.26797708743481, -1.46549739981644, -1.65807522305173, -1.84534110040993, -2.02693309369723, -2.20249580670491, -2.37168448389401, -2.53415125912131, -2.68952423558125, -2.83741056557789, -2.97740416274374, -3.10909594728121, -3.23207086645628, -3.34589983921141, -3.45014814670278, -3.54437139375351, -3.62811342973806, -3.70090960032338, -3.76228070699188, -3.81174120376042, -3.84879235692523, -3.87292196815528, -3.8836130341107, -3.88033224898728, -3.86253704393814, -3.82967262763584, -3.78116950602929, -3.71646795143723, -3.63503561063151, -3.53635103110247, -3.41985684165661, -3.28496286600662, -3.13106837411025, -2.95754928874221, -2.7637661286919, -2.54908046066631, -2.31284827294866, -2.05441169208767, -1.77310097212686, -1.46824401853536, -1.13916985218148, -0.785203359555359, -0.405665172094197, 0.000131526885304822, 0, -0.217357584413422, -0.432234706352551, -0.644256743452585, -0.853047476635851, -1.05822602477059, -1.25940811636386, -1.45620975798278, -1.64824795739345, -1.83514451918537, -2.01652899813846, -2.19203776157385, -2.36131799323649, -2.52401360857356, -2.67974401692107, -2.82810727627174, -2.96868798660732, -3.10106770091106, -3.22482184025696, -3.33951151939635, -3.4446922025554, -3.53990950093617, -3.62469695695045, -3.69857942359919, -3.76106688538374, -3.81166274810578, -3.84985689057673, -3.87512545055668, -3.88693957052492, -3.88475363653252, -3.86801270177122, -3.83614938009776, -3.78858104219481, -3.7247349604794, -3.64406653295339, -3.54604273593513, -3.4300936335695, -3.29561510387965, -3.14199206042944, -2.96858541051303, -2.77474040993007, -2.5598036217455, -2.32311574949648, -2.06400310548099, -1.78177984702005, -1.47575772380135, -1.14524955271431, -0.789563856258654, -0.408004747824482, 0.00013130567546199, 0, -0.215383121655506, -0.428517515068804, -0.639019770735383, -0.846504860155817, -1.05058300986318, -1.25086101170777, -1.4469459805641, -1.63844610136779, -1.82497445104259, -2.00615209036092, -2.1816071651301, -2.35097881397607, -2.51390274624769, -2.66998969281233, -2.81882863788974, -2.95999489259907, -3.09306067088469, -3.21759189301441, -3.33313989954534, -3.43925036765085, -3.53545894297842, -3.6212888972921, -3.69625462779822, -3.75985533584302, -3.8115834139716, -3.85091739374066, -3.87732179308119, -3.89025593450528, -3.88916193087369, -3.87347250078986, -3.84260769993139, -3.79597180038841, -3.73297911519986, -3.6530728309534, -3.55570838685323, -3.44030331023769, -3.30623955654974, -3.15288769983543, -2.97959364286093, -2.78568739581531, -2.57050054011656, -2.33335851006328, -2.07357181370015, -1.79043852214924, -1.48325423973546, -1.15131558627717, -0.793914724484275, -0.410339252777604, 0.000131076063674351, 0, -0.21341597458389, -0.424814224932783, -0.633802555782371, -0.839987131328176, -1.04296928921872, -1.24234688978734, -1.43771816308043, -1.62868248007696, -1.81484420102029, -1.99581590565765, -2.1712175331939, -2.34068019269111, -2.5038313997195, -2.6602732220686, -2.80958567949892, -2.9513349052854, -3.08508380326626, -3.21038881826062, -3.32679154655871, -3.43382790809618, -3.53102361100651, -3.61789169259904, -3.69393613103451, -3.75864537825984, -3.81150084844481, -3.85196987993878, -3.87950552673478, -3.89355532617518, -3.89354915281388, -3.87890743384253, -3.84903770326987, -3.80333117114433, -3.74118923146677, -3.66204289659052, -3.56533610250197, -3.45047386748728, -3.31682424746584, -3.16374349382689, -2.99056251577988, -2.79659609524296, -2.58116085389808, -2.34356697225844, -2.08310916408156, -1.79906942477499, -1.49072722367679, -1.15736299041222, -0.798252532086, -0.41266693523076, 0.000130759191221297, 0, -0.211450928554512, -0.421114867912222, -0.628590838426729, -0.833476199099563, -1.03536340213394, -1.23384138146725, -1.4284994891556, -1.61892829105911, -1.80472344167991, -1.98548905266572, -2.16083687146307, -2.33038999305898, -2.493767751546, -2.650563566997, -2.80034851685265, -2.94267958282152, -3.07711038663015, -3.20318792294549, -3.32044407361675, -3.42840503106512, -3.52658656002304, -3.61449146624711, -3.69161334521014, -3.75742993312177, -3.8114117005591, -3.85301482739092, -3.88168094222689, -3.8968458312689, -3.89792716556002, -3.88433312384756, -3.85545875484457, -3.8106822429769, -3.74939210336044, -3.67100688440179, -3.57495872783105, -3.46064016551815, -3.3274053768561, -3.17459630744033, -3.00152888393632, -2.80750267732284, -2.5918193714141, -2.3537739083875, -2.09264521770828, -1.80769922958391, -1.49819928877371, -1.16340964162839, -0.802589743860317, -0.414994173164573, 0.000130739180153383, 0, -0.209490480865514, -0.417424245939849, -0.623391532571042, -0.826980896675211, -1.02777590844258, -1.22535658052243, -1.41930339379892, -1.60919811782304, -1.79462771225665, -1.97518783352327, -2.15048205209147, -2.32012546430516, -2.48372923511026, -2.64087815225085, -2.79113437293885, -2.93404575350373, -3.06915666146043, -3.19600466661384, -3.31411196613324, -3.42299505459532, -3.52215977862707, -3.61109874569928, -3.68929520503846, -3.75621621072143, -3.81132132444326, -3.85405560224732, -3.88384928575141, -3.90012644398809, -3.90229257921957, -3.88974366443167, -3.86186229924765, -3.81801367872248, -3.75757347894194, -3.67994782163382, -3.5845570681513, -3.47078127166014, -3.33796075787186, -3.18542318347657, -3.01246950371746, -2.81838409592184, -2.60245372772947, -2.36395811833142, -2.1021604228575, -1.81631051675466, -1.50565563051154, -1.16944383405642, -0.806918235893086, -0.417316907946669, 0.000130525926406055, 0, -0.207534648287093, -0.413742391641041, -0.618204685779567, -0.820501285638925, -1.02020688282223, -1.21689257378735, -1.41012997504892, -1.59949206863629, -1.78455713024299, -1.964912373907, -2.14015320785466, -2.3098867451769, -2.47371599400988, -2.63121712515586, -2.78194339764076, -2.92543356852547, -3.06122277893386, -3.18883919907339, -3.30779537113097, -3.41759812145307, -3.51774340387612, -3.60771366078082, -3.68698183147934, -3.7550043214597, -3.81122981817923, -3.85509228844546, -3.88601062515654, -3.90339721408954, -3.90664542339624, -3.89513906280686, -3.86824831894897, -3.82532543365025, -3.76573328365738, -3.68886560113278, -3.59413098095468, -3.48089700537112, -3.34849016921608, -3.19622385715598, -3.02338407030165, -2.82924001560056, -2.61306356618854, -2.37411923358191, -2.11165440851555, -1.8249029220938, -1.513095900819, -1.17546524503503, -0.811237720213502, -0.419634895572015, 0.000130310197666461, 0, -0.205583337861212, -0.410069126649213, -0.613030041825424, -0.814037039448845, -1.01265593595522, -1.20844891669742, -1.40097874060787, -1.58980961096113, -1.77451113032723, -1.95466208316334, -2.12984973014821, -2.29967321647118, -2.46372740580071, -2.6215798673827, -2.7727749840541, -2.91684243964567, -3.05330817663597, -3.18169099087565, -3.3014937992072, -3.41221378930905, -3.51333704755978, -3.60433588437963, -3.68467296539647, -3.75379408099722, -3.81113707898464, -3.85612487145959, -3.88816504022909, -3.90665832115091, -3.91098598288005, -3.90051970511666, -3.87461728850633, -3.83261805764953, -3.77387212950049, -3.69776088363625, -3.60368116237975, -3.49098808490903, -3.35899433794858, -3.206999051014, -3.03427329008879, -2.84007111665161, -2.62364953096632, -2.38425785215646, -2.12112771648819, -1.83347692112532, -1.52052049885314, -1.18147418726071, -0.815548412959618, -0.421948245519192, 0.000130099280192808