18.0228, 18.0229632653061, 18.0231265306122, 18.0232897959184, 18.0234530612245, 18.0236163265306, 18.0237795918367, 18.0239428571428, 18.024106122449, 18.0242693877551, 18.0244326530612, 18.0245959183673, 18.0247591836734, 18.0249224489796, 18.0250857142857, 18.0252489795918, 18.0254122448979, 18.0255755102041, 18.0257387755102, 18.0259020408163, 18.0260653061224, 18.0262285714285, 18.0263918367347, 18.0265551020408, 18.0267183673469, 18.026881632653, 18.0270448979591, 18.0272081632653, 18.0273714285714, 18.0275346938775, 18.0276979591836, 18.0278612244897, 18.0280244897959, 18.028187755102, 18.0283510204081, 18.0285142857142, 18.0286775510203, 18.0288408163265, 18.0290040816326, 18.0291673469387, 18.0293306122448, 18.029493877551, 18.0296571428571, 18.0298204081632, 18.0299836734693, 18.0301469387754, 18.0303102040816, 18.0304734693877, 18.0306367346938, 18.0307999999999, 18.0228, 18.0197954750439, 18.0107147442163, 17.9958163984462, 17.97535902866, 17.9496012257818, 17.9188015807328, 17.8832186844319, 17.843111127795, 17.798737501736, 17.750356397166, 17.6982264049938, 17.6426061161261, 17.5837541214673, 17.5219290119198, 17.4573893783846, 17.3903938117608, 17.3212009029465, 17.2500692428387, 17.1772574223338, 17.1030240323279, 17.0276276637169, 16.9513269073971, 16.874380354265, 16.797046595218, 16.719584221154, 16.6422518229719, 16.5653079915711, 16.489011317852, 16.4136203927148, 16.3393938070601, 16.2665901517878, 16.1954680177968, 16.1262859959841, 16.0593026772439, 15.9947766524669, 15.932966512539, 15.8741308483394, 15.8185282507398, 15.766417310602, 15.7180566187753, 15.6737047660943, 15.6336203433749, 15.5980619414096, 15.5672881509625, 15.5415575627607, 15.5211287674847, 15.506260355754, 15.4972109181073, 15.4942390449734, 18.0228, 18.0197957454691, 18.0107157418858, 17.9958184960525, 17.9753625147709, 17.9496063048421, 17.9188083730669, 17.8832272262458, 17.8431213711793, 17.7987493146682, 17.750369563513, 17.6982406245148, 17.6426210044745, 17.5837692101933, 17.5219437484721, 17.4574031261117, 17.3904058499124, 17.321210426674, 17.2500753631954, 17.1772591662743, 17.1030203427073, 17.0276173992897, 16.9513088428151, 16.8743531800754, 16.7970089178607, 16.7195345629592, 16.6421886221567, 16.5652296022369, 16.4889160099805, 16.4135063521648, 16.3392591355634, 16.2664328669454, 16.1952860559947, 16.1260772230914, 16.0590649068209, 15.994507671632, 15.9326641149277, 15.8737928739175, 15.8181526324016, 15.7660021272562, 15.7176001550683, 15.6732055768476, 15.6330773229342, 15.5974743991244, 15.5666558908158, 15.5408809657931, 15.520408877264, 15.5054989663706, 15.496410664163, 15.4934034930209, 18.0228, 18.0197963868497, 18.0107182198264, 17.99582391871, 17.97537190328, 17.9496205933157, 17.918828408597, 17.8832537689039, 17.843155094018, 17.798790803722, 17.7504193178003, 17.6982990560391, 17.6426884382265, 17.5838458841526, 17.522029813609, 17.4574986463891, 17.3905108022871, 17.3213247010982, 17.2501987626176, 17.1773914066405, 17.1031610529611, 17.0277661213722, 16.9514650316648, 16.8745162036276, 16.7971780570463, 16.7197090117035, 16.6423674873779, 16.5654119038443, 16.4891006808724, 16.4136922382267, 16.3394449956656, 16.2666173729402, 16.1954677956503, 16.1262547108095, 16.0592366018668, 15.9946720040284, 15.9328195184435, 15.8739378259141, 15.8182857004659, 15.7661220223302, 15.7177057912223, 15.6732961357648, 15.6331523233123, 15.5975337722265, 15.5667000601542, 15.540910929626, 15.5204262941462, 15.5055062432415, 15.4964110464416, 15.4934011561723, 18.0228, 18.019797691674, 18.0107232612112, 17.9958349516162, 17.9753910058933, 17.9496496670478, 17.9188691780862, 17.8833077820178, 17.8432237218549, 17.7988752406142, 17.7505205813167, 17.698417986989, 17.6428257006627, 17.5840019653756, 17.5222050241704, 17.4576931200951, 17.3907244962021, 17.321557395547, 17.2504500611881, 17.1776607361849, 17.1034476635971, 17.0280690864828, 16.9517832478979, 16.8748483908945, 16.7975227585197, 16.7200645938149, 16.6427321398146, 16.5657836395457, 16.4894773360262, 16.4140714722644, 16.339824291258, 16.2669940359922, 16.1958389612494, 16.1266173650585, 16.0595876190474, 15.9950081994026, 15.9331377155337, 15.8742349377793, 15.8185588248307, 15.7663685499695, 15.7179235279047, 15.6734834338179, 15.6333082232241, 15.5976581567933, 15.5667938170742, 15.5409761198304, 15.5204663263686, 15.5055260537661, 15.4964172829509, 15.4934023645994, 18.0228, 18.0197989999422, 18.0107283159088, 17.9958460136684, 17.9754101589903, 17.949678817645, 17.9189100554062, 17.8833619380515, 17.8432925313642, 17.7989599011343, 17.7506221131597, 17.6985372332466, 17.6429633272105, 17.5841584608763, 17.5223807000778, 17.4578881106576, 17.3909387584656, 17.3217907093582, 17.2507020291964, 17.1779307838442, 17.1037350391661, 17.0283728610258, 16.9521023152837, 16.8751814677953, 16.7978683844089, 16.7204211309647, 16.6430977732927, 16.5661563772117, 16.4898550085277, 16.414451733033, 16.3402046165041, 16.2673717247001, 16.1962111410477, 16.1269810139737, 16.0599396025872, 15.9953453232741, 15.9334567928428, 15.8745328702258, 15.8188326977639, 15.7666157406968, 15.7181418275599, 15.6736711788652, 15.6334644370019, 15.5977827036032, 15.5668875647312, 15.5410411079533, 15.5205059409134, 15.5055452067425, 15.4964225962435, 15.4934023567955, 18.0228, 18.0198003068959, 18.0107333655345, 17.9958570646335, 17.9754292929117, 17.9497079390902, 17.9189508918942, 17.8834160400549, 17.8433612723113, 17.7990444774119, 17.7507235441159, 17.6986563611944, 17.6431008174315, 17.584314801624, 17.5225562025818, 17.4580829091267, 17.3911528100914, 17.3220237943176, 17.2509537506541, 17.1782005679537, 17.1040221350713, 17.0286763408606, 16.9524210741716, 16.8755142238477, 16.7982136787237, 16.7207773276231, 16.6434630593563, 16.5665287627191, 16.4902323264904, 16.414831639431, 16.3405845902813, 16.2677490677592, 16.1965829840422, 16.1273443379824, 16.060291276117, 15.995682154895, 15.9337755983061, 15.8748305535781, 15.8191063463298, 15.76686273331, 15.7183599563578, 15.6738587807302, 15.6336205350487, 15.5979071612085, 15.5669812480414, 15.5411060541338, 15.5205455326464, 15.5055643519137, 15.4964279117371, 15.4934023552996, 18.0228, 18.0198016125427, 18.0107384101173, 17.9958681045743, 17.9754484077656, 17.9497370315465, 17.9189916877773, 17.8834700883266, 17.8434299450727, 17.7991289699058, 17.7508248747304, 17.6987753714661, 17.6432381720488, 17.5844709884314, 17.522731532583, 17.4582775164886, 17.3913666521469, 17.3222566515688, 17.251205226774, 17.1784700897884, 17.1043089526404, 17.0289795273573, 16.9527395259623, 16.8758466604706, 16.7985586428865, 16.7211331852007, 16.6438279993879, 16.566900797404, 16.4906092911845, 16.4152111926425, 16.3409642136658, 16.2681260661149, 16.196954491023, 16.1277073376942, 16.0606426400393, 15.9960186944339, 15.9340941318299, 15.8751279874518, 15.8193797698233, 15.7671095267534, 15.7185779128615, 15.6740462375637, 15.6337765150718, 15.5980315268409, 15.5670748637282, 15.5411709545542, 15.520585097176, 15.5055834842805, 15.496433223791, 15.4934023537955, 18.0228, 18.0198029168839, 18.0107434496622, 17.9958791335017, 17.9754675035711, 17.9497660950428, 17.9190324430962, 17.8835240829203, 17.8434985497161, 17.7992133786995, 17.7509261051032, 17.6988942641787, 17.6433753911976, 17.5846270214517, 17.5229066902532, 17.4584719329333, 17.3915802848406, 17.3224892813381, 17.2514564578002, 17.178739349609, 17.1045954921497, 17.0292824208071, 16.9530576709605, 16.8761787779805, 16.7989032772244, 16.7214887040335, 16.6441925937298, 16.5672724816132, 16.490985902959, 16.415590393016, 16.3413434870029, 16.2685027201061, 16.1973256623202, 16.1280700134269, 16.0609936946571, 15.9963549421757, 15.9344123936791, 15.8754251720891, 15.8196529684626, 15.7673561212202, 15.7187956972379, 15.6742335495066, 15.6339323771861, 15.5981558005908, 15.5671684118597, 15.5412358092629, 15.5206246345339, 15.5056026038622, 15.4964385324169, 15.4934023522928, 18.0228, 18.0198042199207, 18.0107484841742, 17.995890151427, 17.9754865803472, 17.9497951296083, 17.9190731578916, 17.8835780238899, 17.8435670863102, 17.799297703877, 17.7510272353349, 17.6990130394504, 17.6435124750138, 17.5847829008394, 17.5230816757653, 17.4586661586526, 17.3917937083824, 17.3227216838536, 17.2517074439782, 17.1790083476777, 17.1048817538778, 17.0295850215031, 16.9533755094731, 16.8765105766964, 16.7992475820668, 16.7218438844594, 16.6445568427266, 16.5676438156956, 16.4913621621649, 16.4159692409019, 16.3417224106398, 16.2688790300739, 16.1976964982651, 16.1284323654997, 16.0613444402741, 15.9966908984061, 15.9347303841185, 15.8757221077322, 15.8199259424653, 15.7676025169017, 15.7190133096521, 15.674420716697, 15.6340881215037, 15.5982799825451, 15.5672618924994, 15.5413006183024, 15.5206641447452, 15.5056217106706, 15.496443837618, 15.4934023507917, 18.0228, 18.0198055216545, 18.0107535136586, 17.995901158361, 17.9755056381131, 17.949824135272, 17.9191138322042, 17.8836319112892, 17.8436355549232, 17.7993819455225, 17.7511282655262, 17.6991316973992, 17.6436494236334, 17.5849386267486, 17.5232564892922, 17.4588601938377, 17.3920069229822, 17.3229538593431, 17.2519581855535, 17.179277084257, 17.1051677381025, 17.0298873297384, 16.9536930418065, 16.8768420569368, 16.7995915577427, 16.7221987268159, 16.6449207467225, 16.5680147999999, 16.4917380691527, 16.4163477366503, 16.342100984923, 16.2692549963584, 16.1980669991888, 16.1287943942311, 16.0616948771937, 15.9970265634104, 15.9350481034129, 15.876018794623, 15.8201986920487, 15.7678487139897, 15.7192307502688, 15.6746077392731, 15.6342437481365, 15.5984040727906, 15.5673553057107, 15.5413653817156, 15.5207036278354, 15.5056408047175, 15.4964491393975, 15.493402349292, 18.0228, 18.0198068220866, 18.0107585381202, 17.995912154315, 17.975524676888, 17.9498531120632, 17.9191544660748, 17.8836857451723, 17.8437039556237, 17.7994661037198, 17.7512291957776, 17.6992502381429, 17.6437862371921, 17.5850941993335, 17.5234311310064, 17.4590540386797, 17.3922199288494, 17.3231858080342, 17.2522086827709, 17.1795455596085, 17.1054534451018, 17.0301893458054, 16.9540102682666, 16.8771732190199, 16.7999352045806, 16.7225532314401, 16.6452843060612, 16.5683854348741, 16.4921136242725, 16.4167258806106, 16.3424792101987, 16.2696306192996, 16.198437165422, 16.1291560999396, 16.0620450057188, 15.9973619374734, 15.9353655518265, 15.8763152330029, 15.8204712174297, 15.7680947126751, 15.7194480192528, 15.6747946173728, 15.634399257196, 15.5985280714139, 15.567448651557, 15.541430099545, 15.5207430838296, 15.5056598860148, 15.4964544377585, 15.4934023477939, 18.0228, 18.0198081212184, 18.0107635575643, 17.9959231392999, 17.975543696691, 17.9498820600107, 17.9191950595441, 17.8837395255928, 17.8437722884797, 17.7995501785528, 17.7513300261895, 17.6993686617991, 17.6439229158256, 17.585249618748, 17.5236056010802, 17.4592476933696, 17.3924327261933, 17.3234175301542, 17.2524589358754, 17.1798137739937, 17.1057388751529, 17.0304910699962, 16.9543271891593, 16.8775040632634, 16.8002785229087, 16.7229073986689, 16.6456475210861, 16.5687557206659, 16.492488827874, 16.4171036731319, 16.3428570868128, 16.270005899237, 16.1988069972948, 16.1295174829428, 16.0623948261519, 15.9976970208796, 15.9356827296233, 15.8766114231133, 15.8207435188252, 15.768340513149, 15.7196651167684, 15.6749813511339, 15.6345546487939, 15.5986519785013, 15.5675419301016, 15.5414947718333, 15.520782512753, 15.5056789545741, 15.496459732704, 15.4934023462972, 18.0228, 18.0198094190511, 18.0107685719957, 17.9959341133268, 17.9755626975411, 17.9499109791436, 17.9192356126525, 17.8837932526045, 17.8438405535595, 17.7996341701053, 17.7514307568621, 17.6994869684855, 17.6440594596691, 17.5854048851456, 17.5237798996859, 17.4594411580979, 17.3926453152228, 17.3236490259299, 17.2527089451112, 17.1800817276739, 17.1060240285329, 17.0307925026027, 16.9546438047898, 16.8778345899846, 16.8006215130547, 16.7232612288386, 16.6460103921399, 16.5691256577227, 16.4928636803065, 16.417481114563, 16.3432346151106, 16.2703808365099, 16.199176495137, 16.1298785435585, 16.0627443387955, 15.9980318139134, 15.935999637067, 15.876907365195, 15.8210155964516, 15.7685861156021, 15.71988204298, 15.675167940694, 15.6347099230416, 15.5987757941395, 15.5676351414076, 15.541559398623, 15.5208219146307, 15.5056980104072, 15.4964650242373, 15.493402344802, 18.0228, 18.019810715586, 18.0107735814196, 17.9959450764067, 17.9755816794574, 17.9499398694908, 17.9192761254408, 17.8838469262611, 17.8439087509311, 17.7997180784609, 17.7515313878956, 17.6996051583194, 17.6441958688581, 17.5855599986798, 17.5239540269953, 17.4596344330552, 17.3928576961467, 17.3238802955882, 17.2529587107227, 17.18034942091, 17.1063089055185, 17.0310936439164, 16.954960115463, 16.8781647995005, 16.800964175346, 16.7236147222851, 16.6463729195653, 16.5694952463912, 16.4932381819189, 16.4178582052521, 16.343611795437, 16.2707554314568, 16.1995456592783, 16.1302392821036, 16.0630935439513, 15.9983663168585, 15.936316274421, 15.8772030594888, 15.8212874505252, 15.768831520225, 15.7200987980516, 15.6753543861905, 15.6348650800504, 15.5988995184146, 15.5677282855382, 15.5416239799566, 15.5208612894878, 15.5057170535259, 15.4964703123614, 15.4934023433083, 18.0228, 18.0198120108244, 18.010778585841, 17.9959560285506, 17.9756006424589, 17.9499687310813, 17.9193165979493, 17.8839005466161, 17.8439768806626, 17.7998019037031, 17.75163191939, 17.6997232314182, 17.6443321435275, 17.5857149595041, 17.5241279831802, 17.4598275184315, 17.3930698691735, 17.3241113393555, 17.2532082329537, 17.1806168539626, 17.1065935063862, 17.0313944942285, 16.9552761214837, 16.8784946921277, 16.8013065101095, 16.7239678793439, 16.6467351037043, 16.5698644870179, 16.4936123330595, 16.4182349455471, 16.3439886281367, 16.2711296844161, 16.1999144900475, 16.1305996988951, 16.0634424419209, 15.9987005299986, 15.9366326419482, 15.8774985062351, 15.8215590812619, 15.7690767272079, 15.720315382147, 15.6755406877608, 15.6350201199315, 15.5990231514128, 15.5678213625565, 15.5416885158766, 15.5209006373495, 15.505736083942, 15.4964755970796, 15.4934023418161, 18.0228, 18.0198133047677, 18.0107835852649, 17.9959669697695, 17.9756195865646, 17.949997563944, 17.9193570302186, 17.8839541137231, 17.8440449428219, 17.7998856459153, 17.7517323514452, 17.6998411878988, 17.6444682838123, 17.5858697677715, 17.5243017684122, 17.460020414417, 17.3932818345115, 17.3243421574579, 17.2534575120476, 17.1808840270918, 17.106877831412, 17.0316950538295, 16.9555918231559, 16.8788242681824, 16.801648517672, 16.7243207003501, 16.6470969448986, 16.5702333799488, 16.4939861340763, 16.4186113357954, 16.3443651135537, 16.2715035957256, 16.2002829877733, 16.1309597942492, 16.0637910330055, 15.9990344536168, 15.9369487399115, 15.877793705674, 15.8218304888775, 15.769321736741, 15.72053179543, 15.6757268455419, 15.6351750427959, 15.5991466932203, 15.5679143725254, 15.5417530064252, 15.5209399582408, 15.5057551016672, 15.4964808783948, 15.4934023403253, 18.0228, 18.0198145982453, 18.0107885828892, 17.9959779070489, 17.9756385238476, 17.9500263864198, 17.9193974479185, 17.8840076615222, 17.8441129804413, 17.7999693579249, 17.7518327472664, 17.6999591018082, 17.6446043749449, 17.5860245201249, 17.5244754908496, 17.4602132406714, 17.3934937231882, 17.3245728920379, 17.2537067008892, 17.1811511034325, 17.1071620533693, 17.031995504401, 16.9559074102185, 16.8791537244914, 16.8019904008585, 16.724673392919, 16.6474586542251, 16.5706021382751, 16.4943597985078, 16.418987588296, 16.3447414609417, 16.2718773696685, 16.2006513497232, 16.1313197562537, 16.0641394942602, 15.9993682521939, 15.9372647189865, 15.8780887937571, 15.8221017939917, 15.7695666538156, 15.7207481272789, 15.6759129336259, 15.6353299080878, 15.5992701895832, 15.5680073487546, 15.5418174740491, 15.5209792656298, 15.5057741133876, 15.4964861587198, 15.4934023397949, 18.0228, 18.0198158904281, 18.0107935755172, 17.995988833406, 17.9756574422394, 17.9500551801746, 17.9194378253886, 17.8840611560856, 17.8441809505038, 17.8000529869229, 17.75193304367, 17.7000768991242, 17.6447403317208, 17.5861791199522, 17.5246490423678, 17.460405877571, 17.3937054042144, 17.3248034009931, 17.2539556466352, 17.181417919892, 17.1074459995269, 17.0322956643033, 16.9562226929732, 16.8794828642663, 16.8023319568792, 16.7250257494668, 16.6478200206335, 16.5709705489264, 16.4947331128292, 16.4193634907555, 16.3451174610431, 16.2722508019467, 16.2010193786028, 16.1316793967808, 16.0644876485746, 15.9997017611752, 15.9375804284013, 15.8783836344092, 15.8223728758286, 15.7698113732455, 15.7209642880756, 15.6760988776295, 15.6354846560133, 15.5993935943401, 15.5681002574465, 15.5418818957336, 15.5210185453927, 15.5057931116662, 15.496491434788, 15.4934023383015, 18.0228, 18.0198171813163, 18.0107985631497, 17.9959997488423, 17.9756763417427, 17.9500839452127, 17.9194781626351, 17.8841145974217, 17.8442488530206, 17.8001365329237, 17.7520332406737, 17.7001945798686, 17.6448761541658, 17.5863335672839, 17.5248224230018, 17.4605983251563, 17.3939168776364, 17.3250336843759, 17.2542043493445, 17.1816844765363, 17.1077296699581, 17.0325955336173, 16.9565376715091, 16.8798116876049, 16.8026731858413, 16.7253777701101, 16.6481810442502, 16.5713386120395, 16.4951060771881, 16.4197390433324, 16.3454931140281, 16.2726238927428, 16.2013870746071, 16.1320387160391, 16.0648354961715, 16.0000349807996, 15.9378958684121, 15.8786782279065, 15.8226437346872, 15.7700558953564, 15.7211802781766, 15.6762846779451, 15.6356392870066, 15.5995169079738, 15.5681930991399, 15.5419462720823, 15.5210577982071, 15.5058120972651, 15.4964967074576, 15.4934023368113, 18.0228, 18.0198184723586, 18.0108035513799, 17.99601066559, 17.9756952435224, 17.9501127137244, 17.9195185047658, 17.8841680452468, 17.8443167638062, 17.8002200891297, 17.752133449956, 17.7003122750832, 17.645011993372, 17.586488033748, 17.5249958252008, 17.4607907967812, 17.3941283775957, 17.3252639967981, 17.2544530835805, 17.1819510671606, 17.1080133767701, 17.032895441641, 16.9568526909927, 16.8801405540195, 16.8030144598786, 16.7257298376804, 16.6485421164788, 16.5717067252633, 16.4954790929519, 16.4201146483846, 16.345868820316, 16.2729970374074, 16.2017548246878, 16.1323980890494, 16.0651833964093, 16.0003682508301, 15.9382113550537, 15.8789728632365, 15.8229146300027, 15.7703004483402, 15.7213962936545, 15.6764704984635, 15.635793933529, 15.5996402330822, 15.56828594895, 15.5420106539224, 15.5210970546215, 15.5058310852773, 15.4965019820034, 15.4934023372332, 18.0228, 18.0198197621092, 18.0108085346256, 17.9960215714413, 17.9757141264556, 17.950141453583, 17.9195588067616, 17.8842214399615, 17.8443846071939, 17.8003035625191, 17.752233560054, 17.7004298539776, 17.6451476985356, 17.5866423480418, 17.5251690568782, 17.460983079491, 17.3943396703854, 17.3254940841168, 17.2547015752807, 17.1822173985004, 17.1082968084134, 17.033195059658, 16.9571674068591, 16.8804691046152, 16.8033554074857, 16.7260815699808, 16.6489028465509, 16.5720744915786, 16.4958517593712, 16.4204899041536, 16.3462441800607, 16.2733698411292, 16.2021222423904, 16.1327571412374, 16.0655309903174, 16.0007012318241, 15.9385265725359, 15.8792672515711, 15.8231853024036, 15.7705448039614, 15.7216121382733, 15.6766561749978, 15.6359484626763, 15.5997634664629, 15.5683787309803, 15.5420749894524, 15.5211362829033, 15.5058500591983, 15.496507251494, 15.4934023357378, 18.0228, 18.0198210505662, 18.0108135128797, 17.9960324663803, 17.9757329905152, 17.9501701647475, 17.9195990685654, 17.8842747814907, 17.8444523830886, 17.8003869529761, 17.7523335708295, 17.700547316391, 17.6452832694725, 17.5867965099582, 17.5253421178037, 17.4611751730327, 17.3945507557306, 17.3257239460362, 17.2549498241303, 17.1824834702231, 17.1085799645399, 17.0334943873069, 16.9574818187361, 16.8807973390121, 16.8036960282782, 16.7264329666259, 16.6492632340839, 16.5724419106098, 16.4962240760817, 16.4208648102912, 16.3466191929353, 16.2737423036077, 16.202489327447, 16.1331158723739, 16.0658782777117, 16.0010339236502, 15.9388415207887, 15.8795613929104, 15.82345575197, 15.7707889623907, 15.7218278123069, 15.6768417079375, 15.6361028749679, 15.5998866087807, 15.5684714460571, 15.5421392796777, 15.5211754842563, 15.5058690204503, 15.4965125175908, 15.4934023342485, 18.0228, 18.0198223377308, 18.0108184861473, 17.9960433504182, 17.9757518357202, 17.9501988472468, 17.9196392902176, 17.8843280698879, 17.8445200915584, 17.8004702605841, 17.7524334823826, 17.7006646624404, 17.6454187063176, 17.5869505196501, 17.5255150081488, 17.4613670775961, 17.3947616338395, 17.3259535827825, 17.2551978303727, 17.1827492825888, 17.1088628454255, 17.0337934248782, 16.9577959269278, 16.8811252575262, 16.8040363225823, 16.7267840279504, 16.6496232794192, 16.5728089827025, 16.496596043431, 16.4212393671444, 16.3469938592834, 16.2741144251804, 16.2028560801855, 16.1334742827745, 16.0662252588928, 16.0013663265908, 15.9391562000736, 15.8798552874932, 15.8237259789161, 15.7710329238168, 15.7220433159172, 15.6770270974179, 15.636257170513, 15.6000096601193, 15.5685640942409, 15.542203524638, 15.5212146587022, 15.5058879690413, 15.4965177802927, 15.4934023327607, 18.0228, 18.0198236236425, 18.0108234545811, 17.9960542238898, 17.9757706626513, 17.950227501966, 17.9196794729615, 17.884381306803, 17.8445877347031, 17.8005534879314, 17.7525332978231, 17.7007818957858, 17.6455540133041, 17.5871043819419, 17.5256877333421, 17.4615587992222, 17.3949723113682, 17.3261830016248, 17.255445601883, 17.1830148440663, 17.109145460115, 17.0340921819706, 16.9581097415591, 16.8814528707762, 16.804376301473, 16.7271347654429, 16.6499829944111, 16.573175720024, 16.4969676738414, 16.4216135873277, 16.3473681918437, 16.2744862186369, 16.2032225133688, 16.133832385092, 16.0665719463158, 16.0016984528112, 15.9394706221689, 15.880148946609, 15.8239959939367, 15.7712766982291, 15.7222586582735, 15.677212351669, 15.6364113564786, 15.6001326264555, 15.5686566801861, 15.5422677276491, 15.5212538083172, 15.5059069060221, 15.4965230399554, 15.4934023313802, 18.0228, 18.0198249082663, 18.0108284180451, 17.9960650864971, 17.9757894707918, 17.9502561281174, 17.9197196156905, 17.8844344907669, 17.8446553106524, 17.8006366327121, 17.7526330143798, 17.7008990131649, 17.6456891866576, 17.5872580925309, 17.5258602885402, 17.4617503325194, 17.3951827823739, 17.3264121960704, 17.2556931316242, 17.1832801470845, 17.1094278005185, 17.0343906499943, 16.958423253564, 16.8817801692483, 16.8047159550209, 16.7274851687957, 16.650342368415, 16.5735421116391, 16.4973389561376, 16.4219874594806, 16.3477421791299, 16.2748576724291, 16.2035886154553, 16.1341901678646, 16.0669183286765, 16.0020302912473, 15.9397847763384, 15.880442359942, 15.824265787234, 15.7715202764504, 15.7224738309272, 15.6773974630837, 15.6365654262178, 15.6002555022261, 15.5687491995423, 15.5423318855919, 15.5212929311223, 15.5059258303524, 15.4965282961652, 15.4934023298982, 18.0228, 18.0198261916029, 18.0108333765426, 17.9960759382469, 17.9758082601533, 17.9502847257185, 17.9197597184289, 17.8844876218121, 17.8447228194475, 17.8007196949768, 17.7527326321131, 17.7010160146485, 17.6458242264595, 17.587411651509, 17.5260326738461, 17.4619416776017, 17.3953930469812, 17.3266411662543, 17.2559404197413, 17.1835451917982, 17.1097098667994, 17.0346888291208, 16.9587364631214, 16.8821071531273, 16.8050552834162, 16.727835238203, 16.6507014016279, 16.573908157746, 16.4977098905175, 16.4223609837989, 16.348115821334, 16.2752287867433, 16.2039543866237, 16.1345476312616, 16.0672644061328, 16.0023618420444, 15.9400986627134, 15.8807355276088, 15.8245353589096, 15.7717636585677, 15.7226888339514, 15.6775824317229, 15.6367193797813, 15.6003782874745, 15.5688416523491, 15.5423959985068, 15.5213320271641, 15.5059447420905, 15.4965335489994, 15.4934023284183, 18.0228, 18.0198274736537, 18.0108383300784, 17.9960867791501, 17.9758270307546, 17.9503132947978, 17.9197997812169, 17.8845406999916, 17.8447902611557, 17.800802674808, 17.7528321511217, 17.7011329003523, 17.6459591328432, 17.5875650590279, 17.5262048894296, 17.4621328346568, 17.3956031053959, 17.3268699123999, 17.2561874664751, 17.1838099784644, 17.1099916592306, 17.0349867196375, 16.9590493705319, 16.8824338227261, 16.8053942869819, 16.7281849739961, 16.6510600943877, 16.5742738586868, 16.498080477325, 16.422734160626, 16.3484891187961, 16.2755995619134, 16.2043198271987, 16.1349047755954, 16.0676101789822, 16.0026931054821, 15.9404122815534, 15.8810284498466, 15.8248047091766, 15.7720068447686, 15.7229036675077, 15.6777672577217, 15.6368732172785, 15.6005009822854, 15.5689340386683, 15.5424600664355, 15.5213710964667, 15.5059636412476, 15.4965387984605, 15.49340232694, 18.0228, 18.0198287544198, 18.0108432786575, 17.9960976092174, 17.9758457826144, 17.950341835384, 17.9198398040944, 17.8845937253581, 17.8448576358439, 17.800885572288, 17.7529315715042, 17.7012496703919, 17.6460939059418, 17.5877183152385, 17.5263769354597, 17.4623238038722, 17.3958129578235, 17.3270984347307, 17.2564342720659, 17.1840745073402, 17.1102731780845, 17.0352843218315, 16.9593619760957, 16.8827601783565, 16.8057329660401, 16.7285343765057, 16.6514184470313, 16.5746392148027, 16.4984507169034, 16.4231069903046, 16.3488620718557, 16.2759699982728, 16.2046849375046, 16.1352616011782, 16.0679556475219, 16.0030240818399, 15.9407256331174, 15.8813211268921, 15.8250738382475, 15.7722498352404, 15.7231183317572, 15.6779519412154, 15.6370269388188, 15.6006235867435, 15.5690263585621, 15.5425240894195, 15.5214101390549, 15.5059825278352, 15.4965440445516, 15.493402325463, 18.0228, 18.0198300339025, 18.0108482222839, 17.9961084284578, 17.975864515748, 17.9503703475003, 17.919879787094, 17.8846466979549, 17.8449249435669, 17.8009683874842, 17.7530308933413, 17.7013663248619, 17.6462285458644, 17.5878714202645, 17.5265488120752, 17.4625145854015, 17.3960226044324, 17.3273267334294, 17.256680836711, 17.1843387786362, 17.1105544235849, 17.0355816359384, 16.9596742800598, 16.8830862202753, 16.8060713208564, 16.7288834460044, 16.651776459837, 16.5750042263761, 16.498820609537, 16.423479473119, 16.3492346807948, 16.2763400960989, 16.2050497178118, 16.1356181082712, 16.0683008120011, 16.0033547713528, 15.9410387176242, 15.8816135589458, 15.825342746303, 15.7724926301427, 15.7233328268376, 15.6781364823193, 15.6371805444957, 15.6007461009217, 15.5691186120836, 15.5425880674948, 15.5214491549498, 15.5060014018631, 15.496549287275, 15.4934023239873, 18.0228, 18.0198313121023, 18.0108531609607, 17.9961192368777, 17.9758832301667, 17.9503988311637, 17.9199197302397, 17.8846996178137, 17.844992184365, 17.801051120446, 17.7531301166922, 17.7014828638318, 17.6463630526908, 17.5880243741969, 17.5267205193779, 17.4627051793574, 17.3962320453463, 17.3275548086304, 17.256927160555, 17.1846027925071, 17.1108353958956, 17.035878662131, 16.9599862826049, 16.8834119486706, 16.8064093516248, 16.7292321826917, 16.6521341330083, 16.5753688936129, 16.4991901554331, 16.4238516092763, 16.3496069458188, 16.2767098555935, 16.205414168317, 16.1359742970637, 16.0686456726005, 16.0036851741909, 15.941351535232, 15.8819057461523, 15.8256114334733, 15.7727352295902, 15.7235471528481, 15.6783208811167, 15.6373340343769, 15.6008685248721, 15.5692107992711, 15.542652000687, 15.5214881441666, 15.5060202633382, 15.4965545266323, 15.4934023225124, 18.0228, 18.0198325890206, 18.0108580946927, 17.9961300344878, 17.9759019258889, 17.9504272864022, 17.9199596335705, 17.884752484986, 17.8450593583036, 17.8011337712537, 17.7532292416532, 17.7015992874142, 17.6464974265512, 17.588177177183, 17.5268920575329, 17.4628955859229, 17.3964412807657, 17.3277826605516, 17.2571732438325, 17.1848665492035, 17.1111160952827, 17.0361754006896, 16.9602979840243, 16.8837373638472, 16.8067470586604, 16.7295805868905, 16.6524914668746, 16.5757332168468, 16.4995593549274, 16.4242233991116, 16.3499788672595, 16.2770792770828, 16.2057782893372, 16.1363301678612, 16.0689902296108, 16.0040152906278, 15.9416640861944, 15.8821976887437, 15.825879899967, 15.7729776337669, 15.723761309947, 15.6785051377403, 15.6374874085697, 15.6009908586783, 15.5693029201858, 15.5427158890375, 15.5215271067297, 15.5060391122722, 15.4965597626272, 15.4934023210388, 18.0228, 18.0198338646587, 18.0108630234847, 17.9961408212986, 17.9759206029327, 17.9504557132436, 17.9199994971253, 17.8848052995233, 17.8451264654481, 17.8012163399878, 17.7533282683203, 17.7017155957222, 17.6466316675754, 17.5883298293705, 17.5270634267054, 17.4630858052809, 17.3966503108912, 17.3280102894108, 17.2574190867781, 17.1851300489763, 17.1113965220122, 17.0364718518943, 16.960609384611, 16.8840624661097, 16.8070844422776, 16.7299286589239, 16.6528484617651, 16.5760971964114, 16.4999282083552, 16.42459484296, 16.350350445449, 16.2774483608925, 16.2061420811896, 16.136685720969, 16.0693344833228, 16.0043451209368, 15.9419763707653, 15.8824893869519, 15.8261481459923, 15.7732198428564, 15.7239752982923, 15.6786892523225, 15.6376406671816, 15.6011131024236, 15.5693949748885, 15.5427797325872, 15.5215660426635, 15.5060579486766, 15.4965649952626, 15.4934023195668, 18.0228, 18.0198351390177, 18.0108679473416, 17.9961515973208, 17.9759392613166, 17.9504841117156, 17.920039320943, 17.8848580614773, 17.8451935058638, 17.8012988267284, 17.7534271967897, 17.7018317888682, 17.6467657758933, 17.5884823309065, 17.5272346270606, 17.4632758376143, 17.3968591359232, 17.3282376954257, 17.2576646896263, 17.1853932920759, 17.1116766763497, 17.0367680160249, 16.9609204846578, 16.8843872557625, 16.8074215027909, 16.7302763991145, 16.6532051180088, 16.5764608326398, 16.5002967160518, 16.4249659411559, 16.3507216807186, 16.2778171073482, 16.2065055441908, 16.137040956692, 16.0696784340267, 16.0046746653911, 15.9422883891979, 15.8827808410085, 15.8264161717575, 15.773461857042, 15.7241891180421, 15.6788732249957, 15.6377938103196, 15.6012352561908, 15.56948696344, 15.5428435313771, 15.5216049519922, 15.5060767725626, 15.4965702245416, 15.4934023180961, 18.0228, 18.0198364120991, 18.0108728662682, 17.9961623625648, 17.9759579010587, 17.950512481846, 17.9200791050626, 17.8849107708992, 17.8452604796159, 17.8013812315558, 17.7535260271574, 17.7019478669649, 17.6468997516344, 17.5886346819382, 17.5274056587631, 17.4634656831056, 17.3970677560618, 17.3284648788135, 17.2579100526111, 17.1856562787524, 17.1119565585605, 17.0370638933608, 16.9612312844571, 16.8847117331096, 16.8077582405143, 16.7306238077844, 16.6535614359342, 16.5768241258648, 16.5006648783518, 16.4253366940337, 16.3510925733993, 16.2781855167749, 16.206868678657, 16.1373958753347, 16.0700220820125, 16.0050039242633, 15.9426001417454, 15.8830720511448, 15.8266839774704, 15.7737036765069, 15.7244027693541, 15.679057055892, 15.6379468380907, 15.6013573200631, 15.569578885901, 15.5429072854479, 15.5216438347398, 15.5060955839415, 15.4965754504671, 15.4934023166269, 18.0228, 18.0198376839039, 18.0108777802693, 17.9961731170411, 17.9759765221773, 17.9505408236625, 17.9201188495228, 17.8849634278405, 17.8453273867697, 17.80146355455, 17.7536247595193, 17.7020638301246, 17.6470335949283, 17.5887868826126, 17.5275765219778, 17.4636553419371, 17.3972761715068, 17.3286918397915, 17.2581551759663, 17.1859190092556, 17.1122361689097, 17.0373594841813, 16.961541784301, 16.8850358984545, 16.8080946557613, 16.7309708852555, 16.6539174158694, 16.5771870764186, 16.5010326955896, 16.425707101927, 16.3514631238219, 16.2785535894976, 16.2072314849043, 16.1377504772014, 16.0703654275699, 16.0053328978259, 15.9429116286606, 15.8833630175919, 15.8269515633387, 15.7739453014341, 15.7246162523858, 15.6792407451436, 15.638099750602, 15.6014792941234, 15.5696707423322, 15.5429709948406, 15.5216826909306, 15.5061143828246, 15.4965806730421, 15.493402315159, 18.0228, 18.0198389544334, 18.0108826893498, 17.9961838607605, 17.9759951246907, 17.9505691371929, 17.9201585543624, 17.8850160323525, 17.8453942273903, 17.8015457957909, 17.7537233939712, 17.7021796784596, 17.6471673059044, 17.5889389330765, 17.5277472168689, 17.4638448142909, 17.3974843824579, 17.3289185785764, 17.2584000599255, 17.1861814838351, 17.112515507662, 17.0376547887652, 16.9618519844814, 16.8853597521006, 16.8084307488452, 16.7313176318493, 16.6542730581422, 16.5775496846334, 16.501400168099, 16.4260771651694, 16.3518333323168, 16.2789213258404, 16.2075939632481, 16.1381047625959, 16.0707084709882, 16.0056615863511, 15.943222850196, 15.8836537405806, 15.8272189295698, 15.7741867320064, 15.7248295672948, 15.6794242928821, 15.6382525479602, 15.6016011784545, 15.569762532794, 15.5430346595959, 15.5217215205886, 15.5061331692232, 15.4965858922697, 15.4934023136926, 18.0228, 18.019840223689, 18.0108875935144, 17.9961945937333, 17.9760137086169, 17.9505974224648, 17.9201982196202, 17.8850685844865, 17.8454610015426, 17.8016279553586, 17.7538219306086, 17.7022954120822, 17.6473008846918, 17.5890908334765, 17.5279177436008, 17.464034100349, 17.3976923891146, 17.3291450953849, 17.258644704722, 17.1864437027402, 17.1127945750817, 17.037949807391, 16.9621618852895, 16.8856832943509, 16.8087665200788, 16.7316640478868, 16.6546283630801, 16.5779119508408, 16.5017672962136, 16.4264468840939, 16.3522031992137, 16.2792887261276, 16.2079561140039, 16.1384587318217, 16.0710512125565, 16.0059899901106, 15.9435338066039, 15.8839442203416, 15.8274860763708, 15.7744279684064, 15.7250427142381, 15.6796076992395, 15.638405230272, 15.601722973139, 15.5698542573472, 15.5430982797545, 15.521760323738, 15.5061519431486, 15.4965911081528, 15.4934023122276, 18.0228, 18.0198414916718, 18.0108924927679, 17.9962053159701, 17.9760322739743, 17.9506256795058, 17.9202378453349, 17.8851210842936, 17.8455277092918, 17.8017100333327, 17.7539203695271, 17.7024110311042, 17.6474343314197, 17.5892425839592, 17.5280881023376, 17.4642232002932, 17.3979001916761, 17.3293713904334, 17.2588891105888, 17.18670566622, 17.1130733714331, 17.0382445403371, 16.9624714870166, 16.8860065255079, 16.8091019697749, 16.7320101336889, 16.6549833310101, 16.5782738753719, 16.5021340802668, 16.4268162590332, 16.3525727248424, 16.2796557906827, 16.2083179374863, 16.1388123851821, 16.0713936525635, 16.0063181093761, 15.9438444981362, 15.884234457105, 15.8277530039489, 15.7746690108164, 15.725255693373, 15.6797909643473, 15.6385577976439, 15.6018446782597, 15.569945916052, 15.5431618553571, 15.5217991004027, 15.506170704612, 15.4965963206945, 15.4934023107641, 18.0228, 18.0198427583831, 18.0108973871153, 17.9962160274814, 17.9760508207809, 17.9506539083435, 17.9202774315451, 17.885173531825, 17.8455943507025, 17.801792029793, 17.7540187108222, 17.7025265356377, 17.6475676462168, 17.5893941846707, 17.5282582932432, 17.4644121143048, 17.3981077903413, 17.3295974639379, 17.2591332777587, 17.186967374523, 17.11335189698, 17.0385389878811, 16.9627807899534, 16.8863294458739, 16.8094370982455, 16.732355889576, 16.6553379622589, 16.5786354585578, 16.5025005205911, 16.4271852903197, 16.352941909532, 16.2800225198291, 16.2086794340099, 16.1391657229798, 16.0717357912974, 16.0066459444187, 15.9441549250446, 15.8845244511011, 15.8280197125106, 15.7749098594186, 15.7254685048562, 15.6799740883369, 15.6387102501825, 15.601966293899, 15.5700375089689, 15.5432253864444, 15.5218378506068, 15.5061894536246, 15.4966015298977, 15.4934023093019, 18.0228, 18.0198440238241, 18.0109022765612, 17.9962267282776, 17.9760693490549, 17.9506821090055, 17.9203169782895, 17.8852259271317, 17.8456609258397, 17.8018739448191, 17.7541169545893, 17.7026419257943, 17.647700829212, 17.5895456357572, 17.5284283164812, 17.4646008425652, 17.3983151853091, 17.3298233161144, 17.2593772064641, 17.1872288278979, 17.1136301519859, 17.0388331503009, 16.9630897943904, 16.8866520557508, 16.8097719058025, 16.732701315868, 16.6556922571528, 16.5789967007288, 16.5028666175192, 16.4275539782852, 16.3533107536113, 16.2803889138897, 16.209040603889, 16.1395187455175, 16.0720776290463, 16.0069734955094, 15.9444650875805, 15.8848142025595, 15.8282862022625, 15.7751505143949, 15.7256811488445, 15.6801570713397, 15.638862587994, 15.6020878201394, 15.5701290361581, 15.543288873057, 15.5218765743743, 15.5062081901977, 15.4966067357655, 15.4934023078411, 18.0228, 18.0198452879961, 18.0109071611105, 17.9962374183693, 17.9760878588144, 17.9507102815194, 17.9203564856065, 17.8852782702649, 17.845727434768, 17.8019557784906, 17.7542151009234, 17.7027572016858, 17.6478338805339, 17.5896969373648, 17.5285981722152, 17.4647893852556, 17.3985223767778, 17.3300489471785, 17.2596208969373, 17.1874900265927, 17.1139081367141, 17.0391270278736, 16.9633985006177, 16.8869743554403, 16.8101063927574, 16.7330464128847, 16.6560462160178, 16.5793576022152, 16.5032323713831, 16.4279223232614, 16.3536792574089, 16.280754973187, 16.2094014474373, 16.1398714530972, 16.072419166098, 16.0073007629187, 15.944774985995, 15.8851037117098, 15.8285524734109, 15.7753909759272, 15.7258936254944, 15.6803399134867, 15.6390148111846, 15.6022092570632, 15.5702204976799, 15.5433523152353, 15.5219152717292, 15.5062269143426, 15.4966119383007, 15.4934023063818, 18.0228, 18.0198465509003, 18.0109120407679, 17.9962480977669, 17.9761063500776, 17.9507384259126, 17.9203959535348, 17.8853305612754, 17.8457938775522, 17.8020375308868, 17.7543131499198, 17.7028723634237, 17.6479668003111, 17.5898480896392, 17.5287678606086, 17.4649777425568, 17.398729364946, 17.3302743573455, 17.2598643494104, 17.1877509708554, 17.1141858514275, 17.0394206208762, 16.9637069089251, 16.8872963452436, 16.8104405594214, 16.7333911809454, 16.6563998391794, 16.5797181633467, 16.5035977825145, 16.4282903255795, 16.3540474212528, 16.2811206980434, 16.2097619649682, 16.1402238460209, 16.0727604027399, 16.007627746917, 15.9450846205389, 15.8853929787813, 15.8288185261618, 15.775631244197, 15.7261059349623, 15.680522614909, 15.6391669198605, 15.6023306047528, 15.5703118935945, 15.54341571302, 15.5219539426955, 15.5062456260703, 15.4966171375065, 15.4934023049239, 18.0228, 18.019847812538, 18.0109169155383, 17.9962587664809, 17.9761248228624, 17.9507665422126, 17.9204353821128, 17.8853828002142, 17.8458602542568, 17.8021192020871, 17.7544111016735, 17.7029874111193, 17.6480995886717, 17.589999092726, 17.5289373818245, 17.4651659146496, 17.3989361500116, 17.3304995468307, 17.2601075641149, 17.1880116609335, 17.1144632963887, 17.0397139295854, 16.964015019602, 16.8876180254615, 16.8107744061052, 16.733735620369, 16.6567531269628, 16.5800783844527, 16.5039628512447, 16.4286579855702, 16.3544152454708, 16.2814860887805, 16.210122156795, 16.1405759245899, 16.0731013392589, 16.0079544477744, 15.9453939914629, 15.885682004003, 15.8290843607209, 15.7758713193856, 15.7263180774043, 15.6807051757375, 15.6393189141276, 15.6024518632903, 15.570403223962, 15.5434790664514, 15.5219925872969, 15.5062643253921, 15.4966223333857, 15.4934023034673, 18.0228, 18.0198490729103, 18.0109217854263, 17.9962694245217, 17.9761432771869, 17.9507946304469, 17.9204747713789, 17.8854349871321, 17.8459265649464, 17.8022007921708, 17.7545089562793, 17.7031023448839, 17.6482322457441, 17.5901499467709, 17.5291067360259, 17.4653539017144, 17.3991427321725, 17.3307245158489, 17.2603505412824, 17.1882720970744, 17.11474047186, 17.0400069542775, 16.9643228329377, 16.8879393963947, 16.8111079331193, 16.734079731474, 16.6571060796929, 16.5804382658621, 16.5043275779046, 16.4290253035641, 16.3547827303901, 16.28185114572, 16.2104820232303, 16.1409276891054, 16.073441975942, 16.0082808657604, 15.9457030990171, 15.8859707876037, 15.829349977294, 15.7761112016742, 15.7265300529766, 15.6808875961029, 15.6394707940918, 15.6025730327577, 15.5704944888424, 15.54354237557, 15.5220312055575, 15.5062830123191, 15.4966275259413, 15.4934023020122, 18.0228, 18.0198503320186, 18.0109266504369, 17.9962800718997, 17.9761617130693, 17.9508226906429, 17.9205141213716, 17.8854871220799, 17.8459928096854, 17.8022823012171, 17.754606713832, 17.7032171648287, 17.6483647716562, 17.5903006519189, 17.5292759233755, 17.4655417039315, 17.3993491116263, 17.3309492646149, 17.2605932811441, 17.1885322795251, 17.1150173781037, 17.0402996952286, 16.9646303492209, 16.8882604583435, 16.8114411407737, 16.7344235145789, 16.6574586976941, 16.5807978079038, 16.5046919628249, 16.4293922798912, 16.3551498763379, 16.282215869183, 16.2108415645865, 16.1412791398684, 16.0737823130754, 16.0086070011445, 15.9460119434516, 15.8862593298119, 15.8296153760863, 15.7763508912438, 15.7267418618349, 15.6810698761357, 15.6396225598588, 15.6026941132371, 15.5705856882958, 15.5436056404162, 15.5220697975011, 15.5063016868626, 15.4966327151764, 15.4934023005585, 18.0228, 18.0198515898641, 18.0109315105747, 17.9962907086254, 17.9761801305274, 17.9508507228279, 17.9205534321291, 17.8855392051084, 17.8460589885381, 17.802363729305, 17.7547043744264, 17.7033318710646, 17.6484971665359, 17.5904512083154, 17.5294449440361, 17.465729321481, 17.3995552885705, 17.331173793343, 17.2608357839309, 17.1887922085324, 17.1152940153813, 17.0405921527144, 16.9649375687401, 16.8885812116075, 16.8117740293783, 16.7347669700014, 16.6578109812907, 16.581157010906, 16.5050560063357, 16.4297589148813, 16.3555166836407, 16.2825802594901, 16.2112007811758, 16.1416302771792, 16.0741223509453, 16.0089328541959, 15.9463205250161, 15.8865476308558, 15.829880557303, 15.7765903882751, 15.7269535041348, 15.6812520159664, 15.6397742115343, 15.6028151048104, 15.5706768223819, 15.5436688610303, 15.5221083631516, 15.5063203490337, 15.4966379010938, 15.4934022991061, 18.0228, 18.019852846448, 18.0109363658445, 17.9963013347091, 17.9761985295793, 17.9508787270294, 17.9205927036899, 17.8855912362682, 17.8461251015689, 17.8024450765135, 17.7548019381571, 17.7034464637027, 17.648629430511, 17.5906016161054, 17.5296137981699, 17.4659167545428, 17.3997612632023, 17.3313981022475, 17.2610780498734, 17.1890518843428, 17.1155703839544, 17.0408843270103, 16.9652444917835, 16.8889016564865, 16.8121065992424, 16.735110098059, 16.6581629308062, 16.5815158751964, 16.5054197087669, 16.4301252088636, 16.3558831526247, 16.2829443169619, 16.2115596733097, 16.1419811013379, 16.0744620898375, 16.0092584251833, 15.9466288439599, 15.8868356909636, 15.8301455211489, 15.7768296929487, 15.727164980032, 15.6814340157253, 15.6399257492237, 15.6029360075593, 15.5707678911607, 15.5437320374525, 15.5221469025327, 15.5063389988435, 15.4966430836966, 15.4934022976552, 18.0228, 18.0198541017715, 18.0109412162511, 17.9963119501613, 17.976216910243, 17.9509067032746, 17.9206319360921, 17.8856432156099, 17.8461911488421, 17.8025263429216, 17.7548994051184, 17.7035609428535, 17.6487615637092, 17.5907518754335, 17.5297824859393, 17.4661040032966, 17.3999670357186, 17.3316221915421, 17.2613200792021, 17.1893113072024, 17.1158464840841, 17.0411762183914, 16.965551118639, 16.8892217932797, 16.8124388506751, 16.7354528990689, 16.6585145465642, 16.5818744011028, 16.5057830704479, 16.4304911621671, 16.356249283616, 16.2833080419183, 16.2119182412997, 16.1423316126445, 16.0748015300375, 16.0095837143752, 15.9469369005324, 15.8871235103628, 15.8304102678287, 15.7770688054449, 15.7273762896816, 15.6816158755424, 15.6400771730325, 15.6030568215656, 15.5708588946919, 15.5437951697231, 15.5221854156683, 15.5063576363031, 15.4966482629877, 15.4934022962057, 18.0228, 18.0198553558358, 18.0109460617992, 17.9963225549923, 17.9762352725364, 17.9509346515909, 17.920671129374, 17.8856951431842, 17.8462571304216, 17.802607528608, 17.7549967754048, 17.7036753086279, 17.6488935662578, 17.5909019864446, 17.5299510075063, 17.4662910679218, 17.4001726063162, 17.3318460614408, 17.2615618721471, 17.1895704773573, 17.1161223160313, 17.0414678271325, 16.965857449594, 16.8895416222859, 16.812770783985, 16.735795373348, 16.6588658288876, 16.5822325889523, 16.5061460917078, 16.4308567751205, 16.3566150769399, 16.2836714346791, 16.2122764854569, 16.1426818113983, 16.0751406718303, 16.0099087220398, 15.9472446949823, 15.887411089281, 15.8306747975469, 15.7773077259438, 15.7275874332389, 15.6817975955479, 15.6402284830658, 15.6031775469109, 15.5709498330353, 15.5438582578824, 15.5222239025821, 15.5063762614237, 15.49665343897, 15.4934022947575
1.868, 1.868, 1.868, 1.868, 1.868, 1.868, 1.868, 1.868, 1.868, 1.868, 1.868, 1.868, 1.868, 1.868, 1.868, 1.868, 1.868, 1.868, 1.868, 1.868, 1.868, 1.868, 1.868, 1.868, 1.868, 1.868, 1.868, 1.868, 1.868, 1.868, 1.868, 1.868, 1.868, 1.868, 1.868, 1.868, 1.868, 1.868, 1.868, 1.868, 1.868, 1.868, 1.868, 1.868, 1.868, 1.868, 1.868, 1.868, 1.868, 1.868, 1.868, 1.87004369538077, 1.87600744633489, 1.88572442329235, 1.89902779668481, 1.9157507369456, 1.93572641450976, 1.95878799981394, 1.98476866329649, 2.01350157539736, 2.04481990655809, 2.07855682722174, 2.11454550783284, 2.15261911883727, 2.19261083068217, 2.23435381381582, 2.27768123868745, 2.3224262757471, 2.36842209544545, 2.41550186823358, 2.46349876456281, 2.51224595488451, 2.5615766096499, 2.61132389930992, 2.66132099431509, 2.71140106511546, 2.76139728216057, 2.81114281589947, 2.86047083678085, 2.90921451525317, 2.95720702176489, 3.00428152676483, 3.0502712007025, 3.09500921402858, 3.13832873719551, 3.1800629406581, 3.22004499487432, 3.25810807030618, 3.2940853374208, 3.32780996669163, 3.35911512860003, 3.38783399363703, 3.4137997323057, 3.436845515124, 3.45680451262857, 3.4735098953796, 3.48679483396751, 3.49649249902201, 3.50243606122497, 3.50445869132914, 1.868, 1.87004362527209, 1.87600720592551, 1.88572395256773, 1.89902707580673, 1.91574978625093, 1.93572529450907, 1.95878681119014, 1.98476754690336, 2.0135007122581, 2.0448195178639, 2.07855717433045, 2.11454689226766, 2.1526218822857, 2.19261535499509, 2.23436052100678, 2.27769059093224, 2.3224387753836, 2.3684382849737, 2.41552233031617, 2.46352412202552, 2.51227687071716, 2.56161378700747, 2.61136808151379, 2.6613729648545, 2.71146164764905, 2.76146734051805, 2.8112232540834, 2.86056259896849, 2.90931858579846, 2.95732442520059, 3.00441332780475, 3.05041850273927, 3.09517315392209, 3.13851047609426, 3.18026365066489, 3.2202658431211, 3.258350199021, 3.29434984198121, 3.32809787047806, 3.35942735404689, 3.38817133195728, 3.41416281114155, 3.43723476347002, 3.45722012255127, 3.47395178341094, 3.48726260130014, 3.49698539072645, 3.50295292470494, 3.50499793422829, 1.868, 1.8700433166952, 1.87600601381832, 1.88572134390736, 1.89902255950071, 1.91574291313698, 1.93571565735482, 1.95877404469272, 1.98475132768883, 2.01348075888087, 2.04479559080596, 2.07852907600061, 2.11451446700069, 2.15258501634144, 2.19257397655758, 2.23431460018345, 2.27764013975317, 2.32238384780082, 2.3683789768607, 2.41545877946754, 2.46345650815676, 2.51220541546464, 2.56153875392862, 2.6112897760874, 2.66129173448121, 2.71137788165199, 2.76138147014355, 2.81113575250187, 2.86047398127533, 2.90922940901511, 2.95723528827562, 3.00432487161511, 3.0503314085787, 3.09508813827951, 3.13842828146295, 3.18018503219337, 3.22019155267198, 3.25828096521852, 3.29428634824845, 3.32804072986536, 3.35937708025348, 3.38812830903399, 3.41412726111773, 3.43720671123282, 3.45719935755255, 3.47393782102773, 3.48725464299262, 3.49698228321188, 3.50295311836173, 3.50499944093981, 1.868, 1.87004268870472, 1.87600358756857, 1.88571603429364, 1.89901336658223, 1.91572892213645, 1.9356960386578, 1.95874805384678, 1.9847183054025, 2.01344013102234, 2.0447468684016, 2.07847185523336, 2.11444842920832, 2.15250992801475, 2.19248968933865, 2.23422105086394, 2.27753735027276, 2.32227192524588, 2.36825811346326, 2.4153292526045, 2.4633186803495, 2.51205973437899, 2.56138575237512, 2.61113007202203, 2.66112603100629, 2.71120696701747, 2.76120621774851, 2.8109571208962, 2.8602930141617, 2.90904723525098, 2.95705312187553, 3.00414401175312, 3.05015323652368, 3.09491410675879, 3.13825989592752, 3.1800238235989, 3.22003904496883, 3.25813863465709, 3.29415557857527, 3.32792276097625, 3.35927294907814, 3.3880387877208, 3.41405279098109, 3.43714733109878, 3.45715462561812, 3.47390673601676, 3.48723556285641, 3.49697284182048, 3.50295014062315, 3.50499885677496, 1.868, 1.8700420591395, 1.87600115523159, 1.88571071135293, 1.89900415058016, 1.91571489598933, 1.93567637065525, 1.9587219976509, 1.98468520004675, 2.01339940091029, 2.04469802330545, 2.07841449029229, 2.11438222492677, 2.15243465026063, 2.19240518934157, 2.23412726521346, 2.27743430091691, 2.3221597194898, 2.3681369439681, 2.41519939738673, 2.46318050278045, 2.51191368318482, 2.56123236163716, 2.61096996117738, 2.66095990484885, 2.71103561569914, 2.76103051678075, 2.81077803115173, 2.86011158187636, 2.90886459202589, 2.95687048467929, 3.00396268292429, 3.04997460074672, 3.09473962046759, 3.13809106861376, 3.1798621906392, 3.21988613515867, 3.2579959295624, 3.29402446776105, 3.32780449070321, 3.35916856323071, 3.3879490660185, 3.41397818295008, 3.43708788445261, 3.45710990812713, 3.47387575668123, 3.48721669062235, 3.4969637222843, 3.50294761116261, 3.50499886053489, 1.868, 1.87004143025915, 1.87599872553706, 1.8857053941885, 1.89899494456803, 1.91570088502919, 1.93565672392369, 1.95869596960051, 1.98465213040511, 2.01335871467863, 2.0446492307572, 2.07835718697147, 2.11431609164619, 2.15235945310018, 2.19232077964637, 2.23403357959225, 2.27733136124042, 2.32204763288946, 2.36801590283496, 2.41506967937073, 2.46304247078997, 2.5117677853867, 2.56107913145695, 2.61081001730002, 2.66079395121964, 2.710864441525, 2.76085499653169, 2.81059912456262, 2.8599303339488, 2.90868213303029, 2.95668803015713, 3.00378153369059, 3.04979613990669, 3.09456530286014, 3.13792240216304, 3.17970070922801, 3.21973336620644, 3.25785335342295, 3.29389347298388, 3.32768632277362, 3.3590642655413, 3.38785941810718, 3.41390363449566, 3.43702848369074, 3.45706522372957, 3.47384479894619, 3.48719783020516, 3.49695460691497, 3.5029450807881, 3.50499886131468, 1.868, 1.87004080205991, 1.87599629847051, 1.88570008276887, 1.89898574849168, 1.91568688917418, 1.93563709834915, 1.95866996954581, 1.98461909628876, 2.01331807209702, 2.04460049048313, 2.07829994495248, 2.1142500290029, 2.15228433612444, 2.19223645979953, 2.23393999350341, 2.27722853070494, 2.32193566486761, 2.36789498945085, 2.41494009791155, 2.46290458370563, 2.51162204028972, 2.5609260611228, 2.61065023966779, 2.66062816939299, 2.71069344377342, 2.760679656292, 2.81042040044066, 2.85974926972138, 2.90849985764723, 2.95650575774353, 3.00360056354926, 3.04961785357554, 3.09439115359555, 3.13775389633455, 3.17953937923795, 3.21958073811179, 3.25771090637937, 3.29376259453957, 3.3275682576529, 3.35896005665952, 3.38776984483535, 3.41382914668013, 3.43696913010422, 3.45702057396035, 3.47381386460557, 3.48717898367306, 3.49694549807043, 3.50294255216273, 3.5049988620982, 1.868, 1.87004017454097, 1.87599387402883, 1.88569477708729, 1.89897656233944, 1.91567290840655, 1.93561749390678, 1.95864399745389, 1.98458609765596, 2.01327747311418, 2.04455180242182, 2.07824276416338, 2.11418403691401, 2.15220929923935, 2.19215222969564, 2.23384650683024, 2.27712580918256, 2.32182381528534, 2.36777420366617, 2.41481065284938, 2.4627668413579, 2.51147644771533, 2.56077315044795, 2.6104906280866, 2.66046255916848, 2.71052262223877, 2.76050449585204, 2.8102418585736, 2.85956838898068, 2.9083177656637, 2.95632366722756, 3.00341977229329, 3.04943974155201, 3.09421717248018, 3.13758555094405, 3.17937820049586, 3.21942825071417, 3.257568588285, 3.29363183229636, 3.32745029522489, 3.35885593648521, 3.38768034611885, 3.41375471943494, 3.43690982363934, 3.45697595877937, 3.4737829536313, 3.48716015100797, 3.4969363957401, 3.50294002528054, 3.50499886288079, 1.868, 1.87003954770153, 1.87599145220892, 1.88568947713695, 1.89896738609955, 1.91565894270843, 1.93559791057156, 1.95861805329167, 1.98455313446473, 2.01323691767857, 2.04450316651158, 2.07818564453178, 2.11411811529615, 2.15213434235033, 2.19206808922878, 2.23375311945544, 2.27702319654471, 2.32171208400301, 2.36765354533058, 2.41468134402359, 2.46262924357644, 2.51133100748417, 2.56062039924476, 2.61033118236144, 2.66029712034477, 2.71035197671451, 2.76032951500133, 2.81006349874833, 2.85938769151247, 2.90813585686592, 2.95614175839761, 3.00323915971503, 3.0492618036343, 3.09404335931995, 3.13741736580701, 3.17921717282844, 3.21927590385305, 3.25742639899337, 3.2935011861229, 3.32733243537413, 3.35875190491915, 3.38759092187474, 3.41368035269309, 3.43685056424425, 3.45693137814881, 3.47375206599796, 3.4871413321949, 3.49692729991699, 3.50293750013968, 3.50499886366246, 1.868, 1.87003892154077, 1.87598903300768, 1.88568418291107, 1.89895821976028, 1.91564499206199, 1.93557834831851, 1.9585921370261, 1.98452020667317, 2.01319640573868, 2.04445458269074, 2.07812858598545, 2.1140522640661, 2.15205946536291, 2.19198403829315, 2.23365983126184, 2.27692069266298, 2.3216004708812, 2.36753301429394, 2.41455217127378, 2.46249179019116, 2.51118571941709, 2.56046780732585, 2.61017190229761, 2.66013185272081, 2.71018150699438, 2.76015471352965, 2.80988532075206, 2.85920717710282, 2.90795413104041, 2.95596003104236, 3.00305872560713, 3.04908403962091, 3.09386971392106, 3.13724934073916, 3.17905629606266, 3.21912369736815, 3.25728433835826, 3.29337065588805, 3.32721467798529, 3.35864796186225, 3.38750157202019, 3.41360604638765, 3.43679135186719, 3.45688683203086, 3.47372120168017, 3.48712252721887, 3.49691821059411, 3.50293497673831, 3.50499886444322, 1.868, 1.8700382960579, 1.87598661642199, 1.88567889440288, 1.89894906330992, 1.91563105644942, 1.93555880712271, 1.95856624862421, 1.98448731423942, 2.01315593724312, 2.04440605089778, 2.07807158845221, 2.11398648314074, 2.15198466818279, 2.19190007678311, 2.23356664213249, 2.27681829740916, 2.32148897578068, 2.36741261040631, 2.41442313443977, 2.46235448103219, 2.51104058333523, 2.56031537450413, 2.61001278770066, 2.65996675609585, 2.71001121287246, 2.75998009122711, 2.80970732437229, 2.8590268455381, 2.90777258797403, 2.9557784849508, 3.00287846976256, 3.04890644931062, 3.09369623609001, 3.13708147555651, 3.17889557002572, 3.21897163109941, 3.25714240623362, 3.29324024146084, 3.32709702294322, 3.35854410721556, 3.38741229647249, 3.41353180045179, 3.43673218645645, 3.45684232038781, 3.47369036065259, 3.48710373606493, 3.49690912776448, 3.50293245507457, 3.50499886522307, 1.868, 1.87003767125212, 1.87598420244878, 1.8856736116056, 1.89893991673675, 1.91561713585293, 1.93553928695925, 1.95854038805304, 1.98445445712168, 2.01311551214055, 2.04435757107122, 2.07801465186003, 2.11392077243707, 2.15190995071579, 2.19181620459317, 2.23347355195056, 2.27671601065522, 2.3213775985624, 2.36729233351801, 2.41429423336165, 2.46221731592993, 2.51089559905997, 2.56016310059274, 2.60985383837643, 2.65980183026943, 2.70984109414308, 2.75980564788412, 2.80952950939683, 2.85884669660501, 2.90759122745391, 2.95559711991222, 3.00269839197455, 3.0487290325025, 3.09352292563354, 3.1369137700753, 3.17873499454508, 3.21881970488698, 3.25700060247363, 3.2931099427105, 3.32697947013293, 3.35844034088027, 3.38732309514904, 3.41345761481879, 3.4366730679604, 3.45679784318196, 3.4736595428899, 3.48708495871813, 3.49690005142112, 3.5029299351466, 3.504998866002, 1.868, 1.87003704712261, 1.87598179108494, 1.88566833451249, 1.89893078002911, 1.91560323025478, 1.93551978780326, 1.95851455527971, 1.98442163527824, 2.0130751303797, 2.0443091431497, 2.07795777613695, 2.11385513187223, 2.15183531286787, 2.191732421618, 2.23338056059943, 2.27661383227333, 2.32126633908755, 2.36717218347954, 2.41416546787969, 2.46208029471501, 2.51075076641295, 2.56001098540514, 2.60969505413106, 2.65963707504136, 2.70967115060089, 2.75963138329138, 2.80935187561381, 2.85866673009055, 2.90741004926749, 2.95541593571623, 3.00251849203666, 3.04855178899592, 3.09334978235871, 3.13674622411206, 3.17857456944843, 3.21866791857127, 3.25685892693267, 3.29297975950643, 3.3268620194396, 3.35833666275773, 3.38723396796735, 3.41338348942199, 3.4366139963275, 3.45675340037568, 3.47362874836683, 3.48706619516358, 3.49689098155708, 3.50292741695256, 3.50499886678002, 1.868, 1.87003642366858, 1.87597938232738, 1.88566306311679, 1.89892165317532, 1.91558933963722, 1.93550030962991, 1.95848875027135, 1.98438884866741, 2.0130347919094, 2.04426076707193, 2.07790096121113, 2.11378956136345, 2.15176075454512, 2.19164872775242, 2.23328766796262, 2.27651176213582, 2.32115519721749, 2.36705216014162, 2.41403683783442, 2.46194341721831, 2.51060608521607, 2.55985902875502, 2.60953643477095, 2.65947249021176, 2.70950138204084, 2.75945729723991, 2.80917442281164, 2.85848694578201, 2.90722905320254, 2.95523493215271, 3.00233876974272, 3.04837471859052, 3.09317680607282, 3.13657883748358, 3.17841429456372, 3.2185162719929, 3.25671737946532, 3.29284969171823, 3.32674467074855, 3.35823307274938, 3.38714491484507, 3.41330942419486, 3.43655497150625, 3.45670899193141, 3.47359797705814, 3.48704744538638, 3.4968819181654, 3.50292490049061, 3.50499886755713, 1.868, 1.87003580088924, 1.87597697617303, 1.88565779741176, 1.89891253616373, 1.91557546398255, 1.93548085241441, 1.95846297299518, 1.98435609724759, 2.01299449667853, 2.04421244277673, 2.07784420701084, 2.1137240608281, 2.15168627565377, 2.19156512289139, 2.23319487392382, 2.27640980011522, 2.32104417281379, 2.36693226335521, 2.4139083430666, 2.46180668327094, 2.51046155529149, 2.55970723045636, 2.60937798010277, 2.65930807558103, 2.70933178825815, 2.75928338952099, 2.80899715077904, 2.85830734346698, 2.9070482390471, 2.95505410901185, 3.00215922488687, 3.04819782108623, 3.09300399658345, 3.13641161000689, 3.17825416971912, 3.2183647649927, 3.25657595992637, 3.29271973921566, 3.32662742394529, 3.35812957075684, 3.38705593569993, 3.41323541907093, 3.43649599344525, 3.4566646178116, 3.4735672289386, 3.48702870937165, 3.49687286123914, 3.50292238575889, 3.50499886833333, 1.868, 1.87003517878378, 1.87597457261881, 1.88565253739069, 1.89890342898271, 1.91556160327309, 1.935461416132, 1.95843722341845, 1.98432338097722, 2.01295424463604, 2.04416417020299, 2.07778751346444, 2.11365863018367, 2.15161187610019, 2.19148160693004, 2.23310217836691, 2.27630794608425, 2.32093326573823, 2.36681249297144, 2.41377998341722, 2.46167009270428, 2.51031717646162, 2.55955559032339, 2.60921968993348, 2.65914383094985, 2.70916236904837, 2.75910965992626, 2.80882005930506, 2.8581279229334, 2.90686760658954, 2.95487346608417, 3.00197985726355, 3.04802109628326, 3.09283135369847, 3.1362445414993, 3.17809419474308, 3.21821339741175, 3.25643466817083, 3.29258990186868, 3.32651027891546, 3.35802615668187, 3.38696703044981, 3.41316147398386, 3.43643706209315, 3.45662027797879, 3.47353650398307, 3.48700998710454, 3.49686381077136, 3.50291987275557, 3.50499886910863, 1.868, 1.87003455735156, 1.87597217166221, 1.88564728304809, 1.89889433162278, 1.91554775749444, 1.93544200076251, 1.95841150151444, 1.98429069982244, 2.01291403574034, 2.04411594930088, 2.07773088051351, 2.11359326936285, 2.15153755580799, 2.1913981797828, 2.2330095811971, 2.27620619993899, 2.32082247587794, 2.36669284886879, 2.41365175875637, 2.46153364538053, 2.51017294858131, 2.55940410820423, 2.60906156410519, 2.65897975615511, 2.70899312424408, 2.75893610828498, 2.80864314821676, 2.85794868400728, 2.90668715565612, 2.95469300319751, 3.00180066670365, 3.04784454401707, 3.09265887725933, 3.13607763180973, 3.17793436949339, 3.21806216911803, 3.25629350407796, 3.29246017956881, 3.32639323556349, 3.35792283044216, 3.38687819902581, 3.41308758887788, 3.43637817740679, 3.45657597240147, 3.47350580217038, 3.48699127857262, 3.49685476675634, 3.50291736147925, 3.50499886988319, 1.868, 1.87003393659207, 1.87596977330132, 1.88564203437977, 1.89888524407673, 1.91553392663562, 1.93542260629056, 1.95838580726284, 1.98425805375745, 2.01287386995973, 2.04406778003248, 2.07767430811359, 2.11352797831441, 2.15146331471904, 2.19131484138453, 2.23291708234229, 2.27610456160041, 2.32071180314708, 2.36657333095479, 2.41352366898529, 2.46139734119493, 2.51002887154024, 2.55925278398347, 2.60890360249795, 2.65881585107297, 2.7088240537182, 2.75876273446764, 2.80846641738299, 2.85776962655675, 2.90650688611523, 2.95451272022155, 3.00162165307927, 3.04766816416329, 3.09248656714636, 3.13591088082434, 3.17777469386307, 3.21791108001237, 3.25615246755725, 3.2923305722348, 3.32627629381791, 3.3578195919763, 3.38678944137658, 3.41301376371153, 3.43631933935409, 3.45653170105622, 3.47347512348484, 3.48697258376668, 3.49684572918986, 3.50291485192894, 3.50499887065722, 1.868, 1.87003331650453, 1.87596737753308, 1.88563679137907, 1.89887616633299, 1.91552011067905, 1.93540323269154, 1.95836014063109, 1.98422544274095, 2.01283374724348, 2.04401966233703, 2.07761779619345, 2.11346275695634, 2.15138915274025, 2.19123159163099, 2.23282468168702, 2.27600303094197, 2.32060124740823, 2.36645393908149, 2.41339571394591, 2.46126117997986, 2.50988494516186, 2.55910161747644, 2.60874580491985, 2.65865211550526, 2.70865515726747, 2.75858953826705, 2.80828986659399, 2.85759075037095, 2.90632679775643, 2.95433261694798, 3.00144281618599, 3.04749195652326, 3.09231442316849, 3.13574428836142, 3.17761516768147, 3.2177601299367, 3.25601155846443, 3.29220107973727, 3.32615945356494, 3.35771644118648, 3.38670075742031, 3.41293999841865, 3.43626054788382, 3.4564874639056, 3.47344446790123, 3.48695390267172, 3.49683669806475, 3.50291234410248, 3.50499887143035, 1.868, 1.87003269708809, 1.87596498435425, 1.88563155403889, 1.89886709837931, 1.91550630960612, 1.93538387993938, 1.95833450158469, 1.98419286672918, 2.01279366753783, 2.04397159615018, 2.07756134467764, 2.11339760520169, 2.15131506977298, 2.19114843041168, 2.23273237910893, 2.27590160782953, 2.32049080851573, 2.36633467309201, 2.4132678934706, 2.46112516155754, 2.50974116925894, 2.55895060848726, 2.60858817116731, 2.65848854924177, 2.70848643467618, 2.75841651946333, 2.80811349562712, 2.85741205522599, 2.90614689035625, 2.95415269315551, 3.0012641558066, 3.04731592088578, 3.0921424451225, 3.13557785422764, 3.17745579076697, 3.21760931872269, 3.25587077664592, 3.29207170193846, 3.32604271468343, 3.35761337796861, 3.38661214706998, 3.41286629292894, 3.43620180294158, 3.45644326090989, 3.47341383539283, 3.48693523527197, 3.49682767337362, 3.50290983799788, 3.50499887220251, 1.868, 1.87003207834207, 1.87596259376218, 1.88562632235345, 1.89885804020569, 1.91549252340162, 1.93536454801281, 1.95830889009548, 1.98416032568639, 2.01275363079885, 2.04392358141931, 2.07750495350446, 2.11333252297935, 2.15124106573649, 2.1910653576361, 2.23264017450776, 2.27580029215314, 2.32038048635009, 2.36621553285761, 2.41314020742172, 2.46098928578185, 2.50959754367747, 2.55879975685467, 2.60843070107256, 2.65832515210904, 2.70831788576614, 2.75824367787458, 2.80793730429789, 2.85723354093602, 2.90596716372882, 2.95397294865964, 3.00108567175948, 3.04714005707372, 3.09197063283735, 3.13541157825976, 3.17729656296575, 3.21745864622767, 3.25573012197152, 3.29194243872168, 3.32592607707089, 3.35751040223474, 3.38652361025222, 3.41279264718323, 3.43614310448169, 3.45639909203584, 3.47338322593739, 3.48691658155437, 3.49681865511047, 3.50290733361366, 3.50499887297391, 1.868, 1.87003146026569, 1.87596020575384, 1.88562109631611, 1.89884899180065, 1.91547875204809, 1.93534523688733, 1.95828330613108, 1.9841278195715, 2.0127136369761, 2.04387561808402, 2.07744862260309, 2.11326751020777, 2.15116714053823, 2.19098237320061, 2.23254806776872, 2.27569908378699, 2.32027028077468, 2.36609651823115, 2.41301265564208, 2.46085355248612, 2.50945406824191, 2.55864906239505, 2.60827339444477, 2.65816192391005, 2.70814951033522, 2.75807101329479, 2.80776129239776, 2.85705520729139, 2.90578761766492, 2.95379338325326, 3.00090736384141, 3.04696436488956, 3.09179898612311, 3.13524546027714, 3.1771374841082, 3.2173081122945, 3.25558959429784, 3.29181328995832, 3.32580954061422, 3.35740751388767, 3.38643514688575, 3.41271906111583, 3.43608445245332, 3.45635495724632, 3.47335263950994, 3.48689794150415, 3.49680964326834, 3.50290483094791, 3.5049988737444, 1.868, 1.87003084285815, 1.87595782032618, 1.88561587592022, 1.89883995315267, 1.91546499552806, 1.9353259465385, 1.95825774965913, 1.98409534834348, 2.01267368601915, 2.04382770608395, 2.07739235190277, 2.11320256680542, 2.15109329408568, 2.19089947700156, 2.23245605877707, 2.27559798260531, 2.32016019165291, 2.36597762906558, 2.41288523797456, 2.4607179615037, 2.50931074277679, 2.55849852492486, 2.60811625109321, 2.65799886444786, 2.7079813081814, 2.75789852551808, 2.80758545971827, 2.85687705408255, 2.90560825195544, 2.95361399672937, 3.00072923184928, 3.04678884413591, 3.09162750478991, 3.13507950009927, 3.17697855402477, 3.21715771676614, 3.25544919348159, 3.29168425551986, 3.32569310520044, 3.35730471283031, 3.3863467568894, 3.41264553466115, 3.43602584680572, 3.45631085650429, 3.47332207608561, 3.48687931510664, 3.4968006378404, 3.50290232999879, 3.50499887451401, 1.868, 1.87003022611844, 1.87595543747532, 1.88561066115729, 1.8988309242471, 1.9154512538192, 1.93530667693503, 1.95823222063822, 1.98406291194975, 2.01263377786338, 2.04377984534166, 2.07733614131263, 2.11313769266755, 2.15101952625987, 2.19081666890556, 2.23236414738491, 2.27549698844581, 2.32005021880833, 2.3658588651706, 2.41275795421556, 2.46058251261832, 2.50916756705392, 2.55834814420491, 2.60795927076877, 2.65783597346465, 2.70781327903946, 2.75772621427328, 2.80740980598399, 2.8566990810315, 2.90542906632173, 2.95343478881071, 3.00055127550938, 3.04661349454487, 3.09145618857795, 3.13491369747669, 3.17681977247854, 3.2170074594202, 3.25530891931677, 3.29155533521834, 3.3255767706609, 3.35720199891443, 3.38625844013603, 3.41257206771354, 3.4359672874547, 3.45626678974662, 3.47329153562091, 3.48686070233548, 3.49679163881386, 3.50289983076249, 3.50499887528211, 1.868, 1.87002961004326, 1.87595305718842, 1.88560545199921, 1.89882190503519, 1.91543752684727, 1.93528742797272, 1.95820671893016, 1.98403051021451, 2.01259391229226, 2.04373203559718, 2.07727999052697, 2.11307288744085, 2.15094583665848, 2.19073394846031, 2.23227233308943, 2.27539610075502, 2.31994036163716, 2.36574022589291, 2.41263080366342, 2.46044720508163, 2.5090245402803, 2.55819791940008, 2.60780245259713, 2.65767325005024, 2.70764542196722, 2.75755407859046, 2.80723433020186, 2.85652128712722, 2.90525005974034, 2.95325575846739, 3.00037349379178, 3.04643831509328, 3.09128503647799, 3.13474805142145, 3.17666113851046, 3.21685733933433, 3.25516877092562, 3.29142652822848, 3.32546053623091, 3.35709937144385, 3.38617019600602, 3.41249865973781, 3.43590877395742, 3.45622275663067, 3.47326101787313, 3.48684210303965, 3.496782646113, 3.50289733321415, 3.50499887604228, 1.868, 1.87002899463178, 1.87595067946235, 1.8856002484391, 1.89881289550507, 1.91542381459422, 1.93526819962627, 1.95818124450149, 1.98399814309535, 2.01255408925366, 2.04368427678809, 2.0772238994726, 2.11300815104103, 2.15087222518586, 2.19065131555866, 2.23218061577196, 2.27529531940289, 2.31983061999814, 2.36562171108038, 2.4125037861556, 2.46031203872119, 2.50888166227433, 2.55804785032036, 2.60764579638078, 2.65751069400069, 2.70747773675538, 2.75738211825623, 2.80705903215579, 2.85634367215236, 2.90507123199429, 2.95307690548447, 3.00019588648546, 3.04626330557592, 3.09111404829245, 3.13458256174551, 3.17650265194375, 3.21670735634456, 3.2550287481583, 3.29129783441578, 3.32534440179202, 3.35699683031671, 3.3860820244142, 3.41242531066531, 3.43585030626107, 3.45617875711844, 3.47323052281771, 3.48682351720617, 3.49677365973428, 3.50289483735707, 3.50499887680161, 1.868, 1.87002837988323, 1.8759483042941, 1.8855950504704, 1.89880389564537, 1.91541011704278, 1.93524899187152, 1.95815579732022, 1.98396581055169, 2.01251430869775, 2.04363656885472, 2.07716786807959, 2.11294348338751, 2.15079869175058, 2.19056877009819, 2.23208899531911, 2.27519464426511, 2.3197209937563, 2.36550332058767, 2.41237690153683, 2.46017701337236, 2.50873893286261, 2.55789793678438, 2.60748930193127, 2.6573483051214, 2.70731022320433, 2.75721033306716, 2.80688391163985, 2.85616623589993, 2.90489258287703, 2.95289822965753, 3.00001845338984, 3.04608846579787, 3.09094322383392, 3.13441722827069, 3.17634431261111, 3.21655751029595, 3.25488885087351, 3.29116925365351, 3.32522836723286, 3.35689437543736, 3.38599392528065, 3.41235202043147, 3.43579188431573, 3.45613479117352, 3.47320005043018, 3.48680494482063, 3.49676467967093, 3.50289234318941, 3.50499887756007, 1.868, 1.87002776579682, 1.87594593168065, 1.88558985808654, 1.89879490544476, 1.9153964341757, 1.93522980468432, 1.95813037735443, 1.98393351254299, 2.01247457057475, 2.04358891173748, 2.07711189627807, 2.11287888439983, 2.15072523626132, 2.19048631197664, 2.23199747161761, 2.27509407521757, 2.31961148277685, 2.36538505426965, 2.41225014965205, 2.46004212887072, 2.50859635187201, 2.55774817861105, 2.6073329690604, 2.65718608321807, 2.70714288111475, 2.75703872282013, 2.8067089684484, 2.8559889781632, 2.90471411218232, 2.95271973078242, 2.99984119430464, 3.04591379556451, 3.09077256291525, 3.13425205081906, 3.17618612034548, 3.21640780103379, 3.25474907893013, 3.29104078581517, 3.32511243244225, 3.3567920067103, 3.38590589852558, 3.41227878897188, 3.43573350807161, 3.45609085875958, 3.47316960068617, 3.48678638586862, 3.49675570591626, 3.5028898507094, 3.50499887831764, 1.868, 1.87002715078498, 1.87594355550515, 1.88558465793147, 1.89878590182995, 1.9153827309563, 1.93521058905022, 1.95810491982938, 1.98390116698361, 2.01243477416923, 2.04354118500416, 2.07705584306384, 2.11281419187848, 2.15065167493172, 2.19040373566106, 2.23190581746004, 2.27499336368221, 2.31950181764683, 2.36526662264598, 2.41212322195284, 2.45990705883084, 2.50845357654301, 2.55759821836148, 2.60717642757642, 2.65702364750443, 2.70697532149598, 2.75686689294201, 2.80653380527964, 2.85581150199733, 2.90453542663963, 2.95254102281224, 2.99966373418771, 3.04573893485137, 3.09060172401532, 3.13408670933126, 3.17602777898029, 3.21625795818798, 3.25460918913079, 3.29091221572493, 3.32499641058724, 3.35668956543933, 3.38581781285586, 3.41220551113534, 3.43567509673075, 3.45604690111576, 3.47313913401828, 3.4867678166052, 3.49674672664918, 3.5028873555939, 3.5049988772957, 1.868, 1.87002653643516, 1.87594118188398, 1.88557946336027, 1.89877690787267, 1.91536904241913, 1.93519139398095, 1.95807948951663, 1.98386885595572, 2.01239502019305, 2.04349350908361, 2.07699984943829, 2.11274956802109, 2.15057819154769, 2.19032124668588, 2.23181426005786, 2.27489275824432, 2.31939226779034, 2.3651483152128, 2.41199642700896, 2.45977212966588, 2.50831094967024, 2.55744841351806, 2.60702004772406, 2.65686137883035, 2.7068079334141, 2.75669523809443, 2.80635881953832, 2.8556342044659, 2.90435691965548, 2.95236249194867, 2.99948644825631, 3.04556424387992, 3.09043104887701, 3.13392152411727, 3.17586958496687, 3.21610825245378, 3.25446942504565, 3.29078375898719, 3.32488048899407, 3.35658721088836, 3.38572980021719, 3.41213229282155, 3.43561673194728, 3.45600297797917, 3.47310869110325, 3.48674926203144, 3.49673775510801, 3.50288486375935, 3.50499887805785, 1.868, 1.87002592274846, 1.87593881082136, 1.88557427438205, 1.89876792358849, 1.91535536858756, 1.93517221950888, 1.95805408645843, 1.98383657951222, 2.01235530871027, 2.04344588405131, 2.07694391548844, 2.1126850129261, 2.15050478621872, 2.19023884517112, 2.23172279954084, 2.27479225904242, 2.31928283335348, 2.36503013212242, 2.41186976497726, 2.45963734153546, 2.50816847141401, 2.55729876423955, 2.60686382965809, 2.65669927734392, 2.70664071700764, 2.75652375840326, 2.80618401133429, 2.8554570856593, 2.904178591297, 2.95218413823162, 2.99930933651902, 3.04538972262296, 3.09026053743259, 3.13375649506379, 3.17571153814075, 3.21595868360961, 3.2543297863895, 3.29065541524604, 3.32476466722845, 3.35648494253646, 3.38564185999297, 3.41205913330865, 3.4355584128837, 3.45595908838563, 3.47307827083849, 3.48673072089393, 3.49672878987531, 3.50288237361042, 3.50499887881629, 1.868, 1.87002530972413, 1.87593644231442, 1.88556909099053, 1.89875894896657, 1.91534170944512, 1.93515306561093, 1.95802871062427, 1.98380433761439, 2.01231563967331, 2.04339830985032, 2.0768880411475, 2.11262052651658, 2.15043145885754, 2.19015653101901, 2.23163143580071, 2.27469186595784, 2.31917351420739, 2.36491207323608, 2.41174323570952, 2.45950269428237, 2.50802614160876, 2.55714927035279, 2.60670777319854, 2.65653734285931, 2.70647367208596, 2.75635245367417, 2.80600938047085, 2.85528014537974, 2.90400044136681, 2.95200596146571, 2.99913239878409, 3.04521537089411, 3.09009018950281, 3.13359162200033, 3.17555363834188, 3.21580925150724, 3.25419027302718, 3.29052718438037, 3.32464894518409, 3.35638276029248, 3.3855539921073, 3.41198603253566, 3.43550013949331, 3.45591523230161, 3.4730478732022, 3.48671219318074, 3.49671983094684, 3.50287988514795, 3.5049988795739, 1.868, 1.87002469736143, 1.8759340763603, 1.88556391317949, 1.89874998399613, 1.91532806497544, 1.93513393226418, 1.95800336198381, 1.98377213022374, 2.01227601303489, 2.04335078642403, 2.07683222634911, 2.11255610871608, 2.15035820937738, 2.19007430413237, 2.23154016872986, 2.27459157887263, 2.31906431022396, 2.36479413841581, 2.41161683905833, 2.45936818775028, 2.50788396008985, 2.55699993168553, 2.60655187816639, 2.65637557519167, 2.70630679845939, 2.75618132371385, 2.80583492675222, 2.85510338343039, 2.90382246966845, 2.95182796145639, 2.99895563486058, 3.04504118850774, 3.08992000490905, 3.13342690475701, 3.17539588541062, 3.21565995599875, 3.25405088482369, 3.29039906626909, 3.32453332275449, 3.35628066406493, 3.38546619648371, 3.4119129904408, 3.43544191172831, 3.45587140969223, 3.47301749817094, 3.48669367887806, 3.49671087831612, 3.5028773983702, 3.50499888033068, 1.868, 1.87002408565963, 1.87593171295616, 1.8855587409427, 1.89874102866641, 1.91531443516215, 1.9351148194457, 1.95797804050674, 1.98373995730182, 2.01223642874779, 2.04330331371589, 2.07677647102699, 2.11249175944825, 2.15028503769159, 2.18999216441414, 2.2314489982208, 2.27449139766897, 2.31895522127524, 2.36467632752385, 2.41149057487649, 2.45923382178305, 2.50774192669285, 2.55685074806575, 2.60639614438286, 2.65621397415638, 2.70614009593851, 2.7560103683292, 2.80566064998291, 2.85492679961466, 2.90364467600571, 2.95165013800939, 2.99877904455779, 3.04486717527844, 3.08974998347293, 3.13326234316411, 3.17523827918757, 3.21551079693642, 3.25391162164421, 3.29027106079128, 3.3244177998333, 3.35617865376242, 3.3853784730458, 3.41184000696237, 3.43538372954099, 3.45582762052268, 3.47298714572135, 3.48667517797209, 3.49670193197675, 3.50287491327548, 3.50499888108662, 1.868, 1.87002347461799, 1.87592935209915, 1.88555357427394, 1.89873208296666, 1.91530081998892, 1.93509572713264, 1.9579527461628, 1.98370781881024, 2.01219688676484, 2.04325589166945, 2.07672077511495, 2.11242747863684, 2.15021194371364, 2.18991011176738, 2.23135792416619, 2.2743913222292, 2.31884624723346, 2.36455864042259, 2.41136444301697, 2.45909959622477, 2.50760004125354, 2.55670171932167, 2.60624057166941, 2.65605253956908, 2.70597356433418, 2.75583958732741, 2.80548654996767, 2.85475039373624, 2.90346706018265, 2.95147249093069, 2.99860262768529, 3.04469333102106, 3.0895801250163, 3.1330979370522, 3.1750808195135, 3.21536177417272, 3.2537724833541, 3.29014316782615, 3.32430237631431, 3.35607672929368, 3.3852908217173, 3.41176708203876, 3.43532559288368, 3.45578386475818, 3.47295681583006, 3.48665669044906, 3.49669299192227, 3.50287242986207, 3.50499888184172, 1.868, 1.87002286423578, 1.87592699378644, 1.88554841316702, 1.89872314688616, 1.91528721943944, 1.93507665530214, 1.95792747892177, 1.98367571471067, 2.01215738703896, 2.04320852022832, 2.07666513854687, 2.11236326620568, 2.15013892735712, 2.1898281460953, 2.23126694645884, 2.27429135243584, 2.31873738797101, 2.36444107697463, 2.41123844333297, 2.45896551091974, 2.50745830360794, 2.55655284528173, 2.60608515984775, 2.65589127124566, 2.70580720345748, 2.75566898051593, 2.80531262651153, 2.85457416559907, 2.90328962200358, 2.95129502002653, 2.99842638405289, 3.04451965555071, 3.08941042936126, 3.13293368625202, 3.17492350622944, 3.21521288756032, 3.2536334698189, 3.29001538725308, 3.32418705209147, 3.35597489056758, 3.38520324242201, 3.41169421560842, 3.4352675017088, 3.45574014236399, 3.47292650847376, 3.48663821629521, 3.49668405814628, 3.50286994812827, 3.504998882596, 1.868, 1.87002225451225, 1.87592463801519, 1.88554325761572, 1.89871422041418, 1.91527363349742, 1.93505760393139, 1.95790223875347, 1.98364364496481, 2.01211792952311, 2.04316119933618, 2.07660956125674, 2.11229912207874, 2.15006598853572, 2.18974626730123, 2.23117606499169, 2.27419148817153, 2.31862864336045, 2.36432363704271, 2.41111257567786, 2.45883156571244, 2.50731671359226, 2.55640412577459, 2.60592990873981, 2.65573016900222, 2.70564101311975, 2.75549854770242, 2.80513887941975, 2.85439811500735, 2.90311236127307, 2.95111772510339, 2.99825031347065, 3.04434614868271, 3.08924089633013, 3.13276959059456, 3.17476633917658, 3.21506413695206, 3.25349458090431, 3.28988771895162, 3.32407182705882, 3.35587313749308, 3.38511573508386, 3.4116214076099, 3.43520945596881, 3.45569645330544, 3.47289622362914, 3.48661975549681, 3.49667513064235, 3.50286746807238, 3.50499888334944, 1.868, 1.87002164544668, 1.87592228478257, 1.88553810761387, 1.89870530354003, 1.91526006214659, 1.93503857299762, 1.95787702562777, 1.98361160953443, 2.01207851417031, 2.04311392893681, 2.07655404317863, 2.11223504618007, 2.14999312716325, 2.18966447528862, 2.23108527965785, 2.27409172931908, 2.31852001327451, 2.36420632048981, 2.41098683990522, 2.45869776044758, 2.50717527104296, 2.55625556062916, 2.60577481816775, 2.65556923265515, 2.70547499313259, 2.75532828869485, 2.80496530849789, 2.85422224176556, 2.90293527779597, 2.95094060596803, 2.9980744157489, 3.04417281023266, 3.08907152574547, 3.13260564991104, 3.17460931819637, 3.21491552220101, 3.25335581647622, 3.28976016280147, 3.32395670111059, 3.35577146997928, 3.38502829962686, 3.41154865798182, 3.43515145561624, 3.45565279754789, 3.47286596127295, 3.48660130804011, 3.49666620940409, 3.5028649896927, 3.50499888410205, 1.868, 1.87002103703832, 1.87591993408574, 1.88553296315528, 1.898696396253, 1.91524650537071, 1.93501956247807, 1.95785183951456, 1.98357960838134, 2.01203914093366, 2.04306670897403, 2.07649858424669, 2.11217103843381, 2.14992034315364, 2.18958276996106, 2.23099459035052, 2.27399207576148, 2.3184114975861, 2.36408912717905, 2.4108612358688, 2.45856409497006, 2.50703397579668, 2.55610714967456, 2.60561988795399, 2.65540846202105, 2.70530914330782, 2.75515820330141, 2.80479191355172, 2.8540465456784, 2.90275837137735, 2.95076366242746, 2.9978986906982, 3.04399964001638, 3.08890231743009, 3.13244186403287, 3.17445244313042, 3.21476704316041, 3.25321717640069, 3.28963271868247, 3.32384167414112, 3.35566988793539, 3.38494093597513, 3.41147596666287, 3.43509350060368, 3.45560917505674, 3.47283572138196, 3.48658287391144, 3.4966572944251, 3.50286251298753, 3.50499888485383, 1.868, 1.87002042928646, 1.87591758592189, 1.88552782423377, 1.89868749854244, 1.91523296315354, 1.93500057235001, 1.95782668038378, 1.98354764146741, 2.01199980976632, 2.04301953939176, 2.07644318439517, 2.11210709876421, 2.14984763642093, 2.18950115122226, 2.2309039969631, 2.27389252738184, 2.31830309616829, 2.36397205697376, 2.41073576342259, 2.458430569125, 2.5068928276903, 2.55595889274014, 2.60546511792117, 2.65524785691678, 2.70514346345756, 2.75498829133056, 2.8046186943873, 2.85387102655086, 2.90258164182258, 2.95058689428893, 2.99772313812937, 3.04382663784993, 3.08873327120701, 3.13227823279172, 3.17429571382057, 3.21461869968369, 3.25307866054397, 3.28950538647465, 3.32372674604488, 3.35556839127073, 3.38485364405286, 3.41140333359184, 3.43503559088379, 3.45556558579743, 3.47280550393296, 3.48656445309709, 3.49664838569898, 3.50286003795518, 3.50499888560478, 1.868, 1.87001982219036, 1.87591524028819, 1.88552269084319, 1.89867861039767, 1.91521943547888, 1.93498160259077, 1.95780154820541, 1.98351570875455, 2.01196052062149, 2.04297242013399, 2.0763878435584, 2.11204322709564, 2.14977500687928, 2.18941961897607, 2.2308134993891, 2.27379308406344, 2.31819480889432, 2.36385510973741, 2.41061042242072, 2.45829718275772, 2.50675182656092, 2.55581078965548, 2.60531050789217, 2.65508741715943, 2.70497795339413, 2.75481855259101, 2.80444565081094, 2.85369568418818, 2.90240508893725, 2.95041030135996, 2.99754775785347, 3.04365380354965, 3.08856438689949, 3.13211475601946, 3.17413913010889, 3.21447049162449, 3.25294026877246, 3.28937816605817, 3.32361191671651, 3.35546697989476, 3.38476642378439, 3.4113307587076, 3.43497772640928, 3.45552202973547, 3.47277530890277, 3.48654604558339, 3.49663948321937, 3.50285756459395, 3.50499888635491, 1.868, 1.87001921574928, 1.87591289718183, 1.88551756297737, 1.89866973180805, 1.91520592233055, 1.93496265317766, 1.95777644294948, 1.98348381020472, 2.01192127345247, 2.04292535114478, 2.07633256167081, 2.11197942335255, 2.14970245444295, 2.18933817312646, 2.23072309752217, 2.27369374568972, 2.3180866356376, 2.3637382853337, 2.41048521271756, 2.45816393571375, 2.50661097224585, 2.55566284025038, 2.60515605769009, 2.65492714256635, 2.70481261293012, 2.75464898689172, 2.8042727826292, 2.85352051839586, 2.90222871252723, 2.95023388344832, 2.99737254968182, 3.04348113693207, 3.08839566433103, 3.13195143354819, 3.17398269183762, 3.21432241883663, 3.25280200095276, 3.28925105731337, 3.32349718605077, 3.35536565371705, 3.38467927509412, 3.41125824194907, 3.43491990713292, 3.4554785068364, 3.47274513626827, 3.48652765135671, 3.49663058697988, 3.50285509290215, 3.50499888710421, 1.868, 1.8700186099625, 1.87591055659999, 1.88551244063017, 1.89866086276295, 1.9151924236924, 1.93494372408807, 1.95775136458604, 1.98345194577995, 2.01188206821258, 2.04287833236827, 2.07627733866689, 2.11191568745948, 2.14962997902634, 2.18925681357751, 2.23063279125611, 2.27359451214426, 2.31797857627169, 2.36362158362648, 2.41036013416764, 2.45803082783881, 2.50647026458261, 2.55551504435487, 2.6050017671383, 2.65476703295512, 2.70464744187838, 2.7544795940419, 2.8041000896489, 2.85334552897964, 2.90205251239865, 2.95005764036204, 2.997197513426, 3.043308637814, 3.08822710332536, 3.13178826521023, 3.17382639884922, 3.21417448117413, 3.25266385695164, 3.28912406012072, 3.32338255394256, 3.35526441264727, 3.38459219790655, 3.41118578325528, 3.43486213300755, 3.4554350170658, 3.47271498600633, 3.4865092704034, 3.49662169697417, 3.50285262287811, 3.50499888785269, 1.868, 1.87001800482929, 1.87590821853987, 1.88550732379544, 1.89865200325174, 1.91517893954827, 1.93492481529939, 1.95772631308519, 1.9834201154423, 2.01184290485522, 2.04283136374866, 2.07622217448123, 2.1118520193411, 2.14955758054393, 2.18917554023346, 2.23054258048486, 2.27349538331082, 2.31787063067035, 2.3635050044798, 2.41023518662569, 2.45789785897884, 2.50632970340894, 2.55536740179921, 2.60484763606036, 2.65460708814356, 2.70448244005198, 2.75431037385102, 2.80392757167711, 2.85317071574554, 2.90187648835787, 2.94988157190939, 2.99702264889782, 3.04313630601247, 3.08805870370644, 3.1316252508381, 3.17367025098638, 3.21402667849119, 3.25252583663602, 3.28899717436087, 3.32326802028689, 3.35516325659523, 3.38450519214629, 3.41111338256532, 3.43480440398607, 3.45539156038928, 3.47268485809386, 3.48649090270984, 3.49661281319585, 3.50285015452011, 3.50499888860033, 1.868, 1.87001740034892, 1.87590588299865, 1.88550221246706, 1.89864315326384, 1.91516546988205, 1.93490592678906, 1.95770128841708, 1.98338831915388, 2.01180378333388, 2.04278444523025, 2.07616706904853, 2.11178841892215, 2.14948525891033, 2.18909435299866, 2.2304524651025, 2.27339635907329, 2.31776279870748, 2.36338854775786, 2.41011036994666, 2.45776502897998, 2.5061892885628, 2.55521991241387, 2.6046936642801, 2.65444730794973, 2.70431760726426, 2.75414132612881, 2.80375522852116, 2.85299607849983, 2.90170064021153, 2.9497056778989, 2.99684795590933, 3.04296414134478, 3.08789046529846, 3.13146239026458, 3.17351424809195, 3.2138790106422, 3.25238793987303, 3.28887039991461, 3.32315358497896, 3.35506218547085, 3.38441825773805, 3.41104103981838, 3.43474672002144, 3.45534813677254, 3.47265475250783, 3.48647254826244, 3.4966039356386, 3.50284768782648, 3.50499888934716, 1.868, 1.87001679652067, 1.87590354997354, 1.88549710663889, 1.89863431278863, 1.91515201467765, 1.93488705853452, 1.95767629055188, 1.98335655687687, 2.01176470360206, 2.04273757675738, 2.07611202230354, 2.1117248861275, 2.14941301404028, 2.18901325177758, 2.23036244500325, 2.27329743931572, 2.31765508025717, 2.36327221332507, 2.40998568398565, 2.45763233768857, 2.50604901988235, 2.55507257602956, 2.60453985162155, 2.65428769219195, 2.7041529433288, 2.75397245068523, 2.80358305998865, 2.85282161704903, 2.90152496776653, 2.94952995813936, 2.99667343427286, 3.04279214362843, 3.08772238792585, 3.13129968332264, 3.17335839000905, 3.21373147748177, 3.25225016652996, 3.28874373666291, 3.32303924791406, 3.35496119918417, 3.38433139460662, 3.4109687549537, 3.43468908106667, 3.45530474618129, 3.4726246692252, 3.48645420704762, 3.49659506429607, 3.50284522279555, 3.50499889009317, 1.868, 1.8700161933438, 1.87590121946173, 1.88549200630482, 1.89862548181556, 1.91513857391899, 1.93486821051327, 1.9576513194598, 1.98332482857348, 2.01172566561336, 2.04269075827449, 2.07605703418112, 2.11166142088209, 2.14934084584861, 2.18893223647483, 2.23027252008146, 2.27319862392231, 2.31754747519365, 2.36315600104602, 2.40986112859797, 2.45749978495116, 2.50590889720597, 2.55492539247721, 2.60438619790902, 2.65412824068876, 2.70398844805943, 2.7538037473305, 2.80341106588741, 2.85264733119992, 2.90134947083, 2.94935441243981, 2.99649908380097, 3.0426203126812, 3.08755447141327, 3.13113712984548, 3.17320267658094, 3.21358407886467, 3.25211251647426, 3.28861718448685, 3.32292500898765, 3.35486029764534, 3.38424460267692, 3.41089652791063, 3.43463148707485, 3.45526138858129, 3.47259460822298, 3.48643587905181, 3.49658619916194, 3.50284275942562, 3.50499889083835, 1.868, 1.87001559081761, 1.87589889146044, 1.88548691145875, 1.89861666033405, 1.91512514759001, 1.93484938270282, 1.95762637511112, 1.98329313420597, 2.01168666932143, 2.04264398972609, 2.07600210461621, 2.11159802311099, 2.14926875425026, 2.18885130699514, 2.23018269023165, 2.27309991277744, 2.31743998339135, 2.36303991078545, 2.40973670363914, 2.45736737061449, 2.50576892037228, 2.55477836158797, 2.604232702967, 2.65396895325895, 2.70382412127022, 2.75363521587511, 2.80323924602554, 2.85247322075954, 2.90117414920934, 2.94917904060953, 2.99632490430646, 3.04244864832108, 3.0873867155856, 3.13097472966652, 3.17304710765113, 3.21343681464587, 3.25197498957357, 3.28849074326772, 3.3228108680953, 3.35475948076463, 3.38415788187393, 3.41082435862858, 3.43457393799912, 3.45521806393834, 3.47256456947821, 3.48641756426147, 3.49657734022988, 3.50284029771503, 3.50499889158272, 1.868, 1.87001498894135, 1.87589656596686, 1.88548182209457, 1.89860784833355, 1.91511173567468, 1.93483057508073, 1.95760145747612, 1.98326147373667, 2.01164771467998, 2.04259727105675, 2.07594723354383, 2.11153469273934, 2.1491967391603, 2.18877046324337, 2.23009295534845, 2.27300130576561, 2.31733260472483, 2.36292394240831, 2.40961240896485, 2.45723509452553, 2.50562908922008, 2.55463148319321, 2.60407936662024, 2.65380982972154, 2.70365996277548, 2.75346685612977, 2.80306760021137, 2.85229928553517, 2.90099900271221, 2.94900384245806, 2.99615089560237, 3.04227715036632, 3.08721912026796, 3.13081248261939, 3.17289168306332, 3.21328968468052, 3.2518375856957, 3.28836441288692, 3.32269682513274, 3.35465874845243, 3.38407123212276, 3.41075224704703, 3.43451643379268, 3.45517477221829, 3.47253455296794, 3.48639926266306, 3.49656848749356, 3.50283783766209, 3.50499889232626
0.01, 0.01, 0.01, 0.01, 0.01, 0.01, 0.01, 0.01, 0.01, 0.01, 0.01, 0.01, 0.01, 0.01, 0.01, 0.01, 0.01, 0.01, 0.01, 0.01, 0.01, 0.01, 0.01, 0.01, 0.01, 0.01, 0.01, 0.01, 0.01, 0.01, 0.01, 0.01, 0.01, 0.01, 0.01, 0.01, 0.01, 0.01, 0.01, 0.01, 0.01, 0.01, 0.01, 0.01, 0.01, 0.01, 0.01, 0.01, 0.01, 0.01, 0.01, -0.370085961472793, -0.734333234261129, -1.08274182392203, -1.41531173642628, -1.73204297810492, -2.03293555557786, -2.3179894756644, -2.58720474527607, -2.84058137129344, -3.07811936042959, -3.29981871908407, -3.50567945319209, -3.6957015680749, -3.86988506829744, -4.02822995753975, -4.17073623848835, -4.29740391275282, -4.40823298081196, -4.50322344199193, -4.58237529447729, -4.64568853535387, -4.69316316068065, -4.72479916558616, -4.74059654438398, -4.74055529070085, -4.72467539761087, -4.69295685776922, -4.64539966353938, -4.58200380710851, -4.50276928058669, -4.40769607608636, -4.29678418577945, -4.17003360193002, -4.02744431690085, -3.86901632313236, -3.69474961309178, -3.50464417918979, -3.29870001366011, -3.07691710839507, -2.83929545472669, -2.58583504313722, -2.31653586287464, -2.03139790143646, -1.73042114386498, -1.41360557176592, -1.08095116190973, -0.732457884186744, -0.368125698530277, 0.0120454498640196, 0.01, -0.370055402919024, -0.734277269831804, -1.08266560618507, -1.4152204178273, -1.73194171095622, -2.03282949204919, -2.317883767776, -2.58710454489483, -2.84049183013272, -3.07804563005321, -3.29976595091486, -3.50565279852519, -3.69570617809567, -3.86992609410356, -4.028312550167, -4.17086554893901, -4.29758509202583, -4.40847117993341, -4.50352381204494, -4.58274298663001, -4.64612870088484, -4.69368095100082, -4.7253997322573, -4.74128503913361, -4.74133686543406, -4.72555520441991, -4.69394004894177, -4.64649139156696, -4.58320922469652, -4.50409354066764, -4.40914424204463, -4.29836090344604, -4.17174263183046, -4.02928806959358, -3.87099540748332, -3.69686240910131, -3.50688642019191, -3.30106437978573, -3.07939282448123, -2.84186794294015, -2.58848562771871, -2.31924143158501, -2.03413059119886, -1.73314812783845, -1.41628887981731, -1.08354750978064, -0.734918534582171, -0.370396354875696, 0.0100248099359883, 0.01, -0.369979533533501, -0.734130861165344, -1.08245398833128, -1.41494892085673, -1.73161566490327, -2.03245422689831, -2.31746461344775, -2.58664683123236, -2.84000088688947, -3.07752678688243, -3.29922453736178, -3.50509414402248, -3.69513561196272, -3.86934894554995, -4.02773414830023, -4.17029122277652, -4.29702017051069, -4.40792099195325, -4.50299368645312, -4.58223825226821, -4.645654686606, -4.69324298569144, -4.72500314485848, -4.74093515866005, -4.74103902099085, -4.72531472521696, -4.69376226430641, -4.64638163095512, -4.58317281770347, -4.50413581703955, -4.40927044141991, -4.29857584680927, -4.17205025360503, -4.02969095277579, -3.87149433170893, -3.69745592324839, -3.5075704244394, -3.30183171878804, -3.08023288480836, -2.84276630559987, -2.58942377284829, -2.32019639918757, -2.03507466676043, -1.73404862938919, -1.41710797764963, -1.08424205508317, -0.735439919861159, -0.370690406830228, 0.0100179975872395, 0.01, -0.369825176760001, -0.733832975084714, -1.08202340038768, -1.41439645844758, -1.73095215535255, -2.03169049742842, -2.31661149115117, -2.58571514304411, -2.8390014595619, -3.07647044696393, -3.29812211118073, -3.50395645767789, -3.69397349132265, -3.86817321625844, -4.02655563579301, -4.16912075230522, -4.29586856717476, -4.40679908073832, -4.50191229227408, -4.58120820001506, -4.64468680119046, -4.69234809209247, -4.72419206816493, -4.74021872410939, -4.74042805400332, -4.72482005142511, -4.69339470958059, -4.64615202142627, -4.58309197978504, -4.50421457745086, -4.4095194441718, -4.29900488391109, -4.17266731023647, -4.03050125868558, -3.87249943896059, -3.69865283399189, -3.50895073788892, -3.30338080094425, -3.08192904696219, -2.84458009500681, -2.59131736982092, -2.3221229247108, -2.03697754070289, -1.7358611356753, -1.41875289623391, -1.0856313120655, -0.736474302478218, -0.37125934468565, 0.0100367738149972, 0.01, -0.369670412375026, -0.733534301971007, -1.08159167417921, -1.41384253473147, -1.73028688964223, -2.03092474513557, -2.31575610755713, -2.58478098327237, -2.83799937855284, -3.07541129945341, -3.29701675168403, -3.50281574048034, -3.69280827047801, -3.86699434559586, -4.02537396893281, -4.16794714268311, -4.29471386807388, -4.40567414532768, -4.50082797365174, -4.58017535125411, -4.64371627538578, -4.69145074240628, -4.72337874786964, -4.73950028662641, -4.73981535293726, -4.72432394059341, -4.69302604303909, -4.64592165349208, -4.58301076505846, -4.50429337083884, -4.40976892027732, -4.29943487013975, -4.17328583204485, -4.03131359109796, -3.8735071843431, -3.69985304976007, -3.51033508323747, -3.30493470644543, -3.08363089310515, -2.84640050242375, -2.59321859584242, -2.32405817090716, -2.03889031065593, -1.73768479959862, -1.42041032273615, -1.08703451795675, -0.737524167489801, -0.371845392485442, 0.0100367170352601, 0.01, -0.369515803276915, -0.733235928106313, -1.08116037985722, -1.41328916421463, -1.72962228711946, -2.03015975469406, -2.31490157315394, -2.58384774870685, -2.83699828744143, -3.07435319520827, -3.29591247749696, -3.50167613931342, -3.69164418506203, -3.86581661843724, -4.02419344232932, -4.16677465874812, -4.29356026876835, -4.40455027249855, -4.49974466907504, -4.57914345668095, -4.64274663258897, -4.69055419322592, -4.72256613425586, -4.73878245067815, -4.73920313693647, -4.72382818703461, -4.69265759465493, -4.64569135327617, -4.58292945628727, -4.50437189709515, -4.41001794724903, -4.29986422113172, -4.17390353330351, -4.03212492344591, -3.87451376098122, -3.70105194391018, -3.51171797462314, -3.30648705076509, -3.08533110060537, -2.84821922767482, -2.59511813375275, -2.32599176418715, -2.04080150714459, -1.73950701632442, -1.42206647745948, -1.08843667865362, -0.73857326677953, -0.372431008400994, 0.0100367026269718, 0.01, -0.369361348580021, -0.732937851797236, -1.08072951499845, -1.41273634382191, -1.72895834413501, -2.02939552195856, -2.31404788337803, -2.58291543444364, -2.83599818106134, -3.07329612887762, -3.29480928316199, -3.50053764869088, -3.69048122963762, -3.86464002947252, -4.02301405087743, -4.16560329567799, -4.29240776479665, -4.40342745822801, -4.4986623750376, -4.57811251338358, -4.64177787056034, -4.6896584430619, -4.72175422666218, -4.7380652165092, -4.73859140722943, -4.72333279303898, -4.69228936785807, -4.64546112542609, -4.58284805941454, -4.50445016353627, -4.41026653385191, -4.30029294716998, -4.17452042587734, -4.03293526923463, -3.87551918407344, -3.70224953338178, -3.51309943076994, -3.30803785445103, -3.08702969186956, -2.85003629505725, -2.59701600976891, -2.32792373271425, -2.04271116030357, -1.74132781798224, -1.42372139455089, -1.08983783034229, -0.739621638594209, -0.373016232760948, 0.0100366881583436, 0.01, -0.369207048130331, -0.732640072747037, -1.08029907917473, -1.41218407300492, -1.72829506003163, -2.02863204617418, -2.31319503738816, -2.58198403956646, -2.83499905843248, -3.0722400994289, -3.29370716760532, -3.49940026750896, -3.68931940308233, -3.86346457757186, -4.02183579345117, -4.1644330523619, -4.29125635507436, -4.40230570146937, -4.49758109054168, -4.57708252042453, -4.64080998843396, -4.68876349113106, -4.72094302439953, -4.73734858353585, -4.73798016334907, -4.72283775826735, -4.69192136244853, -4.64523096989234, -4.58276657455249, -4.50452817044744, -4.41051468055268, -4.3007210489056, -4.17513651059911, -4.03374462947037, -3.87652345478586, -3.70344581948203, -3.5144794531029, -3.30958711901891, -3.08872666847242, -2.85185170616987, -2.59891222547634, -2.32985407802047, -2.04461927156953, -1.74314720587014, -1.42537507512542, -1.09123797390958, -0.740669283546599, -0.373601065857794, 0.0100366737035995, 0.01, -0.369052901772554, -0.732342590656514, -1.07986907195432, -1.41163235121083, -1.72763243414674, -2.02786932657998, -2.31234303433645, -2.58105356315183, -2.83400091856722, -3.07118510582164, -3.29260612974508, -3.49826399465578, -3.68815870426566, -3.8622902615975, -4.02065866891693, -4.16326392768175, -4.29010603851032, -4.40118500116975, -4.49650081458411, -4.57605347686169, -4.63984298534015, -4.6878693366476, -4.72013252677734, -4.73663255117415, -4.73736940482943, -4.72234308238318, -4.69155357823053, -4.64500088663129, -4.58268500182107, -4.50460591812356, -4.41076238782976, -4.30114852700351, -4.17575178831772, -4.03455300517793, -3.87752657430574, -3.70464080354195, -3.51585804307377, -3.31113484601413, -3.09042203202162, -2.85366546264779, -2.60080678250032, -2.33178280168142, -2.04652584242654, -1.74496518133764, -1.42702752035382, -1.09263711030242, -0.741716202314142, -0.374185508053456, 0.0100366592625861, 0.01, -0.368898909351579, -0.732045405226829, -1.07943949290604, -1.41108117788746, -1.72697046581853, -2.02710736241595, -2.31149187337602, -2.5801240042774, -2.83300376047907, -3.07013114701666, -3.29150616850073, -3.49712882902079, -3.68699913205844, -3.86111708041304, -4.01948267614243, -4.16209592052079, -4.28895681401464, -4.40006535627753, -4.49542154616287, -4.57502538175404, -4.6388768604103, -4.68697597882663, -4.71932273310584, -4.73591711884081, -4.73675913120509, -4.72184876505026, -4.69118601500849, -4.64477087559935, -4.58260334134003, -4.50468340685911, -4.4110096561609, -4.30157538212775, -4.17636625988098, -4.03536039738083, -3.87852854381881, -3.70583448689089, -3.51723520213251, -3.31268103698017, -3.09211578412281, -2.8554775661241, -2.6026996824641, -2.33370990527068, -2.04843087435683, -1.74678174573254, -1.42867873140535, -1.0940352404665, -0.742762395573354, -0.3747695597093, 0.0100366448352971, 0.01, -0.368745070712493, -0.73174851615951, -1.07901034159922, -1.41053055248331, -1.72630915438605, -2.02634615292301, -2.31064155366104, -2.57919536202195, -2.8320075831828, -3.06907822197602, -3.29040728279303, -3.49599476949482, -3.68584068533291, -3.85994503288348, -4.01830781399682, -4.16092902976363, -4.2878086804988, -4.39894676574237, -4.4943432842772, -4.57399823416176, -4.63791161277682, -4.68608341688422, -4.71851364269609, -4.73520228595325, -4.73614934201119, -4.72135480593281, -4.69081867258706, -4.64454093675297, -4.58252159322898, -4.50476063694821, -4.4112564860233, -4.30200161494158, -4.17697992613567, -4.03616680710131, -3.87952936450938, -3.70702687085656, -3.51861093172728, -3.31422569345864, -3.09380792637972, -2.85728801822993, -2.60459092698898, -2.33563539036001, -2.05033436884085, -1.74859690040109, -1.4303287094479, -1.0954323653464, -0.743807863999964, -0.375353221186274, 0.0100366304217214, 0.01, -0.368591385700562, -0.731451923156441, -1.07858161760371, -1.40998047444753, -1.72564849918912, -2.02558569734299, -2.30979207434668, -2.57826763546535, -2.83101238569433, -3.06802632966306, -3.28930947154403, -3.49486181497, -3.68468336296264, -3.85877411787518, -4.01713408135056, -4.15976325429622, -4.28666163687553, -4.39782922851519, -4.49326602792751, -4.57297203314609, -4.63694724157318, -4.68519165003735, -4.71770525485996, -4.73448805192957, -4.73554003678339, -4.72086120469541, -4.69045155077109, -4.64431107004859, -4.58243975760732, -4.50483760868458, -4.41150287789352, -4.3024272261074, -4.1775927879275, -4.03697223536038, -3.8805290375603, -3.7082179567651, -3.51998523330452, -3.31576881698928, -3.09549846039414, -2.85909682059445, -2.60648051769436, -2.3375592585193, -2.05223632735733, -1.75041064668792, -1.43197745564798, -1.09682848588561, -0.744852608268936, -0.375936492844931, 0.0100366160218174, 0.01, -0.368437854161243, -0.731155625919867, -1.07815332048987, -1.40943094322996, -1.72498849956834, -2.02482599491861, -2.30894343458915, -2.5773408236886, -2.83001816703076, -3.06697546904234, -3.28821273367711, -3.49372996433982, -3.68352716382257, -3.85760433425585, -4.01596147707548, -4.15859859300584, -4.28551568205891, -4.39671274354815, -4.49218977611541, -4.57194677776941, -4.63598374593386, -4.68430067750395, -4.71689756891014, -4.73377441618856, -4.73493121505792, -4.72036796100307, -4.69008464936566, -4.64408127544275, -4.58235783459434, -4.50491432236158, -4.41174883224755, -4.30285221628682, -4.17820484610118, -4.03777668317777, -3.88152756415296, -3.70940774594098, -3.52135810830891, -3.31731040911, -3.09718738776596, -2.86090397484489, -2.60836845619768, -2.33948151131656, -2.05413675138323, -1.75222298593609, -1.43362497117074, -1.09822360302649, -0.74589662905441, -0.376519375045368, 0.0100366016355826, 0.01, -0.368284475940177, -0.730859624152392, -1.07772544982859, -1.40888195828108, -1.72432915486513, -2.02406704489354, -2.30809563354565, -2.57641492577378, -2.82902492621039, -3.06592563907965, -3.28711706811689, -3.49259921649907, -3.68237208678896, -3.85643568089456, -4.01479000004477, -4.15743504478109, -4.28437081496429, -4.39559730979467, -4.49111452784372, -4.57092246709524, -4.63502112499438, -4.68341049850288, -4.71609058416015, -4.7330613781497, -4.73432287637154, -4.71987507452113, -4.68971796817606, -4.64385155289196, -4.58227582430913, -4.50499077827221, -4.41199434956077, -4.3032765861406, -4.17881610150032, -4.03858015157197, -3.88252494546732, -3.7105962397071, -3.52272955818336, -3.31885047135681, -3.09887471009311, -2.86270948260652, -2.61025474411446, -2.34140215031792, -2.05603564239376, -1.75403391948706, -1.43527125717993, -1.09961771771029, -0.74693992702974, -0.377101868147264, 0.0100365872630131, 0.01, -0.368131250883197, -0.730563917556987, -1.07729800519129, -1.40833351905206, -1.72367046442171, -2.02330884651235, -2.30724867037444, -2.57548994080413, -2.82803266225274, -3.06487683874212, -3.28602247378938, -3.49146957034396, -3.68121813073952, -3.85526815666181, -4.01361964913304, -4.15627260851199, -4.2832270345084, -4.39448292620952, -4.49004028211649, -4.56989910018828, -4.63405937789138, -4.68252111225401, -4.71528429992438, -4.73234893723323, -4.73371502026165, -4.71938254491544, -4.68935150700789, -4.6436219023529, -4.58219372687072, -4.50506697670914, -4.41223943030806, -4.30370033632878, -4.17942655496761, -4.03938264156031, -3.88352118268198, -3.71178343938481, -3.52409958436911, -3.32038900526397, -3.10056042897168, -2.86451334550274, -2.61213938305834, -2.34332117708772, -2.05793300186242, -1.75584344868076, -1.43691631483799, -1.10101083087721, -0.747982502867522, -0.377683972509902, 0.0100365729040849, 0.01, -0.367978178836315, -0.73026850583697, -1.07687098614989, -1.40778562499471, -1.72301242758108, -2.02255139902053, -2.30640254423476, -2.57456586786395, -2.82704137417845, -3.06382906699804, -3.2849289496218, -3.49034102477193, -3.68006529455321, -3.85410176042938, -4.01245042321617, -4.15511128308983, -4.2820843396092, -4.39336959174861, -4.48896703793892, -4.56887667611425, -4.63309850376242, -4.68163251797803, -4.71447871551795, -4.73163709285998, -4.73310764626607, -4.71889037185213, -4.68898526566687, -4.64339232378213, -4.58211154239785, -4.5051429179646, -4.41248407496358, -4.30412346751046, -4.18003620734459, -4.04018415415876, -3.884516276974, -3.71296934629375, -3.52546818830558, -3.32192601236379, -3.10224454599577, -2.8663155651549, -2.61402237464098, -2.34523859318839, -2.05982883126093, -1.75765157485547, -1.43856014530594, -1.10240294346629, -0.74902435723955, -0.378265688492141, 0.0100365585587709, 0.01, -0.367825161889914, -0.729973200490535, -1.07644412092779, -1.40723792837504, -1.72235462796921, -2.02179422472125, -2.30555672342422, -2.57364212856233, -2.82605044422511, -3.06278167403031, -3.28383582105914, -3.4892128878066, -3.67891287614874, -3.85293578732737, -4.01128162195182, -4.15395038001595, -4.28094206092774, -4.39225666354864, -4.48789418623928, -4.56785462690894, -4.63213798306676, -4.68074425187369, -4.71367343019523, -4.73092551465615, -4.73250050169919, -4.71839838765028, -4.68861916879341, -4.64316284145831, -4.58202940212442, -4.50521884754499, -4.41272865062094, -4.30454647567588, -4.18064567759177, -4.04098541229118, -3.88551103616768, -3.71415483409093, -3.52683629041078, -3.32346244075991, -3.10392801787549, -2.86811708779756, -2.6159046355373, -2.34715526664923, -2.06172393088572, -1.75945901148681, -1.44020335615008, -1.10379453804565, -0.750065828626319, -0.378847191396405, 0.0100365511955842, 0.01, -0.367672297915859, -0.729678189948022, -1.07601768120045, -1.40669077680026, -1.72169748181172, -2.02103780114537, -2.30471173946571, -2.57271930110119, -2.82506048996069, -3.06173530946016, -3.28274376246316, -3.48808585123776, -3.67776157743149, -3.85177094206449, -4.01011394553991, -4.15279058766937, -4.27980086771017, -4.39114478441099, -4.48682233606228, -4.56683352054849, -4.63117833540005, -4.67985677784417, -4.71286884485483, -4.73021453320361, -4.73189383951381, -4.71790676032115, -4.68825329214465, -4.64293343157159, -4.5819471753606, -4.50529452056727, -4.41297279088873, -4.30496886560637, -4.18125434761808, -4.04178569406692, -3.88650465369291, -3.7153390306432, -3.52820297210181, -3.32499734453012, -3.10560989045632, -2.86991697014817, -2.61778525243908, -2.3490703332364, -2.06361750467548, -1.76126504978291, -1.44184534494353, -1.10518513764795, -0.751106584614145, -0.379428312457197, 0.0100365368352496, 0.01, -0.367519586893051, -0.729383474167011, -1.07559166690389, -1.40614417018464, -1.72104098900094, -2.020282128163, -2.30386759220692, -2.57179738530558, -2.82407151118738, -3.0606899730667, -3.28165277358967, -3.48695991479769, -3.67661139811001, -3.85060722432532, -4.00894739364082, -4.15163190568607, -4.27866075956785, -4.39003395392217, -4.48575148696936, -4.56581335656906, -4.63021956027294, -4.67897009537437, -4.7120649589557, -4.72950414793513, -4.73128765911633, -4.71741548924453, -4.68788763507351, -4.64270409344782, -4.58186486140499, -4.50536993630254, -4.41321649500752, -4.30539063650349, -4.18186221657205, -4.04258499856193, -3.88749712852824, -3.71652193480174, -3.52956823206817, -3.32653072216386, -3.10729016198505, -2.87171521016495, -2.61966422296746, -2.35098379018298, -2.06550954942227, -1.76306968604059, -1.44348610743254, -1.10657473741262, -0.752146619678822, -0.38000904542941, 0.0100365225013021, 0.01, -0.367366857570426, -0.72908872295038, -1.07516560119993, -1.40559749735383, -1.7203844163312, -2.01952636284192, -2.30302334129367, -2.57087535570375, -2.82308240962008, -3.05964450605548, -3.28056164743864, -3.48583383558427, -3.67546107168333, -3.84944335631306, -4.00778068946472, -4.15047307058578, -4.27752049863248, -4.38892297212818, -4.48468048922308, -4.56479304775199, -4.62926064528784, -4.67808327919014, -4.71126094664961, -4.72879364473107, -4.73068137041855, -4.71692412066681, -4.68752189246439, -4.64247468291311, -4.58178248932937, -4.50544530937268, -4.41346017545126, -4.30581241099011, -4.18247012951737, -4.04338440556772, -3.88848978747523, -3.71770510144632, -3.530933803539, -3.32806443537249, -3.10897077278492, -2.87351377691038, -2.62154349505033, -2.35289751440727, -2.06740182115934, -1.76487450553279, -1.44512700825475, -1.10796443146722, -0.753186707562652, -0.380589793793026, 0.0100365248584563, 0.01, -0.367214280857282, -0.728794265839518, -1.07473995998486, -1.40505136828192, -1.71972849557731, -2.01877134648072, -2.30217992527155, -2.56995423581169, -2.82209428146876, -3.05860006505423, -3.2794715887796, -3.48470885423312, -3.67431186237774, -3.84828061356945, -4.00661510759377, -4.14931534371629, -4.27638132074288, -4.38781303708432, -4.48361049082075, -4.56377367976219, -4.62830260150274, -4.67719725346802, -4.71045763295693, -4.72808373718077, -4.7300755633037, -4.71643310848978, -4.68715636996203, -4.64224534507923, -4.58170003143637, -4.50552042699456, -4.41370342207335, -4.3062335692765, -4.18307724473948, -4.04418283916097, -3.88948130811574, -3.71888698062681, -3.53229795882769, -3.32959662866204, -3.11064978948122, -2.87531070905372, -2.62342112932402, -2.35480963843371, -2.0692925742185, -1.76667793431646, -1.44676669510834, -1.10935313906611, -0.75422608899073, -0.381170169659894, 0.0100365104870107, 0.01, -0.367061856974735, -0.728500103258043, -1.07431474386617, -1.40450578374166, -1.71907322765871, -2.01801708012689, -2.30133734529747, -2.56903402687708, -2.8211071280533, -3.05755665143642, -3.27838259902099, -3.48358497216906, -3.67316377161577, -3.84711899749614, -4.00545064939014, -4.14815872638169, -4.27524322712641, -4.38670414992263, -4.48254149278049, -4.56275525348521, -4.62734542965205, -4.67631201877261, -4.70965501825389, -4.72737442545345, -4.72947023771539, -4.71594245241281, -4.68679106700294, -4.64201607910126, -4.58161748658097, -4.50559528770448, -4.41394623306999, -4.30665410919187, -4.18368355966822, -4.04498029633437, -3.89047168696209, -3.72006756832684, -3.5336606933366, -3.3311272967969, -3.11232720613949, -2.87710599989736, -2.62529711826099, -2.35672015383557, -2.07118179920255, -1.7684799619514, -1.44840515643647, -1.11074084746117, -0.755264749948437, -0.381750157673208, 0.0100364961620018, 0.01, -0.366909585768768, -0.728206234909222, -1.07388995241574, -1.40396074318483, -1.71841861191834, -2.01726356302586, -2.30049560053066, -2.56811472798431, -2.82012094839446, -3.05651426417053, -3.27729467709031, -3.48246218828989, -3.67201679827686, -3.84595850696548, -4.00428731373042, -4.14700321747407, -4.27410621670198, -4.38559630960014, -4.48147349410875, -4.56173776798823, -4.62638912887497, -4.67542757432646, -4.70885310185766, -4.72666570897221, -4.72886539319394, -4.71545215210476, -4.68642598339583, -4.64178688493902, -4.58153485488545, -4.50566989179845, -4.41418860891947, -4.30707403139983, -4.18428907515008, -4.04577677810932, -3.89146092519736, -3.72124686587284, -3.53502200851277, -3.33265644131803, -3.11400302436366, -2.8788996510739, -2.6271714634857, -2.35862906218985, -2.07306949759977, -1.77028058979466, -1.45004239342129, -1.1121275576152, -0.756302691134152, -0.382329758221459, 0.0100364818504949, 0.01, -0.366757462560975, -0.727912651746593, -1.07346557252938, -1.40341622975986, -1.71776462806763, -2.01651077176237, -2.29965466473953, -2.56719631039572, -2.81913571155894, -3.05547287043785, -3.27620778859378, -3.48134046693707, -3.67087090574799, -3.84479910472029, -4.00312506302351, -4.14584877937873, -4.27297025214155, -4.38448947938574, -4.48040645898159, -4.56072118866476, -4.62543366609272, -4.67454388888876, -4.70805185467565, -4.72595756110297, -4.72826100587407, -4.7149621867794, -4.68606110174383, -4.64155774889529, -4.58145212666252, -4.50574423390947, -4.41443054888257, -4.30749334009104, -4.1848938006022, -4.04657229942063, -3.89244904355989, -3.72242490008738, -3.53638193753949, -3.3341841020419, -3.11567729087164, -2.88069171646764, -2.62904422631138, -2.3605364324988, -2.0749557463597, -1.77207989930378, -1.45167848498819, -1.11351333884983, -0.757339965193547, -0.382909000201743, 0.0100364694772394, 0.01, -0.366605491512617, -0.727619361818868, -1.07304161586946, -1.40287225846897, -1.71711129417483, -2.01575872719693, -2.298814561303, -2.56627879973493, -2.81815144514117, -3.05443249952994, -3.27512196424627, -3.48021983997501, -3.66972612676937, -3.84364082410279, -4.00196393093992, -4.14469544582071, -4.27183536695097, -4.38338369229232, -4.47934041964525, -4.55970554672064, -4.624479071197, -4.67366099076334, -4.70725130315012, -4.72525000615266, -4.72765709765362, -4.71447257565177, -4.68569643830538, -4.64132868399818, -4.58136931143623, -4.50581831978367, -4.4146720546511, -4.30791203262109, -4.18549772875676, -4.0473668480845, -3.89343602465214, -3.72360164805648, -3.53774045167931, -3.33571024409671, -3.11734996434227, -2.8824821479897, -2.63091535156065, -2.36244220217324, -2.07684047515615, -1.77387781565923, -1.45331335854372, -1.11489812754582, -0.758376524229229, -0.383487858185816, 0.0100364552538227, 0.01, -0.36645367252966, -0.727326364945138, -1.07261808217534, -1.40232882897896, -1.71645860984133, -2.01500742887266, -2.29797528971311, -2.56536219544999, -2.81716814855246, -3.05339315082843, -3.27403720340692, -3.47910030674753, -3.66858246067662, -3.8424836644476, -4.0008039168204, -4.14354321615403, -4.27070156050467, -4.38227894772192, -4.4782753755365, -4.55869084163453, -4.62352534371551, -4.67277887953411, -4.70645144692831, -4.72454304383903, -4.727053668328, -4.71398331860208, -4.68533199305267, -4.64109969031902, -4.58128640938413, -4.50589214971207, -4.41491312663387, -4.30833010951555, -4.18610086024956, -4.04816042483502, -3.89442186928924, -3.72477711065392, -3.53909755183806, -3.33723486838968, -3.11902104564925, -2.8842709464421, -2.63278483992316, -2.36434637174729, -2.07872368432256, -1.77567433894762, -1.45494701388052, -1.1162819231539, -0.759412367301405, -0.384066330794426, 0.0100364410481399, 0.01, -0.366302005459866, -0.727033660832092, -1.0721949710238, -1.40178594074787, -1.71580657441759, -2.01425687604362, -2.29713684913869, -2.56444649663568, -2.81618582082466, -3.05235482331346, -3.27295350501531, -3.47798186616479, -3.66743990636169, -3.84132762463955, -3.99964501955387, -4.14239208928289, -4.26956883173329, -4.38117524464275, -4.4772113256723, -4.55767707248331, -4.62257248279624, -4.6718975544313, -4.70565228533388, -4.72383667359031, -4.72645071744119, -4.71349441530121, -4.68496776579466, -4.64087076781598, -4.58120342062484, -4.50596572398486, -4.41515376530105, -4.30874757142752, -4.18670319591417, -4.04895303067827, -3.89540657863657, -3.7259512891861, -3.54045323944051, -3.33875797643735, -3.12069053637016, -2.88605811342926, -2.63465269299356, -2.36624894276669, -2.08060537531473, -1.7774694704927, -1.45657945214723, -1.11766472660368, -0.760447495076198, -0.384644418385342, 0.0100364268558665, 0.01, -0.36615049015125, -0.726741249186909, -1.07177228199235, -1.40124359323466, -1.71515518725518, -2.01350706796514, -2.29629923874995, -2.56353170238826, -2.81520446099122, -3.05131751596682, -3.2718708680127, -3.4768645171387, -3.66629846271823, -3.84017270356527, -3.99848723803103, -4.14124206411319, -4.26843717956908, -4.38007258202457, -4.47614826907107, -4.55666423834519, -4.62162048758831, -4.6710170146861, -4.70485381769125, -4.72313089483529, -4.72584824453749, -4.71300586542015, -4.68460375634014, -4.64064191644683, -4.58112034527621, -4.50603904289111, -4.41539397112138, -4.30916441900832, -4.18730473658199, -4.04974466661782, -3.89639015385668, -3.72712418495623, -3.54180751590796, -3.34027956975258, -3.12235843807857, -2.88784365055139, -2.6365189123621, -2.36814991677265, -2.08248554958384, -1.77926321161355, -1.45821067448781, -1.11904653882016, -0.761481908215183, -0.385222121311901, 0.0100364126769424, 0.01, -0.365999126479787, -0.726449129770565, -1.07135001473598, -1.40070178599738, -1.71450444782425, -2.01275800402846, -2.29546245786829, -2.56261781196829, -2.8142240682609, -3.05028122795448, -3.27078929153133, -3.47574825877675, -3.66515812883807, -3.83901890030988, -3.99733057133935, -4.14009313974377, -4.26730660313129, -4.37897095901607, -4.47508620491993, -4.55565233845477, -4.62066935738285, -4.6701372596552, -4.70405604343165, -4.72242570708879, -4.72524624922434, -4.71251766866796, -4.68423996450884, -4.64041313615097, -4.58103718340637, -4.50611210663674, -4.41563374444476, -4.3095806527562, -4.18790548290186, -4.05053533345, -3.89737259588499, -3.72829579902535, -3.54316038240931, -3.34179964959036, -3.12402475208964, -2.88962755915454, -2.63838349937395, -2.37004929507525, -2.08436420836866, -1.78105556344045, -1.45984068188584, -1.12042736060122, -0.762515607290925, -0.385799439881381, 0.0100363985095749, 0.01, -0.365847914354263, -0.726157302407299, -1.07092816900105, -1.40016051871118, -1.71385435573539, -2.01200968378632, -2.29462650599522, -2.56170482483274, -2.81324464205279, -3.04924595866432, -3.26970877493452, -3.4746330904244, -3.66401890405544, -3.83786621420307, -3.99617501881065, -4.13894531551524, -4.26617710177598, -4.37787037499541, -4.47402513262585, -4.55464137225448, -4.61971909166438, -4.66925828887188, -4.70325896214381, -4.72172111000164, -4.72464473122134, -4.71202982483968, -4.6838763901779, -4.64018442689433, -4.58095393507668, -4.50618491538518, -4.41587308554168, -4.30999627305087, -4.18850543536234, -4.05132503176835, -3.89835390541283, -3.72946613217229, -3.54451183979775, -3.34331821686256, -3.12568947935568, -2.89140984021093, -2.64024645499903, -2.37194707861817, -2.08624135256134, -1.78284652678752, -1.46146947505015, -1.12180719252235, -0.763548592717161, -0.386376374316955, 0.0100363843501531, 0.01, -0.365696853626364, -0.725865766811354, -1.07050674437523, -1.39961979084802, -1.71320491035573, -2.01126210651187, -2.2937913823208, -2.56079274009944, -2.81226618142335, -3.04821170710231, -3.26862931718861, -3.47351901101924, -3.66288078729002, -3.83671464415751, -3.99502057936143, -4.13779859035883, -4.26504867445993, -4.37677082895584, -4.47296505122937, -4.55363133884301, -4.61876968960066, -4.6683801015838, -4.70246257316618, -4.72101710301394, -4.72404369008111, -4.7115423336113, -4.68351303315757, -4.63995578863227, -4.58087060039849, -4.50625746941465, -4.4161119948653, -4.31041128052359, -4.18910459477079, -4.05211376254897, -3.89933408357248, -3.73063518566775, -3.54586188946046, -3.34483527304686, -3.12735262141468, -2.89319049528543, -2.64210778079311, -2.3738432689096, -2.08811698358209, -1.78463610294563, -1.46309705509983, -1.12318603548766, -0.764580865139158, -0.386952924960874, 0.0100363702038611, 0.01, -0.365545944147826, -0.725574522697066, -1.07008574044632, -1.39907960188005, -1.71255611105262, -2.01051527147851, -2.29295708603536, -2.55988155688651, -2.81128868542939, -3.04717847227478, -3.26755091726034, -3.47240601949925, -3.66174377746195, -3.83556418908631, -3.99386725190865, -4.13665296320619, -4.26392132014042, -4.37567231989104, -4.4719059597715, -4.55262223731956, -4.6178211503599, -4.6675026970391, -4.70166687583764, -4.72031368556621, -4.72344312535664, -4.71105519465919, -4.68314989325842, -4.63972722132045, -4.58078717948342, -4.50632976900357, -4.41635047286901, -4.31082567580576, -4.1897029619347, -4.05290152676813, -3.90031313149635, -3.73180296078263, -3.54721053278485, -3.3463508196213, -3.12901417980518, -2.89496952594362, -2.64396747831287, -2.37573786745896, -2.08999110285278, -1.78642429320767, -1.46472342315648, -1.12456389040431, -0.76561242520589, -0.387529092159793, 0.0100363560707066, 0.01, -0.365395185770556, -0.725283569779106, -1.06966515680261, -1.39853995128001, -1.71190795719412, -2.0097691779605, -2.29212361633019, -2.55897127431314, -2.81031215312881, -3.04614625318923, -3.26647357411764, -3.47129411480366, -3.66060787349258, -3.83441484790382, -3.99271503537053, -4.13550843299026, -4.26279503777591, -4.37457484679591, -4.47084785729437, -4.55161406678438, -4.6168734731113, -4.66662607448678, -4.70087186949787, -4.71961085709962, -4.72284303660149, -4.71056840766011, -4.6827869702913, -4.63949872491462, -4.58070367244299, -4.5064018144301, -4.4165885200057, -4.31123945952809, -4.1903005376607, -4.05368832540102, -3.9012910503156, -3.73296945878643, -3.54855777115683, -3.34786485806227, -3.13067415606401, -2.89674693374934, -2.64582554911333, -2.37763087577407, -2.09186371179373, -1.78821109886515, -1.46634858034051, -1.12594075817849, -0.766643273565649, -0.388104876260023, 0.0100363419506604, 0.01, -0.365244578346628, -0.724992907772461, -1.06924499303285, -1.39800083852126, -1.71126044814901, -2.00902382523289, -2.29129097239747, -2.55806189149945, -2.80933658358055, -3.04511504885424, -3.26539728672959, -3.47018329587287, -3.65947307430448, -3.83326661952564, -3.99156392866648, -4.13436499864513, -4.26166982632602, -4.37347840866643, -4.46979074284117, -4.55060682633867, -4.61592665702498, -4.66575023317665, -4.70007755348723, -4.71890861705594, -4.72224342336965, -4.71008197229113, -4.68242426406719, -4.63927029937055, -4.58062007938854, -4.50647360597204, -4.41682613672768, -4.31165263232055, -4.19089732275445, -4.05447415942168, -3.90226784116008, -3.73413468094716, -3.54990360596068, -3.34937738984448, -3.13233255172623, -2.89852272026466, -2.64768199474771, -2.37952229536099, -2.09373481182363, -1.7899965212081, -1.46797252777109, -1.12731663971541, -0.767673410866001, -0.388680277607483, 0.0100363278436989, 0.01, -0.365094121728285, -0.724702536392446, -1.06882524872625, -1.39746226307773, -1.71061358328682, -2.0082792125716, -2.29045915343033, -2.55715340756663, -2.80836197584466, -3.04408485827956, -3.26432205406645, -3.46907356164851, -3.65833937882147, -3.83211950286857, -3.99041393071719, -4.13322265910613, -4.26054568475158, -4.37238300449974, -4.4687346154562, -4.54960051508471, -4.61498070127199, -4.66487517235942, -4.69928392714689, -4.71820696487762, -4.72164428521569, -4.70959588822975, -4.68206177439735, -4.63904194464407, -4.58053640043136, -4.5065451439069, -4.41706332348684, -4.31206519481241, -4.19149331802072, -4.05525902980306, -3.90324350515837, -3.73529862853144, -3.55124803857916, -3.35088841644097, -3.13398936832519, -2.90029688704988, -2.6495368167675, -2.38141212772415, -2.09560440435961, -1.79178056152515, -1.46959526656612, -1.12869153591923, -0.768702837753789, -0.389255296547696, 0.0100363137498213, 0.01, -0.364943815767933, -0.724412455354694, -1.06840592347249, -1.39692422442396, -1.70996736197773, -2.00753533925331, -2.28962815862275, -2.55624582163679, -2.80738832898221, -3.04305568047602, -3.26324787509963, -3.46796491107337, -3.65720678596855, -3.83097349685065, -3.98926504044448, -4.13208141330978, -4.25942261201456, -4.37128863329408, -4.46767947418478, -4.54859513212575, -4.61403560502431, -4.66400089128658, -4.69849098981869, -4.71750590000767, -4.72104562169458, -4.70911015515375, -4.68169950109319, -4.63881366069102, -4.58045263568251, -4.5066164285118, -4.41730008073443, -4.31247714763217, -4.19208852426332, -4.05604293751696, -3.90421804343773, -3.73646130280438, -3.5525910703934, -3.35239793932311, -3.13564460739248, -2.90206943566356, -2.65139001672245, -2.38330037436623, -2.09747249081722, -1.79356322110347, -1.47121679784227, -1.13006544769314, -0.769731554875144, -0.389829933425816, 0.010036299669007, 0.01, -0.364793660318151, -0.724122664375163, -1.0679870168617, -1.39638672203508, -1.70932178359269, -2.00679220455555, -2.28879798716969, -2.55533913283308, -2.80641564205534, -3.04202751445559, -3.26217474880172, -3.46685734309147, -3.65607529467195, -3.82982860039113, -3.98811725677148, -4.1309412601938, -4.25830060707813, -4.37019529404887, -4.46662531807337, -4.54759067656607, -4.61309136745486, -4.66312738921052, -4.69769874084526, -4.71680542188976, -4.72044743236187, -4.70862477274133, -4.68133744396633, -4.6385854474673, -4.58036878525298, -4.50668746006361, -4.41753640892125, -4.31288849140766, -4.19268294228517, -4.05682588353412, -3.90519145712416, -3.7376227050297, -3.55393270278301, -3.35390595996061, -3.137298270458, -2.9038403676625, -2.65324159616057, -2.38518703678829, -2.09933907261041, -1.79534450122881, -1.47283712271496, -1.13143837593931, -0.770759562875489, -0.390404188586615, 0.0100362856012439, 0.01, -0.364643655231682, -0.723833163170132, -1.0675685284845, -1.39584975538682, -1.70867684750333, -2.00604980775668, -2.28796863826698, -2.55443334027964, -2.80544391412729, -3.04100035923135, -3.26110267414647, -3.46575085664801, -3.65494490385914, -3.82868481241051, -3.98697057862248, -4.12980219869712, -4.25717966890661, -4.36910298576463, -4.46557214616948, -4.54658714751097, -4.61214798773751, -4.66225466538446, -4.69690717956996, -4.7161055299682, -4.71984971677358, -4.70813974067103, -4.68097560282866, -4.63835730492887, -4.58028484925359, -4.50675823883885, -4.4177723084976, -4.31329922676598, -4.19327657288828, -4.05760786882414, -3.90616374734238, -3.73878283646968, -3.55527293712602, -3.35541247982152, -3.1389503590499, -2.90560968460175, -2.65509155662815, -2.38707211648968, -2.1012041511516, -1.79712440318549, -1.4744562422984, -1.13281032155894, -0.771786862399531, -0.390978062374484, 0.0100362715465197, 0.01, -0.364493800361433, -0.723543951456198, -1.06715045793196, -1.39531332395551, -1.70803255308201, -2.00530814813585, -2.28714011111136, -2.55352844310156, -2.80447314426229, -3.03997421381749, -3.26003165010877, -3.46464545068937, -3.65381561245873, -3.82754213183046, -3.98582500492299, -4.12866422775984, -4.25605979646549, -4.368011707443, -4.46451995752168, -4.54558454406672, -4.61120546504701, -4.66138271906241, -4.69611630533686, -4.71540622368787, -4.7192524744862, -4.70765505862171, -4.68061397749217, -4.63812923303169, -4.58020082779504, -4.50682876511369, -4.41800777991318, -4.31370935433347, -4.1938694168737, -4.05838889435551, -3.90713491521579, -3.73994169838513, -3.55661177479889, -3.35691750037221, -3.1406008746946, -2.90737738803461, -2.65693989966971, -2.38895561496809, -2.10306772785158, -1.79890292825641, -1.47607415770554, -1.13418128545222, -0.772813454091273, -0.391551555133442, 0.0100362575048126, 0.01, -0.36434409556048, -0.723255028950279, -1.06673280479559, -1.39477742721803, -1.70738889970176, -2.00456722497302, -2.28631240490049, -2.55262444042497, -2.80350333152568, -3.03894907722931, -3.25896167566468, -3.46354112416311, -3.65268741940059, -3.8264005575739, -3.98468053459972, -4.12752734632325, -4.25494098872142, -4.36692145808673, -4.4634687511796, -4.5445828653406, -4.61026379855906, -4.66051154949924, -4.69532611749077, -4.7147075024943, -4.71865570505672, -4.70717072627261, -4.68025256776912, -4.63790123173177, -4.58011672098787, -4.50689903916399, -4.41824282361721, -4.31411887473576, -4.19446147504156, -4.0591689610956, -3.90810496186653, -3.74109929203543, -3.5579492171765, -3.35842102307739, -3.14224981891679, -2.9091434795126, -2.65878662682805, -2.39083753371951, -2.10492980411959, -1.80068007772301, -1.47769087004811, -1.13555126851833, -0.773839338593992, -0.392124667207118, 0.010036243476113, 0.01, -0.364194540682068, -0.72296639536962, -1.06631556866741, -1.39424206465192, -1.70674588673638, -2.00382703754899, -2.28548551883295, -2.55172133137695, -2.80253447498385, -3.03792494848326, -3.25789274979142, -3.46243787601803, -3.65156032361582, -3.82526008856497, -3.98353716658066, -4.12639155332991, -4.25382324464225, -4.36583223669977, -4.46241852619401, -4.54358211044095, -4.60932298745033, -4.65964115595072, -4.69453661537729, -4.71400936583366, -4.71805940804267, -4.70668674330335, -4.67989137347198, -4.6376733009852, -4.58003252894255, -4.50696906126533, -4.41847744005843, -4.31452778859783, -4.19505274819114, -4.05994807001074, -3.90907388841549, -3.7422556186786, -3.55928526563223, -3.35992304940015, -3.14389719323949, -2.91090796058557, -2.66063173964427, -2.3927178742383, -2.10679038136332, -1.80245585286536, -1.47930638043662, -1.13692027165548, -0.774864516550274, -0.392697398938768, 0.0100362294604099, 0.01, -0.3640451355796, -0.722678050431774, -1.06589874913985, -1.39370723573524, -1.70610351356032, -2.00308758514535, -2.28465945210818, -2.55081911508559, -2.80156657370422, -3.03690182659684, -3.25682487146736, -3.46133570520406, -3.65043432403667, -3.82412072372898, -3.98239489979491, -4.12525684772347, -4.25270656319693, -4.36474404228708, -4.46136928161664, -4.54258227847703, -4.60838303089833, -4.65877153767334, -4.69374779834266, -4.71331181315268, -4.71746358300199, -4.70620310939385, -4.67953039441338, -4.63744544074805, -4.57994825176931, -4.50703883169289, -4.41871162968499, -4.31493609654382, -4.19564323712072, -4.06072622206605, -3.91004169598222, -3.74341067957111, -3.56061992153783, -3.36142358080186, -3.14554299918393, -2.91267083280154, -2.6624752396577, -2.39459663801709, -2.10864946098886, -1.80423025496205, -1.4809206899803, -1.13828829576086, -0.775888988601972, -0.393269750671262, 0.0100362154576967, 0.01, -0.363895880106655, -0.722389993854626, -1.06548234580585, -1.39317293994669, -1.70546177954878, -2.00234886704454, -2.28383420392658, -2.54991779067996, -2.80059962675529, -3.03587971058872, -3.25575803967205, -3.46023461067236, -3.64930941959665, -3.82298246199254, -3.98125373317289, -4.12412322844887, -4.25159094335567, -4.36365687385486, -4.46032101650043, -4.54158336855921, -4.60744392808161, -4.65790269392456, -4.69295966573396, -4.71261484389882, -4.71686822949324, -4.70571982422447, -4.67916963040622, -4.63721765097651, -4.57986388957838, -4.50710835072164, -4.41894539294462, -4.31534379919731, -4.19623294262777, -4.06150341822568, -3.9110083856851, -3.74456447596813, -3.56195318626357, -3.36292261874234, -3.14718723826971, -2.9144320977069, -2.664317128406, -2.39647382654693, -2.11050704440078, -1.80600328529034, -1.48253379978724, -1.13965534173074, -0.776912755390294, -0.393841722747144, 0.0100362014679187, 0.01, -0.363746774116967, -0.722102225356366, -1.06506635825876, -1.39263917676554, -1.70482068407763, -2.00161088252975, -2.2830097734894, -2.54901735729009, -2.79963363320659, -3.03485859947863, -3.25469225338613, -3.45913459137524, -3.64818560923041, -3.82184530228338, -3.9801136656461, -4.12299069445215, -4.25047638408973, -4.36257073041032, -4.45927372989924, -4.54058537979874, -4.60650567817951, -4.65703462396255, -4.6921722168989, -4.71191845752001, -4.71627334707531, -4.7052368874758, -4.67880908126352, -4.63698993162671, -4.57977944247972, -4.50717761862608, -4.4191787302844, -4.315750897181, -4.19682186550872, -4.06227965945255, -3.91197395864109, -3.74571700912329, -3.56328506117809, -3.36442016467964, -3.14882991201463, -2.91619175684616, -2.66615740742504, -2.39834944131711, -2.11236313300201, -1.80777494512595, -1.4841457109642, -1.14102141046028, -0.777935817555647, -0.394413315508492, 0.0100361874911089, 0.01, -0.36359781746444, -0.721814744655512, -1.06465078609243, -1.39210594567164, -1.70418022652347, -2.00087363088501, -2.28218615999884, -2.54811781404702, -2.7986685921287, -3.03383849228742, -3.25362751159144, -3.45803564626619, -3.64706289187385, -3.82070924353047, -3.97897469614734, -4.12185924468057, -4.24936288437159, -4.36148561096186, -4.45822742086808, -4.53958831130794, -4.60556828037239, -4.65616732704638, -4.69138545118598, -4.71122265346491, -4.71567893530772, -4.7047542988289, -4.67844874679856, -4.63676228265491, -4.57969491058326, -4.50724663568053, -4.41941164215101, -4.31615739111699, -4.1974100065592, -4.06305494670856, -3.91293841596599, -3.74686828028887, -3.56461554764853, -3.36591622007025, -3.15047102193484, -2.91794981176221, -2.66799607824901, -2.40022348381531, -2.114217728194, -1.80954523574328, -1.48575642461679, -1.14238650284376, -0.778958175737799, -0.39498452929707, 0.0100361735272398, 0.01, -0.363449010003147, -0.721527551470898, -1.06423562890114, -1.39157324614545, -1.7035404062636, -2.00013711139519, -2.28136336265797, -2.54721916008277, -2.79770450259329, -3.03281938803707, -3.25256381327096, -3.45693777429992, -3.64594126646408, -3.81957428466402, -3.97783682361058, -4.12072887808262, -4.24825044317489, -4.36040151451898, -4.45718208846302, -4.53859216220014, -4.6046317338415, -4.65530080243595, -4.69059936794443, -4.71052743118277, -4.71508499375041, -4.70427205796513, -4.67808862682483, -4.63653470401738, -4.57961029399875, -4.50731540215894, -4.41964412899058, -4.31656328162665, -4.19799736657388, -4.06382928095451, -3.91390175877431, -3.74801829071571, -3.5659446470405, -3.36741078636899, -3.15211056954478, -2.91970626399618, -2.66983314241041, -2.40209595552756, -2.11607083137661, -1.81131415841529, -1.48736594184939, -1.14375061977443, -0.779979830575817, -0.395555364454273, 0.0100361595762784, 0.01, -0.363300351587318, -0.721240645521672, -1.06382088627965, -1.39104107766798, -1.70290122267601, -1.9994013233459, -2.28054138067075, -2.54632139453031, -2.79674136367301, -3.03180128575063, -3.2515011574088, -3.45584097443228, -3.64482073193935, -3.81844042461538, -3.97670004697098, -4.11959959360791, -4.24713905947441, -4.35931844009228, -4.45613773174115, -4.53759693158961, -4.60369603776901, -4.65443504939196, -4.68981396652417, -4.70983279012341, -4.71449152196382, -4.70379016456619, -4.67772872115596, -4.63630719567039, -4.57952559283579, -4.50738391833488, -4.4198761912487, -4.31696856933057, -4.19858394634652, -4.06460266315006, -3.91486398817926, -3.74916704165322, -3.56727236071798, -3.36890386502902, -3.15374855635713, -2.92146111508744, -2.67166860143995, -2.4039668579382, -2.11792244394811, -1.8130817144135, -1.48897426376511, -1.14511376214455, -0.781000782708015, -0.396125821321073, 0.0100361456382362, 0.01, -0.363151842071352, -0.720954026527302, -1.06340655782316, -1.39050943972087, -1.7022626751394, -1.99866626602361, -2.27972021324207, -2.54542451652362, -2.7957791744416, -3.03078418445225, -3.25043954299024, -3.45474524562029, -3.64370128723916, -3.81730766231717, -3.97556436516491, -4.11847139020725, -4.24602873224606, -4.35823638669346, -4.45509434976063, -4.53660261859165, -4.60276119133798, -4.65357006717595, -4.68902924627589, -4.70913872973732, -4.71389851950887, -4.70330861831415, -4.67736902960584, -4.6360797575703, -4.57944080720389, -4.50745218448169, -4.42010782937046, -4.31737325484871, -4.19916974666997, -4.0653750942538, -3.91582510529278, -3.75031453434938, -3.56859869004349, -3.37039545750187, -3.15538498388292, -2.92321436657365, -2.67350245686668, -2.40583619252991, -2.11977256730525, -1.81484790500807, -1.49058139146589, -1.1464759308454, -0.782021032772057, -0.396695900238119, 0.0100361317130738, 0.01, -0.363003481309811, -0.720667694207572, -1.06299264312734, -1.38997833178632, -1.70162476303317, -1.99793193871558, -2.27889985957771, -2.54452852519764, -2.79481793397385, -3.02976808316722, -3.24937896900168, -3.4536505868222, -3.64258293130418, -3.81617599670318, -3.97442977712996, -4.11734426683267, -4.24491946046696, -4.35715535333539, -4.45405194158074, -4.53560922232257, -4.60182719373245, -4.65270585505031, -4.68824520655098, -4.70844524947558, -4.71330598594702, -4.70282741889144, -4.67700955198855, -4.63585238967352, -4.57935593721241, -4.50752020087236, -4.42033904380048, -4.31777733880029, -4.19975476833621, -4.06614657522326, -3.91678511122561, -3.7514607700508, -3.56992363637798, -3.37188556523745, -3.15701985363149, -2.92496601999077, -2.67533471021795, -2.40770396078377, -2.12162120284325, -1.81661273146771, -1.49218732605243, -1.1478371267673, -0.783040581404873, -0.397265601545647, 0.0100361178007993
0, 0, 0, 0, 0, 0, 0, 0, 0, 0, 0, 0, 0, 0, 0, 0, 0, 0, 0, 0, 0, 0, 0, 0, 0, 0, 0, 0, 0, 0, 0, 0, 0, 0, 0, 0, 0, 0, 0, 0, 0, 0, 0, 0, 0, 0, 0, 0, 0, 0, 0, 0.24521191728973, 0.480205527108642, 0.704980833041838, 0.919537838941366, 1.12387654889168, 1.31799696716362, 1.50189909815663, 1.67558294632968, 1.83904851612176, 1.99229581186382, 2.13532483768449, 2.26813559741288, 2.39072809448199, 2.50310233183689, 2.60525831185173, 2.69719603625973, 2.7789155060993, 2.85041672167935, 2.91169968256514, 2.96276438758545, 3.00361083486021, 3.03423902184686, 3.0546489454026, 3.06484060185883, 3.06481398710384, 3.05456909666942, 3.03410592581707, 3.00342446962007, 2.96252472303801, 2.9114066809807, 2.85007033835949, 2.77851569012413, 2.69674273128377, 2.60475145691129, 2.50254186212962, 2.390113942079, 2.26746769186321, 2.13460310647183, 1.99152018067421, 1.83821890887822, 1.6746992849435, 1.50096130193339, 1.31700495178194, 1.1228302248392, 0.918437109238122, 0.70382558999221, 0.478995647676244, 0.243947256441265, -0.00131961906967731, 0, 0.245204548739105, 0.480193250827982, 0.704966109782351, 0.91952312937908, 1.12386431362251, 1.31798966669961, 1.50189919292381, 1.67559289666775, 1.839070782286, 1.99233285402938, 2.13537911595322, 2.26820957182264, 2.39082422501834, 2.50322307844679, 2.60540613445896, 2.69737339478126, 2.77912486046217, 2.8506605318373, 2.91198040851445, 2.96308448937932, 3.00397277262139, 3.03464525577824, 3.05510193579563, 3.0653428091001, 3.06536787167997, 3.05517711917084, 3.03477054694138, 3.00414815017565, 2.96330992394872, 2.91225586329262, 2.85098591698911, 2.77949987408974, 2.69779728881928, 2.60587746668508, 2.50373950682836, 2.39138230591338, 2.26880457658891, 2.13600487125149, 1.9929815276395, 1.8397327265469, 1.67625654350404, 1.50255090609848, 1.31861355903747, 1.12444213809689, 0.920034229136708, 0.70538734830726, 0.48049895376797, 0.245366456736906, -1.29734413299165e-05, 0, 0.24516804891765, 0.48012281942094, 0.70486431502029, 0.919392539481471, 1.12370749679141, 1.31780919111306, 1.50169762672911, 1.67537280797497, 1.83883473916207, 1.99208342449307, 2.1351188679714, 2.2679410733081, 2.39055004382945, 2.50294578238924, 2.60512829128945, 2.6970975722133, 2.77885362617369, 2.85039645347972, 2.91172605372291, 2.96284242578353, 3.00374556785668, 3.03443547749628, 3.05491215167456, 3.06517558685365, 3.06522577906552, 3.05506272399639, 3.03468641707156, 3.00409685353715, 2.96329402853541, 2.91227793717115, 2.85104848179596, 2.77960524499104, 2.69794733953643, 2.60607338057405, 2.50398157034919, 2.39166970599727, 2.26913521666039, 2.13637521092284, 1.99338636787383, 1.84016505318312, 1.6767074227219, 1.50300933661027, 1.31906629071331, 1.12487356495168, 0.920426340929197, 0.705719663682857, 0.48074846635317, 0.245507594126016, -8.58177821894124e-06, 0, 0.245093762201423, 0.479979462273752, 0.704657103716716, 0.919126690273583, 1.12338822589593, 1.31744171469784, 1.50128716089947, 1.67492456876047, 1.83835394250442, 1.99157528623585, 2.13458860385238, 2.26739389895475, 2.38999117475821, 2.50238043400885, 2.60456167890859, 2.69653491105219, 2.77830013137954, 2.84985734014515, 2.91120653690671, 2.96234772053275, 3.00328088922902, 3.03400604058204, 3.05452317161712, 3.06483227886812, 3.06493335845516, 3.05482640616681, 3.03451141754298, 3.00398838795538, 2.9632573126824, 2.91231818697624, 2.8511708190491, 2.77981437134038, 2.69824705701185, 2.60646608370528, 2.50446782470703, 2.39224783467743, 2.26980092466477, 2.13712125798197, 1.99420213018421, 1.84103620383177, 1.67761571807171, 1.50393231478888, 1.31997690126053, 1.12573995017242, 0.921211737182565, 0.70638226487469, 0.481241313862033, 0.245778493041982, -1.75363311507581e-05, 0, 0.245019289104823, 0.479835745255828, 0.704449371942022, 0.918860172884112, 1.12306815199824, 1.31707331334949, 1.50087566109534, 1.67447519941949, 1.83787193245744, 1.99106586421536, 2.13405699848479, 2.2668453387559, 2.38943088813263, 2.50181364925314, 2.60399362421896, 2.69597081453626, 2.77774522107165, 2.84931684402496, 2.91068568291995, 2.96185173661335, 3.00281500332163, 3.03357548066392, 3.05413316571877, 3.06448805509192, 3.06464014499185, 3.05458943130972, 3.03433590970034, 3.00387957566128, 2.96322042460741, 2.91235845193867, 2.85129337297789, 2.78002393248465, 2.69854744654478, 2.60685971803497, 2.50495529404158, 2.39282748950981, 2.27046849980391, 2.13786954529723, 1.99502054067061, 1.84191044751695, 1.67852758981564, 1.50485939303596, 1.320892177244, 1.12661160873586, 0.922003058216742, 0.707051486689724, 0.481741523010363, 0.246057540479675, -1.7508940265476e-05, 0, 0.244944896913378, 0.47969218414164, 0.704241865163079, 0.918593943675872, 1.12274842356076, 1.3167053088339, 1.50046460359015, 1.67402631193736, 1.83739043792304, 1.99055698545513, 2.1335259582192, 2.26629735959499, 2.38887119257525, 2.50124745969031, 2.60342616294149, 2.69540730374637, 2.77719088289845, 2.84877690054289, 2.91016535616955, 2.96135624862338, 3.00234957613154, 3.03314533634572, 3.05374352639764, 3.06414414296484, 3.06434718234404, 3.05435264052885, 3.03416051328884, 3.00377079624731, 2.96318348495541, 2.91239857496065, 2.85141568994866, 2.78023315946584, 2.69884740506912, 2.60725282761011, 2.50544215073885, 2.39340645244993, 2.27113531483713, 2.13861701766922, 1.99583809741541, 1.84278381684453, 1.67943858632377, 1.50578561672422, 1.3218066422723, 1.12748252371039, 0.922793727770535, 0.707720174727885, 0.482241342420678, 0.246336369202305, -1.75016467202915e-05, 0, 0.244870585183619, 0.479548778082871, 0.704034582165353, 0.918328001106737, 1.1224290387524, 1.31633769906964, 1.50005398609076, 1.67357790384784, 1.83690945630053, 1.99004864725863, 2.13299548030187, 2.26574995869968, 2.38831208533376, 2.50068186262672, 2.60285929247977, 2.69484437622204, 2.77663711457395, 2.84823750762607, 2.90964555483441, 2.96086125503212, 3.00188460645702, 3.03271560679335, 3.05335425322589, 3.0638005425039, 3.06405447101224, 3.05411603484684, 3.03398522989187, 3.00366205189622, 2.96314649654714, 2.91243855953955, 2.85153777417227, 2.78044205724173, 2.69914693831944, 2.60764541896834, 2.50592840216225, 2.39398473170624, 2.27180137883467, 2.13936368504455, 1.99665481125318, 1.84365632354682, 1.6803487202349, 1.50671099940642, 1.32272031081874, 1.12835271049644, 0.923583762177609, 0.708388346261959, 0.482740790310621, 0.246614998378052, -1.74943260762561e-05, 0, 0.244796353820897, 0.479405526897177, 0.703827522685752, 0.918062344839815, 1.12210999716943, 1.31597048359307, 1.49964380808058, 1.67312997458836, 1.83642898698827, 1.98954084899211, 2.13246556407389, 2.26520313539286, 2.38775356571978, 2.50011685736969, 2.60229301214378, 2.69428203128283, 2.77608391543427, 2.84769866463412, 2.90912627830456, 2.96036675526698, 3.00142009376982, 3.03228629152982, 3.05296534578477, 3.06345725335554, 3.06376201071501, 3.05387961406131, 3.03381005939308, 3.00355334258463, 2.96310945945916, 2.91247840585879, 2.85165962594418, 2.78065062622159, 2.69944604681704, 2.60803749273761, 2.50641404903746, 2.39456232808971, 2.27246669267796, 2.14010954835799, 1.99747068315204, 1.84452796860329, 1.68125799251703, 1.50763554201474, 1.32363318375465, 1.1292221698792, 0.924373162111374, 0.709056001827615, 0.483239867051925, 0.246893428188375, -1.7487013580314e-05, 0, 0.244722202730006, 0.479262430401144, 0.703620686459652, 0.917796974536272, 1.12179129840579, 1.31560366193793, 1.49923406904013, 1.67268252359321, 1.83594902938135, 1.98903359001844, 2.13193620887292, 2.26465688899397, 2.38719563304153, 2.4995524432232, 2.60172732124026, 2.69372026824524, 2.77553128481265, 2.84716037092404, 2.90860752596778, 2.95987274875349, 3.00095603754023, 3.03185739007717, 3.05257680365505, 3.06311427516626, 3.0634698011716, 3.05364337797125, 3.03363500167819, 3.00344466829199, 2.96307237377164, 2.91251811410628, 2.8517812455653, 2.78085886682104, 2.69974473109065, 2.60842904955438, 2.5068990920998, 2.39513924242225, 2.27313125726069, 2.140854608558, 1.99828571409528, 1.84539875301022, 1.68216640415658, 1.50855924550164, 1.32454526197344, 1.13009090266793, 0.925161928271385, 0.709723141988816, 0.483738573046868, 0.24717165884762, -1.74797091489209e-05, 0, 0.244648131815879, 0.479119488411624, 0.703414073222816, 0.91753188985777, 1.12147294205604, 1.31523723363864, 1.4988247684507, 1.67223555029752, 1.83546958287574, 1.98852686970143, 2.13140741403757, 2.2641112188234, 2.3866382866082, 2.49898861949222, 2.60116221907695, 2.69315908642677, 2.77497922204335, 2.8466226258538, 2.90808929721274, 2.95937923491802, 3.00049243723929, 3.03142890195812, 3.05218862641811, 3.06277160758309, 3.06317784210165, 3.05340732637592, 3.03346005663307, 3.00333602899778, 2.96303523956464, 2.91255768446965, 2.85190263333602, 2.78106677945512, 2.70004299166817, 2.60882009005416, 2.50738353208354, 2.39571547552455, 2.27379507347524, 2.14159886659165, 1.99909990506472, 1.84626867776239, 1.68307395613857, 1.50948211081816, 1.32545654636723, 1.13095890967072, 0.925950061356158, 0.710389767308679, 0.484236908697102, 0.247449690569766, -1.74724127769144e-05, 0, 0.244574140983585, 0.478976700745737, 0.703207682711389, 0.917267090466456, 1.1211549277153, 1.31487119823029, 1.49841590579432, 1.67178905413726, 1.83499064686828, 1.98802068740578, 2.1308791789074, 2.26356612420256, 2.38608152572999, 2.49842538548272, 2.60059770496258, 2.69259848514587, 2.77442772646152, 2.84608542878226, 2.90757159142896, 2.95888621318773, 3.00002929233878, 3.03100082669604, 3.05180081365589, 3.06242925025353, 3.0628861332252, 3.05317145907487, 3.03328522414375, 3.00322742468147, 2.96299805691807, 2.91259711713621, 2.85202378955632, 2.7812743645382, 2.70034082907674, 2.60921061487152, 2.50786736972185, 2.39629102821611, 2.27445814221267, 2.14234232340462, 1.9999132570408, 1.84713774385319, 1.68398064944658, 1.51040413891399, 1.32636703782689, 1.13182619169452, 0.926737562063237, 0.711055878349538, 0.484734874403728, 0.247727523568502, -1.74651244471968e-05, 0, 0.244500230138332, 0.478834067220864, 0.703001514661896, 0.917002576024969, 1.12083725497929, 1.31450555524866, 1.49800748055377, 1.67134303454918, 1.83451222075669, 1.98751504249713, 2.13035150282293, 2.26302160445381, 2.38552534971809, 2.4978627405017, 2.60003377820689, 2.69203846372201, 2.77387679740331, 2.84554877906921, 2.90705440800687, 2.95839368299063, 2.99956660231127, 3.03057316381501, 3.05141336495097, 3.06208720282559, 3.06259467426269, 3.05293577586792, 3.0331105040964, 3.00311885532255, 2.96296082591171, 2.91263641229301, 2.85214471452572, 2.78148162248407, 2.70063824384271, 2.60960062464009, 2.50835060574682, 2.39686590131522, 2.27512046436279, 2.14308497994126, 2.00072577100256, 1.84800595227459, 1.68488648506283, 1.51132533073751, 1.32727673724203, 1.13269274954513, 0.927524431089189, 0.711721475672943, 0.485232470567284, 0.248005158057218, -1.74578441523299e-05, 0, 0.244426399185463, 0.478691587654652, 0.702795568811243, 0.916738346196433, 1.12051992344432, 1.31414030423017, 1.49759949221257, 1.67089749097086, 1.83403430393955, 1.98700993434203, 2.12982438512563, 2.2624776589005, 2.38496975788468, 2.49730068385711, 2.5994704381206, 2.69147902147562, 2.77332643420582, 2.84501267607536, 2.90653774633774, 2.95790164375553, 2.99910436663005, 3.03014591283979, 3.0510262798865, 3.06174546494778, 3.06230346493493, 3.05270027655516, 3.03293589637733, 3.00301032090054, 2.96292354662522, 2.91267557012681, 2.85226540854327, 2.78168855370588, 2.70093523649165, 2.60999011999257, 2.50883324088948, 2.39744009563899, 2.27578204081409, 2.14382683714453, 2.0015374479276, 1.84887330401713, 1.68579146396812, 1.51224568723572, 1.32818564550099, 1.13355858402724, 0.928310669129605, 0.712386559839659, 0.485729697587752, 0.248282594249005, -1.74505718805174e-05, 0, 0.244352648030461, 0.478549261865011, 0.70258984489672, 0.916474400644461, 1.12020293270726, 1.31377544471193, 1.49719194025501, 1.67045242284068, 1.83355689581631, 1.98650536230794, 2.12929782515791, 2.26193428686696, 2.38441474954294, 2.49673921485794, 2.59890768401542, 2.6909201577281, 2.77277663620709, 2.84447711916235, 2.90602160581373, 2.95741009491208, 2.9986425847692, 3.02971907329579, 3.05063955804621, 3.06140403626911, 3.06201250496314, 3.05246496093696, 3.03276140087303, 3.00290182139496, 2.96288621913812, 2.91271459082407, 2.85238587190759, 2.78189515861619, 2.70123180754837, 2.61037910156076, 2.50931527587979, 2.39801361200335, 2.27644287245379, 2.14456789595604, 2.00234828879217, 1.84973980006995, 1.68669558714187, 1.51316520935431, 1.32909376349088, 1.13442369594441, 0.929096276879108, 0.713051131409674, 0.486226555864562, 0.248559832356664, -1.74433076194358e-05, 0, 0.244278976578941, 0.478407089670114, 0.702384342655989, 0.916210739033147, 1.11988628236559, 1.3134109762317, 1.49678482416609, 1.67000782959784, 1.83307999578728, 1.98600132576323, 2.12877182226315, 2.26139148767848, 2.38386032400702, 2.49617833281414, 2.59834551520407, 2.69036187180183, 2.77222740274611, 2.84394210769271, 2.90550598582788, 2.95691903589072, 2.99818125620351, 3.02929264470913, 3.05025319901445, 3.06106291643908, 3.06172179406893, 3.05222982881396, 3.03258701747012, 3.00279335678535, 2.9628488435298, 2.91275347457097, 2.85250610491684, 2.78210143762691, 2.70152795753688, 2.61076756997549, 2.50979671144665, 2.39858645122302, 2.2771029601678, 2.14530815731606, 2.00315829457107, 1.85060544142077, 1.6875988555621, 1.51408389803761, 1.33000109209754, 1.13528808609906, 0.92988125503134, 0.713715190942185, 0.486723045796578, 0.248836872592693, -1.74360513654492e-05, 0, 0.244205384736659, 0.478265070888396, 0.702179061827098, 0.915947361027076, 1.11956997201735, 1.31304689832794, 1.49637814343157, 1.66956371068236, 1.83260360325366, 1.98549782407718, 2.12824637578565, 2.26084926066133, 2.38330648059209, 2.49561803703669, 2.59778393100024, 2.68980416302018, 2.77167873316284, 2.84340764102992, 2.90499088577409, 2.95642846612272, 2.99772038040856, 3.02886662660659, 3.04986720237613, 3.0607221051077, 3.0614313319743, 3.0519948799871, 3.03241274605538, 3.00268492705126, 2.96281141987952, 2.91279222155341, 2.85262610786874, 2.78230739114937, 2.70182368698044, 2.61115552586668, 2.51027754831789, 2.39915861411157, 2.2777623048408, 2.14604762216349, 2.00396746623774, 1.85147022905591, 1.68850127020545, 1.51500175422864, 1.33090763220561, 1.13615175529251, 0.930665604278995, 0.714378738995631, 0.487219167782132, 0.249113715169312, -1.74288030949099e-05, 0, 0.244131872426848, 0.478123205371946, 0.701974002196609, 0.915684266352909, 1.11925400133492, 1.31268321062436, 1.49597189763214, 1.66912006563749, 1.8321277177269, 1.98499485673509, 2.12772148519016, 2.26030760526532, 2.38275321873864, 2.49505832696239, 2.59722293084266, 2.68924703082943, 2.77113062691673, 2.84287371865221, 2.90447630515502, 2.95593838514077, 2.99725995695267, 3.02844101859778, 3.04948156778777, 3.06038160198396, 3.06114111844639, 3.05176011428727, 3.03223858652907, 3.00257653216796, 2.96277394824316, 2.91283083191351, 2.85274588099554, 2.78251301950641, 2.70211899629186, 2.61154296973527, 2.51075778707716, 2.39973010132661, 2.27842090719311, 2.14678629126797, 2.00477580459477, 1.85233416379272, 1.68940283188485, 1.51591877871536, 1.33181338455672, 1.13701470419859, 0.931449325206202, 0.715041776042213, 0.487714922159055, 0.249390360267397, -1.74215615655615e-05, 0, 0.244058439591007, 0.47798149300806, 0.701769163601914, 0.915421454802425, 1.11893837006876, 1.3123199128344, 1.49556608644852, 1.66867689411553, 1.83165233883518, 1.98449242334528, 2.12719715006947, 2.25976652107199, 2.38220053802125, 2.49449920216316, 2.59666251430491, 2.68869047480908, 2.7705830835975, 2.84234034016385, 2.90396224359374, 2.95544879259106, 2.99679998550945, 3.02801582038799, 3.04909629499066, 3.06004140684948, 3.06085115331139, 3.05152553158953, 3.03206453881945, 3.00246817212118, 2.96273642866823, 2.91286930576483, 2.85286542447995, 2.78271832295071, 2.70241388579294, 2.61192990196955, 2.5112374281743, 2.40030091337213, 2.27907876777397, 2.14752416521359, 2.00558331024879, 1.85319724624672, 1.69030354121058, 1.51683497208777, 1.33271834970496, 1.13787693331982, 0.932232418247969, 0.715704302433272, 0.488210309178699, 0.249666808021874, -1.74143247930469e-05, 0, 0.243985086135462, 0.477839933616272, 0.701564545782638, 0.915158926042228, 1.11862307781935, 1.31195700449929, 1.49516070936955, 1.66823419555984, 1.83117746598326, 1.98399052328082, 2.12667336977178, 2.25922600741161, 2.38164843775914, 2.49394066195405, 2.59610268070473, 2.68813449428647, 2.77003610254898, 2.841807504932, 2.90344870048765, 2.95495968790812, 2.99634046555743, 3.02759103150665, 3.048711383572, 3.05970151935609, 3.06056143629268, 3.05129113169571, 3.03189060281365, 3.00235984689024, 2.96269886123311, 2.91290764329174, 2.85298473861747, 2.78292330189061, 2.70270835600323, 2.61231632319508, 2.51171647233218, 2.40087105105622, 2.27973588746215, 2.14826124493307, 2.00638998416681, 1.8540594773977, 1.69120339915273, 1.51775033528237, 1.33362252852862, 1.13873844345147, 0.933014884091309, 0.716366318722039, 0.488705329234756, 0.249943058640985, -1.74070959791384e-05, 0, 0.243911811960965, 0.477698527005374, 0.7013601484629, 0.914896679719048, 1.1183081241633, 1.31159448513282, 1.49475576585351, 1.66779196938046, 1.83070309854019, 1.98348915587707, 2.12615014360611, 2.25868606357406, 2.38109691723038, 2.49338270560857, 2.59554342931838, 2.68757908854789, 2.76948968307476, 2.84127521228485, 2.90293567519683, 2.95447107049118, 2.9958813965423, 3.02716665145319, 3.04832683309222, 3.05936193913254, 3.0602719670946, 3.051056914393, 3.03171677838899, 3.00225155644991, 2.96266124601732, 2.91294584468573, 2.85310382371715, 2.7831279567549, 2.70300240746998, 2.61270223407284, 2.51219492031719, 2.40144051523802, 2.28039226719335, 2.14899753142031, 2.0071958273797, 1.85492085829036, 1.69210240674575, 1.51866486929794, 1.33452592196452, 1.139599235442, 0.93379672346952, 0.717027825499511, 0.48919998274857, 0.250219112348929, -1.73998756572424e-05, 0, 0.243838616986612, 0.477557273019435, 0.701155971417623, 0.914634715544543, 1.1179935087549, 1.31123235433778, 1.49435125545756, 1.66735021509478, 1.83022923598953, 1.98298832058961, 2.12562747100589, 2.25814668897659, 2.38054597584184, 2.49282533252916, 2.59498475954971, 2.68702425700448, 2.76894382459915, 2.84074346166577, 2.90242316718959, 2.95398293983936, 2.99542277799986, 3.02674267980596, 3.04794264317815, 3.05902266585998, 3.05998274545849, 3.05082287948884, 3.03154306542491, 3.00214330075745, 2.96262358306183, 2.91298391007742, 2.85322268000439, 2.78333228786764, 2.7032960406185, 2.61308763513055, 2.51267277275944, 2.4020093066399, 2.28104790776296, 2.14973302552377, 2.0080008407681, 1.85578138981616, 1.69300056487042, 1.51957857498278, 1.33542853080644, 1.1404593100087, 0.934577937001308, 0.717688823263632, 0.48969427007505, 0.250494969335225, -1.73926621172549e-05, 0, 0.243765501119244, 0.477416171478989, 0.700952014387879, 0.914373033187171, 1.11767923119683, 1.31087061165792, 1.49394717767337, 1.66690893214928, 1.82975587773936, 1.98248801679499, 2.12510535132301, 2.25760788295322, 2.37999561291658, 2.4922685420347, 2.5944266707203, 2.68646999898737, 2.76839852646968, 2.84021225244553, 2.90191117586676, 2.95349529539043, 2.99496460941166, 3.02631911609715, 3.04755881341942, 3.05868369919236, 3.05969377110947, 3.05058902678634, 3.03136946380936, 3.00203507979254, 2.96258587244486, 2.91302183965039, 2.85334130777331, 2.7835362956352, 2.70358925596571, 2.61347252699054, 2.51315003037796, 2.40257742606563, 2.281702810045, 2.15046772817115, 2.0088050252939, 1.85664107294977, 1.69389787449191, 1.52049145326881, 1.33633035592859, 1.14131866794339, 0.935358525371057, 0.718349312565954, 0.490188191607306, 0.250770629808787, -1.73854564897713e-05, 0, 0.243692464265744, 0.477275222204644, 0.700748277114847, 0.914111632315525, 1.11736529109194, 1.31050925663721, 1.49354353199287, 1.66646811999065, 1.82928302319802, 1.98198824387003, 2.12458378390962, 2.25706964483828, 2.37944582777792, 2.49171233344439, 2.59386916215205, 2.685916313828, 2.76785378803418, 2.83968158399518, 2.90139970062949, 2.95300813658245, 2.99450689025951, 3.02589595985918, 3.0471753434059, 3.05834503878383, 3.05940504377282, 3.05035535608878, 3.03119597343043, 3.00192689353492, 2.96254811424468, 2.91305963358827, 2.853459707318, 2.78373998046386, 2.70388205402847, 2.61385691027503, 2.51362669389167, 2.40314487431878, 2.28235697491334, 2.15120164028998, 2.00960838191884, 1.85749990866575, 1.6947943365753, 1.52140350508798, 1.33723139820526, 1.1421773100381, 0.936138489263469, 0.719009293958506, 0.490681747739119, 0.25104609397942, -1.73782587571947e-05, 0, 0.243619506307371, 0.477134424967457, 0.700544759267919, 0.91385051250587, 1.11705168793192, 1.31014828869127, 1.49314031776416, 1.66602777790803, 1.82881067160421, 1.98148900101151, 2.12406276792912, 2.25653197377033, 2.37889661954813, 2.49115670587274, 2.59331223296025, 2.68536320065097, 2.76730960843509, 2.83915145548354, 2.90088874068149, 2.9525214626626, 2.99404961984259, 3.02547321045171, 3.04679223256632, 3.05800668414072, 3.059116563041, 3.05012186708326, 3.03102259407844, 3.00181874188665, 2.9625103084836, 2.9130972920422, 2.85357787892521, 2.78394334277945, 2.7041744353717, 2.61424078568455, 2.51410276412978, 2.40371165234695, 2.28301040342127, 2.15193476302441, 2.01041091186012, 1.85835789823479, 1.69568995242414, 1.52231473175478, 1.33813165893913, 1.14303523753976, 0.936917829804908, 0.719668768381764, 0.491174939159538, 0.251321362219062, -1.73710798679894e-05, 0, 0.24354662685101, 0.476993779007853, 0.70034145974772, 0.913589672345693, 1.11673842001776, 1.30978770586128, 1.49273753279525, 1.66558790350292, 1.82833882037956, 1.98099028548788, 2.12354230052343, 2.25599486679141, 2.37834798519603, 2.49060165624197, 2.59275588004721, 2.68481065636532, 2.76676598461483, 2.83862186391308, 2.90037829311193, 2.95203527083336, 2.99359279550336, 3.02505086538389, 3.04640947860312, 3.0576686331854, 3.05882832708299, 3.04988855821203, 3.03084932449553, 3.00171062391643, 2.96247245458356, 2.91313481481397, 2.85369582280159, 2.78414638321509, 2.70446640107338, 2.61462415475686, 2.51457824310128, 2.40427776263862, 2.2836630985427, 2.15266709983753, 2.01121261907107, 1.85921504609957, 1.69658472696883, 1.52322513868426, 1.33903114402608, 1.14389245657446, 0.93769655286039, 0.720327740946057, 0.491667769730377, 0.251596436647038, -1.73640370748074e-05, 0, 0.243473825800475, 0.476853284140519, 0.700138378286863, 0.913329111492582, 1.11642548693909, 1.30942750767595, 1.49233517656099, 1.66514849620336, 1.82786746891238, 1.98049209665476, 2.1230223810225, 2.25545832321289, 2.37779992402145, 2.49004718384744, 2.59220010271083, 2.68425868027858, 2.76622291589761, 2.83809280863173, 2.89986835729953, 2.95154956051129, 2.99313641670327, 3.02462892416909, 3.04602708108865, 3.0573308855563, 3.05854033561031, 3.04965542926676, 3.03067616456059, 3.0016025395974, 2.962434552619, 2.91317220208641, 2.85381353924366, 2.78434910218301, 2.70475795166001, 2.61500701812781, 2.51505313154307, 2.40484320602001, 2.28431506117911, 2.15339865168983, 2.01201350455208, 1.86007135327942, 1.69747866122566, 1.52413472686642, 1.33992985440575, 1.14474896800753, 0.938474659196933, 0.720986212295768, 0.492160239948846, 0.251871317588692, -1.73570016748226e-05, 0, 0.243401103063717, 0.476712940188125, 0.699935514629506, 0.913068829618954, 1.11611288830334, 1.30906769368451, 1.49193324855918, 1.66470955546249, 1.8273966166179, 1.97999443389623, 2.12250300878608, 2.25492234237692, 2.3772524353557, 2.48949328801641, 2.5916449002811, 2.6837072717302, 2.76568040163913, 2.83756428901819, 2.89935893265276, 2.95106433114141, 2.99268048293067, 3.02420738634573, 3.0456450396182, 3.05699344091229, 3.05825258835222, 3.04942248005385, 3.03050311416393, 3.00149448891058, 2.96239660266841, 2.91320945404221, 2.85393102854339, 2.78455150008615, 2.70504908764384, 2.61538937641381, 2.51552743016703, 2.40540798328654, 2.28496629219517, 2.15412941949871, 2.01281356925388, 1.86092682073719, 1.69837175614744, 1.52504349722047, 1.34082779093939, 1.14560477261812, 0.93925214948732, 0.721644182972733, 0.492652350201036, 0.252146005249434, -1.7349973966907e-05, 0, 0.243328458548815, 0.476572746973585, 0.69973286852016, 0.912808826397677, 1.11580062371852, 1.30870826343683, 1.49153174828833, 1.6642710807342, 1.82692626291216, 1.97949729659726, 2.12198418317479, 2.25438692362654, 2.37670551853103, 2.48893996807707, 2.5910902720889, 2.68315643006054, 2.76513844119596, 2.83703630445203, 2.89885001858092, 2.95057958216953, 2.99222499367459, 3.02378625145288, 3.04526335378759, 3.05665629891274, 3.05796508503837, 3.04918971038, 3.03033017319608, 3.00138647183704, 2.96235860481016, 2.91324657086385, 2.85404829099238, 2.78475357732694, 2.70533980953646, 2.61577123023043, 2.51600113968413, 2.40597209523264, 2.28561679245442, 2.15485940418038, 2.01361281412604, 1.86178144943455, 1.69926401268581, 1.52595145066453, 1.34172495448728, 1.14645987118454, 0.940029024403647, 0.722301653518301, 0.493144100872789, 0.25242049983469, -1.7342953935684e-05, 0, 0.243255704975852, 0.476432344137559, 0.699529920720517, 0.912548437911878, 1.11548789878948, 1.30834830625972, 1.4911296629972, 1.66383197138908, 1.8264552334872, 1.97899945097072, 2.12146462512148, 2.25385075681345, 2.37615784651659, 2.4883858943144, 2.59053489993322, 2.68260486278053, 2.76459578198879, 2.83650765646142, 2.89834048491733, 2.9500942659318, 2.9917689979718, 3.02336467942575, 3.04488130862858, 3.05631888388421, 3.05767740348865, 3.04895686575729, 3.03015726906039, 3.00127861187097, 2.96232089282915, 2.91328411082719, 2.85416612355652, 2.78495636042344, 2.70563134120169, 2.61615396848938, 2.51647578175321, 2.40653716396077, 2.28626825219772, 2.15559033180731, 2.01441296876378, 1.86263694017961, 1.70015707055189, 1.52686013350249, 1.34262276563609, 1.14731552626754, 0.940806356172936, 0.722959473518416, 0.493636086601521, 0.252695108724561, -1.73481314895141e-05, 0, 0.243183029610093, 0.476292092013848, 0.699327190436223, 0.912288328042407, 1.11517550787573, 1.30798873279491, 1.4907280054135, 1.66339332804471, 1.82598470265462, 1.97850213082659, 2.12094561373915, 2.25331515215857, 2.37561074644636, 2.48783239658084, 2.58998010219054, 2.68205386259651, 2.76405367685979, 2.83597954383036, 2.89783146219397, 2.94960943051422, 2.99131344726833, 3.02294351087633, 3.04449961972478, 3.05598177218743, 3.05738996664617, 3.04872420151609, 3.02998447527918, 3.00117078653085, 2.96228313404392, 2.91332151685432, 2.85428373056325, 2.78515882428632, 2.70592246041838, 2.61653620420822, 2.51694983699789, 2.40710157006485, 2.28691898435124, 2.15632047999756, 2.01521230783368, 1.86349159704183, 1.70104929557095, 1.52776800566626, 1.34351981077368, 1.14817048305948, 0.941583081139737, 0.723616802816515, 0.494127723076029, 0.252969535800812, -1.73410804578111e-05, 0, 0.243110432580429, 0.476151990847227, 0.699124678014922, 0.912028497226769, 1.11486345149163, 1.30762954362059, 1.49032677616625, 1.66295515136794, 1.82551467110606, 1.97800533686831, 2.12042714973003, 2.25278011034988, 2.37506421898107, 2.48727947549686, 2.58942587942808, 2.68150343000944, 2.76351212623063, 2.83545196688826, 2.89732295063492, 2.94912507602256, 2.99085834153864, 3.02252274563472, 3.04411828674894, 3.05564496332482, 3.05710277382996, 3.04849171677907, 3.0298117907657, 3.00106299450754, 2.9622453269099, 2.91335878715224, 2.85440110995644, 2.7853609665787, 2.70621316454857, 2.61691793442401, 2.51742330210294, 2.40766530984671, 2.28756898480087, 2.15704984418595, 2.01601082628144, 1.86434541443794, 1.70194068158985, 1.52867506039072, 1.34441608247988, 1.14902473344233, 0.942359190445141, 0.724273631769535, 0.494618999825544, 0.253243769721211, -1.73340584520565e-05, 0, 0.243037913799029, 0.476012040468482, 0.698922383212475, 0.911768945152353, 1.11455172926256, 1.30727073830659, 1.48992597477614, 1.66251744083679, 1.82504513828336, 1.97750906850798, 2.1199092324829, 2.25224563075934, 2.37451826348231, 2.48672713042012, 2.58887223100601, 2.68095356438846, 2.76297112948587, 2.83492492504155, 2.89681494967495, 2.94864120192639, 2.99040368029352, 3.02210238325941, 3.04373730931371, 3.05530845696958, 3.05681582478029, 3.04825941135999, 3.02963921541369, 3.00095523578116, 2.9622074715001, 2.91339592189327, 2.85451826201246, 2.78556278768299, 2.70650345407973, 2.61729915972489, 2.51789617774933, 2.40822838406906, 2.28821825437756, 2.15777842525598, 2.01680852502462, 1.86519839329916, 1.70283122953224, 1.52958129856922, 1.3453115815943, 1.14987827817866, 0.943134684751325, 0.724929960915541, 0.495109917240096, 0.253517810703697, -1.73270437766604e-05, 0, 0.242965473178598, 0.475872240709439, 0.698720305786235, 0.911509671508449, 1.11424034081614, 1.30691231642528, 1.48952560076674, 1.66208019593241, 1.82457610363164, 1.9770133251611, 2.11939186139008, 2.25171171276247, 2.37397287931521, 2.48617536071177, 2.58831915628792, 2.680404265106, 2.7624306860132, 2.83439841769958, 2.89630745875148, 2.94815780769759, 2.98994946304574, 3.02168242331046, 3.04335668703285, 3.05497225279561, 3.05652911923755, 3.04802728507218, 3.02946674911579, 3.00084751033013, 2.96216956788507, 2.91343292124652, 2.8546351870037, 2.7857642879767, 2.70679332949358, 2.61767988069237, 2.5183684646105, 2.40879079348608, 2.28886679390276, 2.15850622408067, 2.01760540496932, 1.86605053454429, 1.7037209403083, 1.53048672108065, 1.34620630894109, 1.15073111801457, 0.943909564702922, 0.72558579077401, 0.495600475690091, 0.253791658945528, -1.73200364738113e-05, 0, 0.242893110631962, 0.475732591402146, 0.698518445493877, 0.911250675984757, 1.1139292857805, 1.30655427754962, 1.48912565366223, 1.66164341613661, 1.82410756659674, 1.97651810624395, 2.11887503584468, 2.25117835573561, 2.37342806584574, 2.48562416573382, 2.58776665463826, 2.67985553153534, 2.76189079520113, 2.83387244427248, 2.89580047730267, 2.94767489280876, 2.98949568930873, 3.02126286534854, 3.04297641952063, 3.0546363504772, 3.05624265694248, 3.0477953377292, 3.02929439176481, 3.00073981813286, 2.96213161613525, 2.91346978538088, 2.85475188520218, 2.78596546783689, 2.70708279127123, 2.61806009790719, 2.518840163359, 2.409352538851, 2.28951460419686, 2.15923324153195, 2.01840146702049, 1.86690183909094, 1.70460981482702, 1.53139132880279, 1.34710026534333, 1.15158325369521, 0.944683830943772, 0.726241121863799, 0.496090675545503, 0.254065314643761, -1.73130365316299e-05, 0, 0.242820826072059, 0.475593092378877, 0.698316802093398, 0.910991958271394, 1.11361856378428, 1.30619662125314, 1.48872613298743, 1.6612071009319, 1.82363952662526, 1.97602341117358, 2.11835875524062, 2.25064555905594, 2.37288382244072, 2.48507354484913, 2.58721472542231, 2.67930736305058, 2.76135145643897, 2.83334700417117, 2.89529400476744, 2.9471924567332, 2.98904235859657, 3.02084370893487, 3.04259650639186, 3.05430074968911, 3.05595643763617, 3.04756356914487, 3.02912214325368, 3.0006321591678, 2.96209361632102, 2.913506514465, 2.85486835687954, 2.78616632764007, 2.70737183989313, 2.61843981194933, 2.51931127466647, 2.40991362091601, 2.29016168607916, 2.15995947848057, 2.01919671208187, 1.86775230785554, 1.70549785399624, 1.53229512261228, 1.34799345162306, 1.15243468596475, 0.945457484116881, 0.72689595470309, 0.496580517175831, 0.254338777995202, -1.73060439352946e-05, 0, 0.242748619411947, 0.475453743472127, 0.698115375343119, 0.910733518058887, 1.11330817445658, 1.30583934710994, 1.4883270382678, 1.66077124980148, 1.8231719831645, 1.97552923936784, 2.11784301897262, 2.25011332210146, 2.37234014846783, 2.48452349742141, 2.5866633680062, 2.67875975902666, 2.76081266911685, 2.83282209680736, 2.89478804058544, 2.94671049894489, 2.98858947042395, 3.02042495363127, 3.04221694726183, 3.05396545010649, 3.05567046106003, 3.04733197913324, 3.02895000347547, 3.00052453341343, 2.96205556851262, 2.91354310866731, 2.85498460230707, 2.78636686776226, 2.70766047583909, 2.61881902339795, 2.51978179920364, 2.4104740404323, 2.29080804036786, 2.16068493579609, 2.01999114105598, 1.86860194175325, 1.70638505872258, 1.53319810338457, 1.34888586860122, 1.15328541556641, 0.94623052486441, 0.727550289809388, 0.497070000950087, 0.254612049196392, -1.72990586788657e-05, 0, 0.242676490564798, 0.475314544514616, 0.697914165001681, 0.910475355038178, 1.11299811742704, 1.30548245469468, 1.48792836902943, 1.66033586222923, 1.82270493566255, 1.97503559024533, 2.11732782643623, 2.24958164425101, 2.37179704329555, 2.4839740228152, 2.58611258175691, 2.67821271883936, 2.76027443262571, 2.83229772159352, 2.89428258419707, 2.94622901891853, 2.98813702430625, 3.02000659900014, 3.04183774174635, 3.05363045140496, 3.05538472695582, 3.04710056750861, 3.02877797232339, 3.00041694084824, 2.9620174727802, 2.91357956815599, 2.85510062175567, 2.78656708857897, 2.70794869958827, 2.61919773283147, 2.52025173764037, 2.41103379815007, 2.29145366788005, 2.16140961434696, 2.02078475484416, 1.86945074169805, 1.70727142991145, 1.534100271994, 1.34977751709767, 1.15413544324242, 0.94700295382769, 0.728204127699528, 0.497559127236811, 0.254885128443624, -1.72920807547938e-05, 0, 0.242604439443897, 0.475175495339285, 0.697713170828048, 0.910217468900615, 1.11268839232574, 1.30512594358259, 1.48753012479902, 1.65990093769972, 1.82223838356818, 1.97454246322544, 2.11681317702777, 2.24905052488423, 2.37125450629324, 2.4834251203959, 2.58556236604224, 2.67766624186525, 2.75973674635729, 2.83177387794292, 2.89377763504347, 2.9457480161295, 2.98768501975944, 3.01958864460444, 3.04145888946174, 3.05329575326052, 3.05509923506564, 3.0468693340855, 3.02860604969077, 3.00030938145073, 2.96197932919382, 2.913615893099, 2.85521641549588, 2.78676699046519, 2.70823651161915, 2.61957594082751, 2.52072109064557, 2.41159289481847, 2.29209856943176, 2.16213351500044, 2.02157755434656, 1.87029870860273, 1.70815696846708, 1.53500162931375, 1.35066839793121, 1.15498476973407, 0.947774771647217, 0.728857468889678, 0.498047896404066, 0.255158015932939, -1.72851101506444e-05, 0, 0.242532465962649, 0.475036595779298, 0.697512392581502, 0.909959859337962, 1.11237899878328, 1.30476981334946, 1.48713230510393, 1.65946647569822, 1.82177232633093, 1.97404985772831, 2.11629907014438, 2.24851996338161, 2.37071253683107, 2.48287678952975, 2.58501272023084, 2.67712032748177, 2.75919960970414, 2.83125056526958, 2.89327319256651, 2.94526749005388, 2.98723345630018, 3.01917109000773, 3.04108039002481, 3.05296135534962, 3.05481398513192, 3.04663827867869, 3.02843423547109, 3.00020185519945, 2.96194113782343, 2.91365208366407, 2.85533198379788, 2.78696657379541, 2.70852391240962, 2.6199536479629, 2.52118985888729, 2.4121513311857, 2.2927427458379, 2.16285663862265, 2.02236954046212, 1.87114584337884, 1.70904167529253, 1.53590217621583, 1.35155851191958, 1.15583339578164, 0.94854597896266, 0.729510313895338, 0.498536308819442, 0.255430711860125, -1.72781468552596e-05, 0, 0.242460570034571, 0.474897845668041, 0.697311830021648, 0.909702526042388, 1.11206993643077, 1.30441406357165, 1.48673490947213, 1.65903247571065, 1.82130676340105, 1.97355777317486, 2.115785505184, 2.24798995912444, 2.37017113428006, 2.48232902958383, 2.58446364369221, 2.67657497506717, 2.75866302205962, 2.83072778298833, 2.89276925620882, 2.94478744016845, 2.98678233344573, 3.01875393477413, 3.04070224305289, 3.05262725734914, 3.05452897689742, 3.0464074011032, 3.02826252955797, 3.00009436207295, 2.96190289873886, 2.91368814001868, 2.85544732693146, 2.78716583894362, 2.70881090243688, 2.62033085481371, 2.52165804303267, 2.41270910799893, 2.29338619791231, 2.16357898607856, 2.0231607140886, 1.87199214693674, 1.70992555128965, 1.53680191357115, 1.35244785987942, 1.15668132212449, 0.949316576412848, 0.730162663231335, 0.499024364850047, 0.255703216420712, -1.72711908648648e-05, 0, 0.242388751573297, 0.474759244839121, 0.697111482908409, 0.909445468706476, 1.11176120489977, 1.30405869382607, 1.48633793743222, 1.65859893722365, 1.82084169422952, 1.9730662089868, 2.11527248154537, 2.24746051149486, 2.36963029801205, 2.48178183992604, 2.58391513579667, 2.67603018400051, 2.75812698281789, 2.83020553051475, 2.89226582541375, 2.94430786595065, 2.98633165071399, 3.01833717846834, 3.0403244481638, 3.05229345893638, 3.05424421010526, 3.04617670117429, 3.02809093184514, 2.9999869020498, 2.96186461200988, 2.9137240623301, 2.85556244516606, 2.78736478628328, 2.7090974821775, 2.62070756195523, 2.52212564374796, 2.41326622600432, 2.29402892646774, 2.16430055823197, 2.02395107612257, 1.87283762018559, 1.7108085973591, 1.53770084224945, 1.35333644262634, 1.157528549501, 0.950086564635791, 0.730814517411839, 0.499512064862525, 0.25597552980999, -1.7264242162307e-05, 0, 0.242317010492573, 0.474620793126368, 0.696911351002027, 0.909188687023216, 1.11145280382236, 1.30370370369021, 1.48594138851343, 1.65816585972453, 1.82037711826808, 1.97257516458658, 2.11475999862802, 2.24693161987581, 2.36909002739975, 2.48123521992515, 2.58336719591539, 2.6754859536617, 2.75759149137392, 2.8296838072652, 2.89176289962539, 2.94382876687867, 2.98588140762354, 3.01792082065563, 3.03994700497589, 3.05195995978904, 3.05395968449887, 3.04594617870744, 3.02791944222648, 2.99987947510859, 2.96182627770613, 2.91375985076536, 2.85567733877074, 2.78756341618738, 2.70938365210743, 2.62108376996199, 2.5225926616985, 2.41382268594705, 2.29467093231585, 2.16502135594555, 2.0247406274594, 1.87368226403335, 1.71169081440036, 1.53859896311933, 1.35422426097486, 1.15837507864858, 0.950855944268664, 0.731465876950345, 0.499999409223038, 0.256247652222984, -1.72573007442001e-05, 0, 0.242245346706263, 0.47448249036383, 0.696711434063065, 0.908932180686004, 1.11114473283109, 1.30334909274211, 1.48554526224561, 1.65773324270126, 1.81991303496915, 1.97208463939742, 2.1142480558323, 2.24640328365106, 2.36855032181665, 2.48068916895076, 2.58281982342034, 2.67494228343146, 2.75705654712346, 2.82916261265682, 2.89126047828858, 2.94335014243133, 2.98543160369354, 3.01750486090186, 3.03956991310797, 3.05162675958529, 3.05367539982204, 3.0457158335184, 3.02774806059602, 2.99977208122796, 2.96178789589716, 2.91379550549125, 2.85579200801422, 2.78776172902837, 2.70966941270193, 2.62145947940772, 2.52305909754875, 2.4143784885713, 2.29531221626723, 2.16574138008083, 2.02552936899328, 1.87452607938678, 1.71257220331174, 1.53949627704826, 1.35511131573845, 1.15922091030369, 0.951624715947819, 0.73211674235969, 0.500486398297282, 0.25651958385448, -1.72503665965551e-05, 0, 0.242173760128343, 0.474344336385777, 0.696511731852399, 0.908675949388643, 1.11083699155901, 1.30299486056037, 1.48514955815924, 1.65730108564251, 1.81944944378592, 1.97159463284333, 2.11373665255932, 2.24587550220516, 2.36801118063711, 2.48014368637329, 2.58227301768437, 2.67439917269131, 2.75652214946309, 2.82864194610752, 2.89075856084888, 2.94287199208816, 2.98498223844382, 3.01708929877344, 3.03919317217939, 3.05129385800368, 3.05339135581886, 3.04548566542312, 3.02757678684789, 2.99966472038654, 2.9617494666524, 2.91383102667435, 2.85590645316482, 2.78795972517821, 2.70995476443566, 2.62183469086539, 2.52352495196227, 2.41493363462025, 2.29595277913138, 2.16646063149817, 2.02631730161722, 1.87536906715144, 1.71345276499034, 1.54039278490258, 1.35599760772949, 1.16006604520184, 0.952392880308777, 0.732767114152041, 0.500973032450472, 0.256791324899, -1.72434397163745e-05, 0, 0.242102250672904, 0.4742063310267, 0.696312244131229, 0.908419992825347, 1.11052957963966, 1.30264100672417, 1.48475427578541, 1.65686938803764, 1.81898634417227, 1.97110514434905, 2.113225788211, 2.24534827492354, 2.3674726032363, 2.479598771564, 2.58172677808113, 2.67385662082361, 2.75598829779016, 2.82812180703597, 2.89025714675257, 2.9423943153294, 2.98453331139483, 3.01667413383736, 3.03881678180999, 3.05096125472319, 3.05310755223379, 3.04525567423783, 3.02740562087638, 2.99955739256298, 2.96171099004122, 2.91386641448099, 2.85602067449051, 2.78815740500837, 2.71023970778263, 2.62220940490721, 2.52399022560174, 2.41548812483609, 2.29659262171671, 2.1671791110568, 2.02710442622305, 1.8762112282317, 1.71433250033213, 1.54128848754748, 1.35688313775935, 1.16091048407756, 0.953160437986243, 0.73341699283891, 0.501459312047364, 0.257062875550828, -1.72365200898916e-05, 0, 0.242030818254152, 0.474068474121308, 0.696112970661066, 0.908164310690731, 1.11022249670705, 1.30228753081321, 1.48435941465586, 1.65643814937666, 1.81852373558284, 1.97061617334011, 2.11271546219007, 2.2448216011924, 2.36693458899023, 2.47905442389499, 2.5811811039851, 2.67331462721155, 2.75545499150284, 2.82760219486161, 2.88975623544669, 2.94191711163594, 2.98408482206765, 3.01625936566118, 3.03844074162008, 3.05062894942324, 3.0528239888116, 3.04502585977896, 3.0272345625759, 2.99945009773596, 2.96167246613284, 2.91390166907729, 2.8561346722589, 2.78835476888979, 2.71052424321619, 2.6225836221046, 2.52445491912895, 2.41604195996, 2.29723174483057, 2.1678968196148, 2.02789074370141, 1.87705256353073, 1.71521141023184, 1.54218338584703, 1.3577679066383, 1.16175422766444, 0.953927389614093, 0.734066378931145, 0.501945237452235, 0.257334236003993, -1.72296077088352e-05, 0, 0.241959462786406, 0.473930765504531, 0.695913911203741, 0.907908902679819, 1.10991574239568, 1.30193443240779, 1.48396497430293, 1.65600736915027, 1.81806161747296, 1.97012771924279, 2.11220567390004, 2.24429548039876, 2.36639713727573, 2.4785106427392, 2.5806359947716, 2.67277319123912, 2.75492223000009, 2.82708310900466, 2.88925582637901, 2.94144038048939, 2.98363676998401, 3.01584499381305, 3.03806505123053, 3.05029694178366, 3.05254066529741, 3.0447962218632, 3.027063611841, 2.9993428358842, 2.96163389499643, 2.91393679062913, 2.85624844673724, 2.78855181719294, 2.71080837120908, 2.62295734302823, 2.52491903320479, 2.4165951407322, 2.29787014927924, 2.16861375802914, 2.02867625494177, 1.87789307395053, 1.71608949558309, 1.54307748066416, 1.35865191517556, 1.16259727669513, 0.954693735825387, 0.734715272938935, 0.502430809028899, 0.257605406452276, -1.72227025626581e-05, 0, 0.241888184184098, 0.473793205011517, 0.695715065521403, 0.907653768488037, 1.10960931634056, 1.30158171108873, 1.48357095425957, 1.65557704684985, 1.8175999892987, 1.96963978148412, 2.1116964227452, 2.24376991193046, 2.36586024747046, 2.47796742747037, 2.58009144981678, 2.67223231229111, 2.75439001268166, 2.82656454888611, 2.888755918998, 2.94096412137202, 2.98318915466625, 3.01543101786164, 3.03768971026265, 3.04996523148469, 3.05225758143666, 3.04456676030748, 3.02689276856636, 2.99923560698641, 2.96159527670102, 2.91397177930216, 2.85636199819239, 2.78874855028777, 2.71109209223341, 2.62333056824801, 2.52538256848929, 2.41714766789191, 2.2985078358679, 2.16932992715563, 2.02946096083242, 1.87873276039188, 1.71696675727827, 1.54397077286068, 1.35953516417932, 1.16343963190131, 0.955459477252364, 0.735363675371811, 0.502916027140697, 0.257876387089208, -1.72158046407023e-05, 0, 0.241816982361775, 0.473655792477631, 0.695516433376509, 0.907398907811215, 1.10930321817715, 1.30122936643742, 1.48317735405938, 1.65514718196744, 1.81713885051686, 1.96915235949192, 2.11118770813063, 2.24324489517615, 2.3653239189529, 2.4774247774631, 2.57954746849759, 2.67169198975316, 2.75385833894809, 2.82604651392769, 2.88825651275287, 2.94048833376678, 2.98274197563734, 3.01501743737624, 3.03731471833827, 3.04963381820699, 3.05197473697512, 3.04433747492895, 3.02672203264679, 2.99912841102132, 2.96155661131556, 2.9140066352618, 2.85647532689087, 2.78894496854373, 2.71137540676061, 2.62370329833305, 2.52584552564155, 2.41769954217734, 2.29914480540068, 2.17004532784892, 2.03024486226047, 1.8795716237544, 1.71784319620863, 1.54486326329726, 1.36041765445668, 1.1642812940137, 0.956224614526432, 0.736011586738635, 0.503400892150496, 0.258147178108065, -1.72089139416354e-05