0.27886, 0.278977337541091, 0.279329522790337, 0.279916728373708, 0.280739126917177, 0.281796891046714, 0.28309019338829, 0.284619206567879, 0.28638410321145, 0.288385055944975, 0.290622237394427, 0.293095820185775, 0.295805976944992, 0.29875288029805, 0.301936702870918, 0.30535761728957, 0.309015796179976, 0.312911412168108, 0.317044637879937, 0.321415645941435, 0.326024608978573, 0.330871699617323, 0.335957090483656, 0.341280954203544, 0.346843463402957, 0.352644790707868, 0.358685108744247, 0.364964590138067, 0.371483407515299, 0.378241733501913, 0.385239740723883, 0.392477601807178, 0.399955489377771, 0.407673576061633, 0.415632034484735, 0.423831037273049, 0.432270757052546, 0.440951366449198, 0.449873038088976, 0.459035944597852, 0.27886, 0.278513825674757, 0.277486216809866, 0.275796802774237, 0.273471211403429, 0.270540297927148, 0.267039410786857, 0.263007694325856, 0.258487428336205, 0.253523404450162, 0.248162339368315, 0.242452324922018, 0.236442314973788, 0.230181649165434, 0.223719613529394, 0.217105037983487, 0.210385930732668, 0.203609149603061, 0.196820110333527, 0.19006253184831, 0.183378218531208, 0.1768068795176, 0.17038598501597, 0.164150659665693, 0.158133612933217, 0.152365106544559, 0.146872958948481, 0.141682586801711, 0.136817083465097, 0.132297334497367, 0.128142170130842, 0.124368554710613, 0.12099181307469, 0.118025893846673, 0.115483669603434, 0.113377273866476, 0.111718474844468, 0.110519085821973, 0.109791412038845, 0.10954873382527, 0.27886, 0.278513866094252, 0.277486367066363, 0.275797121079561, 0.273471744920747, 0.270541082926072, 0.267040472796545, 0.263009048286048, 0.258489078746141, 0.253525345515324, 0.248164555144915, 0.24245478945914, 0.236444992453034, 0.230184494037904, 0.223722570649752, 0.217108042740846, 0.210388909177945, 0.203612018572442, 0.196822777567634, 0.190064896106635, 0.183380169701378, 0.17680829871902, 0.170386744697394, 0.164150623696291, 0.158132636686683, 0.152363036975852, 0.14686963466276, 0.141677838115049, 0.136810732456556, 0.132289195051995, 0.12813204797317, 0.124356247428186, 0.120977110131165, 0.118008576583965, 0.115463511232361, 0.113354039445267, 0.111691921244412, 0.110488961679283, 0.109757457691618, 0.109510681233939, 0.27886, 0.278513865912078, 0.27748636633376, 0.275797119430848, 0.27347174199716, 0.270541078379618, 0.267040466293386, 0.26300903950942, 0.258489067398832, 0.253525331321729, 0.248164537852679, 0.242454768840404, 0.236444968305305, 0.230184466184562, 0.223722538940212, 0.217108007050382, 0.21038886940721, 0.20361197464668, 0.196822729435613, 0.190064843739313, 0.18338011309031, 0.176808237874542, 0.170386679646577, 0.164150554480693, 0.158132563359918, 0.152362959600979, 0.146869553309522, 0.141677752856967, 0.136810643367903, 0.132289102204659, 0.128131951433425, 0.124356147253386, 0.120977006366379, 0.118008469258567, 0.115463400356589, 0.113353925006777, 0.111691803204826, 0.110488839970767, 0.109757332213489, 0.109510551849333, 0.27886, 0.278513865909906, 0.277486366325674, 0.275797119413695, 0.273471741968374, 0.270541078337212, 0.267040466235944, 0.263009039436091, 0.25848906730932, 0.253525331216284, 0.24816453773209, 0.242454768705988, 0.236444968158898, 0.23018446602851, 0.22372253877736, 0.217108006884069, 0.210388869241256, 0.203611974485381, 0.19682272928373, 0.190064843602065, 0.18338011297337, 0.176808237784026, 0.170386679589041, 0.164150554463125, 0.158132563389734, 0.152362959686019, 0.146869553458043, 0.141677753077643, 0.13681064366982, 0.132289102597312, 0.128131951926717, 0.124356147857629, 0.120977007092289, 0.118008470117267, 0.115463401359612, 0.113353926166063, 0.111691804532725, 0.110488841480043, 0.10975733391732, 0.109510553761312, 0.27886, 0.278513865909875, 0.277486366325561, 0.275797119413463, 0.273471741967998, 0.270541078336681, 0.267040466235257, 0.263009039435258, 0.258489067308361, 0.253525331215228, 0.24816453773097, 0.242454768704843, 0.23644496815777, 0.230184466027441, 0.223722538776393, 0.217108006883246, 0.210388869240614, 0.203611974484955, 0.196822729283552, 0.190064843602161, 0.183380112973762, 0.176808237784732, 0.170386679590074, 0.164150554464495, 0.158132563391448, 0.152362959688079, 0.146869553460451, 0.141677753080398, 0.136810643672918, 0.13228910260075, 0.128131951930491, 0.124356147861734, 0.120977007096721, 0.11800847012202, 0.11546340136468, 0.11335392617144, 0.111691804538402, 0.110488841486005, 0.109757333923547, 0.109510553767766, 0.27886, 0.278513865909835, 0.277486366325411, 0.275797119413148, 0.273471741967474, 0.27054107833592, 0.267040466234241, 0.263009039433981, 0.25848906730683, 0.253525331213455, 0.248164537728978, 0.242454768702658, 0.236444968155424, 0.230184466024968, 0.223722538773829, 0.217108006880624, 0.210388869237969, 0.203611974482318, 0.196822729280951, 0.190064843599622, 0.183380112971307, 0.176808237782378, 0.170386679587837, 0.164150554462388, 0.158132563389479, 0.152362959686255, 0.146869553458776, 0.141677753078875, 0.136810643671548, 0.132289102599535, 0.128131951929429, 0.124356147860823, 0.120977007095958, 0.118008470121403, 0.115463401364204, 0.113353926171097, 0.111691804538182, 0.110488841485891, 0.109757333923511, 0.109510553767765, 0.27886, 0.278513865909794, 0.277486366325261, 0.275797119412832, 0.273471741966951, 0.270541078335158, 0.267040466233225, 0.263009039432705, 0.258489067305298, 0.253525331211682, 0.248164537726985, 0.242454768700472, 0.236444968153078, 0.230184466022495, 0.223722538771264, 0.217108006878002, 0.210388869235324, 0.203611974479681, 0.19682272927835, 0.190064843597083, 0.183380112968851, 0.176808237780025, 0.170386679585601, 0.16415055446028, 0.158132563387509, 0.15236295968443, 0.146869553457101, 0.141677753077352, 0.136810643670179, 0.132289102598319, 0.128131951928366, 0.124356147859912, 0.120977007095196, 0.118008470120786, 0.115463401363728, 0.113353926170755, 0.111691804537962, 0.110488841485777, 0.109757333923476, 0.109510553767766, 0.27886, 0.278513865909754, 0.277486366325111, 0.275797119412517, 0.273471741966427, 0.270541078334397, 0.267040466232209, 0.263009039431429, 0.258489067303766, 0.253525331209909, 0.248164537724992, 0.242454768698287, 0.236444968150732, 0.230184466020022, 0.223722538768699, 0.21710800687538, 0.210388869232679, 0.203611974477043, 0.196822729275749, 0.190064843594543, 0.183380112966395, 0.176808237777671, 0.170386679583364, 0.164150554458172, 0.158132563385539, 0.152362959682605, 0.146869553455425, 0.141677753075828, 0.136810643668809, 0.132289102597102, 0.128131951927302, 0.124356147858999, 0.120977007094432, 0.118008470120168, 0.115463401363251, 0.113353926170411, 0.111691804537741, 0.110488841485661, 0.109757333923439, 0.109510553767765, 0.27886, 0.278513865909713, 0.277486366324961, 0.275797119412202, 0.273471741965904, 0.270541078333636, 0.267040466231193, 0.263009039430153, 0.258489067302235, 0.253525331208137, 0.248164537723, 0.242454768696103, 0.236444968148386, 0.230184466017549, 0.223722538766134, 0.217108006872759, 0.210388869230034, 0.203611974474406, 0.196822729273148, 0.190064843592004, 0.18338011296394, 0.176808237775317, 0.170386679581127, 0.164150554456065, 0.15813256338357, 0.152362959680781, 0.14686955345375, 0.141677753074305, 0.13681064366744, 0.132289102595887, 0.12813195192624, 0.124356147858088, 0.12097700709367, 0.118008470119552, 0.115463401362775, 0.113353926170069, 0.111691804537522, 0.110488841485548, 0.109757333923405, 0.109510553767767, 0.27886, 0.278513865909673, 0.277486366324812, 0.275797119411886, 0.273471741965381, 0.270541078332875, 0.267040466230177, 0.263009039428877, 0.258489067300704, 0.253525331206364, 0.248164537721008, 0.242454768693918, 0.23644496814604, 0.230184466015077, 0.22372253876357, 0.217108006870138, 0.210388869227389, 0.20361197447177, 0.196822729270548, 0.190064843589466, 0.183380112961485, 0.176808237772964, 0.170386679578891, 0.164150554453957, 0.158132563381601, 0.152362959678956, 0.146869553452075, 0.141677753072782, 0.13681064366607, 0.132289102594671, 0.128131951925177, 0.124356147857176, 0.120977007092907, 0.118008470118934, 0.115463401362298, 0.113353926169725, 0.111691804537301, 0.110488841485433, 0.109757333923368, 0.109510553767766, 0.27886, 0.278513865909632, 0.277486366324662, 0.275797119411571, 0.273471741964857, 0.270541078332114, 0.267040466229161, 0.263009039427601, 0.258489067299173, 0.253525331204592, 0.248164537719016, 0.242454768691734, 0.236444968143695, 0.230184466012605, 0.223722538761006, 0.217108006867517, 0.210388869224745, 0.203611974469133, 0.196822729267948, 0.190064843586927, 0.18338011295903, 0.176808237770611, 0.170386679576655, 0.164150554451851, 0.158132563379632, 0.152362959677132, 0.1468695534504, 0.14167775307126, 0.136810643664701, 0.132289102593455, 0.128131951924114, 0.124356147856265, 0.120977007092145, 0.118008470118317, 0.115463401361822, 0.113353926169383, 0.111691804537081, 0.110488841485318, 0.109757333923332, 0.109510553767766, 0.27886, 0.278513865909592, 0.277486366324512, 0.275797119411256, 0.273471741964334, 0.270541078331353, 0.267040466228146, 0.263009039426325, 0.258489067297642, 0.25352533120282, 0.248164537717024, 0.24245476868955, 0.23644496814135, 0.230184466010133, 0.223722538758443, 0.217108006864896, 0.210388869222101, 0.203611974466497, 0.196822729265348, 0.190064843584389, 0.183380112956575, 0.176808237768258, 0.170386679574419, 0.164150554449743, 0.158132563377663, 0.152362959675307, 0.146869553448725, 0.141677753069737, 0.136810643663331, 0.132289102592239, 0.128131951923051, 0.124356147855353, 0.120977007091381, 0.118008470117699, 0.115463401361344, 0.113353926169038, 0.111691804536859, 0.110488841485202, 0.109757333923295, 0.109510553767764, 0.27886, 0.278513865909551, 0.277486366324362, 0.275797119410941, 0.273471741963811, 0.270541078330592, 0.26704046622713, 0.263009039425049, 0.258489067296111, 0.253525331201048, 0.248164537715032, 0.242454768687366, 0.236444968139006, 0.230184466007661, 0.223722538755879, 0.217108006862276, 0.210388869219457, 0.203611974463861, 0.196822729262749, 0.190064843581851, 0.183380112954121, 0.176808237765905, 0.170386679572183, 0.164150554447637, 0.158132563375694, 0.152362959673484, 0.14686955344705, 0.141677753068214, 0.136810643661962, 0.132289102591024, 0.128131951921988, 0.124356147854441, 0.120977007090619, 0.118008470117082, 0.115463401360868, 0.113353926168696, 0.111691804536639, 0.110488841485088, 0.109757333923259, 0.109510553767764, 0.27886, 0.278513865909511, 0.277486366324212, 0.275797119410626, 0.273471741963288, 0.270541078329832, 0.267040466226115, 0.263009039423774, 0.25848906729458, 0.253525331199276, 0.248164537713041, 0.242454768685182, 0.236444968136661, 0.23018446600519, 0.223722538753316, 0.217108006859656, 0.210388869216813, 0.203611974461225, 0.196822729260149, 0.190064843579313, 0.183380112951666, 0.176808237763553, 0.170386679569948, 0.16415055444553, 0.158132563373726, 0.15236295967166, 0.146869553445376, 0.141677753066692, 0.136810643660593, 0.132289102589809, 0.128131951920926, 0.124356147853531, 0.120977007089857, 0.118008470116466, 0.115463401360392, 0.113353926168354, 0.111691804536419, 0.110488841484974, 0.109757333923224, 0.109510553767765, 0.27886, 0.27851386590947, 0.277486366324062, 0.27579711941031, 0.273471741962765, 0.270541078329071, 0.2670404662251, 0.263009039422498, 0.25848906729305, 0.253525331197504, 0.24816453771105, 0.242454768682998, 0.236444968134316, 0.230184466002719, 0.223722538750753, 0.217108006857036, 0.21038886921417, 0.20361197445859, 0.19682272925755, 0.190064843576776, 0.183380112949212, 0.176808237761201, 0.170386679567713, 0.164150554443424, 0.158132563371757, 0.152362959669836, 0.146869553443701, 0.14167775306517, 0.136810643659224, 0.132289102588593, 0.128131951919863, 0.124356147852619, 0.120977007089094, 0.118008470115849, 0.115463401359916, 0.11335392616801, 0.111691804536199, 0.110488841484859, 0.109757333923188, 0.109510553767765, 0.27886, 0.27851386590943, 0.277486366323912, 0.275797119409995, 0.273471741962242, 0.27054107832831, 0.267040466224085, 0.263009039421223, 0.258489067291519, 0.253525331195733, 0.248164537709059, 0.242454768680815, 0.236444968131972, 0.230184466000248, 0.22372253874819, 0.217108006854416, 0.210388869211527, 0.203611974455955, 0.196822729254951, 0.190064843574239, 0.183380112946759, 0.176808237758849, 0.170386679565478, 0.164150554441318, 0.158132563369789, 0.152362959668013, 0.146869553442028, 0.141677753063648, 0.136810643657856, 0.132289102587378, 0.128131951918801, 0.124356147851708, 0.120977007088332, 0.118008470115232, 0.115463401359439, 0.113353926167667, 0.111691804535979, 0.110488841484744, 0.109757333923152, 0.109510553767765, 0.27886, 0.278513865909389, 0.277486366323762, 0.27579711940968, 0.273471741961719, 0.27054107832755, 0.267040466223069, 0.263009039419948, 0.258489067289989, 0.253525331193962, 0.248164537707068, 0.242454768678632, 0.236444968129629, 0.230184465997777, 0.223722538745628, 0.217108006851797, 0.210388869208884, 0.20361197445332, 0.196822729252353, 0.190064843571702, 0.183380112944305, 0.176808237756498, 0.170386679563243, 0.164150554439212, 0.158132563367822, 0.15236295966619, 0.146869553440354, 0.141677753062126, 0.136810643656488, 0.132289102586164, 0.128131951917739, 0.124356147850797, 0.12097700708757, 0.118008470114615, 0.115463401358963, 0.113353926167325, 0.111691804535759, 0.11048884148463, 0.109757333923116, 0.109510553767765, 0.27886, 0.278513865909349, 0.277486366323613, 0.275797119409365, 0.273471741961196, 0.27054107832679, 0.267040466222055, 0.263009039418673, 0.258489067288459, 0.253525331192191, 0.248164537705078, 0.242454768676449, 0.236444968127285, 0.230184465995307, 0.223722538743066, 0.217108006849178, 0.210388869206242, 0.203611974450686, 0.196822729249755, 0.190064843569165, 0.183380112941852, 0.176808237754146, 0.170386679561009, 0.164150554437107, 0.158132563365854, 0.152362959664367, 0.14686955343868, 0.141677753060604, 0.136810643655119, 0.132289102584949, 0.128131951916677, 0.124356147849886, 0.120977007086808, 0.118008470113998, 0.115463401358487, 0.113353926166982, 0.111691804535538, 0.110488841484515, 0.10975733392308, 0.109510553767764, 0.27886, 0.278513865909308, 0.277486366323463, 0.27579711940905, 0.273471741960673, 0.270541078326029, 0.26704046622104, 0.263009039417398, 0.258489067286929, 0.25352533119042, 0.248164537703087, 0.242454768674267, 0.236444968124942, 0.230184465992837, 0.223722538740504, 0.217108006846559, 0.2103888692036, 0.203611974448051, 0.196822729247157, 0.190064843566629, 0.183380112939399, 0.176808237751795, 0.170386679558774, 0.164150554435001, 0.158132563363887, 0.152362959662544, 0.146869553437006, 0.141677753059083, 0.136810643653751, 0.132289102583734, 0.128131951915615, 0.124356147848976, 0.120977007086046, 0.118008470113382, 0.115463401358011, 0.113353926166639, 0.111691804535318, 0.110488841484401, 0.109757333923044, 0.109510553767764, 0.27886, 0.278513865909268, 0.277486366323313, 0.275797119408735, 0.27347174196015, 0.270541078325269, 0.267040466220025, 0.263009039416124, 0.2584890672854, 0.253525331188649, 0.248164537701097, 0.242454768672084, 0.236444968122599, 0.230184465990367, 0.223722538737942, 0.217108006843941, 0.210388869200958, 0.203611974445417, 0.196822729244559, 0.190064843564093, 0.183380112936946, 0.176808237749444, 0.17038667955654, 0.164150554432896, 0.158132563361919, 0.152362959660722, 0.146869553435333, 0.141677753057561, 0.136810643652383, 0.132289102582519, 0.128131951914553, 0.124356147848065, 0.120977007085284, 0.118008470112765, 0.115463401357535, 0.113353926166296, 0.111691804535098, 0.110488841484286, 0.109757333923008, 0.109510553767764, 0.27886, 0.278513865909227, 0.277486366323163, 0.27579711940842, 0.273471741959627, 0.270541078324509, 0.26704046621901, 0.263009039414849, 0.25848906728387, 0.253525331186879, 0.248164537699107, 0.242454768669902, 0.236444968120256, 0.230184465987897, 0.223722538735381, 0.217108006841323, 0.210388869198316, 0.203611974442783, 0.196822729241962, 0.190064843561557, 0.183380112934494, 0.176808237747094, 0.170386679554307, 0.164150554430791, 0.158132563359953, 0.1523629596589, 0.14686955343366, 0.14167775305604, 0.136810643651015, 0.132289102581305, 0.128131951913491, 0.124356147847154, 0.120977007084522, 0.118008470112148, 0.115463401357059, 0.113353926165954, 0.111691804534878, 0.110488841484171, 0.109757333922972, 0.109510553767764, 0.27886, 0.278513865909187, 0.277486366323013, 0.275797119408105, 0.273471741959105, 0.270541078323749, 0.267040466217996, 0.263009039413575, 0.258489067282341, 0.253525331185109, 0.248164537697117, 0.24245476866772, 0.236444968117913, 0.230184465985428, 0.22372253873282, 0.217108006838705, 0.210388869195675, 0.20361197444015, 0.196822729239364, 0.190064843559021, 0.183380112932042, 0.176808237744743, 0.170386679552073, 0.164150554428686, 0.158132563357986, 0.152362959657077, 0.146869553431987, 0.141677753054519, 0.136810643649647, 0.132289102580091, 0.12813195191243, 0.124356147846244, 0.12097700708376, 0.118008470111532, 0.115463401356583, 0.113353926165612, 0.111691804534658, 0.110488841484057, 0.109757333922937, 0.109510553767764, 0.27886, 0.278513865909146, 0.277486366322864, 0.27579711940779, 0.273471741958582, 0.270541078322989, 0.267040466216981, 0.2630090394123, 0.258489067280812, 0.253525331183338, 0.248164537695128, 0.242454768665539, 0.236444968115571, 0.230184465982959, 0.223722538730259, 0.217108006836087, 0.210388869193034, 0.203611974437516, 0.196822729236767, 0.190064843556486, 0.18338011292959, 0.176808237742393, 0.17038667954984, 0.164150554426581, 0.158132563356019, 0.152362959655255, 0.146869553430314, 0.141677753052998, 0.136810643648279, 0.132289102578876, 0.128131951911368, 0.124356147845333, 0.120977007082998, 0.118008470110915, 0.115463401356107, 0.113353926165269, 0.111691804534437, 0.110488841483942, 0.1097573339229, 0.109510553767764, 0.27886, 0.278513865909106, 0.277486366322714, 0.275797119407475, 0.273471741958059, 0.270541078322229, 0.267040466215967, 0.263009039411026, 0.258489067279282, 0.253525331181568, 0.248164537693138, 0.242454768663357, 0.236444968113228, 0.23018446598049, 0.223722538727699, 0.217108006833469, 0.210388869190393, 0.203611974434883, 0.196822729234171, 0.190064843553951, 0.183380112927138, 0.176808237740043, 0.170386679547606, 0.164150554424477, 0.158132563354052, 0.152362959653433, 0.146869553428641, 0.141677753051477, 0.136810643646912, 0.132289102577662, 0.128131951910306, 0.124356147844422, 0.120977007082236, 0.118008470110299, 0.11546340135563, 0.113353926164926, 0.111691804534217, 0.110488841483827, 0.109757333922864, 0.109510553767763, 0.27886, 0.278513865909065, 0.277486366322564, 0.275797119407161, 0.273471741957537, 0.270541078321469, 0.267040466214953, 0.263009039409752, 0.258489067277753, 0.253525331179799, 0.248164537691149, 0.242454768661176, 0.236444968110886, 0.230184465978021, 0.223722538725138, 0.217108006830852, 0.210388869187752, 0.203611974432251, 0.196822729231574, 0.190064843551416, 0.183380112924687, 0.176808237737693, 0.170386679545374, 0.164150554422373, 0.158132563352086, 0.152362959651612, 0.146869553426969, 0.141677753049957, 0.136810643645545, 0.132289102576448, 0.128131951909246, 0.124356147843513, 0.120977007081475, 0.118008470109683, 0.115463401355155, 0.113353926164584, 0.111691804533998, 0.110488841483714, 0.109757333922829, 0.109510553767764, 0.27886, 0.278513865909025, 0.277486366322415, 0.275797119406846, 0.273471741957014, 0.270541078320709, 0.267040466213939, 0.263009039408478, 0.258489067276225, 0.253525331178029, 0.24816453768916, 0.242454768658995, 0.236444968108545, 0.230184465975553, 0.223722538722578, 0.217108006828235, 0.210388869185112, 0.203611974429618, 0.196822729228978, 0.190064843548881, 0.183380112922235, 0.176808237735344, 0.170386679543141, 0.164150554420269, 0.15813256335012, 0.15236295964979, 0.146869553425296, 0.141677753048436, 0.136810643644177, 0.132289102575235, 0.128131951908184, 0.124356147842602, 0.120977007080714, 0.118008470109067, 0.115463401354679, 0.113353926164241, 0.111691804533778, 0.110488841483599, 0.109757333922793, 0.109510553767763, 0.27886, 0.278513865908985, 0.277486366322265, 0.275797119406531, 0.273471741956492, 0.270541078319949, 0.267040466212924, 0.263009039407204, 0.258489067274696, 0.25352533117626, 0.248164537687171, 0.242454768656814, 0.236444968106203, 0.230184465973084, 0.223722538720018, 0.217108006825619, 0.210388869182472, 0.203611974426986, 0.196822729226382, 0.190064843546347, 0.183380112919784, 0.176808237732994, 0.170386679540908, 0.164150554418165, 0.158132563348154, 0.152362959647969, 0.146869553423624, 0.141677753046916, 0.13681064364281, 0.132289102574021, 0.128131951907123, 0.124356147841692, 0.120977007079952, 0.11800847010845, 0.115463401354203, 0.113353926163899, 0.111691804533557, 0.110488841483484, 0.109757333922757, 0.109510553767763, 0.27886, 0.278513865908944, 0.277486366322115, 0.275797119406216, 0.273471741955969, 0.27054107831919, 0.267040466211911, 0.263009039405931, 0.258489067273168, 0.25352533117449, 0.248164537685183, 0.242454768654633, 0.236444968103862, 0.230184465970617, 0.223722538717459, 0.217108006823002, 0.210388869179832, 0.203611974424354, 0.196822729223787, 0.190064843543813, 0.183380112917334, 0.176808237730645, 0.170386679538676, 0.164150554416062, 0.158132563346188, 0.152362959646147, 0.146869553421952, 0.141677753045395, 0.136810643641443, 0.132289102572807, 0.128131951906062, 0.124356147840782, 0.12097700707919, 0.118008470107834, 0.115463401353727, 0.113353926163556, 0.111691804533337, 0.110488841483369, 0.10975733392272, 0.109510553767762, 0.27886, 0.278513865908904, 0.277486366321965, 0.275797119405902, 0.273471741955447, 0.27054107831843, 0.267040466210897, 0.263009039404657, 0.258489067271639, 0.253525331172721, 0.248164537683194, 0.242454768652453, 0.236444968101521, 0.230184465968149, 0.223722538714899, 0.217108006820386, 0.210388869177192, 0.203611974421722, 0.196822729221191, 0.190064843541279, 0.183380112914883, 0.176808237728296, 0.170386679536444, 0.164150554413958, 0.158132563344223, 0.152362959644326, 0.14686955342028, 0.141677753043875, 0.136810643640076, 0.132289102571593, 0.128131951905001, 0.124356147839872, 0.120977007078429, 0.118008470107218, 0.115463401353252, 0.113353926163214, 0.111691804533117, 0.110488841483255, 0.109757333922685, 0.109510553767763, 0.27886, 0.278513865908863, 0.277486366321816, 0.275797119405587, 0.273471741954925, 0.270541078317671, 0.267040466209883, 0.263009039403383, 0.258489067270111, 0.253525331170952, 0.248164537681206, 0.242454768650273, 0.23644496809918, 0.230184465965681, 0.22372253871234, 0.21710800681777, 0.210388869174553, 0.203611974419091, 0.196822729218596, 0.190064843538745, 0.183380112912433, 0.176808237725948, 0.170386679534212, 0.164150554411855, 0.158132563342258, 0.152362959642506, 0.146869553418608, 0.141677753042355, 0.136810643638709, 0.13228910257038, 0.12813195190394, 0.124356147838962, 0.120977007077668, 0.118008470106602, 0.115463401352776, 0.113353926162871, 0.111691804532897, 0.11048884148314, 0.109757333922648, 0.109510553767762, 0.27886, 0.278513865908823, 0.277486366321666, 0.275797119405272, 0.273471741954402, 0.270541078316911, 0.267040466208869, 0.26300903940211, 0.258489067268583, 0.253525331169184, 0.248164537679218, 0.242454768648093, 0.23644496809684, 0.230184465963214, 0.223722538709782, 0.217108006815154, 0.210388869171914, 0.20361197441646, 0.196822729216001, 0.190064843536212, 0.183380112909983, 0.1768082377236, 0.170386679531981, 0.164150554409752, 0.158132563340292, 0.152362959640685, 0.146869553416936, 0.141677753040836, 0.136810643637342, 0.132289102569166, 0.128131951902879, 0.124356147838052, 0.120977007076906, 0.118008470105985, 0.1154634013523, 0.113353926162528, 0.111691804532676, 0.110488841483025, 0.109757333922612, 0.109510553767761, 0.27886, 0.278513865908782, 0.277486366321517, 0.275797119404958, 0.27347174195388, 0.270541078316152, 0.267040466207856, 0.263009039400837, 0.258489067267055, 0.253525331167415, 0.248164537677231, 0.242454768645913, 0.236444968094499, 0.230184465960747, 0.223722538707223, 0.217108006812539, 0.210388869169275, 0.203611974413829, 0.196822729213407, 0.190064843533679, 0.183380112907533, 0.176808237721252, 0.170386679529749, 0.16415055440765, 0.158132563338328, 0.152362959638865, 0.146869553415265, 0.141677753039316, 0.136810643635977, 0.132289102567954, 0.128131951901819, 0.124356147837143, 0.120977007076146, 0.11800847010537, 0.115463401351825, 0.113353926162187, 0.111691804532458, 0.110488841482912, 0.109757333922577, 0.109510553767763, 0.27886, 0.278513865908742, 0.277486366321367, 0.275797119404643, 0.273471741953358, 0.270541078315393, 0.267040466206842, 0.263009039399564, 0.258489067265527, 0.253525331165647, 0.248164537675243, 0.242454768643733, 0.236444968092159, 0.23018446595828, 0.223722538704665, 0.217108006809924, 0.210388869166636, 0.203611974411198, 0.196822729210812, 0.190064843531146, 0.183380112905083, 0.176808237718903, 0.170386679527518, 0.164150554405547, 0.158132563336363, 0.152362959637044, 0.146869553413594, 0.141677753037797, 0.13681064363461, 0.13228910256674, 0.128131951900758, 0.124356147836233, 0.120977007075384, 0.118008470104754, 0.115463401351349, 0.113353926161844, 0.111691804532237, 0.110488841482797, 0.10975733392254, 0.109510553767761, 0.27886, 0.278513865908702, 0.277486366321217, 0.275797119404329, 0.273471741952836, 0.270541078314633, 0.267040466205829, 0.263009039398291, 0.258489067264, 0.253525331163878, 0.248164537673255, 0.242454768641554, 0.236444968089819, 0.230184465955814, 0.223722538702107, 0.217108006807309, 0.210388869163998, 0.203611974408568, 0.196822729208218, 0.190064843528613, 0.183380112902634, 0.176808237716556, 0.170386679525287, 0.164150554403445, 0.158132563334399, 0.152362959635225, 0.146869553411923, 0.141677753036278, 0.136810643633244, 0.132289102565528, 0.128131951899698, 0.124356147835324, 0.120977007074624, 0.118008470104139, 0.115463401350874, 0.113353926161502, 0.111691804532018, 0.110488841482683, 0.109757333922505, 0.109510553767762, 0.27886, 0.278513865908661, 0.277486366321068, 0.275797119404014, 0.273471741952314, 0.270541078313874, 0.267040466204816, 0.263009039397018, 0.258489067262472, 0.25352533116211, 0.248164537671268, 0.242454768639375, 0.23644496808748, 0.230184465953348, 0.223722538699549, 0.217108006804694, 0.21038886916136, 0.203611974405938, 0.196822729205624, 0.190064843526081, 0.183380112900185, 0.176808237714209, 0.170386679523057, 0.164150554401343, 0.158132563332434, 0.152362959633405, 0.146869553410252, 0.141677753034758, 0.136810643631878, 0.132289102564315, 0.128131951898638, 0.124356147834415, 0.120977007073863, 0.118008470103523, 0.115463401350399, 0.11335392616116, 0.111691804531798, 0.110488841482568, 0.109757333922469, 0.109510553767762, 0.27886, 0.278513865908621, 0.277486366320918, 0.2757971194037, 0.273471741951792, 0.270541078313115, 0.267040466203803, 0.263009039395745, 0.258489067260945, 0.253525331160343, 0.248164537669281, 0.242454768637196, 0.23644496808514, 0.230184465950882, 0.223722538696991, 0.21710800680208, 0.210388869158723, 0.203611974403308, 0.196822729203031, 0.190064843523549, 0.183380112897736, 0.176808237711862, 0.170386679520826, 0.164150554399241, 0.15813256333047, 0.152362959631585, 0.146869553408581, 0.141677753033239, 0.136810643630512, 0.132289102563102, 0.128131951897577, 0.124356147833505, 0.120977007073102, 0.118008470102907, 0.115463401349923, 0.113353926160818, 0.111691804531578, 0.110488841482454, 0.109757333922433, 0.109510553767761, 0.27886, 0.27851386590858, 0.277486366320769, 0.275797119403385, 0.27347174195127, 0.270541078312356, 0.26704046620279, 0.263009039394473, 0.258489067259418, 0.253525331158575, 0.248164537667295, 0.242454768635018, 0.236444968082801, 0.230184465948416, 0.223722538694434, 0.217108006799466, 0.210388869156085, 0.203611974400678, 0.196822729200438, 0.190064843521017, 0.183380112895288, 0.176808237709515, 0.170386679518596, 0.164150554397139, 0.158132563328506, 0.152362959629766, 0.146869553406911, 0.141677753031721, 0.136810643629146, 0.13228910256189, 0.128131951896518, 0.124356147832596, 0.120977007072342, 0.118008470102292, 0.115463401349448, 0.113353926160476, 0.111691804531358, 0.110488841482339, 0.109757333922397, 0.109510553767761, 0.27886, 0.27851386590854, 0.277486366320619, 0.275797119403071, 0.273471741950748, 0.270541078311597, 0.267040466201777, 0.263009039393201, 0.258489067257891, 0.253525331156807, 0.248164537665308, 0.242454768632839, 0.236444968080462, 0.230184465945951, 0.223722538691877, 0.217108006796852, 0.210388869153448, 0.203611974398049, 0.196822729197844, 0.190064843518486, 0.183380112892839, 0.176808237707168, 0.170386679516366, 0.164150554395038, 0.158132563326543, 0.152362959627946, 0.14686955340524, 0.141677753030202, 0.136810643627781, 0.132289102560677, 0.128131951895457, 0.124356147831687, 0.120977007071581, 0.118008470101676, 0.115463401348973, 0.113353926160133, 0.111691804531138, 0.110488841482225, 0.109757333922361, 0.109510553767761, 0.27886, 0.2785138659085, 0.27748636632047, 0.275797119402756, 0.273471741950226, 0.270541078310839, 0.267040466200764, 0.263009039391928, 0.258489067256364, 0.25352533115504, 0.248164537663322, 0.242454768630661, 0.236444968078124, 0.230184465943486, 0.22372253868932, 0.217108006794239, 0.210388869150811, 0.20361197439542, 0.196822729195252, 0.190064843515954, 0.183380112890391, 0.176808237704821, 0.170386679514136, 0.164150554392937, 0.158132563324579, 0.152362959626127, 0.14686955340357, 0.141677753028683, 0.136810643626415, 0.132289102559465, 0.128131951894398, 0.124356147830778, 0.12097700707082, 0.11800847010106, 0.115463401348497, 0.113353926159791, 0.111691804530918, 0.11048884148211, 0.109757333922325, 0.109510553767761
0, 0, 0, 0, 0, 0, 0, 0, 0, 0, 0, 0, 0, 0, 0, 0, 0, 0, 0, 0, 0, 0, 0, 0, 0, 0, 0, 0, 0, 0, 0, 0, 0, 0, 0, 0, 0, 0, 0, 0, 0, 0, 0, 0, 0, 0, 0, 0, 0, 0, 0, 0, 0, 0, 0, 0, 0, 0, 0, 0, 0, 0, 0, 0, 0, 0, 0, 0, 0, 0, 0, 0, 0, 0, 0, 0, 0, 0, 0, 0, 0, 0, 0, 0, 0, 0, 0, 0, 0, 0, 0, 0, 0, 0, 0, 0, 0, 0, 0, 0, 0, 0, 0, 0, 0, 0, 0, 0, 0, 0, 0, 0, 0, 0, 0, 0, 0, 0, 0, 0, 0, 0, 0, 0, 0, 0, 0, 0, 0, 0, 0, 0, 0, 0, 0, 0, 0, 0, 0, 0, 0, 0, 0, 0, 0, 0, 0, 0, 0, 0, 0, 0, 0, 0, 0, 0, 0, 0, 0, 0, 0, 0, 0, 0, 0, 0, 0, 0, 0, 0, 0, 0, 0, 0, 0, 0, 0, 0, 0, 0, 0, 0, 0, 0, 0, 0, 0, 0, 0, 0, 0, 0, 0, 0, 0, 0, 0, 0, 0, 0, 0, 0, 0, 0, 0, 0, 0, 0, 0, 0, 0, 0, 0, 0, 0, 0, 0, 0, 0, 0, 0, 0, 0, 0, 0, 0, 0, 0, 0, 0, 0, 0, 0, 0, 0, 0, 0, 0, 0, 0, 0, 0, 0, 0, 0, 0, 0, 0, 0, 0, 0, 0, 0, 0, 0, 0, 0, 0, 0, 0, 0, 0, 0, 0, 0, 0, 0, 0, 0, 0, 0, 0, 0, 0, 0, 0, 0, 0, 0, 0, 0, 0, 0, 0, 0, 0, 0, 0, 0, 0, 0, 0, 0, 0, 0, 0, 0, 0, 0, 0, 0, 0, 0, 0, 0, 0, 0, 0, 0, 0, 0, 0, 0, 0, 0, 0, 0, 0, 0, 0, 0, 0, 0, 0, 0, 0, 0, 0, 0, 0, 0, 0, 0, 0, 0, 0, 0, 0, 0, 0, 0, 0, 0, 0, 0, 0, 0, 0, 0, 0, 0, 0, 0, 0, 0, 0, 0, 0, 0, 0, 0, 0, 0, 0, 0, 0, 0, 0, 0, 0, 0, 0, 0, 0, 0, 0, 0, 0, 0, 0, 0, 0, 0, 0, 0, 0, 0, 0, 0, 0, 0, 0, 0, 0, 0, 0, 0, 0, 0, 0, 0, 0, 0, 0, 0, 0, 0, 0, 0, 0, 0, 0, 0, 0, 0, 0, 0, 0, 0, 0, 0, 0, 0, 0, 0, 0, 0, 0, 0, 0, 0, 0, 0, 0, 0, 0, 0, 0, 0, 0, 0, 0, 0, 0, 0, 0, 0, 0, 0, 0, 0, 0, 0, 0, 0, 0, 0, 0, 0, 0, 0, 0, 0, 0, 0, 0, 0, 0, 0, 0, 0, 0, 0, 0, 0, 0, 0, 0, 0, 0, 0, 0, 0, 0, 0, 0, 0, 0, 0, 0, 0, 0, 0, 0, 0, 0, 0, 0, 0, 0, 0, 0, 0, 0, 0, 0, 0, 0, 0, 0, 0, 0, 0, 0, 0, 0, 0, 0, 0, 0, 0, 0, 0, 0, 0, 0, 0, 0, 0, 0, 0, 0, 0, 0, 0, 0, 0, 0, 0, 0, 0, 0, 0, 0, 0, 0, 0, 0, 0, 0, 0, 0, 0, 0, 0, 0, 0, 0, 0, 0, 0, 0, 0, 0, 0, 0, 0, 0, 0, 0, 0, 0, 0, 0, 0, 0, 0, 0, 0, 0, 0, 0, 0, 0, 0, 0, 0, 0, 0, 0, 0, 0, 0, 0, 0, 0, 0, 0, 0, 0, 0, 0, 0, 0, 0, 0, 0, 0, 0, 0, 0, 0, 0, 0, 0, 0, 0, 0, 0, 0, 0, 0, 0, 0, 0, 0, 0, 0, 0, 0, 0, 0, 0, 0, 0, 0, 0, 0, 0, 0, 0, 0, 0, 0, 0, 0, 0, 0, 0, 0, 0, 0, 0, 0, 0, 0, 0, 0, 0, 0, 0, 0, 0, 0, 0, 0, 0, 0, 0, 0, 0, 0, 0, 0, 0, 0, 0, 0, 0, 0, 0, 0, 0, 0, 0, 0, 0, 0, 0, 0, 0, 0, 0, 0, 0, 0, 0, 0, 0, 0, 0, 0, 0, 0, 0, 0, 0, 0, 0, 0, 0, 0, 0, 0, 0, 0, 0, 0, 0, 0, 0, 0, 0, 0, 0, 0, 0, 0, 0, 0, 0, 0, 0, 0, 0, 0, 0, 0, 0, 0, 0, 0, 0, 0, 0, 0, 0, 0, 0, 0, 0, 0, 0, 0, 0, 0, 0, 0, 0, 0, 0, 0, 0, 0, 0, 0, 0, 0, 0, 0, 0, 0, 0, 0, 0, 0, 0, 0, 0, 0, 0, 0, 0, 0, 0, 0, 0, 0, 0, 0, 0, 0, 0, 0, 0, 0, 0, 0, 0, 0, 0, 0, 0, 0, 0, 0, 0, 0, 0, 0, 0, 0, 0, 0, 0, 0, 0, 0, 0, 0, 0, 0, 0, 0, 0, 0, 0, 0, 0, 0, 0, 0, 0, 0, 0, 0, 0, 0, 0, 0, 0, 0, 0, 0, 0, 0, 0, 0, 0, 0, 0, 0, 0, 0, 0, 0, 0, 0, 0, 0, 0, 0, 0, 0, 0, 0, 0, 0, 0, 0, 0, 0, 0, 0, 0, 0, 0, 0, 0, 0, 0, 0, 0, 0, 0, 0, 0, 0, 0, 0, 0, 0, 0, 0, 0, 0, 0, 0, 0, 0, 0, 0, 0, 0, 0, 0, 0, 0, 0, 0, 0, 0, 0, 0, 0, 0, 0, 0, 0, 0, 0, 0, 0, 0, 0, 0, 0, 0, 0, 0, 0, 0, 0, 0, 0, 0, 0, 0, 0, 0, 0, 0, 0, 0, 0, 0, 0, 0, 0, 0, 0, 0, 0, 0, 0, 0, 0, 0, 0, 0, 0, 0, 0, 0, 0, 0, 0, 0, 0, 0, 0, 0, 0, 0, 0, 0, 0, 0, 0, 0, 0, 0, 0, 0, 0, 0, 0, 0, 0, 0, 0, 0, 0, 0, 0, 0, 0, 0, 0, 0, 0, 0, 0, 0, 0, 0, 0, 0, 0, 0, 0, 0, 0, 0, 0, 0, 0, 0, 0, 0, 0, 0, 0, 0, 0, 0, 0, 0, 0, 0, 0, 0, 0, 0, 0, 0, 0, 0, 0, 0, 0, 0, 0, 0, 0, 0, 0, 0, 0, 0, 0, 0, 0, 0, 0, 0, 0, 0, 0, 0, 0, 0, 0, 0, 0, 0, 0, 0, 0, 0, 0, 0, 0, 0, 0, 0, 0, 0, 0, 0, 0, 0, 0, 0, 0, 0, 0, 0, 0, 0, 0, 0, 0, 0, 0, 0, 0, 0, 0, 0, 0, 0, 0, 0, 0, 0, 0, 0, 0, 0, 0, 0, 0, 0, 0, 0, 0, 0, 0, 0, 0, 0, 0, 0, 0, 0, 0, 0, 0, 0, 0, 0, 0, 0, 0, 0, 0, 0, 0, 0, 0, 0, 0, 0, 0, 0, 0, 0, 0, 0, 0, 0, 0, 0, 0, 0, 0, 0, 0, 0, 0, 0, 0, 0, 0, 0, 0, 0, 0, 0, 0, 0, 0, 0, 0, 0, 0, 0, 0, 0, 0, 0, 0, 0, 0, 0, 0, 0, 0, 0, 0, 0, 0, 0, 0, 0, 0, 0, 0, 0, 0, 0, 0, 0, 0, 0, 0, 0, 0, 0, 0, 0, 0, 0, 0, 0, 0, 0, 0, 0, 0, 0, 0, 0, 0, 0, 0, 0, 0, 0, 0, 0, 0, 0, 0, 0, 0, 0, 0, 0, 0, 0, 0, 0, 0, 0, 0, 0, 0, 0, 0, 0, 0, 0, 0, 0, 0, 0, 0, 0, 0, 0, 0, 0, 0, 0, 0, 0, 0, 0, 0, 0, 0, 0, 0, 0, 0, 0, 0, 0, 0, 0, 0, 0, 0, 0, 0, 0, 0, 0, 0, 0, 0, 0, 0, 0, 0, 0, 0, 0, 0, 0, 0, 0, 0, 0, 0, 0, 0, 0, 0, 0, 0, 0, 0, 0, 0, 0, 0, 0, 0, 0, 0, 0, 0, 0, 0, 0, 0, 0, 0, 0, 0, 0, 0, 0, 0, 0, 0, 0, 0, 0, 0, 0, 0, 0, 0, 0, 0, 0, 0, 0, 0, 0, 0, 0, 0, 0, 0, 0, 0, 0, 0, 0, 0, 0, 0, 0, 0, 0, 0, 0, 0, 0, 0, 0, 0, 0, 0, 0, 0, 0, 0, 0, 0, 0, 0, 0, 0, 0, 0, 0, 0, 0, 0, 0, 0, 0, 0, 0, 0, 0, 0, 0, 0, 0, 0, 0, 0, 0, 0, 0, 0, 0, 0, 0, 0, 0, 0, 0, 0, 0, 0, 0, 0, 0, 0, 0, 0, 0, 0, 0, 0, 0, 0, 0, 0, 0, 0, 0, 0, 0, 0, 0, 0, 0, 0, 0, 0, 0, 0, 0, 0, 0, 0, 0, 0, 0, 0, 0, 0, 0, 0, 0, 0, 0, 0, 0, 0, 0, 0, 0, 0, 0, 0, 0, 0, 0, 0, 0, 0, 0, 0, 0, 0, 0, 0, 0, 0, 0, 0, 0, 0, 0, 0, 0, 0, 0, 0, 0, 0, 0, 0, 0, 0, 0, 0, 0, 0, 0, 0, 0, 0, 0, 0, 0, 0, 0, 0, 0, 0, 0, 0, 0, 0, 0, 0, 0, 0, 0, 0, 0, 0, 0, 0, 0, 0, 0, 0, 0, 0, 0, 0, 0, 0, 0, 0, 0, 0, 0, 0, 0, 0, 0, 0, 0, 0, 0, 0, 0, 0, 0, 0, 0, 0, 0, 0, 0, 0, 0, 0, 0, 0, 0, 0, 0, 0, 0, 0, 0, 0, 0, 0, 0, 0, 0, 0, 0, 0, 0, 0, 0, 0, 0, 0, 0, 0, 0, 0, 0
0, 0.00572230900723208, 0.0114488257725181, 0.017179550295858, 0.0229144825772518, 0.0286536226166995, 0.0343969704142012, 0.0401445259697567, 0.0458962892833662, 0.0516522603550296, 0.0574124391847469, 0.0631768257725181, 0.0689454201183432, 0.0747182222222222, 0.0804952320841551, 0.086276449704142, 0.0920618750821827, 0.0978515082182774, 0.103645349112426, 0.109443397764628, 0.115245654174885, 0.121052118343195, 0.126862790269559, 0.132677669953978, 0.13849675739645, 0.144320052596976, 0.150147555555555, 0.155979266272189, 0.161815184746877, 0.167655310979619, 0.173499644970414, 0.179348186719264, 0.185200936226167, 0.191057893491124, 0.196919058514135, 0.2027844312952, 0.208654011834319, 0.214527800131492, 0.220405796186719, 0.226288, 0, -0.0167634524562531, -0.0331315454284272, -0.0489482196319133, -0.064076660055216, -0.078398396490667, -0.0918124045164008, -0.104234206898992, -0.115594975354785, -0.125840632576819, -0.134930954406854, -0.14283867201187, -0.149548573914691, -0.155056607731132, -0.159368981481826, -0.162501264374561, -0.164477486989645, -0.165329240842648, -0.165094777341061, -0.163818106189702, -0.161548093330294, -0.15833755852148, -0.154242372675697, -0.149320555069701, -0.143631370538056, -0.13723442674618, -0.13018877162486, -0.122551991034474, -0.114379306717489, -0.105722674594913, -0.0966298834689994, -0.0871436542138187, -0.0773007395714893, -0.0671310247313768, -0.0566566289623996, -0.0458910087115363, -0.034838062802683, -0.0234912407171708, -0.0118326554944957, 0.000167796289887751, 0, -0.0167616215628195, -0.0331281586918098, -0.0489435482564905, -0.06407097144593, -0.0783919543015814, -0.0918054687008581, -0.10422703376104, -0.115587817601785, -0.125833739373438, -0.134924571430927, -0.142833041512923, -0.149543934776133, -0.155053195537306, -0.159367028591191, -0.162501000000248, -0.164479137288546, -0.165333029014002, -0.165100923735296, -0.163826828428024, -0.161559606435324, -0.158352075059003, -0.154260102907467, -0.149341707117159, -0.143656150556747, -0.137263039110717, -0.130221419124283, -0.122588875077958, -0.114420627550434, -0.105768631525567, -0.0966806751058912, -0.0871994787144227, -0.0773617949027765, -0.0671975089431768, -0.0567287404749529, -0.0459689466192932, -0.0349220271974975, -0.0235814330358039, -0.0119292788982828, 6.4536490362057e-05, 0, -0.0167616305092093, -0.0331281765810934, -0.0489435749730868, -0.0640710067743251, -0.0783919979380905, -0.0918055202649954, -0.104227092806498, -0.115587883627024, -0.125833811831882, -0.134924649740778, -0.142833125066576, -0.149544022949208, -0.155053287697293, -0.159367124105706, -0.162501098244903, -0.164479237654433, -0.165333130914791, -0.165101026613945, -0.163826931763107, -0.16155970974697, -0.158352177914451, -0.154260204926231, -0.149341807975808, -0.143656249993299, -0.137263136928639, -0.13022151519611, -0.122588969348519, -0.114420720039689, -0.105768722331056, -0.096680764404793, -0.0871995667652238, -0.077361882046549, -0.0671975956044656, -0.0567288271622701, -0.0459690339252195, -0.0349221157983876, -0.0235815236910941, -0.0119293724493952, 6.44391215234661e-05, 0, -0.0167616306077495, -0.0331281767636886, -0.0489435752253888, -0.0640710070821397, -0.0783919982873934, -0.0918055206419469, -0.104227093197456, -0.115587884018554, -0.125833812210767, -0.134924650094022, -0.142833125381411, -0.149544023213093, -0.155053287897912, -0.159367124230967, -0.162501098282929, -0.164479237593556, -0.165333130743544, -0.165101026321051, -0.16382693133747, -0.161559709177661, -0.158352177190699, -0.154260204037412, -0.14934180691143, -0.143656248742992, -0.137263135482141, -0.130221513543255, -0.122588967479221, -0.114420717943929, -0.105768719998866, -0.0966807618262411, -0.0871995639303972, -0.077361878945538, -0.067197592227348, -0.0567288234990969, -0.0459690299660031, -0.0349221115330952, -0.0235815191096491, -0.0119293675416923, 6.44443655787551e-05, 0, -0.0167616306091269, -0.0331281767661353, -0.0489435752285911, -0.0640710070857882, -0.078391998291192, -0.0918055206456209, -0.104227093200759, -0.115587884021274, -0.125833812212731, -0.134924650095098, -0.142833125381508, -0.149544023212161, -0.15505328789594, -0.159367124227977, -0.162501098278971, -0.164479237588705, -0.16533313073789, -0.165101026314696, -0.163826931330521, -0.161559709170227, -0.158352177182885, -0.154260204029315, -0.149341806903138, -0.143656248734583, -0.137263135473682, -0.130221513534799, -0.12258896747081, -0.114420717935594, -0.105768719990629, -0.0966807618181136, -0.0871995639223865, -0.0773618789376493, -0.0671975922195898, -0.0567288234914894, -0.0459690299585906, -0.0349221115259645, -0.0235815191029582, -0.0119293675357157, 6.44443703790732e-05, 0, -0.0167616306109568, -0.0331281767694863, -0.0489435752331433, -0.0640710070912211, -0.0783919982971936, -0.091805520651897, -0.104227093207041, -0.115587884027324, -0.125833812218347, -0.134924650100119, -0.142833125385812, -0.149544023215667, -0.155053287898604, -0.159367124229788, -0.162501098279949, -0.164479237588892, -0.165333130737348, -0.165101026313499, -0.16382693132875, -0.161559709167966, -0.158352177180216, -0.154260204026316, -0.149341806899882, -0.143656248731135, -0.137263135470097, -0.130221513531124, -0.122588967467086, -0.114420717931852, -0.105768719986894, -0.0966807618144082, -0.0871995639187302, -0.0773618789340639, -0.0671975922161052, -0.0567288234881511, -0.0459690299554722, -0.0349221115231864, -0.0235815191007164, -0.0119293675343263, 6.44443704085791e-05, 0, -0.0167616306127867, -0.0331281767728374, -0.0489435752376958, -0.0640710070966543, -0.0783919983031956, -0.0918055206581735, -0.104227093213323, -0.115587884033374, -0.125833812223964, -0.134924650105141, -0.142833125390117, -0.149544023219173, -0.155053287901268, -0.159367124231599, -0.162501098280927, -0.16447923758908, -0.165333130736807, -0.165101026312303, -0.16382693132698, -0.161559709165705, -0.158352177177546, -0.154260204023317, -0.149341806896626, -0.143656248727686, -0.137263135466511, -0.130221513527449, -0.12258896746336, -0.114420717928108, -0.105768719983158, -0.0966807618107011, -0.0871995639150719, -0.0773618789304765, -0.0671975922126183, -0.0567288234848103, -0.0459690299523511, -0.0349221115204055, -0.0235815190984714, -0.0119293675329333, 6.44443704420627e-05, 0, -0.0167616306146165, -0.0331281767761882, -0.0489435752422478, -0.0640710071020869, -0.078391998309197, -0.0918055206644495, -0.104227093219604, -0.115587884039423, -0.12583381222958, -0.134924650110162, -0.142833125394422, -0.14954402322268, -0.155053287903932, -0.159367124233411, -0.162501098281906, -0.164479237589269, -0.165333130736267, -0.165101026311107, -0.16382693132521, -0.161559709163445, -0.158352177174878, -0.15426020402032, -0.149341806893371, -0.143656248724238, -0.137263135462927, -0.130221513523776, -0.122588967459637, -0.114420717924367, -0.105768719979424, -0.0966807618069963, -0.0871995639114161, -0.0773618789268916, -0.0671975922091341, -0.0567288234814723, -0.045969029949233, -0.0349221115176277, -0.0235815190962297, -0.0119293675315437, 6.44443704720266e-05, 0, -0.0167616306164462, -0.0331281767795388, -0.0489435752467996, -0.0640710071075193, -0.0783919983151982, -0.0918055206707252, -0.104227093225885, -0.115587884045472, -0.125833812235196, -0.134924650115183, -0.142833125398726, -0.149544023226186, -0.155053287906596, -0.159367124235223, -0.162501098282884, -0.164479237589457, -0.165333130735726, -0.165101026309911, -0.16382693132344, -0.161559709161184, -0.15835217717221, -0.154260204017322, -0.149341806890116, -0.14365624872079, -0.137263135459341, -0.130221513520101, -0.122588967455912, -0.114420717920623, -0.105768719975688, -0.0966807618032887, -0.0871995639077572, -0.0773618789233034, -0.0671975922056462, -0.0567288234781302, -0.0459690299461104, -0.0349221115148449, -0.0235815190939826, -0.0119293675301482, 6.4444370508435e-05, 0, -0.0167616306182755, -0.0331281767828889, -0.0489435752513506, -0.0640710071129507, -0.0783919983211983, -0.0918055206769997, -0.104227093232165, -0.11558788405152, -0.125833812240811, -0.134924650120203, -0.142833125403029, -0.149544023229691, -0.155053287909259, -0.159367124237034, -0.162501098283862, -0.164479237589645, -0.165333130735186, -0.165101026308716, -0.16382693132167, -0.161559709158924, -0.158352177169542, -0.154260204014325, -0.149341806886862, -0.143656248717343, -0.137263135455757, -0.130221513516428, -0.122588967452189, -0.114420717916882, -0.105768719971954, -0.0966807617995846, -0.087199563904102, -0.0773618789197192, -0.0671975922021626, -0.0567288234747929, -0.045969029942993, -0.0349221115120677, -0.0235815190917414, -0.011929367528759, 6.44443705383052e-05, 0, -0.0167616306201048, -0.0331281767862387, -0.0489435752559013, -0.0640710071183817, -0.0783919983271979, -0.0918055206832738, -0.104227093238445, -0.115587884057568, -0.125833812246426, -0.134924650125222, -0.142833125407333, -0.149544023233196, -0.155053287911922, -0.159367124238845, -0.16250109828484, -0.164479237589833, -0.165333130734645, -0.16510102630752, -0.1638269313199, -0.161559709156664, -0.158352177166874, -0.154260204011328, -0.149341806883607, -0.143656248713896, -0.137263135452174, -0.130221513512755, -0.122588967448466, -0.114420717913141, -0.105768719968221, -0.0966807617958797, -0.0871995639004459, -0.077361878916134, -0.067197592198678, -0.0567288234714543, -0.0459690299398741, -0.0349221115092889, -0.0235815190894983, -0.0119293675273677, 6.44443705705555e-05, 0, -0.0167616306219338, -0.0331281767895881, -0.0489435752604515, -0.0640710071238122, -0.078391998333197, -0.0918055206895473, -0.104227093244724, -0.115587884063615, -0.12583381225204, -0.134924650130242, -0.142833125411636, -0.149544023236702, -0.155053287914586, -0.159367124240656, -0.162501098285819, -0.164479237590022, -0.165333130734105, -0.165101026306326, -0.163826931318132, -0.161559709154405, -0.158352177164208, -0.154260204008332, -0.149341806880355, -0.14365624871045, -0.137263135448592, -0.130221513509084, -0.122588967444745, -0.114420717909402, -0.105768719964489, -0.0966807617921773, -0.0871995638967925, -0.0773618789125515, -0.0671975921951962, -0.0567288234681187, -0.0459690299367583, -0.0349221115065133, -0.0235815190872587, -0.0119293675259798, 6.44443705992565e-05, 0, -0.0167616306237626, -0.0331281767929372, -0.0489435752650012, -0.064071007129242, -0.0783919983391953, -0.09180552069582, -0.104227093251002, -0.115587884069662, -0.125833812257653, -0.13492465013526, -0.142833125415938, -0.149544023240206, -0.155053287917248, -0.159367124242467, -0.162501098286797, -0.16447923759021, -0.165333130733565, -0.16510102630513, -0.163826931316363, -0.161559709152146, -0.158352177161541, -0.154260204005335, -0.149341806877101, -0.143656248707004, -0.137263135445009, -0.130221513505411, -0.122588967441022, -0.114420717905661, -0.105768719960756, -0.0966807617884735, -0.0871995638931375, -0.0773618789089674, -0.0671975921917127, -0.0567288234647813, -0.0459690299336406, -0.0349221115037356, -0.0235815190850167, -0.0119293675245895, 6.44443706307278e-05, 0, -0.0167616306255914, -0.0331281767962861, -0.0489435752695507, -0.0640710071346716, -0.0783919983451934, -0.0918055207020925, -0.10422709325728, -0.115587884075708, -0.125833812263267, -0.134924650140279, -0.14283312542024, -0.14954402324371, -0.15505328791991, -0.159367124244277, -0.162501098287775, -0.164479237590399, -0.165333130733024, -0.165101026303935, -0.163826931314593, -0.161559709149886, -0.158352177158873, -0.154260204002339, -0.149341806873847, -0.143656248703557, -0.137263135441425, -0.130221513501738, -0.122588967437299, -0.11442071790192, -0.105768719957022, -0.0966807617847682, -0.0871995638894809, -0.0773618789053815, -0.0671975921882271, -0.0567288234614416, -0.0459690299305203, -0.0349221115009551, -0.0235815190827716, -0.0119293675231957, 6.44443706661248e-05, 0, -0.0167616306274199, -0.0331281767996346, -0.0489435752740996, -0.0640710071401007, -0.0783919983511909, -0.0918055207083643, -0.104227093263557, -0.115587884081753, -0.125833812268879, -0.134924650145297, -0.142833125424542, -0.149544023247214, -0.155053287922573, -0.159367124246088, -0.162501098288753, -0.164479237590587, -0.165333130732484, -0.16510102630274, -0.163826931312825, -0.161559709147627, -0.158352177156207, -0.154260203999343, -0.149341806870594, -0.143656248700112, -0.137263135437843, -0.130221513498067, -0.122588967433578, -0.11442071789818, -0.10576871995329, -0.0966807617810647, -0.0871995638858262, -0.0773618789017976, -0.0671975921847437, -0.0567288234581041, -0.0459690299274024, -0.034922111498177, -0.0235815190805291, -0.0119293675218046, 6.44443706987428e-05, 0, -0.0167616306292482, -0.0331281768029827, -0.0489435752786479, -0.0640710071455288, -0.0783919983571873, -0.0918055207146351, -0.104227093269834, -0.115587884087798, -0.125833812274491, -0.134924650150314, -0.142833125428843, -0.149544023250718, -0.155053287925235, -0.159367124247898, -0.16250109828973, -0.164479237590775, -0.165333130731944, -0.165101026301545, -0.163826931311056, -0.161559709145369, -0.158352177153541, -0.154260203996348, -0.149341806867342, -0.143656248696667, -0.137263135434261, -0.130221513494396, -0.122588967429857, -0.114420717894441, -0.105768719949559, -0.0966807617773627, -0.0871995638821731, -0.0773618788982154, -0.0671975921812621, -0.0567288234547687, -0.0459690299242867, -0.0349221114954013, -0.0235815190782891, -0.0119293675204159, 6.44443707288576e-05, 0, -0.0167616306310763, -0.0331281768063304, -0.0489435752831958, -0.0640710071509565, -0.0783919983631833, -0.0918055207209053, -0.104227093276109, -0.115587884093842, -0.125833812280102, -0.13492465015533, -0.142833125433143, -0.149544023254221, -0.155053287927896, -0.159367124249708, -0.162501098290708, -0.164479237590963, -0.165333130731404, -0.16510102630035, -0.163826931309287, -0.16155970914311, -0.158352177150874, -0.154260203993352, -0.149341806864089, -0.143656248693222, -0.13726313543068, -0.130221513490725, -0.122588967426136, -0.114420717890702, -0.105768719945827, -0.0966807617736601, -0.0871995638785193, -0.0773618788946325, -0.0671975921777796, -0.0567288234514322, -0.0459690299211698, -0.0349221114926243, -0.0235815190760475, -0.0119293675190256, 6.44443707608893e-05, 0, -0.0167616306329042, -0.0331281768096778, -0.0489435752877432, -0.0640710071563836, -0.0783919983691786, -0.0918055207271748, -0.104227093282384, -0.115587884099885, -0.125833812285712, -0.134924650160346, -0.142833125437443, -0.149544023257723, -0.155053287930557, -0.159367124251517, -0.162501098291685, -0.164479237591151, -0.165333130730864, -0.165101026299155, -0.163826931307519, -0.161559709140852, -0.158352177148209, -0.154260203990358, -0.149341806860838, -0.143656248689777, -0.137263135427099, -0.130221513487055, -0.122588967422416, -0.114420717886964, -0.105768719942096, -0.0966807617699586, -0.0871995638748668, -0.0773618788910508, -0.0671975921742985, -0.0567288234480971, -0.0459690299180543, -0.0349221114898488, -0.0235815190738075, -0.0119293675176369, 6.44443707914256e-05, 0, -0.016761630634732, -0.033128176813025, -0.0489435752922903, -0.0640710071618104, -0.0783919983751736, -0.091805520733444, -0.104227093288659, -0.115587884105928, -0.125833812291323, -0.134924650165362, -0.142833125441743, -0.149544023261226, -0.155053287933218, -0.159367124253327, -0.162501098292662, -0.164479237591339, -0.165333130730324, -0.165101026297961, -0.163826931305751, -0.161559709138594, -0.158352177145543, -0.154260203987363, -0.149341806857586, -0.143656248686333, -0.137263135423518, -0.130221513483385, -0.122588967418696, -0.114420717883225, -0.105768719938365, -0.0966807617662564, -0.0871995638712134, -0.0773618788874682, -0.0671975921708163, -0.0567288234447608, -0.0459690299149375, -0.0349221114870717, -0.0235815190715658, -0.0119293675162461, 6.44443708242484e-05, 0, -0.0167616306365596, -0.0331281768163718, -0.0489435752968369, -0.0640710071672366, -0.0783919983811679, -0.0918055207397127, -0.104227093294933, -0.11558788411197, -0.125833812296932, -0.134924650170377, -0.142833125446043, -0.149544023264728, -0.155053287935879, -0.159367124255137, -0.16250109829364, -0.164479237591528, -0.165333130729784, -0.165101026296767, -0.163826931303983, -0.161559709136336, -0.158352177142878, -0.154260203984369, -0.149341806854335, -0.143656248682889, -0.137263135419937, -0.130221513479715, -0.122588967414976, -0.114420717879487, -0.105768719934635, -0.0966807617625551, -0.0871995638675608, -0.0773618788838863, -0.0671975921673349, -0.0567288234414253, -0.0459690299118215, -0.0349221114842954, -0.0235815190693248, -0.0119293675148561, 6.44443708564552e-05, 0, -0.0167616306383869, -0.0331281768197181, -0.0489435753013829, -0.064071007172662, -0.0783919983871613, -0.0918055207459801, -0.104227093301206, -0.115587884118011, -0.125833812302541, -0.134924650175391, -0.142833125450341, -0.149544023268229, -0.155053287938539, -0.159367124256946, -0.162501098294617, -0.164479237591715, -0.165333130729244, -0.165101026295572, -0.163826931302215, -0.161559709134078, -0.158352177140213, -0.154260203981375, -0.149341806851084, -0.143656248679446, -0.137263135416357, -0.130221513476046, -0.122588967411257, -0.11442071787575, -0.105768719930906, -0.0966807617588548, -0.0871995638639095, -0.0773618788803059, -0.0671975921638551, -0.0567288234380916, -0.0459690299087074, -0.0349221114815211, -0.023581519067086, -0.0119293675134683, 6.44443708863914e-05, 0, -0.0167616306402142, -0.0331281768230643, -0.0489435753059287, -0.0640710071780872, -0.0783919983931546, -0.0918055207522476, -0.104227093307479, -0.115587884124053, -0.12583381230815, -0.134924650180406, -0.14283312545464, -0.149544023271731, -0.1550532879412, -0.159367124258755, -0.162501098295594, -0.164479237591903, -0.165333130728704, -0.165101026294378, -0.163826931300448, -0.161559709131821, -0.158352177137548, -0.154260203978381, -0.149341806847833, -0.143656248676002, -0.137263135412777, -0.130221513472377, -0.122588967407537, -0.114420717872012, -0.105768719927175, -0.0966807617551531, -0.0871995638602564, -0.0773618788767235, -0.067197592160373, -0.0567288234347553, -0.0459690299055904, -0.0349221114787437, -0.0235815190648435, -0.0119293675120765, 6.4444370920725e-05, 0, -0.0167616306420412, -0.0331281768264101, -0.0489435753104739, -0.0640710071835117, -0.078391998399147, -0.0918055207585142, -0.104227093313751, -0.115587884130093, -0.125833812313758, -0.134924650185419, -0.142833125458938, -0.149544023275232, -0.15505328794386, -0.159367124260564, -0.162501098296571, -0.164479237592092, -0.165333130728164, -0.165101026293184, -0.163826931298681, -0.161559709129564, -0.158352177134884, -0.154260203975388, -0.149341806844583, -0.14365624867256, -0.137263135409198, -0.130221513468709, -0.122588967403819, -0.114420717868276, -0.105768719923447, -0.0966807617514535, -0.0871995638566057, -0.0773618788731436, -0.0671975921568935, -0.0567288234314218, -0.0459690299024764, -0.0349221114759694, -0.0235815190626045, -0.0119293675106882, 6.44443709515285e-05, 0, -0.016761630643868, -0.0331281768297555, -0.0489435753150186, -0.0640710071889357, -0.0783919984051388, -0.0918055207647801, -0.104227093320023, -0.115587884136133, -0.125833812319365, -0.134924650190433, -0.142833125463236, -0.149544023278733, -0.15505328794652, -0.159367124262373, -0.162501098297548, -0.16447923759228, -0.165333130727625, -0.16510102629199, -0.163826931296914, -0.161559709127307, -0.15835217713222, -0.154260203972395, -0.149341806841334, -0.143656248669118, -0.13726313540562, -0.130221513465041, -0.122588967400102, -0.114420717864541, -0.105768719919718, -0.0966807617477545, -0.0871995638529555, -0.0773618788695643, -0.0671975921534147, -0.0567288234280889, -0.0459690298993631, -0.0349221114731958, -0.0235815190603661, -0.0119293675093006, 6.44443709817578e-05, 0, -0.0167616306456947, -0.0331281768331007, -0.048943575319563, -0.0640710071943592, -0.0783919984111302, -0.0918055207710455, -0.104227093326294, -0.115587884142172, -0.125833812324972, -0.134924650195445, -0.142833125467533, -0.149544023282233, -0.155053287949179, -0.159367124264181, -0.162501098298525, -0.164479237592468, -0.165333130727085, -0.165101026290796, -0.163826931295146, -0.16155970912505, -0.158352177129556, -0.154260203969402, -0.149341806838083, -0.143656248665675, -0.13726313540204, -0.130221513461372, -0.122588967396383, -0.114420717860803, -0.105768719915989, -0.0966807617440536, -0.0871995638493032, -0.0773618788659827, -0.0671975921499334, -0.0567288234247533, -0.0459690298962467, -0.0349221114704188, -0.023581519058124, -0.0119293675079089, 6.44443710164002e-05, 0, -0.0167616306475212, -0.0331281768364454, -0.0489435753241068, -0.064071007199782, -0.0783919984171207, -0.0918055207773101, -0.104227093332564, -0.115587884148211, -0.125833812330578, -0.134924650200457, -0.14283312547183, -0.149544023285733, -0.155053287951838, -0.15936712426599, -0.162501098299502, -0.164479237592656, -0.165333130726545, -0.165101026289603, -0.163826931293379, -0.161559709122794, -0.158352177126893, -0.15426020396641, -0.149341806834834, -0.143656248662234, -0.137263135398462, -0.130221513457705, -0.122588967392666, -0.114420717857068, -0.105768719912261, -0.096680761740355, -0.0871995638456536, -0.0773618788624038, -0.067197592146455, -0.0567288234214208, -0.0459690298931337, -0.0349221114676454, -0.0235815190558857, -0.0119293675065211, 6.44443710470476e-05, 0, -0.0167616306493475, -0.0331281768397899, -0.0489435753286502, -0.0640710072052044, -0.0783919984231109, -0.0918055207835742, -0.104227093338833, -0.115587884154249, -0.125833812336184, -0.134924650205469, -0.142833125476126, -0.149544023289233, -0.155053287954497, -0.159367124267798, -0.162501098300478, -0.164479237592844, -0.165333130726006, -0.165101026288409, -0.163826931291613, -0.161559709120538, -0.158352177124229, -0.154260203963418, -0.149341806831586, -0.143656248658792, -0.137263135394884, -0.130221513454038, -0.122588967388949, -0.114420717853333, -0.105768719908533, -0.0966807617366564, -0.0871995638420037, -0.0773618788588247, -0.0671975921429762, -0.056728823418088, -0.0459690298900202, -0.0349221114648714, -0.0235815190536467, -0.0119293675051325, 6.44443710787791e-05, 0, -0.0167616306511736, -0.0331281768431339, -0.048943575333193, -0.064071007210626, -0.0783919984291002, -0.0918055207898375, -0.104227093345102, -0.115587884160286, -0.125833812341789, -0.13492465021048, -0.142833125480422, -0.149544023292732, -0.155053287957156, -0.159367124269606, -0.162501098301455, -0.164479237593032, -0.165333130725466, -0.165101026287216, -0.163826931289847, -0.161559709118282, -0.158352177121567, -0.154260203960426, -0.149341806828337, -0.143656248655352, -0.137263135391307, -0.130221513450372, -0.122588967385233, -0.114420717849599, -0.105768719904807, -0.0966807617329591, -0.0871995638383553, -0.0773618788552472, -0.0671975921394992, -0.0567288234147569, -0.0459690298869086, -0.0349221114620995, -0.0235815190514098, -0.0119293675037461, 6.4444371108285e-05, 0, -0.0167616306529996, -0.0331281768464778, -0.0489435753377357, -0.0640710072160475, -0.0783919984350893, -0.0918055207961006, -0.104227093351371, -0.115587884166323, -0.125833812347393, -0.134924650215491, -0.142833125484718, -0.149544023296231, -0.155053287959815, -0.159367124271414, -0.162501098302431, -0.16447923759322, -0.165333130724927, -0.165101026286023, -0.16382693128808, -0.161559709116026, -0.158352177118904, -0.154260203957434, -0.149341806825089, -0.143656248651911, -0.137263135387729, -0.130221513446705, -0.122588967381516, -0.114420717845864, -0.105768719901079, -0.0966807617292599, -0.0871995638347047, -0.0773618788516672, -0.0671975921360195, -0.0567288234114228, -0.0459690298837936, -0.0349221114593238, -0.0235815190491688, -0.0119293675023551, 6.44443711427922e-05, 0, -0.0167616306548252, -0.0331281768498211, -0.0489435753422776, -0.064071007221468, -0.0783919984410773, -0.0918055208023625, -0.104227093357638, -0.115587884172359, -0.125833812352997, -0.134924650220501, -0.142833125489013, -0.149544023299729, -0.155053287962473, -0.159367124273221, -0.162501098303407, -0.164479237593408, -0.165333130724387, -0.165101026284829, -0.163826931286314, -0.161559709113771, -0.158352177116241, -0.154260203954443, -0.149341806821841, -0.14365624864847, -0.137263135384153, -0.130221513443039, -0.1225889673778, -0.11442071784213, -0.105768719897353, -0.096680761725563, -0.0871995638310567, -0.07736187884809, -0.0671975921325427, -0.056728823408092, -0.0459690298806822, -0.034922111456552, -0.0235815190469319, -0.0119293675009684, 6.44443711728237e-05, 0, -0.0167616306566508, -0.0331281768531642, -0.0489435753468191, -0.0640710072268882, -0.078391998447065, -0.0918055208086241, -0.104227093363905, -0.115587884178395, -0.1258338123586, -0.13492465022551, -0.142833125493307, -0.149544023303228, -0.155053287965131, -0.159367124275029, -0.162501098304384, -0.164479237593596, -0.165333130723848, -0.165101026283637, -0.163826931284549, -0.161559709111516, -0.158352177113579, -0.154260203951453, -0.149341806818594, -0.143656248645031, -0.137263135380577, -0.130221513439375, -0.122588967374086, -0.114420717838398, -0.105768719893628, -0.096680761721867, -0.0871995638274096, -0.0773618788445137, -0.0671975921290669, -0.0567288234047621, -0.0459690298775717, -0.0349221114537809, -0.0235815190446957, -0.0119293674995824, 6.4444371202373e-05, 0, -0.0167616306584762, -0.0331281768565071, -0.0489435753513604, -0.0640710072323079, -0.0783919984530521, -0.0918055208148851, -0.104227093370172, -0.11558788418443, -0.125833812364203, -0.134924650230519, -0.142833125497602, -0.149544023306726, -0.155053287967788, -0.159367124276836, -0.16250109830536, -0.164479237593783, -0.165333130723308, -0.165101026282443, -0.163826931282782, -0.16155970910926, -0.158352177110916, -0.154260203948461, -0.149341806815345, -0.14365624864159, -0.137263135377, -0.130221513435708, -0.122588967370369, -0.114420717834662, -0.1057687198899, -0.096680761718168, -0.0871995638237591, -0.0773618788409337, -0.0671975921255871, -0.0567288234014278, -0.0459690298744564, -0.0349221114510048, -0.023581519042454, -0.0119293674981904, 6.44443712383789e-05, 0, -0.0167616306603014, -0.0331281768598495, -0.048943575355901, -0.064071007237727, -0.0783919984590386, -0.0918055208211455, -0.104227093376437, -0.115587884190464, -0.125833812369806, -0.134924650235528, -0.142833125501896, -0.149544023310223, -0.155053287970446, -0.159367124278644, -0.162501098306336, -0.164479237593972, -0.16533313072277, -0.165101026281251, -0.163826931281017, -0.161559709107006, -0.158352177108255, -0.154260203945471, -0.149341806812099, -0.143656248638152, -0.137263135373425, -0.130221513432044, -0.122588967366655, -0.114420717830931, -0.105768719886176, -0.0966807617144728, -0.0871995638201128, -0.0773618788373582, -0.067197592122112, -0.0567288233980986, -0.0459690298713466, -0.0349221114482344, -0.0235815190402184, -0.0119293674968049, 6.44443712676281e-05, 0, -0.0167616306621264, -0.0331281768631916, -0.0489435753604412, -0.0640710072431455, -0.0783919984650245, -0.0918055208274051, -0.104227093382703, -0.115587884196498, -0.125833812375407, -0.134924650240536, -0.142833125506189, -0.14954402331372, -0.155053287973102, -0.15936712428045, -0.162501098307312, -0.164479237594159, -0.16533313072223, -0.165101026280058, -0.163826931279251, -0.161559709104751, -0.158352177105593, -0.154260203942481, -0.149341806808852, -0.143656248634712, -0.137263135369849, -0.130221513428379, -0.12258896736294, -0.114420717827197, -0.10576871988245, -0.0966807617107758, -0.0871995638164645, -0.0773618788337806, -0.0671975921186347, -0.0567288233947669, -0.0459690298682341, -0.0349221114454611, -0.0235815190379796, -0.0119293674954158, 6.44443713009105e-05, 0, -0.0167616306639513, -0.0331281768665333, -0.048943575364981, -0.0640710072485635, -0.0783919984710097, -0.0918055208336642, -0.104227093388967, -0.115587884202531, -0.125833812381008, -0.134924650245544, -0.142833125510482, -0.149544023317217, -0.155053287975759, -0.159367124282257, -0.162501098308288, -0.164479237594347, -0.165333130721691, -0.165101026278865, -0.163826931277486, -0.161559709102496, -0.158352177102932, -0.154260203939491, -0.149341806805606, -0.143656248631274, -0.137263135366274, -0.130221513424715, -0.122588967359226, -0.114420717823465, -0.105768719878726, -0.0966807617070805, -0.0871995638128179, -0.0773618788302048, -0.0671975921151592, -0.0567288233914372, -0.0459690298651236, -0.0349221114426899, -0.0235815190357429, -0.0119293674940289, 6.44443713319447e-05, 0, -0.0167616306657759, -0.0331281768698747, -0.0489435753695203, -0.0640710072539809, -0.0783919984769943, -0.0918055208399225, -0.104227093395231, -0.115587884208564, -0.125833812386609, -0.134924650250551, -0.142833125514774, -0.149544023320713, -0.155053287978416, -0.159367124284064, -0.162501098309263, -0.164479237594535, -0.165333130721152, -0.165101026277673, -0.163826931275721, -0.161559709100242, -0.158352177100271, -0.154260203936502, -0.14934180680236, -0.143656248627836, -0.137263135362699, -0.130221513421051, -0.122588967355513, -0.114420717819734, -0.105768719875002, -0.0966807617033854, -0.0871995638091716, -0.0773618788266292, -0.0671975921116839, -0.0567288233881078, -0.0459690298620133, -0.0349221114399189, -0.0235815190335065, -0.0119293674926421, 6.44443713629997e-05, 0, -0.0167616306676004, -0.0331281768732158, -0.0489435753740591, -0.0640710072593978, -0.0783919984829783, -0.0918055208461803, -0.104227093401494, -0.115587884214596, -0.125833812392209, -0.134924650255557, -0.142833125519066, -0.14954402332421, -0.155053287981072, -0.15936712428587, -0.162501098310239, -0.164479237594723, -0.165333130720613, -0.16510102627648, -0.163826931273956, -0.161559709097988, -0.158352177097611, -0.154260203933513, -0.149341806799114, -0.143656248624398, -0.137263135359125, -0.130221513417388, -0.122588967351799, -0.114420717816002, -0.105768719871278, -0.0966807616996903, -0.0871995638055253, -0.0773618788230535, -0.0671975921082085, -0.056728823384778, -0.0459690298589027, -0.0349221114371475, -0.0235815190312695, -0.0119293674912546, 6.44443713949411e-05, 0, -0.0167616306694247, -0.0331281768765566, -0.0489435753785975, -0.0640710072648143, -0.0783919984889619, -0.0918055208524376, -0.104227093407757, -0.115587884220627, -0.125833812397809, -0.134924650260564, -0.142833125523358, -0.149544023327705, -0.155053287983728, -0.159367124287676, -0.162501098311215, -0.164479237594911, -0.165333130720074, -0.165101026275288, -0.163826931272191, -0.161559709095734, -0.15835217709495, -0.154260203930524, -0.149341806795869, -0.14365624862096, -0.137263135355551, -0.130221513413725, -0.122588967348086, -0.114420717812271, -0.105768719867554, -0.0966807616959955, -0.0871995638018791, -0.077361878819478, -0.0671975921047333, -0.0567288233814485, -0.0459690298557923, -0.0349221114343761, -0.0235815190290325, -0.011929367489867, 6.44443714271116e-05, 0, -0.0167616306712488, -0.033128176879897, -0.0489435753831354, -0.0640710072702301, -0.0783919984949447, -0.0918055208586941, -0.104227093414019, -0.115587884226658, -0.125833812403407, -0.134924650265569, -0.142833125527649, -0.149544023331201, -0.155053287986384, -0.159367124289482, -0.16250109831219, -0.164479237595098, -0.165333130719535, -0.165101026274096, -0.163826931270427, -0.161559709093481, -0.15835217709229, -0.154260203927536, -0.149341806792624, -0.143656248617523, -0.137263135351978, -0.130221513410062, -0.122588967344374, -0.114420717808541, -0.105768719863831, -0.0966807616923016, -0.087199563798234, -0.0773618788159036, -0.0671975921012592, -0.0567288233781201, -0.045969029852683, -0.034922111431606, -0.0235815190267967, -0.0119293674884807, 6.44443714581423e-05
0, 0, 0, 0, 0, 0, 0, 0, 0, 0, 0, 0, 0, 0, 0, 0, 0, 0, 0, 0, 0, 0, 0, 0, 0, 0, 0, 0, 0, 0, 0, 0, 0, 0, 0, 0, 0, 0, 0, 0, 0, 0, 0, 0, 0, 0, 0, 0, 0, 0, 0, 0, 0, 0, 0, 0, 0, 0, 0, 0, 0, 0, 0, 0, 0, 0, 0, 0, 0, 0, 0, 0, 0, 0, 0, 0, 0, 0, 0, 0, 0, 0, 0, 0, 0, 0, 0, 0, 0, 0, 0, 0, 0, 0, 0, 0, 0, 0, 0, 0, 0, 0, 0, 0, 0, 0, 0, 0, 0, 0, 0, 0, 0, 0, 0, 0, 0, 0, 0, 0, 0, 0, 0, 0, 0, 0, 0, 0, 0, 0, 0, 0, 0, 0, 0, 0, 0, 0, 0, 0, 0, 0, 0, 0, 0, 0, 0, 0, 0, 0, 0, 0, 0, 0, 0, 0, 0, 0, 0, 0, 0, 0, 0, 0, 0, 0, 0, 0, 0, 0, 0, 0, 0, 0, 0, 0, 0, 0, 0, 0, 0, 0, 0, 0, 0, 0, 0, 0, 0, 0, 0, 0, 0, 0, 0, 0, 0, 0, 0, 0, 0, 0, 0, 0, 0, 0, 0, 0, 0, 0, 0, 0, 0, 0, 0, 0, 0, 0, 0, 0, 0, 0, 0, 0, 0, 0, 0, 0, 0, 0, 0, 0, 0, 0, 0, 0, 0, 0, 0, 0, 0, 0, 0, 0, 0, 0, 0, 0, 0, 0, 0, 0, 0, 0, 0, 0, 0, 0, 0, 0, 0, 0, 0, 0, 0, 0, 0, 0, 0, 0, 0, 0, 0, 0, 0, 0, 0, 0, 0, 0, 0, 0, 0, 0, 0, 0, 0, 0, 0, 0, 0, 0, 0, 0, 0, 0, 0, 0, 0, 0, 0, 0, 0, 0, 0, 0, 0, 0, 0, 0, 0, 0, 0, 0, 0, 0, 0, 0, 0, 0, 0, 0, 0, 0, 0, 0, 0, 0, 0, 0, 0, 0, 0, 0, 0, 0, 0, 0, 0, 0, 0, 0, 0, 0, 0, 0, 0, 0, 0, 0, 0, 0, 0, 0, 0, 0, 0, 0, 0, 0, 0, 0, 0, 0, 0, 0, 0, 0, 0, 0, 0, 0, 0, 0, 0, 0, 0, 0, 0, 0, 0, 0, 0, 0, 0, 0, 0, 0, 0, 0, 0, 0, 0, 0, 0, 0, 0, 0, 0, 0, 0, 0, 0, 0, 0, 0, 0, 0, 0, 0, 0, 0, 0, 0, 0, 0, 0, 0, 0, 0, 0, 0, 0, 0, 0, 0, 0, 0, 0, 0, 0, 0, 0, 0, 0, 0, 0, 0, 0, 0, 0, 0, 0, 0, 0, 0, 0, 0, 0, 0, 0, 0, 0, 0, 0, 0, 0, 0, 0, 0, 0, 0, 0, 0, 0, 0, 0, 0, 0, 0, 0, 0, 0, 0, 0, 0, 0, 0, 0, 0, 0, 0, 0, 0, 0, 0, 0, 0, 0, 0, 0, 0, 0, 0, 0, 0, 0, 0, 0, 0, 0, 0, 0, 0, 0, 0, 0, 0, 0, 0, 0, 0, 0, 0, 0, 0, 0, 0, 0, 0, 0, 0, 0, 0, 0, 0, 0, 0, 0, 0, 0, 0, 0, 0, 0, 0, 0, 0, 0, 0, 0, 0, 0, 0, 0, 0, 0, 0, 0, 0, 0, 0, 0, 0, 0, 0, 0, 0, 0, 0, 0, 0, 0, 0, 0, 0, 0, 0, 0, 0, 0, 0, 0, 0, 0, 0, 0, 0, 0, 0, 0, 0, 0, 0, 0, 0, 0, 0, 0, 0, 0, 0, 0, 0, 0, 0, 0, 0, 0, 0, 0, 0, 0, 0, 0, 0, 0, 0, 0, 0, 0, 0, 0, 0, 0, 0, 0, 0, 0, 0, 0, 0, 0, 0, 0, 0, 0, 0, 0, 0, 0, 0, 0, 0, 0, 0, 0, 0, 0, 0, 0, 0, 0, 0, 0, 0, 0, 0, 0, 0, 0, 0, 0, 0, 0, 0, 0, 0, 0, 0, 0, 0, 0, 0, 0, 0, 0, 0, 0, 0, 0, 0, 0, 0, 0, 0, 0, 0, 0, 0, 0, 0, 0, 0, 0, 0, 0, 0, 0, 0, 0, 0, 0, 0, 0, 0, 0, 0, 0, 0, 0, 0, 0, 0, 0, 0, 0, 0, 0, 0, 0, 0, 0, 0, 0, 0, 0, 0, 0, 0, 0, 0, 0, 0, 0, 0, 0, 0, 0, 0, 0, 0, 0, 0, 0, 0, 0, 0, 0, 0, 0, 0, 0, 0, 0, 0, 0, 0, 0, 0, 0, 0, 0, 0, 0, 0, 0, 0, 0, 0, 0, 0, 0, 0, 0, 0, 0, 0, 0, 0, 0, 0, 0, 0, 0, 0, 0, 0, 0, 0, 0, 0, 0, 0, 0, 0, 0, 0, 0, 0, 0, 0, 0, 0, 0, 0, 0, 0, 0, 0, 0, 0, 0, 0, 0, 0, 0, 0, 0, 0, 0, 0, 0, 0, 0, 0, 0, 0, 0, 0, 0, 0, 0, 0, 0, 0, 0, 0, 0, 0, 0, 0, 0, 0, 0, 0, 0, 0, 0, 0, 0, 0, 0, 0, 0, 0, 0, 0, 0, 0, 0, 0, 0, 0, 0, 0, 0, 0, 0, 0, 0, 0, 0, 0, 0, 0, 0, 0, 0, 0, 0, 0, 0, 0, 0, 0, 0, 0, 0, 0, 0, 0, 0, 0, 0, 0, 0, 0, 0, 0, 0, 0, 0, 0, 0, 0, 0, 0, 0, 0, 0, 0, 0, 0, 0, 0, 0, 0, 0, 0, 0, 0, 0, 0, 0, 0, 0, 0, 0, 0, 0, 0, 0, 0, 0, 0, 0, 0, 0, 0, 0, 0, 0, 0, 0, 0, 0, 0, 0, 0, 0, 0, 0, 0, 0, 0, 0, 0, 0, 0, 0, 0, 0, 0, 0, 0, 0, 0, 0, 0, 0, 0, 0, 0, 0, 0, 0, 0, 0, 0, 0, 0, 0, 0, 0, 0, 0, 0, 0, 0, 0, 0, 0, 0, 0, 0, 0, 0, 0, 0, 0, 0, 0, 0, 0, 0, 0, 0, 0, 0, 0, 0, 0, 0, 0, 0, 0, 0, 0, 0, 0, 0, 0, 0, 0, 0, 0, 0, 0, 0, 0, 0, 0, 0, 0, 0, 0, 0, 0, 0, 0, 0, 0, 0, 0, 0, 0, 0, 0, 0, 0, 0, 0, 0, 0, 0, 0, 0, 0, 0, 0, 0, 0, 0, 0, 0, 0, 0, 0, 0, 0, 0, 0, 0, 0, 0, 0, 0, 0, 0, 0, 0, 0, 0, 0, 0, 0, 0, 0, 0, 0, 0, 0, 0, 0, 0, 0, 0, 0, 0, 0, 0, 0, 0, 0, 0, 0, 0, 0, 0, 0, 0, 0, 0, 0, 0, 0, 0, 0, 0, 0, 0, 0, 0, 0, 0, 0, 0, 0, 0, 0, 0, 0, 0, 0, 0, 0, 0, 0, 0, 0, 0, 0, 0, 0, 0, 0, 0, 0, 0, 0, 0, 0, 0, 0, 0, 0, 0, 0, 0, 0, 0, 0, 0, 0, 0, 0, 0, 0, 0, 0, 0, 0, 0, 0, 0, 0, 0, 0, 0, 0, 0, 0, 0, 0, 0, 0, 0, 0, 0, 0, 0, 0, 0, 0, 0, 0, 0, 0, 0, 0, 0, 0, 0, 0, 0, 0, 0, 0, 0, 0, 0, 0, 0, 0, 0, 0, 0, 0, 0, 0, 0, 0, 0, 0, 0, 0, 0, 0, 0, 0, 0, 0, 0, 0, 0, 0, 0, 0, 0, 0, 0, 0, 0, 0, 0, 0, 0, 0, 0, 0, 0, 0, 0, 0, 0, 0, 0, 0, 0, 0, 0, 0, 0, 0, 0, 0, 0, 0, 0, 0, 0, 0, 0, 0, 0, 0, 0, 0, 0, 0, 0, 0, 0, 0, 0, 0, 0, 0, 0, 0, 0, 0, 0, 0, 0, 0, 0, 0, 0, 0, 0, 0, 0, 0, 0, 0, 0, 0, 0, 0, 0, 0, 0, 0, 0, 0, 0, 0, 0, 0, 0, 0, 0, 0, 0, 0, 0, 0, 0, 0, 0, 0, 0, 0, 0, 0, 0, 0, 0, 0, 0, 0, 0, 0, 0, 0, 0, 0, 0, 0, 0, 0, 0, 0, 0, 0, 0, 0, 0, 0, 0, 0, 0, 0, 0, 0, 0, 0, 0, 0, 0, 0, 0, 0, 0, 0, 0, 0, 0, 0, 0, 0, 0, 0, 0, 0, 0, 0, 0, 0, 0, 0, 0, 0, 0, 0, 0, 0, 0, 0, 0, 0, 0, 0, 0, 0, 0, 0, 0, 0, 0, 0, 0, 0, 0, 0, 0, 0, 0, 0, 0, 0, 0, 0, 0, 0, 0, 0, 0, 0, 0, 0, 0, 0, 0, 0, 0, 0, 0, 0, 0, 0, 0, 0, 0, 0, 0, 0, 0, 0, 0, 0, 0, 0, 0, 0, 0, 0, 0, 0, 0, 0, 0, 0, 0, 0, 0, 0, 0, 0, 0, 0, 0, 0, 0, 0, 0, 0, 0, 0, 0, 0, 0, 0, 0, 0, 0, 0, 0, 0, 0, 0, 0, 0, 0, 0, 0, 0, 0, 0, 0, 0, 0, 0, 0, 0, 0, 0, 0, 0, 0, 0, 0, 0, 0, 0, 0, 0, 0, 0, 0, 0, 0, 0, 0, 0, 0, 0, 0, 0, 0, 0, 0, 0, 0, 0, 0, 0, 0, 0, 0, 0, 0, 0, 0, 0, 0, 0, 0, 0, 0, 0, 0, 0, 0, 0, 0, 0, 0, 0, 0, 0, 0, 0, 0, 0, 0, 0, 0, 0, 0, 0, 0, 0, 0, 0, 0, 0, 0, 0, 0, 0, 0, 0, 0, 0, 0, 0, 0, 0, 0, 0, 0, 0, 0, 0, 0, 0, 0, 0, 0, 0, 0, 0, 0, 0, 0, 0, 0
0, 0, 0, 0, 0, 0, 0, 0, 0, 0, 0, 0, 0, 0, 0, 0, 0, 0, 0, 0, 0, 0, 0, 0, 0, 0, 0, 0, 0, 0, 0, 0, 0, 0, 0, 0, 0, 0, 0, 0, 0, 0, 0, 0, 0, 0, 0, 0, 0, 0, 0, 0, 0, 0, 0, 0, 0, 0, 0, 0, 0, 0, 0, 0, 0, 0, 0, 0, 0, 0, 0, 0, 0, 0, 0, 0, 0, 0, 0, 0, 0, 0, 0, 0, 0, 0, 0, 0, 0, 0, 0, 0, 0, 0, 0, 0, 0, 0, 0, 0, 0, 0, 0, 0, 0, 0, 0, 0, 0, 0, 0, 0, 0, 0, 0, 0, 0, 0, 0, 0, 0, 0, 0, 0, 0, 0, 0, 0, 0, 0, 0, 0, 0, 0, 0, 0, 0, 0, 0, 0, 0, 0, 0, 0, 0, 0, 0, 0, 0, 0, 0, 0, 0, 0, 0, 0, 0, 0, 0, 0, 0, 0, 0, 0, 0, 0, 0, 0, 0, 0, 0, 0, 0, 0, 0, 0, 0, 0, 0, 0, 0, 0, 0, 0, 0, 0, 0, 0, 0, 0, 0, 0, 0, 0, 0, 0, 0, 0, 0, 0, 0, 0, 0, 0, 0, 0, 0, 0, 0, 0, 0, 0, 0, 0, 0, 0, 0, 0, 0, 0, 0, 0, 0, 0, 0, 0, 0, 0, 0, 0, 0, 0, 0, 0, 0, 0, 0, 0, 0, 0, 0, 0, 0, 0, 0, 0, 0, 0, 0, 0, 0, 0, 0, 0, 0, 0, 0, 0, 0, 0, 0, 0, 0, 0, 0, 0, 0, 0, 0, 0, 0, 0, 0, 0, 0, 0, 0, 0, 0, 0, 0, 0, 0, 0, 0, 0, 0, 0, 0, 0, 0, 0, 0, 0, 0, 0, 0, 0, 0, 0, 0, 0, 0, 0, 0, 0, 0, 0, 0, 0, 0, 0, 0, 0, 0, 0, 0, 0, 0, 0, 0, 0, 0, 0, 0, 0, 0, 0, 0, 0, 0, 0, 0, 0, 0, 0, 0, 0, 0, 0, 0, 0, 0, 0, 0, 0, 0, 0, 0, 0, 0, 0, 0, 0, 0, 0, 0, 0, 0, 0, 0, 0, 0, 0, 0, 0, 0, 0, 0, 0, 0, 0, 0, 0, 0, 0, 0, 0, 0, 0, 0, 0, 0, 0, 0, 0, 0, 0, 0, 0, 0, 0, 0, 0, 0, 0, 0, 0, 0, 0, 0, 0, 0, 0, 0, 0, 0, 0, 0, 0, 0, 0, 0, 0, 0, 0, 0, 0, 0, 0, 0, 0, 0, 0, 0, 0, 0, 0, 0, 0, 0, 0, 0, 0, 0, 0, 0, 0, 0, 0, 0, 0, 0, 0, 0, 0, 0, 0, 0, 0, 0, 0, 0, 0, 0, 0, 0, 0, 0, 0, 0, 0, 0, 0, 0, 0, 0, 0, 0, 0, 0, 0, 0, 0, 0, 0, 0, 0, 0, 0, 0, 0, 0, 0, 0, 0, 0, 0, 0, 0, 0, 0, 0, 0, 0, 0, 0, 0, 0, 0, 0, 0, 0, 0, 0, 0, 0, 0, 0, 0, 0, 0, 0, 0, 0, 0, 0, 0, 0, 0, 0, 0, 0, 0, 0, 0, 0, 0, 0, 0, 0, 0, 0, 0, 0, 0, 0, 0, 0, 0, 0, 0, 0, 0, 0, 0, 0, 0, 0, 0, 0, 0, 0, 0, 0, 0, 0, 0, 0, 0, 0, 0, 0, 0, 0, 0, 0, 0, 0, 0, 0, 0, 0, 0, 0, 0, 0, 0, 0, 0, 0, 0, 0, 0, 0, 0, 0, 0, 0, 0, 0, 0, 0, 0, 0, 0, 0, 0, 0, 0, 0, 0, 0, 0, 0, 0, 0, 0, 0, 0, 0, 0, 0, 0, 0, 0, 0, 0, 0, 0, 0, 0, 0, 0, 0, 0, 0, 0, 0, 0, 0, 0, 0, 0, 0, 0, 0, 0, 0, 0, 0, 0, 0, 0, 0, 0, 0, 0, 0, 0, 0, 0, 0, 0, 0, 0, 0, 0, 0, 0, 0, 0, 0, 0, 0, 0, 0, 0, 0, 0, 0, 0, 0, 0, 0, 0, 0, 0, 0, 0, 0, 0, 0, 0, 0, 0, 0, 0, 0, 0, 0, 0, 0, 0, 0, 0, 0, 0, 0, 0, 0, 0, 0, 0, 0, 0, 0, 0, 0, 0, 0, 0, 0, 0, 0, 0, 0, 0, 0, 0, 0, 0, 0, 0, 0, 0, 0, 0, 0, 0, 0, 0, 0, 0, 0, 0, 0, 0, 0, 0, 0, 0, 0, 0, 0, 0, 0, 0, 0, 0, 0, 0, 0, 0, 0, 0, 0, 0, 0, 0, 0, 0, 0, 0, 0, 0, 0, 0, 0, 0, 0, 0, 0, 0, 0, 0, 0, 0, 0, 0, 0, 0, 0, 0, 0, 0, 0, 0, 0, 0, 0, 0, 0, 0, 0, 0, 0, 0, 0, 0, 0, 0, 0, 0, 0, 0, 0, 0, 0, 0, 0, 0, 0, 0, 0, 0, 0, 0, 0, 0, 0, 0, 0, 0, 0, 0, 0, 0, 0, 0, 0, 0, 0, 0, 0, 0, 0, 0, 0, 0, 0, 0, 0, 0, 0, 0, 0, 0, 0, 0, 0, 0, 0, 0, 0, 0, 0, 0, 0, 0, 0, 0, 0, 0, 0, 0, 0, 0, 0, 0, 0, 0, 0, 0, 0, 0, 0, 0, 0, 0, 0, 0, 0, 0, 0, 0, 0, 0, 0, 0, 0, 0, 0, 0, 0, 0, 0, 0, 0, 0, 0, 0, 0, 0, 0, 0, 0, 0, 0, 0, 0, 0, 0, 0, 0, 0, 0, 0, 0, 0, 0, 0, 0, 0, 0, 0, 0, 0, 0, 0, 0, 0, 0, 0, 0, 0, 0, 0, 0, 0, 0, 0, 0, 0, 0, 0, 0, 0, 0, 0, 0, 0, 0, 0, 0, 0, 0, 0, 0, 0, 0, 0, 0, 0, 0, 0, 0, 0, 0, 0, 0, 0, 0, 0, 0, 0, 0, 0, 0, 0, 0, 0, 0, 0, 0, 0, 0, 0, 0, 0, 0, 0, 0, 0, 0, 0, 0, 0, 0, 0, 0, 0, 0, 0, 0, 0, 0, 0, 0, 0, 0, 0, 0, 0, 0, 0, 0, 0, 0, 0, 0, 0, 0, 0, 0, 0, 0, 0, 0, 0, 0, 0, 0, 0, 0, 0, 0, 0, 0, 0, 0, 0, 0, 0, 0, 0, 0, 0, 0, 0, 0, 0, 0, 0, 0, 0, 0, 0, 0, 0, 0, 0, 0, 0, 0, 0, 0, 0, 0, 0, 0, 0, 0, 0, 0, 0, 0, 0, 0, 0, 0, 0, 0, 0, 0, 0, 0, 0, 0, 0, 0, 0, 0, 0, 0, 0, 0, 0, 0, 0, 0, 0, 0, 0, 0, 0, 0, 0, 0, 0, 0, 0, 0, 0, 0, 0, 0, 0, 0, 0, 0, 0, 0, 0, 0, 0, 0, 0, 0, 0, 0, 0, 0, 0, 0, 0, 0, 0, 0, 0, 0, 0, 0, 0, 0, 0, 0, 0, 0, 0, 0, 0, 0, 0, 0, 0, 0, 0, 0, 0, 0, 0, 0, 0, 0, 0, 0, 0, 0, 0, 0, 0, 0, 0, 0, 0, 0, 0, 0, 0, 0, 0, 0, 0, 0, 0, 0, 0, 0, 0, 0, 0, 0, 0, 0, 0, 0, 0, 0, 0, 0, 0, 0, 0, 0, 0, 0, 0, 0, 0, 0, 0, 0, 0, 0, 0, 0, 0, 0, 0, 0, 0, 0, 0, 0, 0, 0, 0, 0, 0, 0, 0, 0, 0, 0, 0, 0, 0, 0, 0, 0, 0, 0, 0, 0, 0, 0, 0, 0, 0, 0, 0, 0, 0, 0, 0, 0, 0, 0, 0, 0, 0, 0, 0, 0, 0, 0, 0, 0, 0, 0, 0, 0, 0, 0, 0, 0, 0, 0, 0, 0, 0, 0, 0, 0, 0, 0, 0, 0, 0, 0, 0, 0, 0, 0, 0, 0, 0, 0, 0, 0, 0, 0, 0, 0, 0, 0, 0, 0, 0, 0, 0, 0, 0, 0, 0, 0, 0, 0, 0, 0, 0, 0, 0, 0, 0, 0, 0, 0, 0, 0, 0, 0, 0, 0, 0, 0, 0, 0, 0, 0, 0, 0, 0, 0, 0, 0, 0, 0, 0, 0, 0, 0, 0, 0, 0, 0, 0, 0, 0, 0, 0, 0, 0, 0, 0, 0, 0, 0, 0, 0, 0, 0, 0, 0, 0, 0, 0, 0, 0, 0, 0, 0, 0, 0, 0, 0, 0, 0, 0, 0, 0, 0, 0, 0, 0, 0, 0, 0, 0, 0, 0, 0, 0, 0, 0, 0, 0, 0, 0, 0, 0, 0, 0, 0, 0, 0, 0, 0, 0, 0, 0, 0, 0, 0, 0, 0, 0, 0, 0, 0, 0, 0, 0, 0, 0, 0, 0, 0, 0, 0, 0, 0, 0, 0, 0, 0, 0, 0, 0, 0, 0, 0, 0, 0, 0, 0, 0, 0, 0, 0, 0, 0, 0, 0, 0, 0, 0, 0, 0, 0, 0, 0, 0, 0, 0, 0, 0, 0, 0, 0, 0, 0, 0, 0, 0, 0, 0, 0, 0, 0, 0, 0, 0, 0, 0, 0, 0, 0, 0, 0, 0, 0, 0, 0, 0, 0, 0, 0, 0, 0, 0, 0, 0, 0, 0, 0, 0, 0, 0, 0, 0, 0, 0, 0, 0, 0, 0, 0, 0, 0, 0, 0, 0, 0, 0, 0, 0, 0, 0, 0, 0, 0, 0, 0, 0, 0, 0, 0, 0, 0, 0, 0, 0, 0, 0, 0, 0, 0, 0, 0, 0, 0, 0, 0, 0, 0, 0, 0, 0, 0, 0, 0, 0, 0, 0, 0, 0, 0, 0, 0, 0, 0, 0, 0, 0, 0, 0, 0, 0, 0, 0, 0, 0, 0, 0, 0, 0, 0, 0
0.27886, 0.278977337541091, 0.279329522790337, 0.279916728373708, 0.280739126917177, 0.281796891046714, 0.28309019338829, 0.284619206567879, 0.28638410321145, 0.288385055944975, 0.290622237394427, 0.293095820185775, 0.295805976944992, 0.29875288029805, 0.301936702870918, 0.30535761728957, 0.309015796179976, 0.312911412168108, 0.317044637879937, 0.321415645941435, 0.326024608978573, 0.330871699617323, 0.335957090483656, 0.341280954203544, 0.346843463402957, 0.352644790707868, 0.358685108744247, 0.364964590138067, 0.371483407515299, 0.378241733501913, 0.385239740723883, 0.392477601807178, 0.399955489377771, 0.407673576061633, 0.415632034484735, 0.423831037273049, 0.432270757052546, 0.440951366449198, 0.449873038088976, 0.459035944597852, 0.27886, 0.278513825674757, 0.277486216809866, 0.275796802774237, 0.273471211403429, 0.270540297927148, 0.267039410786857, 0.263007694325856, 0.258487428336205, 0.253523404450162, 0.248162339368315, 0.242452324922018, 0.236442314973788, 0.230181649165434, 0.223719613529394, 0.217105037983487, 0.210385930732668, 0.203609149603061, 0.196820110333527, 0.19006253184831, 0.183378218531208, 0.1768068795176, 0.17038598501597, 0.164150659665693, 0.158133612933217, 0.152365106544559, 0.146872958948481, 0.141682586801711, 0.136817083465097, 0.132297334497367, 0.128142170130842, 0.124368554710613, 0.12099181307469, 0.118025893846673, 0.115483669603435, 0.113377273866476, 0.111718474844469, 0.110519085821973, 0.109791412038846, 0.10954873382527, 0.27886, 0.278513866094252, 0.277486367066363, 0.275797121079561, 0.273471744920747, 0.270541082926072, 0.267040472796545, 0.263009048286048, 0.258489078746141, 0.253525345515324, 0.248164555144915, 0.24245478945914, 0.236444992453034, 0.230184494037904, 0.223722570649752, 0.217108042740846, 0.210388909177945, 0.203612018572442, 0.196822777567634, 0.190064896106636, 0.183380169701379, 0.17680829871902, 0.170386744697394, 0.164150623696291, 0.158132636686683, 0.152363036975852, 0.14686963466276, 0.14167783811505, 0.136810732456556, 0.132289195051995, 0.12813204797317, 0.124356247428186, 0.120977110131165, 0.118008576583965, 0.115463511232361, 0.113354039445268, 0.111691921244412, 0.110488961679283, 0.109757457691618, 0.10951068123394, 0.27886, 0.278513865912078, 0.27748636633376, 0.275797119430848, 0.27347174199716, 0.270541078379618, 0.267040466293386, 0.26300903950942, 0.258489067398832, 0.253525331321729, 0.248164537852679, 0.242454768840404, 0.236444968305305, 0.230184466184562, 0.223722538940212, 0.217108007050382, 0.21038886940721, 0.20361197464668, 0.196822729435613, 0.190064843739313, 0.18338011309031, 0.176808237874542, 0.170386679646577, 0.164150554480693, 0.158132563359918, 0.152362959600979, 0.146869553309522, 0.141677752856967, 0.136810643367903, 0.132289102204659, 0.128131951433425, 0.124356147253386, 0.120977006366379, 0.118008469258566, 0.115463400356589, 0.113353925006777, 0.111691803204826, 0.110488839970767, 0.109757332213489, 0.109510551849332, 0.27886, 0.278513865909906, 0.277486366325674, 0.275797119413695, 0.273471741968374, 0.270541078337212, 0.267040466235944, 0.263009039436091, 0.25848906730932, 0.253525331216284, 0.24816453773209, 0.242454768705988, 0.236444968158898, 0.23018446602851, 0.22372253877736, 0.217108006884069, 0.210388869241256, 0.203611974485381, 0.19682272928373, 0.190064843602065, 0.18338011297337, 0.176808237784026, 0.170386679589041, 0.164150554463125, 0.158132563389734, 0.152362959686019, 0.146869553458043, 0.141677753077644, 0.13681064366982, 0.132289102597312, 0.128131951926718, 0.12435614785763, 0.12097700709229, 0.118008470117268, 0.115463401359613, 0.113353926166063, 0.111691804532725, 0.110488841480043, 0.109757333917321, 0.109510553761313, 0.27886, 0.278513865909875, 0.277486366325561, 0.275797119413463, 0.273471741967998, 0.270541078336681, 0.267040466235257, 0.263009039435258, 0.258489067308361, 0.253525331215228, 0.24816453773097, 0.242454768704843, 0.23644496815777, 0.230184466027441, 0.223722538776393, 0.217108006883246, 0.210388869240614, 0.203611974484955, 0.196822729283552, 0.190064843602161, 0.183380112973762, 0.176808237784732, 0.170386679590074, 0.164150554464495, 0.158132563391448, 0.152362959688079, 0.146869553460451, 0.141677753080398, 0.136810643672918, 0.13228910260075, 0.128131951930492, 0.124356147861735, 0.120977007096721, 0.11800847012202, 0.115463401364681, 0.11335392617144, 0.111691804538402, 0.110488841486006, 0.109757333923547, 0.109510553767766, 0.27886, 0.278513865909835, 0.277486366325411, 0.275797119413148, 0.273471741967474, 0.27054107833592, 0.267040466234241, 0.263009039433981, 0.25848906730683, 0.253525331213455, 0.248164537728978, 0.242454768702658, 0.236444968155424, 0.230184466024968, 0.223722538773829, 0.217108006880624, 0.210388869237969, 0.203611974482318, 0.196822729280951, 0.190064843599622, 0.183380112971307, 0.176808237782378, 0.170386679587837, 0.164150554462388, 0.158132563389479, 0.152362959686255, 0.146869553458776, 0.141677753078875, 0.136810643671549, 0.132289102599535, 0.128131951929429, 0.124356147860823, 0.120977007095959, 0.118008470121403, 0.115463401364205, 0.113353926171098, 0.111691804538182, 0.110488841485891, 0.109757333923512, 0.109510553767766, 0.27886, 0.278513865909794, 0.277486366325261, 0.275797119412832, 0.273471741966951, 0.270541078335158, 0.267040466233225, 0.263009039432705, 0.258489067305298, 0.253525331211682, 0.248164537726985, 0.242454768700472, 0.236444968153078, 0.230184466022495, 0.223722538771263, 0.217108006878002, 0.210388869235324, 0.20361197447968, 0.19682272927835, 0.190064843597082, 0.183380112968851, 0.176808237780024, 0.1703866795856, 0.16415055446028, 0.158132563387509, 0.15236295968443, 0.1468695534571, 0.141677753077351, 0.136810643670178, 0.132289102598318, 0.128131951928365, 0.124356147859911, 0.120977007095195, 0.118008470120786, 0.115463401363727, 0.113353926170754, 0.111691804537961, 0.110488841485776, 0.109757333923475, 0.109510553767766, 0.27886, 0.278513865909754, 0.277486366325111, 0.275797119412517, 0.273471741966427, 0.270541078334397, 0.267040466232209, 0.263009039431429, 0.258489067303766, 0.253525331209909, 0.248164537724992, 0.242454768698287, 0.236444968150732, 0.230184466020022, 0.223722538768699, 0.21710800687538, 0.210388869232678, 0.203611974477043, 0.196822729275749, 0.190064843594543, 0.183380112966395, 0.176808237777671, 0.170386679583364, 0.164150554458172, 0.158132563385539, 0.152362959682605, 0.146869553455425, 0.141677753075828, 0.136810643668809, 0.132289102597103, 0.128131951927303, 0.124356147859, 0.120977007094433, 0.118008470120169, 0.115463401363251, 0.113353926170411, 0.111691804537741, 0.110488841485662, 0.10975733392344, 0.109510553767766, 0.27886, 0.278513865909713, 0.277486366324961, 0.275797119412202, 0.273471741965904, 0.270541078333636, 0.267040466231193, 0.263009039430153, 0.258489067302235, 0.253525331208137, 0.248164537723, 0.242454768696103, 0.236444968148386, 0.230184466017549, 0.223722538766134, 0.217108006872759, 0.210388869230034, 0.203611974474406, 0.196822729273148, 0.190064843592004, 0.18338011296394, 0.176808237775317, 0.170386679581127, 0.164150554456065, 0.15813256338357, 0.152362959680781, 0.14686955345375, 0.141677753074305, 0.136810643667439, 0.132289102595887, 0.12813195192624, 0.124356147858088, 0.12097700709367, 0.118008470119552, 0.115463401362775, 0.113353926170068, 0.111691804537521, 0.110488841485548, 0.109757333923404, 0.109510553767766, 0.27886, 0.278513865909673, 0.277486366324812, 0.275797119411886, 0.273471741965381, 0.270541078332875, 0.267040466230177, 0.263009039428877, 0.258489067300704, 0.253525331206364, 0.248164537721008, 0.242454768693918, 0.23644496814604, 0.230184466015077, 0.22372253876357, 0.217108006870138, 0.210388869227389, 0.20361197447177, 0.196822729270548, 0.190064843589466, 0.183380112961485, 0.176808237772964, 0.170386679578891, 0.164150554453958, 0.158132563381601, 0.152362959678956, 0.146869553452075, 0.141677753072783, 0.13681064366607, 0.132289102594671, 0.128131951925177, 0.124356147857176, 0.120977007092907, 0.118008470118934, 0.115463401362298, 0.113353926169726, 0.111691804537301, 0.110488841485433, 0.109757333923368, 0.109510553767766, 0.27886, 0.278513865909632, 0.277486366324662, 0.275797119411571, 0.273471741964857, 0.270541078332114, 0.267040466229161, 0.263009039427601, 0.258489067299173, 0.253525331204592, 0.248164537719016, 0.242454768691734, 0.236444968143695, 0.230184466012605, 0.223722538761006, 0.217108006867517, 0.210388869224745, 0.203611974469133, 0.196822729267948, 0.190064843586927, 0.18338011295903, 0.176808237770611, 0.170386679576655, 0.16415055445185, 0.158132563379632, 0.152362959677132, 0.1468695534504, 0.14167775307126, 0.136810643664701, 0.132289102593455, 0.128131951924114, 0.124356147856265, 0.120977007092145, 0.118008470118317, 0.115463401361822, 0.113353926169382, 0.11169180453708, 0.110488841485318, 0.109757333923332, 0.109510553767766, 0.27886, 0.278513865909592, 0.277486366324512, 0.275797119411256, 0.273471741964334, 0.270541078331353, 0.267040466228146, 0.263009039426325, 0.258489067297642, 0.25352533120282, 0.248164537717024, 0.24245476868955, 0.23644496814135, 0.230184466010133, 0.223722538758443, 0.217108006864896, 0.210388869222101, 0.203611974466497, 0.196822729265348, 0.190064843584389, 0.183380112956575, 0.176808237768258, 0.170386679574419, 0.164150554449743, 0.158132563377663, 0.152362959675307, 0.146869553448725, 0.141677753069737, 0.136810643663331, 0.132289102592239, 0.128131951923051, 0.124356147855353, 0.120977007091382, 0.1180084701177, 0.115463401361345, 0.113353926169039, 0.11169180453686, 0.110488841485203, 0.109757333923295, 0.109510553767765, 0.27886, 0.278513865909551, 0.277486366324362, 0.275797119410941, 0.273471741963811, 0.270541078330592, 0.26704046622713, 0.263009039425049, 0.258489067296111, 0.253525331201048, 0.248164537715032, 0.242454768687366, 0.236444968139006, 0.230184466007661, 0.223722538755879, 0.217108006862276, 0.210388869219457, 0.203611974463861, 0.196822729262749, 0.190064843581851, 0.183380112954121, 0.176808237765905, 0.170386679572183, 0.164150554447637, 0.158132563375694, 0.152362959673484, 0.14686955344705, 0.141677753068214, 0.136810643661962, 0.132289102591024, 0.128131951921988, 0.124356147854442, 0.120977007090619, 0.118008470117083, 0.115463401360868, 0.113353926168696, 0.111691804536639, 0.110488841485088, 0.109757333923259, 0.109510553767765, 0.27886, 0.278513865909511, 0.277486366324212, 0.275797119410626, 0.273471741963288, 0.270541078329832, 0.267040466226115, 0.263009039423774, 0.25848906729458, 0.253525331199276, 0.248164537713041, 0.242454768685182, 0.236444968136661, 0.23018446600519, 0.223722538753316, 0.217108006859656, 0.210388869216813, 0.203611974461226, 0.196822729260149, 0.190064843579313, 0.183380112951667, 0.176808237763553, 0.170386679569948, 0.16415055444553, 0.158132563373726, 0.15236295967166, 0.146869553445376, 0.141677753066692, 0.136810643660593, 0.132289102589809, 0.128131951920926, 0.124356147853531, 0.120977007089857, 0.118008470116466, 0.115463401360392, 0.113353926168353, 0.111691804536419, 0.110488841484974, 0.109757333923224, 0.109510553767765, 0.27886, 0.27851386590947, 0.277486366324062, 0.27579711941031, 0.273471741962765, 0.270541078329071, 0.2670404662251, 0.263009039422499, 0.25848906729305, 0.253525331197504, 0.24816453771105, 0.242454768682998, 0.236444968134317, 0.230184466002719, 0.223722538750753, 0.217108006857036, 0.21038886921417, 0.20361197445859, 0.19682272925755, 0.190064843576776, 0.183380112949212, 0.176808237761201, 0.170386679567713, 0.164150554443424, 0.158132563371757, 0.152362959669837, 0.146869553443702, 0.14167775306517, 0.136810643659225, 0.132289102588594, 0.128131951919863, 0.124356147852619, 0.120977007089094, 0.118008470115849, 0.115463401359916, 0.11335392616801, 0.111691804536199, 0.110488841484859, 0.109757333923188, 0.109510553767765, 0.27886, 0.27851386590943, 0.277486366323912, 0.275797119409995, 0.273471741962242, 0.27054107832831, 0.267040466224085, 0.263009039421223, 0.258489067291519, 0.253525331195733, 0.248164537709059, 0.242454768680815, 0.236444968131973, 0.230184466000248, 0.223722538748191, 0.217108006854417, 0.210388869211527, 0.203611974455955, 0.196822729254952, 0.190064843574239, 0.183380112946759, 0.176808237758849, 0.170386679565478, 0.164150554441318, 0.15813256336979, 0.152362959668013, 0.146869553442028, 0.141677753063648, 0.136810643657856, 0.132289102587379, 0.128131951918801, 0.124356147851708, 0.120977007088332, 0.118008470115232, 0.11546340135944, 0.113353926167668, 0.111691804535979, 0.110488841484745, 0.109757333923152, 0.109510553767765, 0.27886, 0.278513865909389, 0.277486366323762, 0.27579711940968, 0.273471741961719, 0.27054107832755, 0.267040466223069, 0.263009039419948, 0.258489067289989, 0.253525331193962, 0.248164537707068, 0.242454768678632, 0.236444968129629, 0.230184465997777, 0.223722538745628, 0.217108006851797, 0.210388869208884, 0.20361197445332, 0.196822729252353, 0.190064843571702, 0.183380112944305, 0.176808237756498, 0.170386679563243, 0.164150554439212, 0.158132563367822, 0.15236295966619, 0.146869553440354, 0.141677753062126, 0.136810643656487, 0.132289102586163, 0.128131951917739, 0.124356147850797, 0.12097700708757, 0.118008470114615, 0.115463401358963, 0.113353926167325, 0.111691804535758, 0.11048884148463, 0.109757333923116, 0.109510553767764, 0.27886, 0.278513865909349, 0.277486366323613, 0.275797119409365, 0.273471741961196, 0.27054107832679, 0.267040466222055, 0.263009039418673, 0.258489067288459, 0.253525331192191, 0.248164537705077, 0.242454768676449, 0.236444968127285, 0.230184465995307, 0.223722538743066, 0.217108006849178, 0.210388869206242, 0.203611974450685, 0.196822729249755, 0.190064843569165, 0.183380112941852, 0.176808237754146, 0.170386679561009, 0.164150554437106, 0.158132563365854, 0.152362959664367, 0.14686955343868, 0.141677753060604, 0.136810643655119, 0.132289102584949, 0.128131951916677, 0.124356147849886, 0.120977007086808, 0.118008470113998, 0.115463401358487, 0.113353926166982, 0.111691804535538, 0.110488841484516, 0.10975733392308, 0.109510553767765, 0.27886, 0.278513865909308, 0.277486366323463, 0.27579711940905, 0.273471741960673, 0.270541078326029, 0.26704046622104, 0.263009039417398, 0.258489067286929, 0.25352533119042, 0.248164537703087, 0.242454768674267, 0.236444968124942, 0.230184465992837, 0.223722538740504, 0.217108006846559, 0.2103888692036, 0.203611974448051, 0.196822729247157, 0.190064843566629, 0.183380112939399, 0.176808237751795, 0.170386679558774, 0.164150554435001, 0.158132563363887, 0.152362959662544, 0.146869553437006, 0.141677753059083, 0.136810643653751, 0.132289102583734, 0.128131951915615, 0.124356147848976, 0.120977007086046, 0.118008470113382, 0.115463401358011, 0.11335392616664, 0.111691804535318, 0.110488841484401, 0.109757333923045, 0.109510553767765, 0.27886, 0.278513865909268, 0.277486366323313, 0.275797119408735, 0.27347174196015, 0.270541078325269, 0.267040466220025, 0.263009039416124, 0.2584890672854, 0.253525331188649, 0.248164537701097, 0.242454768672084, 0.236444968122599, 0.230184465990367, 0.223722538737942, 0.217108006843941, 0.210388869200958, 0.203611974445417, 0.196822729244559, 0.190064843564093, 0.183380112936946, 0.176808237749444, 0.17038667955654, 0.164150554432896, 0.158132563361919, 0.152362959660722, 0.146869553435333, 0.141677753057561, 0.136810643652383, 0.132289102582519, 0.128131951914553, 0.124356147848065, 0.120977007085284, 0.118008470112765, 0.115463401357535, 0.113353926166296, 0.111691804535098, 0.110488841484286, 0.109757333923008, 0.109510553767764, 0.27886, 0.278513865909227, 0.277486366323163, 0.27579711940842, 0.273471741959627, 0.270541078324509, 0.26704046621901, 0.263009039414849, 0.25848906728387, 0.253525331186879, 0.248164537699107, 0.242454768669902, 0.236444968120256, 0.230184465987897, 0.223722538735381, 0.217108006841322, 0.210388869198316, 0.203611974442783, 0.196822729241961, 0.190064843561557, 0.183380112934494, 0.176808237747093, 0.170386679554306, 0.164150554430791, 0.158132563359952, 0.152362959658899, 0.14686955343366, 0.14167775305604, 0.136810643651015, 0.132289102581305, 0.128131951913491, 0.124356147847154, 0.120977007084522, 0.118008470112148, 0.115463401357058, 0.113353926165954, 0.111691804534878, 0.110488841484171, 0.109757333922972, 0.109510553767764, 0.27886, 0.278513865909187, 0.277486366323013, 0.275797119408105, 0.273471741959105, 0.270541078323749, 0.267040466217996, 0.263009039413575, 0.258489067282341, 0.253525331185109, 0.248164537697117, 0.24245476866772, 0.236444968117913, 0.230184465985428, 0.22372253873282, 0.217108006838705, 0.210388869195675, 0.20361197444015, 0.196822729239364, 0.190064843559021, 0.183380112932042, 0.176808237744743, 0.170386679552073, 0.164150554428686, 0.158132563357986, 0.152362959657077, 0.146869553431987, 0.141677753054519, 0.136810643649647, 0.132289102580091, 0.12813195191243, 0.124356147846244, 0.12097700708376, 0.118008470111532, 0.115463401356583, 0.113353926165611, 0.111691804534658, 0.110488841484057, 0.109757333922937, 0.109510553767764, 0.27886, 0.278513865909146, 0.277486366322864, 0.27579711940779, 0.273471741958582, 0.270541078322989, 0.267040466216981, 0.2630090394123, 0.258489067280812, 0.253525331183338, 0.248164537695128, 0.242454768665539, 0.236444968115571, 0.230184465982959, 0.223722538730259, 0.217108006836087, 0.210388869193034, 0.203611974437516, 0.196822729236767, 0.190064843556486, 0.18338011292959, 0.176808237742393, 0.17038667954984, 0.164150554426581, 0.158132563356019, 0.152362959655255, 0.146869553430314, 0.141677753052998, 0.136810643648279, 0.132289102578876, 0.128131951911368, 0.124356147845333, 0.120977007082998, 0.118008470110915, 0.115463401356107, 0.113353926165269, 0.111691804534437, 0.110488841483942, 0.1097573339229, 0.109510553767764, 0.27886, 0.278513865909106, 0.277486366322714, 0.275797119407475, 0.273471741958059, 0.270541078322229, 0.267040466215967, 0.263009039411026, 0.258489067279282, 0.253525331181568, 0.248164537693138, 0.242454768663357, 0.236444968113228, 0.23018446598049, 0.223722538727699, 0.217108006833469, 0.210388869190393, 0.203611974434883, 0.196822729234171, 0.190064843553951, 0.183380112927138, 0.176808237740043, 0.170386679547607, 0.164150554424477, 0.158132563354052, 0.152362959653433, 0.146869553428641, 0.141677753051477, 0.136810643646912, 0.132289102577662, 0.128131951910307, 0.124356147844423, 0.120977007082237, 0.118008470110299, 0.115463401355631, 0.113353926164926, 0.111691804534217, 0.110488841483828, 0.109757333922864, 0.109510553767763, 0.27886, 0.278513865909065, 0.277486366322564, 0.275797119407161, 0.273471741957537, 0.270541078321469, 0.267040466214953, 0.263009039409752, 0.258489067277753, 0.253525331179799, 0.248164537691149, 0.242454768661176, 0.236444968110886, 0.230184465978021, 0.223722538725138, 0.217108006830852, 0.210388869187752, 0.203611974432251, 0.196822729231574, 0.190064843551416, 0.183380112924686, 0.176808237737693, 0.170386679545373, 0.164150554422373, 0.158132563352086, 0.152362959651611, 0.146869553426968, 0.141677753049956, 0.136810643645544, 0.132289102576448, 0.128131951909245, 0.124356147843512, 0.120977007081475, 0.118008470109682, 0.115463401355155, 0.113353926164583, 0.111691804533997, 0.110488841483713, 0.109757333922828, 0.109510553767763, 0.27886, 0.278513865909025, 0.277486366322414, 0.275797119406846, 0.273471741957014, 0.270541078320709, 0.267040466213938, 0.263009039408478, 0.258489067276225, 0.253525331178029, 0.24816453768916, 0.242454768658995, 0.236444968108545, 0.230184465975552, 0.223722538722578, 0.217108006828235, 0.210388869185112, 0.203611974429618, 0.196822729228978, 0.190064843548881, 0.183380112922235, 0.176808237735343, 0.170386679543141, 0.164150554420269, 0.15813256335012, 0.15236295964979, 0.146869553425296, 0.141677753048436, 0.136810643644177, 0.132289102575234, 0.128131951908184, 0.124356147842602, 0.120977007080713, 0.118008470109066, 0.115463401354679, 0.113353926164241, 0.111691804533777, 0.110488841483599, 0.109757333922793, 0.109510553767763, 0.27886, 0.278513865908985, 0.277486366322265, 0.275797119406531, 0.273471741956492, 0.270541078319949, 0.267040466212924, 0.263009039407204, 0.258489067274696, 0.25352533117626, 0.248164537687171, 0.242454768656814, 0.236444968106203, 0.230184465973084, 0.223722538720018, 0.217108006825619, 0.210388869182472, 0.203611974426986, 0.196822729226382, 0.190064843546347, 0.183380112919784, 0.176808237732994, 0.170386679540908, 0.164150554418165, 0.158132563348154, 0.152362959647969, 0.146869553423624, 0.141677753046916, 0.13681064364281, 0.132289102574021, 0.128131951907123, 0.124356147841692, 0.120977007079952, 0.11800847010845, 0.115463401354203, 0.113353926163899, 0.111691804533558, 0.110488841483484, 0.109757333922757, 0.109510553767763, 0.27886, 0.278513865908944, 0.277486366322115, 0.275797119406216, 0.273471741955969, 0.27054107831919, 0.267040466211911, 0.263009039405931, 0.258489067273168, 0.25352533117449, 0.248164537685183, 0.242454768654633, 0.236444968103862, 0.230184465970617, 0.223722538717459, 0.217108006823002, 0.210388869179832, 0.203611974424354, 0.196822729223787, 0.190064843543813, 0.183380112917334, 0.176808237730645, 0.170386679538676, 0.164150554416062, 0.158132563346189, 0.152362959646148, 0.146869553421952, 0.141677753045396, 0.136810643641443, 0.132289102572807, 0.128131951906062, 0.124356147840782, 0.120977007079191, 0.118008470107834, 0.115463401353727, 0.113353926163556, 0.111691804533337, 0.110488841483369, 0.10975733392272, 0.109510553767763, 0.27886, 0.278513865908904, 0.277486366321965, 0.275797119405902, 0.273471741955447, 0.27054107831843, 0.267040466210897, 0.263009039404657, 0.258489067271639, 0.253525331172721, 0.248164537683194, 0.242454768652453, 0.236444968101521, 0.230184465968149, 0.223722538714899, 0.217108006820386, 0.210388869177192, 0.203611974421722, 0.196822729221191, 0.190064843541279, 0.183380112914883, 0.176808237728296, 0.170386679536444, 0.164150554413958, 0.158132563344223, 0.152362959644327, 0.14686955342028, 0.141677753043875, 0.136810643640076, 0.132289102571593, 0.128131951905001, 0.124356147839872, 0.120977007078429, 0.118008470107218, 0.115463401353252, 0.113353926163214, 0.111691804533117, 0.110488841483255, 0.109757333922685, 0.109510553767763, 0.27886, 0.278513865908863, 0.277486366321816, 0.275797119405587, 0.273471741954925, 0.270541078317671, 0.267040466209883, 0.263009039403383, 0.258489067270111, 0.253525331170952, 0.248164537681206, 0.242454768650273, 0.23644496809918, 0.230184465965681, 0.22372253871234, 0.21710800681777, 0.210388869174553, 0.203611974419091, 0.196822729218596, 0.190064843538745, 0.183380112912433, 0.176808237725948, 0.170386679534212, 0.164150554411855, 0.158132563342258, 0.152362959642506, 0.146869553418608, 0.141677753042356, 0.136810643638709, 0.13228910257038, 0.12813195190394, 0.124356147838962, 0.120977007077668, 0.118008470106602, 0.115463401352776, 0.113353926162871, 0.111691804532897, 0.11048884148314, 0.109757333922649, 0.109510553767762, 0.27886, 0.278513865908823, 0.277486366321666, 0.275797119405272, 0.273471741954402, 0.270541078316911, 0.267040466208869, 0.26300903940211, 0.258489067268583, 0.253525331169184, 0.248164537679218, 0.242454768648093, 0.23644496809684, 0.230184465963214, 0.223722538709782, 0.217108006815154, 0.210388869171914, 0.20361197441646, 0.196822729216001, 0.190064843536212, 0.183380112909983, 0.1768082377236, 0.170386679531981, 0.164150554409752, 0.158132563340293, 0.152362959640685, 0.146869553416937, 0.141677753040836, 0.136810643637343, 0.132289102569167, 0.12813195190288, 0.124356147838053, 0.120977007076907, 0.118008470105986, 0.115463401352301, 0.113353926162529, 0.111691804532677, 0.110488841483026, 0.109757333922613, 0.109510553767762, 0.27886, 0.278513865908782, 0.277486366321517, 0.275797119404958, 0.27347174195388, 0.270541078316152, 0.267040466207856, 0.263009039400837, 0.258489067267055, 0.253525331167415, 0.248164537677231, 0.242454768645913, 0.236444968094499, 0.230184465960747, 0.223722538707223, 0.217108006812539, 0.210388869169275, 0.203611974413829, 0.196822729213407, 0.190064843533679, 0.183380112907533, 0.176808237721252, 0.170386679529749, 0.16415055440765, 0.158132563338328, 0.152362959638865, 0.146869553415265, 0.141677753039316, 0.136810643635976, 0.132289102567954, 0.128131951901819, 0.124356147837143, 0.120977007076146, 0.11800847010537, 0.115463401351825, 0.113353926162187, 0.111691804532458, 0.110488841482912, 0.109757333922577, 0.109510553767762, 0.27886, 0.278513865908742, 0.277486366321367, 0.275797119404643, 0.273471741953358, 0.270541078315393, 0.267040466206842, 0.263009039399564, 0.258489067265527, 0.253525331165647, 0.248164537675243, 0.242454768643733, 0.236444968092159, 0.230184465958281, 0.223722538704665, 0.217108006809924, 0.210388869166637, 0.203611974411198, 0.196822729210812, 0.190064843531146, 0.183380112905083, 0.176808237718904, 0.170386679527518, 0.164150554405547, 0.158132563336363, 0.152362959637045, 0.146869553413594, 0.141677753037797, 0.13681064363461, 0.132289102566741, 0.128131951900758, 0.124356147836233, 0.120977007075385, 0.118008470104754, 0.115463401351349, 0.113353926161844, 0.111691804532237, 0.110488841482797, 0.109757333922541, 0.109510553767762, 0.27886, 0.278513865908702, 0.277486366321217, 0.275797119404329, 0.273471741952836, 0.270541078314633, 0.267040466205829, 0.263009039398291, 0.258489067264, 0.253525331163878, 0.248164537673255, 0.242454768641554, 0.236444968089819, 0.230184465955814, 0.223722538702107, 0.217108006807309, 0.210388869163998, 0.203611974408568, 0.196822729208218, 0.190064843528613, 0.183380112902634, 0.176808237716556, 0.170386679525287, 0.164150554403445, 0.158132563334399, 0.152362959635225, 0.146869553411923, 0.141677753036278, 0.136810643633244, 0.132289102565528, 0.128131951899698, 0.124356147835324, 0.120977007074624, 0.118008470104139, 0.115463401350874, 0.113353926161502, 0.111691804532018, 0.110488841482683, 0.109757333922505, 0.109510553767762, 0.27886, 0.278513865908661, 0.277486366321068, 0.275797119404014, 0.273471741952314, 0.270541078313874, 0.267040466204816, 0.263009039397018, 0.258489067262472, 0.25352533116211, 0.248164537671268, 0.242454768639375, 0.23644496808748, 0.230184465953348, 0.223722538699549, 0.217108006804694, 0.21038886916136, 0.203611974405938, 0.196822729205624, 0.190064843526081, 0.183380112900185, 0.176808237714209, 0.170386679523056, 0.164150554401343, 0.158132563332434, 0.152362959633404, 0.146869553410252, 0.141677753034758, 0.136810643631878, 0.132289102564315, 0.128131951898638, 0.124356147834414, 0.120977007073863, 0.118008470103523, 0.115463401350398, 0.11335392616116, 0.111691804531798, 0.110488841482568, 0.109757333922469, 0.109510553767761, 0.27886, 0.278513865908621, 0.277486366320918, 0.2757971194037, 0.273471741951792, 0.270541078313115, 0.267040466203803, 0.263009039395745, 0.258489067260945, 0.253525331160343, 0.248164537669281, 0.242454768637196, 0.23644496808514, 0.230184465950882, 0.223722538696991, 0.21710800680208, 0.210388869158723, 0.203611974403308, 0.196822729203031, 0.190064843523549, 0.183380112897736, 0.176808237711862, 0.170386679520826, 0.164150554399241, 0.15813256333047, 0.152362959631585, 0.146869553408582, 0.14167775303324, 0.136810643630512, 0.132289102563103, 0.128131951897578, 0.124356147833506, 0.120977007073102, 0.118008470102907, 0.115463401349924, 0.113353926160818, 0.111691804531578, 0.110488841482454, 0.109757333922434, 0.109510553767762, 0.27886, 0.27851386590858, 0.277486366320769, 0.275797119403385, 0.27347174195127, 0.270541078312356, 0.26704046620279, 0.263009039394473, 0.258489067259418, 0.253525331158575, 0.248164537667295, 0.242454768635018, 0.236444968082801, 0.230184465948416, 0.223722538694434, 0.217108006799466, 0.210388869156085, 0.203611974400678, 0.196822729200438, 0.190064843521017, 0.183380112895288, 0.176808237709515, 0.170386679518596, 0.16415055439714, 0.158132563328507, 0.152362959629766, 0.146869553406911, 0.141677753031721, 0.136810643629146, 0.13228910256189, 0.128131951896518, 0.124356147832596, 0.120977007072342, 0.118008470102292, 0.115463401349448, 0.113353926160476, 0.111691804531358, 0.110488841482339, 0.109757333922397, 0.109510553767761, 0.27886, 0.27851386590854, 0.277486366320619, 0.275797119403071, 0.273471741950748, 0.270541078311597, 0.267040466201777, 0.263009039393201, 0.258489067257891, 0.253525331156807, 0.248164537665308, 0.242454768632839, 0.236444968080462, 0.230184465945951, 0.223722538691877, 0.217108006796852, 0.210388869153448, 0.203611974398049, 0.196822729197844, 0.190064843518486, 0.18338011289284, 0.176808237707168, 0.170386679516366, 0.164150554395038, 0.158132563326543, 0.152362959627946, 0.146869553405241, 0.141677753030202, 0.136810643627781, 0.132289102560678, 0.128131951895458, 0.124356147831687, 0.120977007071581, 0.118008470101676, 0.115463401348973, 0.113353926160134, 0.111691804531139, 0.110488841482225, 0.109757333922362, 0.109510553767761, 0.27886, 0.2785138659085, 0.27748636632047, 0.275797119402756, 0.273471741950226, 0.270541078310839, 0.267040466200764, 0.263009039391928, 0.258489067256364, 0.25352533115504, 0.248164537663322, 0.242454768630661, 0.236444968078124, 0.230184465943486, 0.22372253868932, 0.217108006794239, 0.210388869150811, 0.20361197439542, 0.196822729195252, 0.190064843515954, 0.183380112890392, 0.176808237704822, 0.170386679514136, 0.164150554392937, 0.158132563324579, 0.152362959626127, 0.14686955340357, 0.141677753028684, 0.136810643626415, 0.132289102559465, 0.128131951894398, 0.124356147830778, 0.12097700707082, 0.118008470101061, 0.115463401348498, 0.113353926159792, 0.111691804530919, 0.110488841482111, 0.109757333922326, 0.109510553767761
0, 0, 0, 0, 0, 0, 0, 0, 0, 0, 0, 0, 0, 0, 0, 0, 0, 0, 0, 0, 0, 0, 0, 0, 0, 0, 0, 0, 0, 0, 0, 0, 0, 0, 0, 0, 0, 0, 0, 0, 0, 0, 0, 0, 0, 0, 0, 0, 0, 0, 0, 0, 0, 0, 0, 0, 0, 0, 0, 0, 0, 0, 0, 0, 0, 0, 0, 0, 0, 0, 0, 0, 0, 0, 0, 0, 0, 0, 0, 0, 0, 0, 0, 0, 0, 0, 0, 0, 0, 0, 0, 0, 0, 0, 0, 0, 0, 0, 0, 0, 0, 0, 0, 0, 0, 0, 0, 0, 0, 0, 0, 0, 0, 0, 0, 0, 0, 0, 0, 0, 0, 0, 0, 0, 0, 0, 0, 0, 0, 0, 0, 0, 0, 0, 0, 0, 0, 0, 0, 0, 0, 0, 0, 0, 0, 0, 0, 0, 0, 0, 0, 0, 0, 0, 0, 0, 0, 0, 0, 0, 0, 0, 0, 0, 0, 0, 0, 0, 0, 0, 0, 0, 0, 0, 0, 0, 0, 0, 0, 0, 0, 0, 0, 0, 0, 0, 0, 0, 0, 0, 0, 0, 0, 0, 0, 0, 0, 0, 0, 0, 0, 0, 0, 0, 0, 0, 0, 0, 0, 0, 0, 0, 0, 0, 0, 0, 0, 0, 0, 0, 0, 0, 0, 0, 0, 0, 0, 0, 0, 0, 0, 0, 0, 0, 0, 0, 0, 0, 0, 0, 0, 0, 0, 0, 0, 0, 0, 0, 0, 0, 0, 0, 0, 0, 0, 0, 0, 0, 0, 0, 0, 0, 0, 0, 0, 0, 0, 0, 0, 0, 0, 0, 0, 0, 0, 0, 0, 0, 0, 0, 0, 0, 0, 0, 0, 0, 0, 0, 0, 0, 0, 0, 0, 0, 0, 0, 0, 0, 0, 0, 0, 0, 0, 0, 0, 0, 0, 0, 0, 0, 0, 0, 0, 0, 0, 0, 0, 0, 0, 0, 0, 0, 0, 0, 0, 0, 0, 0, 0, 0, 0, 0, 0, 0, 0, 0, 0, 0, 0, 0, 0, 0, 0, 0, 0, 0, 0, 0, 0, 0, 0, 0, 0, 0, 0, 0, 0, 0, 0, 0, 0, 0, 0, 0, 0, 0, 0, 0, 0, 0, 0, 0, 0, 0, 0, 0, 0, 0, 0, 0, 0, 0, 0, 0, 0, 0, 0, 0, 0, 0, 0, 0, 0, 0, 0, 0, 0, 0, 0, 0, 0, 0, 0, 0, 0, 0, 0, 0, 0, 0, 0, 0, 0, 0, 0, 0, 0, 0, 0, 0, 0, 0, 0, 0, 0, 0, 0, 0, 0, 0, 0, 0, 0, 0, 0, 0, 0, 0, 0, 0, 0, 0, 0, 0, 0, 0, 0, 0, 0, 0, 0, 0, 0, 0, 0, 0, 0, 0, 0, 0, 0, 0, 0, 0, 0, 0, 0, 0, 0, 0, 0, 0, 0, 0, 0, 0, 0, 0, 0, 0, 0, 0, 0, 0, 0, 0, 0, 0, 0, 0, 0, 0, 0, 0, 0, 0, 0, 0, 0, 0, 0, 0, 0, 0, 0, 0, 0, 0, 0, 0, 0, 0, 0, 0, 0, 0, 0, 0, 0, 0, 0, 0, 0, 0, 0, 0, 0, 0, 0, 0, 0, 0, 0, 0, 0, 0, 0, 0, 0, 0, 0, 0, 0, 0, 0, 0, 0, 0, 0, 0, 0, 0, 0, 0, 0, 0, 0, 0, 0, 0, 0, 0, 0, 0, 0, 0, 0, 0, 0, 0, 0, 0, 0, 0, 0, 0, 0, 0, 0, 0, 0, 0, 0, 0, 0, 0, 0, 0, 0, 0, 0, 0, 0, 0, 0, 0, 0, 0, 0, 0, 0, 0, 0, 0, 0, 0, 0, 0, 0, 0, 0, 0, 0, 0, 0, 0, 0, 0, 0, 0, 0, 0, 0, 0, 0, 0, 0, 0, 0, 0, 0, 0, 0, 0, 0, 0, 0, 0, 0, 0, 0, 0, 0, 0, 0, 0, 0, 0, 0, 0, 0, 0, 0, 0, 0, 0, 0, 0, 0, 0, 0, 0, 0, 0, 0, 0, 0, 0, 0, 0, 0, 0, 0, 0, 0, 0, 0, 0, 0, 0, 0, 0, 0, 0, 0, 0, 0, 0, 0, 0, 0, 0, 0, 0, 0, 0, 0, 0, 0, 0, 0, 0, 0, 0, 0, 0, 0, 0, 0, 0, 0, 0, 0, 0, 0, 0, 0, 0, 0, 0, 0, 0, 0, 0, 0, 0, 0, 0, 0, 0, 0, 0, 0, 0, 0, 0, 0, 0, 0, 0, 0, 0, 0, 0, 0, 0, 0, 0, 0, 0, 0, 0, 0, 0, 0, 0, 0, 0, 0, 0, 0, 0, 0, 0, 0, 0, 0, 0, 0, 0, 0, 0, 0, 0, 0, 0, 0, 0, 0, 0, 0, 0, 0, 0, 0, 0, 0, 0, 0, 0, 0, 0, 0, 0, 0, 0, 0, 0, 0, 0, 0, 0, 0, 0, 0, 0, 0, 0, 0, 0, 0, 0, 0, 0, 0, 0, 0, 0, 0, 0, 0, 0, 0, 0, 0, 0, 0, 0, 0, 0, 0, 0, 0, 0, 0, 0, 0, 0, 0, 0, 0, 0, 0, 0, 0, 0, 0, 0, 0, 0, 0, 0, 0, 0, 0, 0, 0, 0, 0, 0, 0, 0, 0, 0, 0, 0, 0, 0, 0, 0, 0, 0, 0, 0, 0, 0, 0, 0, 0, 0, 0, 0, 0, 0, 0, 0, 0, 0, 0, 0, 0, 0, 0, 0, 0, 0, 0, 0, 0, 0, 0, 0, 0, 0, 0, 0, 0, 0, 0, 0, 0, 0, 0, 0, 0, 0, 0, 0, 0, 0, 0, 0, 0, 0, 0, 0, 0, 0, 0, 0, 0, 0, 0, 0, 0, 0, 0, 0, 0, 0, 0, 0, 0, 0, 0, 0, 0, 0, 0, 0, 0, 0, 0, 0, 0, 0, 0, 0, 0, 0, 0, 0, 0, 0, 0, 0, 0, 0, 0, 0, 0, 0, 0, 0, 0, 0, 0, 0, 0, 0, 0, 0, 0, 0, 0, 0, 0, 0, 0, 0, 0, 0, 0, 0, 0, 0, 0, 0, 0, 0, 0, 0, 0, 0, 0, 0, 0, 0, 0, 0, 0, 0, 0, 0, 0, 0, 0, 0, 0, 0, 0, 0, 0, 0, 0, 0, 0, 0, 0, 0, 0, 0, 0, 0, 0, 0, 0, 0, 0, 0, 0, 0, 0, 0, 0, 0, 0, 0, 0, 0, 0, 0, 0, 0, 0, 0, 0, 0, 0, 0, 0, 0, 0, 0, 0, 0, 0, 0, 0, 0, 0, 0, 0, 0, 0, 0, 0, 0, 0, 0, 0, 0, 0, 0, 0, 0, 0, 0, 0, 0, 0, 0, 0, 0, 0, 0, 0, 0, 0, 0, 0, 0, 0, 0, 0, 0, 0, 0, 0, 0, 0, 0, 0, 0, 0, 0, 0, 0, 0, 0, 0, 0, 0, 0, 0, 0, 0, 0, 0, 0, 0, 0, 0, 0, 0, 0, 0, 0, 0, 0, 0, 0, 0, 0, 0, 0, 0, 0, 0, 0, 0, 0, 0, 0, 0, 0, 0, 0, 0, 0, 0, 0, 0, 0, 0, 0, 0, 0, 0, 0, 0, 0, 0, 0, 0, 0, 0, 0, 0, 0, 0, 0, 0, 0, 0, 0, 0, 0, 0, 0, 0, 0, 0, 0, 0, 0, 0, 0, 0, 0, 0, 0, 0, 0, 0, 0, 0, 0, 0, 0, 0, 0, 0, 0, 0, 0, 0, 0, 0, 0, 0, 0, 0, 0, 0, 0, 0, 0, 0, 0, 0, 0, 0, 0, 0, 0, 0, 0, 0, 0, 0, 0, 0, 0, 0, 0, 0, 0, 0, 0, 0, 0, 0, 0, 0, 0, 0, 0, 0, 0, 0, 0, 0, 0, 0, 0, 0, 0, 0, 0, 0, 0, 0, 0, 0, 0, 0, 0, 0, 0, 0, 0, 0, 0, 0, 0, 0, 0, 0, 0, 0, 0, 0, 0, 0, 0, 0, 0, 0, 0, 0, 0, 0, 0, 0, 0, 0, 0, 0, 0, 0, 0, 0, 0, 0, 0, 0, 0, 0, 0, 0, 0, 0, 0, 0, 0, 0, 0, 0, 0, 0, 0, 0, 0, 0, 0, 0, 0, 0, 0, 0, 0, 0, 0, 0, 0, 0, 0, 0, 0, 0, 0, 0, 0, 0, 0, 0, 0, 0, 0, 0, 0, 0, 0, 0, 0, 0, 0, 0, 0, 0, 0, 0, 0, 0, 0, 0, 0, 0, 0, 0, 0, 0, 0, 0, 0, 0, 0, 0, 0, 0, 0, 0, 0, 0, 0, 0, 0, 0, 0, 0, 0, 0, 0, 0, 0, 0, 0, 0, 0, 0, 0, 0, 0, 0, 0, 0, 0, 0, 0, 0, 0, 0, 0, 0, 0, 0, 0, 0, 0, 0, 0, 0, 0, 0, 0, 0, 0, 0, 0, 0, 0, 0, 0, 0, 0, 0, 0, 0, 0, 0, 0, 0, 0, 0, 0, 0, 0, 0, 0, 0, 0, 0, 0, 0, 0, 0, 0, 0, 0, 0, 0, 0, 0, 0, 0, 0, 0, 0, 0, 0, 0, 0, 0, 0, 0, 0, 0, 0, 0, 0, 0, 0, 0, 0, 0, 0, 0, 0, 0, 0, 0, 0, 0, 0, 0, 0, 0, 0, 0, 0, 0, 0, 0, 0, 0, 0, 0, 0, 0, 0, 0, 0, 0, 0, 0, 0, 0, 0, 0, 0, 0, 0, 0, 0, 0, 0, 0, 0, 0, 0, 0, 0, 0, 0, 0, 0, 0, 0, 0, 0, 0, 0, 0, 0, 0, 0, 0, 0, 0, 0, 0, 0, 0, 0, 0, 0, 0, 0, 0, 0, 0, 0, 0, 0, 0, 0, 0, 0, 0, 0, 0, 0, 0, 0, 0, 0, 0, 0, 0, 0, 0, 0, 0, 0, 0, 0, 0, 0, 0
0, 0.00572230900723208, 0.0114488257725181, 0.017179550295858, 0.0229144825772518, 0.0286536226166995, 0.0343969704142012, 0.0401445259697567, 0.0458962892833662, 0.0516522603550296, 0.0574124391847469, 0.0631768257725181, 0.0689454201183432, 0.0747182222222222, 0.0804952320841551, 0.086276449704142, 0.0920618750821827, 0.0978515082182774, 0.103645349112426, 0.109443397764628, 0.115245654174885, 0.121052118343195, 0.126862790269559, 0.132677669953978, 0.13849675739645, 0.144320052596976, 0.150147555555555, 0.155979266272189, 0.161815184746877, 0.167655310979619, 0.173499644970414, 0.179348186719264, 0.185200936226167, 0.191057893491124, 0.196919058514135, 0.2027844312952, 0.208654011834319, 0.214527800131492, 0.220405796186719, 0.226288, 0, -0.0167634524562531, -0.0331315454284272, -0.0489482196319134, -0.0640766600552161, -0.0783983964906671, -0.0918124045164008, -0.104234206898992, -0.115594975354785, -0.125840632576819, -0.134930954406854, -0.14283867201187, -0.149548573914692, -0.155056607731132, -0.159368981481826, -0.162501264374561, -0.164477486989645, -0.165329240842648, -0.165094777341061, -0.163818106189702, -0.161548093330293, -0.15833755852148, -0.154242372675696, -0.149320555069701, -0.143631370538056, -0.137234426746179, -0.130188771624859, -0.122551991034474, -0.114379306717489, -0.105722674594912, -0.0966298834689988, -0.0871436542138181, -0.0773007395714886, -0.0671310247313761, -0.0566566289623988, -0.0458910087115354, -0.034838062802682, -0.0234912407171697, -0.0118326554944946, 0.000167796289888946, 0, -0.0167616215628195, -0.0331281586918098, -0.0489435482564905, -0.06407097144593, -0.0783919543015814, -0.0918054687008581, -0.10422703376104, -0.115587817601785, -0.125833739373438, -0.134924571430927, -0.142833041512923, -0.149543934776133, -0.155053195537306, -0.159367028591191, -0.162501000000248, -0.164479137288546, -0.165333029014002, -0.165100923735296, -0.163826828428024, -0.161559606435324, -0.158352075059003, -0.154260102907467, -0.149341707117158, -0.143656150556747, -0.137263039110717, -0.130221419124283, -0.122588875077958, -0.114420627550434, -0.105768631525567, -0.0966806751058906, -0.087199478714422, -0.0773617949027757, -0.067197508943176, -0.056728740474952, -0.0459689466192923, -0.0349220271974965, -0.0235814330358028, -0.0119292788982816, 6.45364903632834e-05, 0, -0.0167616305092093, -0.0331281765810934, -0.0489435749730867, -0.0640710067743251, -0.0783919979380905, -0.0918055202649954, -0.104227092806498, -0.115587883627024, -0.125833811831882, -0.134924649740778, -0.142833125066576, -0.149544022949208, -0.155053287697293, -0.159367124105706, -0.162501098244903, -0.164479237654433, -0.165333130914791, -0.165101026613945, -0.163826931763107, -0.16155970974697, -0.158352177914451, -0.154260204926231, -0.149341807975808, -0.143656249993299, -0.137263136928639, -0.13022151519611, -0.122588969348519, -0.114420720039689, -0.105768722331056, -0.0966807644047934, -0.0871995667652242, -0.0773618820465494, -0.0671975956044661, -0.0567288271622706, -0.04596903392522, -0.0349221157983882, -0.0235815236910947, -0.0119293724493958, 6.44391215227826e-05, 0, -0.0167616306077495, -0.0331281767636887, -0.0489435752253888, -0.0640710070821397, -0.0783919982873934, -0.0918055206419469, -0.104227093197456, -0.115587884018554, -0.125833812210767, -0.134924650094022, -0.142833125381411, -0.149544023213092, -0.155053287897912, -0.159367124230967, -0.162501098282929, -0.164479237593556, -0.165333130743544, -0.165101026321051, -0.16382693133747, -0.161559709177661, -0.158352177190699, -0.154260204037412, -0.149341806911429, -0.143656248742991, -0.137263135482141, -0.130221513543254, -0.12258896747922, -0.114420717943928, -0.105768719998865, -0.0966807618262402, -0.0871995639303963, -0.077361878945537, -0.0671975922273469, -0.0567288234990957, -0.0459690299660018, -0.0349221115330939, -0.0235815191096476, -0.0119293675416907, 6.44443655804516e-05, 0, -0.0167616306091269, -0.0331281767661353, -0.0489435752285911, -0.0640710070857882, -0.078391998291192, -0.0918055206456209, -0.104227093200759, -0.115587884021274, -0.125833812212731, -0.134924650095098, -0.142833125381508, -0.149544023212161, -0.15505328789594, -0.159367124227977, -0.162501098278971, -0.164479237588705, -0.16533313073789, -0.165101026314696, -0.163826931330521, -0.161559709170227, -0.158352177182885, -0.154260204029314, -0.149341806903138, -0.143656248734583, -0.137263135473681, -0.130221513534798, -0.122588967470809, -0.114420717935594, -0.105768719990628, -0.096680761818113, -0.087199563922386, -0.0773618789376486, -0.0671975922195891, -0.0567288234914887, -0.0459690299585898, -0.0349221115259636, -0.0235815191029572, -0.0119293675357147, 6.44443703801401e-05, 0, -0.0167616306109568, -0.0331281767694863, -0.0489435752331433, -0.0640710070912211, -0.0783919982971936, -0.091805520651897, -0.104227093207041, -0.115587884027324, -0.125833812218347, -0.134924650100119, -0.142833125385812, -0.149544023215667, -0.155053287898604, -0.159367124229787, -0.162501098279948, -0.164479237588892, -0.165333130737348, -0.165101026313499, -0.16382693132875, -0.161559709167966, -0.158352177180215, -0.154260204026316, -0.149341806899882, -0.143656248731134, -0.137263135470096, -0.130221513531124, -0.122588967467085, -0.114420717931851, -0.105768719986893, -0.0966807618144073, -0.0871995639187292, -0.0773618789340629, -0.0671975922161041, -0.0567288234881499, -0.0459690299554709, -0.0349221115231851, -0.023581519100715, -0.0119293675343247, 6.44443704101941e-05, 0, -0.0167616306127868, -0.0331281767728375, -0.0489435752376959, -0.0640710070966544, -0.0783919983031958, -0.0918055206581737, -0.104227093213323, -0.115587884033374, -0.125833812223964, -0.134924650105141, -0.142833125390117, -0.149544023219174, -0.155053287901268, -0.1593671242316, -0.162501098280927, -0.164479237589081, -0.165333130736808, -0.165101026312303, -0.16382693132698, -0.161559709165705, -0.158352177177547, -0.154260204023318, -0.149341806896627, -0.143656248727686, -0.137263135466511, -0.13022151352745, -0.122588967463361, -0.114420717928109, -0.105768719983158, -0.0966807618107016, -0.0871995639150724, -0.077361878930477, -0.0671975922126188, -0.0567288234848108, -0.0459690299523516, -0.034922111520406, -0.0235815190984719, -0.0119293675329338, 6.44443704414573e-05, 0, -0.0167616306146165, -0.0331281767761883, -0.0489435752422479, -0.064071007102087, -0.0783919983091972, -0.0918055206644497, -0.104227093219604, -0.115587884039423, -0.125833812229581, -0.134924650110162, -0.142833125394422, -0.14954402322268, -0.155053287903932, -0.159367124233411, -0.162501098281906, -0.164479237589269, -0.165333130736267, -0.165101026311107, -0.16382693132521, -0.161559709163444, -0.158352177174878, -0.154260204020319, -0.149341806893371, -0.143656248724238, -0.137263135462926, -0.130221513523775, -0.122588967459636, -0.114420717924366, -0.105768719979423, -0.0966807618069951, -0.0871995639114147, -0.0773618789268902, -0.0671975922091325, -0.0567288234814706, -0.0459690299492311, -0.0349221115176256, -0.0235815190962275, -0.0119293675315413, 6.44443704745229e-05, 0, -0.0167616306164461, -0.0331281767795387, -0.0489435752467995, -0.0640710071075191, -0.078391998315198, -0.0918055206707249, -0.104227093225885, -0.115587884045472, -0.125833812235196, -0.134924650115183, -0.142833125398726, -0.149544023226186, -0.155053287906596, -0.159367124235222, -0.162501098282884, -0.164479237589457, -0.165333130735726, -0.165101026309911, -0.16382693132344, -0.161559709161184, -0.15835217717221, -0.154260204017322, -0.149341806890116, -0.14365624872079, -0.137263135459342, -0.130221513520101, -0.122588967455912, -0.114420717920624, -0.105768719975689, -0.0966807618032897, -0.0871995639077582, -0.0773618789233045, -0.0671975922056475, -0.0567288234781316, -0.0459690299461119, -0.0349221115148466, -0.0235815190939844, -0.0119293675301501, 6.44443705063481e-05, 0, -0.0167616306182755, -0.0331281767828889, -0.0489435752513506, -0.0640710071129507, -0.0783919983211983, -0.0918055206769997, -0.104227093232165, -0.11558788405152, -0.125833812240811, -0.134924650120203, -0.142833125403029, -0.149544023229691, -0.155053287909259, -0.159367124237034, -0.162501098283862, -0.164479237589645, -0.165333130735185, -0.165101026308716, -0.16382693132167, -0.161559709158924, -0.158352177169542, -0.154260204014324, -0.149341806886861, -0.143656248717343, -0.137263135455757, -0.130221513516428, -0.122588967452189, -0.114420717916882, -0.105768719971954, -0.0966807617995844, -0.0871995639041018, -0.077361878919719, -0.0671975922021625, -0.0567288234747927, -0.0459690299429928, -0.0349221115120675, -0.0235815190917411, -0.0119293675287587, 6.44443705385897e-05, 0, -0.0167616306201048, -0.0331281767862387, -0.0489435752559013, -0.0640710071183817, -0.078391998327198, -0.0918055206832738, -0.104227093238445, -0.115587884057568, -0.125833812246426, -0.134924650125223, -0.142833125407333, -0.149544023233197, -0.155053287911922, -0.159367124238845, -0.16250109828484, -0.164479237589834, -0.165333130734645, -0.16510102630752, -0.163826931319901, -0.161559709156664, -0.158352177166874, -0.154260204011328, -0.149341806883607, -0.143656248713896, -0.137263135452174, -0.130221513512755, -0.122588967448466, -0.114420717913141, -0.105768719968221, -0.0966807617958799, -0.0871995639004461, -0.0773618789161342, -0.0671975921986782, -0.0567288234714545, -0.0459690299398742, -0.034922111509289, -0.0235815190894985, -0.0119293675273678, 6.44443705703924e-05, 0, -0.0167616306219338, -0.0331281767895882, -0.0489435752604516, -0.0640710071238123, -0.0783919983331972, -0.0918055206895475, -0.104227093244724, -0.115587884063615, -0.12583381225204, -0.134924650130242, -0.142833125411636, -0.149544023236702, -0.155053287914586, -0.159367124240656, -0.162501098285819, -0.164479237590022, -0.165333130734105, -0.165101026306325, -0.163826931318132, -0.161559709154405, -0.158352177164207, -0.154260204008331, -0.149341806880354, -0.14365624871045, -0.137263135448591, -0.130221513509083, -0.122588967444744, -0.114420717909401, -0.105768719964488, -0.0966807617921761, -0.0871995638967911, -0.07736187891255, -0.0671975921951946, -0.056728823468117, -0.0459690299367565, -0.0349221115065113, -0.0235815190872566, -0.0119293675259776, 6.44443706016278e-05, 0, -0.0167616306237626, -0.0331281767929372, -0.0489435752650012, -0.0640710071292421, -0.0783919983391954, -0.0918055206958201, -0.104227093251002, -0.115587884069662, -0.125833812257653, -0.13492465013526, -0.142833125415938, -0.149544023240206, -0.155053287917248, -0.159367124242467, -0.162501098286797, -0.16447923759021, -0.165333130733565, -0.16510102630513, -0.163826931316362, -0.161559709152145, -0.15835217716154, -0.154260204005335, -0.149341806877101, -0.143656248707004, -0.137263135445008, -0.130221513505411, -0.122588967441022, -0.114420717905661, -0.105768719960755, -0.0966807617884726, -0.0871995638931366, -0.0773618789089665, -0.0671975921917117, -0.0567288234647802, -0.0459690299336394, -0.0349221115037343, -0.0235815190850153, -0.011929367524588, 6.44443706322873e-05, 0, -0.0167616306255913, -0.033128176796286, -0.0489435752695506, -0.0640710071346716, -0.0783919983451933, -0.0918055207020924, -0.10422709325728, -0.115587884075708, -0.125833812263266, -0.134924650140279, -0.14283312542024, -0.14954402324371, -0.15505328791991, -0.159367124244277, -0.162501098287774, -0.164479237590398, -0.165333130733024, -0.165101026303935, -0.163826931314593, -0.161559709149886, -0.158352177158873, -0.154260204002339, -0.149341806873847, -0.143656248703557, -0.137263135441425, -0.130221513501739, -0.122588967437299, -0.11442071790192, -0.105768719957022, -0.0966807617847685, -0.0871995638894813, -0.077361878905382, -0.0671975921882276, -0.0567288234614422, -0.0459690299305209, -0.0349221115009558, -0.0235815190827724, -0.0119293675231965, 6.44443706652193e-05, 0, -0.0167616306274198, -0.0331281767996345, -0.0489435752740994, -0.0640710071401003, -0.0783919983511905, -0.0918055207083639, -0.104227093263557, -0.115587884081753, -0.125833812268879, -0.134924650145296, -0.142833125424541, -0.149544023247214, -0.155053287922572, -0.159367124246087, -0.162501098288752, -0.164479237590587, -0.165333130732484, -0.16510102630274, -0.163826931312824, -0.161559709147627, -0.158352177156207, -0.154260203999343, -0.149341806870594, -0.143656248700112, -0.137263135437843, -0.130221513498067, -0.122588967433578, -0.114420717898181, -0.105768719953291, -0.0966807617810657, -0.0871995638858274, -0.0773618789017989, -0.0671975921847452, -0.0567288234581058, -0.0459690299274042, -0.0349221114981791, -0.0235815190805313, -0.0119293675218069, 6.44443706961824e-05, 0, -0.0167616306292481, -0.0331281768029826, -0.0489435752786478, -0.0640710071455287, -0.0783919983571872, -0.0918055207146349, -0.104227093269833, -0.115587884087797, -0.125833812274491, -0.134924650150313, -0.142833125428842, -0.149544023250717, -0.155053287925234, -0.159367124247898, -0.16250109828973, -0.164479237590775, -0.165333130731944, -0.165101026301545, -0.163826931311056, -0.161559709145368, -0.15835217715354, -0.154260203996347, -0.149341806867342, -0.143656248696666, -0.137263135434261, -0.130221513494396, -0.122588967429857, -0.114420717894441, -0.105768719949558, -0.0966807617773624, -0.0871995638821729, -0.0773618788982152, -0.0671975921812619, -0.0567288234547684, -0.0459690299242864, -0.0349221114954011, -0.0235815190782888, -0.0119293675204157, 6.44443707290762e-05, 0, -0.0167616306310763, -0.0331281768063304, -0.0489435752831958, -0.0640710071509565, -0.0783919983631833, -0.0918055207209053, -0.104227093276109, -0.115587884093842, -0.125833812280102, -0.13492465015533, -0.142833125433143, -0.149544023254221, -0.155053287927896, -0.159367124249708, -0.162501098290708, -0.164479237590963, -0.165333130731404, -0.16510102630035, -0.163826931309288, -0.16155970914311, -0.158352177150875, -0.154260203993353, -0.14934180686409, -0.143656248693222, -0.13726313543068, -0.130221513490725, -0.122588967426136, -0.114420717890702, -0.105768719945827, -0.0966807617736605, -0.0871995638785199, -0.0773618788946331, -0.0671975921777803, -0.0567288234514329, -0.0459690299211705, -0.0349221114926251, -0.0235815190760484, -0.0119293675190265, 6.44443707599144e-05, 0, -0.0167616306329042, -0.0331281768096779, -0.0489435752877434, -0.0640710071563838, -0.0783919983691789, -0.0918055207271752, -0.104227093282385, -0.115587884099885, -0.125833812285713, -0.134924650160346, -0.142833125437444, -0.149544023257724, -0.155053287930557, -0.159367124251518, -0.162501098291685, -0.164479237591151, -0.165333130730864, -0.165101026299156, -0.163826931307519, -0.161559709140852, -0.158352177148209, -0.154260203990358, -0.149341806860838, -0.143656248689777, -0.137263135427098, -0.130221513487055, -0.122588967422415, -0.114420717886963, -0.105768719942095, -0.0966807617699576, -0.0871995638748656, -0.0773618788910495, -0.067197592174297, -0.0567288234480955, -0.0459690299180526, -0.0349221114898468, -0.0235815190738054, -0.0119293675176346, 6.44443707938404e-05, 0, -0.016761630634732, -0.033128176813025, -0.0489435752922904, -0.0640710071618105, -0.0783919983751737, -0.0918055207334442, -0.104227093288659, -0.115587884105928, -0.125833812291323, -0.134924650165362, -0.142833125441743, -0.149544023261226, -0.155053287933218, -0.159367124253327, -0.162501098292663, -0.164479237591339, -0.165333130730324, -0.165101026297961, -0.163826931305751, -0.161559709138594, -0.158352177145543, -0.154260203987363, -0.149341806857586, -0.143656248686333, -0.137263135423517, -0.130221513483384, -0.122588967418695, -0.114420717883225, -0.105768719938365, -0.0966807617662557, -0.0871995638712126, -0.0773618788874672, -0.0671975921708153, -0.0567288234447597, -0.0459690299149363, -0.0349221114870704, -0.0235815190715644, -0.0119293675162446, 6.44443708258252e-05, 0, -0.0167616306365596, -0.0331281768163718, -0.0489435752968369, -0.0640710071672366, -0.0783919983811679, -0.0918055207397126, -0.104227093294933, -0.11558788411197, -0.125833812296932, -0.134924650170377, -0.142833125446043, -0.149544023264728, -0.155053287935879, -0.159367124255137, -0.16250109829364, -0.164479237591528, -0.165333130729784, -0.165101026296767, -0.163826931303983, -0.161559709136336, -0.158352177142878, -0.154260203984369, -0.149341806854335, -0.143656248682889, -0.137263135419937, -0.130221513479715, -0.122588967414976, -0.114420717879487, -0.105768719934635, -0.0966807617625552, -0.0871995638675609, -0.0773618788838865, -0.0671975921673351, -0.0567288234414255, -0.0459690299118217, -0.0349221114842956, -0.0235815190693251, -0.0119293675148564, 6.44443708561343e-05, 0, -0.016761630638387, -0.0331281768197183, -0.0489435753013831, -0.0640710071726623, -0.0783919983871617, -0.0918055207459806, -0.104227093301207, -0.115587884118012, -0.125833812302542, -0.134924650175392, -0.142833125450342, -0.14954402326823, -0.15505328793854, -0.159367124256946, -0.162501098294617, -0.164479237591716, -0.165333130729244, -0.165101026295573, -0.163826931302216, -0.161559709134079, -0.158352177140214, -0.154260203981375, -0.149341806851084, -0.143656248679446, -0.137263135416357, -0.130221513476046, -0.122588967411257, -0.11442071787575, -0.105768719930905, -0.0966807617588542, -0.0871995638639087, -0.077361878880305, -0.067197592163854, -0.0567288234380904, -0.045969029908706, -0.0349221114815196, -0.0235815190670843, -0.0119293675134665, 6.44443708883325e-05, 0, -0.0167616306402141, -0.0331281768230643, -0.0489435753059286, -0.0640710071780872, -0.0783919983931545, -0.0918055207522475, -0.104227093307479, -0.115587884124053, -0.12583381230815, -0.134924650180406, -0.14283312545464, -0.149544023271731, -0.1550532879412, -0.159367124258755, -0.162501098295594, -0.164479237591904, -0.165333130728704, -0.165101026294378, -0.163826931300448, -0.161559709131821, -0.158352177137548, -0.154260203978381, -0.149341806847833, -0.143656248676003, -0.137263135412777, -0.130221513472377, -0.122588967407538, -0.114420717872013, -0.105768719927176, -0.0966807617551536, -0.0871995638602569, -0.0773618788767241, -0.0671975921603736, -0.0567288234347559, -0.0459690299055911, -0.0349221114787444, -0.0235815190648443, -0.0119293675120774, 6.44443709198316e-05, 0, -0.0167616306420412, -0.0331281768264101, -0.0489435753104739, -0.0640710071835117, -0.078391998399147, -0.0918055207585142, -0.104227093313751, -0.115587884130093, -0.125833812313758, -0.134924650185419, -0.142833125458938, -0.149544023275232, -0.15505328794386, -0.159367124260564, -0.162501098296571, -0.164479237592092, -0.165333130728164, -0.165101026293184, -0.163826931298681, -0.161559709129564, -0.158352177134884, -0.154260203975388, -0.149341806844583, -0.14365624867256, -0.137263135409198, -0.130221513468709, -0.122588967403819, -0.114420717868276, -0.105768719923447, -0.0966807617514536, -0.0871995638566057, -0.0773618788731437, -0.0671975921568936, -0.0567288234314218, -0.0459690299024764, -0.0349221114759694, -0.0235815190626045, -0.0119293675106883, 6.4444370951414e-05, 0, -0.016761630643868, -0.0331281768297556, -0.0489435753150186, -0.0640710071889357, -0.0783919984051389, -0.0918055207647801, -0.104227093320023, -0.115587884136133, -0.125833812319365, -0.134924650190432, -0.142833125463236, -0.149544023278733, -0.15505328794652, -0.159367124262373, -0.162501098297548, -0.16447923759228, -0.165333130727624, -0.16510102629199, -0.163826931296913, -0.161559709127307, -0.15835217713222, -0.154260203972395, -0.149341806841333, -0.143656248669118, -0.137263135405619, -0.13022151346504, -0.122588967400101, -0.11442071786454, -0.105768719919718, -0.0966807617477538, -0.0871995638529548, -0.0773618788695635, -0.0671975921534139, -0.056728823428088, -0.0459690298993621, -0.0349221114731948, -0.023581519060365, -0.0119293675092994, 6.44443709829478e-05, 0, -0.0167616306456947, -0.0331281768331007, -0.0489435753195631, -0.0640710071943593, -0.0783919984111303, -0.0918055207710456, -0.104227093326294, -0.115587884142173, -0.125833812324972, -0.134924650195445, -0.142833125467533, -0.149544023282233, -0.15505328794918, -0.159367124264182, -0.162501098298525, -0.164479237592468, -0.165333130727085, -0.165101026290797, -0.163826931295147, -0.161559709125051, -0.158352177129557, -0.154260203969402, -0.149341806838084, -0.143656248665676, -0.137263135402041, -0.130221513461373, -0.122588967396384, -0.114420717860804, -0.105768719915989, -0.0966807617440543, -0.087199563849304, -0.0773618788659835, -0.0671975921499342, -0.0567288234247542, -0.0459690298962476, -0.0349221114704198, -0.023581519058125, -0.01192936750791, 6.4444371015264e-05, 0, -0.0167616306475212, -0.0331281768364455, -0.0489435753241069, -0.0640710071997821, -0.0783919984171209, -0.0918055207773103, -0.104227093332564, -0.115587884148211, -0.125833812330578, -0.134924650200457, -0.14283312547183, -0.149544023285733, -0.155053287951839, -0.15936712426599, -0.162501098299502, -0.164479237592656, -0.165333130726545, -0.165101026289603, -0.16382693129338, -0.161559709122794, -0.158352177126893, -0.15426020396641, -0.149341806834834, -0.143656248662234, -0.137263135398462, -0.130221513457705, -0.122588967392666, -0.114420717857068, -0.105768719912261, -0.0966807617403548, -0.0871995638456533, -0.0773618788624035, -0.0671975921464546, -0.0567288234214205, -0.0459690298931333, -0.034922111467645, -0.0235815190558853, -0.0119293675065206, 6.44443710475732e-05, 0, -0.0167616306493475, -0.0331281768397899, -0.0489435753286502, -0.0640710072052043, -0.0783919984231108, -0.0918055207835742, -0.104227093338833, -0.115587884154249, -0.125833812336183, -0.134924650205469, -0.142833125476126, -0.149544023289233, -0.155053287954497, -0.159367124267798, -0.162501098300478, -0.164479237592844, -0.165333130726005, -0.165101026288409, -0.163826931291613, -0.161559709120538, -0.158352177124229, -0.154260203963417, -0.149341806831585, -0.143656248658792, -0.137263135394884, -0.130221513454038, -0.122588967388949, -0.114420717853333, -0.105768719908533, -0.0966807617366561, -0.0871995638420034, -0.0773618788588244, -0.067197592142976, -0.0567288234180877, -0.0459690298900199, -0.0349221114648711, -0.0235815190536464, -0.0119293675051322, 6.44443710791347e-05, 0, -0.0167616306511735, -0.0331281768431339, -0.0489435753331931, -0.064071007210626, -0.0783919984291002, -0.0918055207898375, -0.104227093345102, -0.115587884160286, -0.125833812341788, -0.13492465021048, -0.142833125480422, -0.149544023292732, -0.155053287957156, -0.159367124269606, -0.162501098301455, -0.164479237593032, -0.165333130725466, -0.165101026287216, -0.163826931289846, -0.161559709118282, -0.158352177121566, -0.154260203960426, -0.149341806828337, -0.143656248655351, -0.137263135391307, -0.130221513450372, -0.122588967385233, -0.114420717849599, -0.105768719904807, -0.0966807617329587, -0.0871995638383548, -0.0773618788552467, -0.0671975921394987, -0.0567288234147563, -0.045969029886908, -0.0349221114620988, -0.0235815190514091, -0.0119293675037453, 6.44443711090951e-05, 0, -0.0167616306529996, -0.0331281768464778, -0.0489435753377357, -0.0640710072160475, -0.0783919984350893, -0.0918055207961006, -0.104227093351371, -0.115587884166323, -0.125833812347393, -0.134924650215491, -0.142833125484718, -0.149544023296231, -0.155053287959815, -0.159367124271414, -0.162501098302431, -0.16447923759322, -0.165333130724927, -0.165101026286023, -0.16382693128808, -0.161559709116026, -0.158352177118903, -0.154260203957434, -0.149341806825089, -0.143656248651911, -0.137263135387729, -0.130221513446705, -0.122588967381516, -0.114420717845864, -0.105768719901079, -0.0966807617292598, -0.0871995638347046, -0.0773618788516671, -0.0671975921360193, -0.0567288234114227, -0.0459690298837935, -0.0349221114593237, -0.0235815190491686, -0.0119293675023549, 6.44443711429795e-05, 0, -0.0167616306548252, -0.0331281768498211, -0.0489435753422775, -0.0640710072214679, -0.0783919984410772, -0.0918055208023624, -0.104227093357638, -0.115587884172359, -0.125833812352997, -0.1349246502205, -0.142833125489012, -0.149544023299729, -0.155053287962472, -0.159367124273221, -0.162501098303407, -0.164479237593407, -0.165333130724387, -0.165101026284829, -0.163826931286314, -0.16155970911377, -0.158352177116241, -0.154260203954443, -0.149341806821841, -0.14365624864847, -0.137263135384153, -0.130221513443039, -0.1225889673778, -0.11442071784213, -0.105768719897353, -0.0966807617255631, -0.0871995638310568, -0.0773618788480901, -0.0671975921325429, -0.0567288234080921, -0.0459690298806824, -0.0349221114565521, -0.023581519046932, -0.0119293675009686, 6.44443711726155e-05, 0, -0.0167616306566508, -0.0331281768531643, -0.0489435753468192, -0.0640710072268883, -0.0783919984470651, -0.0918055208086242, -0.104227093363905, -0.115587884178395, -0.1258338123586, -0.13492465022551, -0.142833125493307, -0.149544023303228, -0.155053287965131, -0.159367124275029, -0.162501098304384, -0.164479237593596, -0.165333130723848, -0.165101026283636, -0.163826931284548, -0.161559709111515, -0.158352177113579, -0.154260203951452, -0.149341806818593, -0.14365624864503, -0.137263135380576, -0.130221513439373, -0.122588967374085, -0.114420717838396, -0.105768719893627, -0.0966807617218653, -0.0871995638274077, -0.0773618788445116, -0.0671975921290646, -0.0567288234047596, -0.045969029877569, -0.0349221114537781, -0.0235815190446927, -0.0119293674995792, 6.44443712057834e-05, 0, -0.0167616306584762, -0.033128176856507, -0.0489435753513603, -0.0640710072323079, -0.0783919984530521, -0.0918055208148851, -0.104227093370172, -0.11558788418443, -0.125833812364203, -0.134924650230519, -0.142833125497602, -0.149544023306726, -0.155053287967788, -0.159367124276836, -0.16250109830536, -0.164479237593784, -0.165333130723309, -0.165101026282443, -0.163826931282782, -0.16155970910926, -0.158352177110917, -0.154260203948461, -0.149341806815346, -0.143656248641591, -0.137263135377, -0.130221513435708, -0.122588967370369, -0.114420717834663, -0.105768719889901, -0.0966807617181686, -0.0871995638237597, -0.0773618788409344, -0.0671975921255878, -0.0567288234014286, -0.0459690298744573, -0.0349221114510057, -0.0235815190424549, -0.0119293674981915, 6.44443712372687e-05, 0, -0.0167616306603014, -0.0331281768598495, -0.048943575355901, -0.064071007237727, -0.0783919984590386, -0.0918055208211454, -0.104227093376437, -0.115587884190464, -0.125833812369806, -0.134924650235528, -0.142833125501895, -0.149544023310223, -0.155053287970446, -0.159367124278644, -0.162501098306336, -0.164479237593971, -0.165333130722769, -0.165101026281251, -0.163826931281017, -0.161559709107005, -0.158352177108255, -0.154260203945471, -0.149341806812099, -0.143656248638152, -0.137263135373425, -0.130221513432044, -0.122588967366655, -0.11442071783093, -0.105768719886176, -0.0966807617144725, -0.0871995638201125, -0.0773618788373579, -0.0671975921221117, -0.0567288233980983, -0.0459690298713463, -0.034922111448234, -0.023581519040218, -0.0119293674968045, 6.4444371268119e-05, 0, -0.0167616306621264, -0.0331281768631916, -0.0489435753604412, -0.0640710072431455, -0.0783919984650244, -0.091805520827405, -0.104227093382702, -0.115587884196498, -0.125833812375407, -0.134924650240536, -0.142833125506189, -0.14954402331372, -0.155053287973102, -0.15936712428045, -0.162501098307312, -0.164479237594159, -0.16533313072223, -0.165101026280058, -0.163826931279251, -0.161559709104751, -0.158352177105593, -0.154260203942481, -0.149341806808852, -0.143656248634712, -0.137263135369849, -0.130221513428379, -0.12258896736294, -0.114420717827197, -0.10576871988245, -0.0966807617107761, -0.0871995638164648, -0.077361878833781, -0.0671975921186351, -0.0567288233947674, -0.0459690298682346, -0.0349221114454616, -0.0235815190379802, -0.0119293674954164, 6.44443713002339e-05, 0, -0.0167616306639513, -0.0331281768665334, -0.048943575364981, -0.0640710072485636, -0.0783919984710098, -0.0918055208336643, -0.104227093388967, -0.115587884202531, -0.125833812381009, -0.134924650245544, -0.142833125510482, -0.149544023317217, -0.155053287975759, -0.159367124282257, -0.162501098308288, -0.164479237594347, -0.165333130721691, -0.165101026278865, -0.163826931277486, -0.161559709102496, -0.158352177102932, -0.154260203939491, -0.149341806805606, -0.143656248631274, -0.137263135366274, -0.130221513424715, -0.122588967359226, -0.114420717823465, -0.105768719878726, -0.0966807617070803, -0.0871995638128178, -0.0773618788302046, -0.0671975921151589, -0.056728823391437, -0.0459690298651233, -0.0349221114426896, -0.0235815190357427, -0.0119293674940286, 6.44443713322413e-05, 0, -0.0167616306657759, -0.0331281768698748, -0.0489435753695203, -0.064071007253981, -0.0783919984769943, -0.0918055208399225, -0.104227093395231, -0.115587884208564, -0.125833812386609, -0.134924650250551, -0.142833125514774, -0.149544023320713, -0.155053287978416, -0.159367124284064, -0.162501098309263, -0.164479237594535, -0.165333130721152, -0.165101026277672, -0.163826931275721, -0.161559709100242, -0.158352177100271, -0.154260203936502, -0.14934180680236, -0.143656248627835, -0.137263135362699, -0.130221513421051, -0.122588967355512, -0.114420717819733, -0.105768719875001, -0.0966807617033845, -0.0871995638091706, -0.0773618788266281, -0.0671975921116827, -0.0567288233881065, -0.0459690298620119, -0.0349221114399174, -0.0235815190335049, -0.0119293674926404, 6.44443713647795e-05, 0, -0.0167616306676004, -0.0331281768732158, -0.048943575374059, -0.0640710072593978, -0.0783919984829782, -0.0918055208461802, -0.104227093401494, -0.115587884214595, -0.125833812392209, -0.134924650255557, -0.142833125519066, -0.149544023324209, -0.155053287981072, -0.15936712428587, -0.162501098310239, -0.164479237594722, -0.165333130720613, -0.16510102627648, -0.163826931273956, -0.161559709097988, -0.158352177097611, -0.154260203933513, -0.149341806799114, -0.143656248624398, -0.137263135359125, -0.130221513417388, -0.1225889673518, -0.114420717816002, -0.105768719871278, -0.0966807616996904, -0.0871995638055254, -0.0773618788230536, -0.0671975921082087, -0.0567288233847782, -0.0459690298589029, -0.0349221114371477, -0.0235815190312698, -0.0119293674912549, 6.44443713945994e-05, 0, -0.0167616306694247, -0.0331281768765566, -0.0489435753785975, -0.0640710072648143, -0.0783919984889619, -0.0918055208524376, -0.104227093407757, -0.115587884220627, -0.125833812397808, -0.134924650260564, -0.142833125523358, -0.149544023327705, -0.155053287983728, -0.159367124287676, -0.162501098311215, -0.16447923759491, -0.165333130720074, -0.165101026275288, -0.163826931272191, -0.161559709095734, -0.15835217709495, -0.154260203930524, -0.149341806795869, -0.14365624862096, -0.137263135355551, -0.130221513413724, -0.122588967348086, -0.114420717812271, -0.105768719867554, -0.096680761695995, -0.0871995638018786, -0.0773618788194774, -0.0671975921047327, -0.0567288233814478, -0.0459690298557915, -0.0349221114343753, -0.0235815190290317, -0.0119293674898661, 6.44443714280483e-05, 0, -0.0167616306712488, -0.033128176879897, -0.0489435753831354, -0.0640710072702301, -0.0783919984949447, -0.091805520858694, -0.104227093414019, -0.115587884226658, -0.125833812403407, -0.134924650265569, -0.142833125527649, -0.149544023331201, -0.155053287986384, -0.159367124289482, -0.16250109831219, -0.164479237595098, -0.165333130719535, -0.165101026274096, -0.163826931270427, -0.161559709093481, -0.15835217709229, -0.154260203927535, -0.149341806792624, -0.143656248617523, -0.137263135351977, -0.130221513410062, -0.122588967344374, -0.11442071780854, -0.105768719863831, -0.0966807616923013, -0.0871995637982337, -0.0773618788159032, -0.0671975921012588, -0.0567288233781196, -0.0459690298526825, -0.0349221114316055, -0.0235815190267962, -0.0119293674884801, 6.44443714587651e-05
0, 0.00572230900723208, 0.0114488257725181, 0.017179550295858, 0.0229144825772518, 0.0286536226166995, 0.0343969704142012, 0.0401445259697567, 0.0458962892833662, 0.0516522603550296, 0.0574124391847469, 0.0631768257725181, 0.0689454201183432, 0.0747182222222222, 0.0804952320841551, 0.086276449704142, 0.0920618750821827, 0.0978515082182774, 0.103645349112426, 0.109443397764628, 0.115245654174885, 0.121052118343195, 0.126862790269559, 0.132677669953978, 0.13849675739645, 0.144320052596976, 0.150147555555555, 0.155979266272189, 0.161815184746877, 0.167655310979619, 0.173499644970414, 0.179348186719264, 0.185200936226167, 0.191057893491124, 0.196919058514135, 0.2027844312952, 0.208654011834319, 0.214527800131492, 0.220405796186719, 0.226288, 0, -0.0167634524562531, -0.0331315454284272, -0.0489482196319133, -0.064076660055216, -0.078398396490667, -0.0918124045164008, -0.104234206898992, -0.115594975354785, -0.125840632576819, -0.134930954406854, -0.14283867201187, -0.149548573914691, -0.155056607731132, -0.159368981481826, -0.162501264374561, -0.164477486989645, -0.165329240842648, -0.165094777341061, -0.163818106189702, -0.161548093330294, -0.15833755852148, -0.154242372675697, -0.149320555069701, -0.143631370538056, -0.13723442674618, -0.13018877162486, -0.122551991034474, -0.114379306717489, -0.105722674594913, -0.0966298834689994, -0.0871436542138187, -0.0773007395714893, -0.0671310247313768, -0.0566566289623996, -0.0458910087115363, -0.034838062802683, -0.0234912407171708, -0.0118326554944957, 0.000167796289887751, 0, -0.0167616215628195, -0.0331281586918098, -0.0489435482564905, -0.06407097144593, -0.0783919543015814, -0.0918054687008581, -0.10422703376104, -0.115587817601785, -0.125833739373438, -0.134924571430927, -0.142833041512923, -0.149543934776133, -0.155053195537306, -0.159367028591191, -0.162501000000248, -0.164479137288546, -0.165333029014002, -0.165100923735296, -0.163826828428024, -0.161559606435324, -0.158352075059003, -0.154260102907467, -0.149341707117159, -0.143656150556747, -0.137263039110717, -0.130221419124283, -0.122588875077958, -0.114420627550434, -0.105768631525567, -0.0966806751058912, -0.0871994787144227, -0.0773617949027765, -0.0671975089431768, -0.0567287404749529, -0.0459689466192932, -0.0349220271974975, -0.0235814330358039, -0.0119292788982828, 6.4536490362057e-05, 0, -0.0167616305092093, -0.0331281765810934, -0.0489435749730868, -0.0640710067743251, -0.0783919979380905, -0.0918055202649954, -0.104227092806498, -0.115587883627024, -0.125833811831882, -0.134924649740778, -0.142833125066576, -0.149544022949208, -0.155053287697293, -0.159367124105706, -0.162501098244903, -0.164479237654433, -0.165333130914791, -0.165101026613945, -0.163826931763107, -0.16155970974697, -0.158352177914451, -0.154260204926231, -0.149341807975808, -0.143656249993299, -0.137263136928639, -0.13022151519611, -0.122588969348519, -0.114420720039689, -0.105768722331056, -0.096680764404793, -0.0871995667652238, -0.077361882046549, -0.0671975956044656, -0.0567288271622701, -0.0459690339252195, -0.0349221157983876, -0.0235815236910941, -0.0119293724493952, 6.44391215234661e-05, 0, -0.0167616306077495, -0.0331281767636886, -0.0489435752253888, -0.0640710070821397, -0.0783919982873934, -0.0918055206419469, -0.104227093197456, -0.115587884018554, -0.125833812210767, -0.134924650094022, -0.142833125381411, -0.149544023213093, -0.155053287897912, -0.159367124230967, -0.162501098282929, -0.164479237593556, -0.165333130743544, -0.165101026321051, -0.16382693133747, -0.161559709177661, -0.158352177190699, -0.154260204037412, -0.14934180691143, -0.143656248742992, -0.137263135482141, -0.130221513543255, -0.122588967479221, -0.114420717943929, -0.105768719998866, -0.0966807618262411, -0.0871995639303972, -0.077361878945538, -0.067197592227348, -0.0567288234990969, -0.0459690299660031, -0.0349221115330952, -0.0235815191096491, -0.0119293675416923, 6.44443655787551e-05, 0, -0.0167616306091269, -0.0331281767661353, -0.0489435752285911, -0.0640710070857882, -0.078391998291192, -0.0918055206456209, -0.104227093200759, -0.115587884021274, -0.125833812212731, -0.134924650095098, -0.142833125381508, -0.149544023212161, -0.15505328789594, -0.159367124227977, -0.162501098278971, -0.164479237588705, -0.16533313073789, -0.165101026314696, -0.163826931330521, -0.161559709170227, -0.158352177182885, -0.154260204029315, -0.149341806903138, -0.143656248734583, -0.137263135473682, -0.130221513534799, -0.12258896747081, -0.114420717935594, -0.105768719990629, -0.0966807618181136, -0.0871995639223865, -0.0773618789376493, -0.0671975922195898, -0.0567288234914894, -0.0459690299585906, -0.0349221115259645, -0.0235815191029582, -0.0119293675357157, 6.44443703790732e-05, 0, -0.0167616306109568, -0.0331281767694863, -0.0489435752331433, -0.0640710070912211, -0.0783919982971936, -0.091805520651897, -0.104227093207041, -0.115587884027324, -0.125833812218347, -0.134924650100119, -0.142833125385812, -0.149544023215667, -0.155053287898604, -0.159367124229788, -0.162501098279949, -0.164479237588892, -0.165333130737348, -0.165101026313499, -0.16382693132875, -0.161559709167966, -0.158352177180216, -0.154260204026316, -0.149341806899882, -0.143656248731135, -0.137263135470097, -0.130221513531124, -0.122588967467086, -0.114420717931852, -0.105768719986894, -0.0966807618144082, -0.0871995639187302, -0.0773618789340639, -0.0671975922161052, -0.0567288234881511, -0.0459690299554722, -0.0349221115231864, -0.0235815191007164, -0.0119293675343263, 6.44443704085791e-05, 0, -0.0167616306127867, -0.0331281767728374, -0.0489435752376958, -0.0640710070966543, -0.0783919983031956, -0.0918055206581735, -0.104227093213323, -0.115587884033374, -0.125833812223964, -0.134924650105141, -0.142833125390117, -0.149544023219173, -0.155053287901268, -0.159367124231599, -0.162501098280927, -0.16447923758908, -0.165333130736807, -0.165101026312303, -0.16382693132698, -0.161559709165705, -0.158352177177546, -0.154260204023317, -0.149341806896626, -0.143656248727686, -0.137263135466511, -0.130221513527449, -0.12258896746336, -0.114420717928108, -0.105768719983158, -0.0966807618107011, -0.0871995639150719, -0.0773618789304765, -0.0671975922126183, -0.0567288234848103, -0.0459690299523511, -0.0349221115204055, -0.0235815190984714, -0.0119293675329333, 6.44443704420627e-05, 0, -0.0167616306146165, -0.0331281767761882, -0.0489435752422478, -0.0640710071020869, -0.078391998309197, -0.0918055206644495, -0.104227093219604, -0.115587884039423, -0.12583381222958, -0.134924650110162, -0.142833125394422, -0.14954402322268, -0.155053287903932, -0.159367124233411, -0.162501098281906, -0.164479237589269, -0.165333130736267, -0.165101026311107, -0.16382693132521, -0.161559709163445, -0.158352177174878, -0.15426020402032, -0.149341806893371, -0.143656248724238, -0.137263135462927, -0.130221513523776, -0.122588967459637, -0.114420717924367, -0.105768719979424, -0.0966807618069963, -0.0871995639114161, -0.0773618789268916, -0.0671975922091341, -0.0567288234814723, -0.045969029949233, -0.0349221115176277, -0.0235815190962297, -0.0119293675315437, 6.44443704720266e-05, 0, -0.0167616306164462, -0.0331281767795388, -0.0489435752467996, -0.0640710071075193, -0.0783919983151982, -0.0918055206707252, -0.104227093225885, -0.115587884045472, -0.125833812235196, -0.134924650115183, -0.142833125398726, -0.149544023226186, -0.155053287906596, -0.159367124235223, -0.162501098282884, -0.164479237589457, -0.165333130735726, -0.165101026309911, -0.16382693132344, -0.161559709161184, -0.15835217717221, -0.154260204017322, -0.149341806890116, -0.14365624872079, -0.137263135459341, -0.130221513520101, -0.122588967455912, -0.114420717920623, -0.105768719975688, -0.0966807618032887, -0.0871995639077572, -0.0773618789233034, -0.0671975922056462, -0.0567288234781302, -0.0459690299461104, -0.0349221115148449, -0.0235815190939826, -0.0119293675301482, 6.4444370508435e-05, 0, -0.0167616306182755, -0.0331281767828889, -0.0489435752513506, -0.0640710071129507, -0.0783919983211983, -0.0918055206769997, -0.104227093232165, -0.11558788405152, -0.125833812240811, -0.134924650120203, -0.142833125403029, -0.149544023229691, -0.155053287909259, -0.159367124237034, -0.162501098283862, -0.164479237589645, -0.165333130735186, -0.165101026308716, -0.16382693132167, -0.161559709158924, -0.158352177169542, -0.154260204014325, -0.149341806886862, -0.143656248717343, -0.137263135455757, -0.130221513516428, -0.122588967452189, -0.114420717916882, -0.105768719971954, -0.0966807617995846, -0.087199563904102, -0.0773618789197192, -0.0671975922021626, -0.0567288234747929, -0.045969029942993, -0.0349221115120677, -0.0235815190917414, -0.011929367528759, 6.44443705383052e-05, 0, -0.0167616306201048, -0.0331281767862387, -0.0489435752559013, -0.0640710071183817, -0.0783919983271979, -0.0918055206832738, -0.104227093238445, -0.115587884057568, -0.125833812246426, -0.134924650125222, -0.142833125407333, -0.149544023233196, -0.155053287911922, -0.159367124238845, -0.16250109828484, -0.164479237589833, -0.165333130734645, -0.16510102630752, -0.1638269313199, -0.161559709156664, -0.158352177166874, -0.154260204011328, -0.149341806883607, -0.143656248713896, -0.137263135452174, -0.130221513512755, -0.122588967448466, -0.114420717913141, -0.105768719968221, -0.0966807617958797, -0.0871995639004459, -0.077361878916134, -0.067197592198678, -0.0567288234714543, -0.0459690299398741, -0.0349221115092889, -0.0235815190894983, -0.0119293675273677, 6.44443705705555e-05, 0, -0.0167616306219338, -0.0331281767895881, -0.0489435752604515, -0.0640710071238122, -0.078391998333197, -0.0918055206895473, -0.104227093244724, -0.115587884063615, -0.12583381225204, -0.134924650130242, -0.142833125411636, -0.149544023236702, -0.155053287914586, -0.159367124240656, -0.162501098285819, -0.164479237590022, -0.165333130734105, -0.165101026306326, -0.163826931318132, -0.161559709154405, -0.158352177164208, -0.154260204008332, -0.149341806880355, -0.14365624871045, -0.137263135448592, -0.130221513509084, -0.122588967444745, -0.114420717909402, -0.105768719964489, -0.0966807617921773, -0.0871995638967925, -0.0773618789125515, -0.0671975921951962, -0.0567288234681187, -0.0459690299367583, -0.0349221115065133, -0.0235815190872587, -0.0119293675259798, 6.44443705992565e-05, 0, -0.0167616306237626, -0.0331281767929372, -0.0489435752650012, -0.064071007129242, -0.0783919983391953, -0.09180552069582, -0.104227093251002, -0.115587884069662, -0.125833812257653, -0.13492465013526, -0.142833125415938, -0.149544023240206, -0.155053287917248, -0.159367124242467, -0.162501098286797, -0.16447923759021, -0.165333130733565, -0.16510102630513, -0.163826931316363, -0.161559709152146, -0.158352177161541, -0.154260204005335, -0.149341806877101, -0.143656248707004, -0.137263135445009, -0.130221513505411, -0.122588967441022, -0.114420717905661, -0.105768719960756, -0.0966807617884735, -0.0871995638931375, -0.0773618789089674, -0.0671975921917127, -0.0567288234647813, -0.0459690299336406, -0.0349221115037356, -0.0235815190850167, -0.0119293675245895, 6.44443706307278e-05, 0, -0.0167616306255914, -0.0331281767962861, -0.0489435752695507, -0.0640710071346716, -0.0783919983451934, -0.0918055207020925, -0.10422709325728, -0.115587884075708, -0.125833812263267, -0.134924650140279, -0.14283312542024, -0.14954402324371, -0.15505328791991, -0.159367124244277, -0.162501098287775, -0.164479237590399, -0.165333130733024, -0.165101026303935, -0.163826931314593, -0.161559709149886, -0.158352177158873, -0.154260204002339, -0.149341806873847, -0.143656248703557, -0.137263135441425, -0.130221513501738, -0.122588967437299, -0.11442071790192, -0.105768719957022, -0.0966807617847682, -0.0871995638894809, -0.0773618789053815, -0.0671975921882271, -0.0567288234614416, -0.0459690299305203, -0.0349221115009551, -0.0235815190827716, -0.0119293675231957, 6.44443706661248e-05, 0, -0.0167616306274199, -0.0331281767996346, -0.0489435752740996, -0.0640710071401007, -0.0783919983511909, -0.0918055207083643, -0.104227093263557, -0.115587884081753, -0.125833812268879, -0.134924650145297, -0.142833125424542, -0.149544023247214, -0.155053287922573, -0.159367124246088, -0.162501098288753, -0.164479237590587, -0.165333130732484, -0.16510102630274, -0.163826931312825, -0.161559709147627, -0.158352177156207, -0.154260203999343, -0.149341806870594, -0.143656248700112, -0.137263135437843, -0.130221513498067, -0.122588967433578, -0.11442071789818, -0.10576871995329, -0.0966807617810647, -0.0871995638858262, -0.0773618789017976, -0.0671975921847437, -0.0567288234581041, -0.0459690299274024, -0.034922111498177, -0.0235815190805291, -0.0119293675218046, 6.44443706987428e-05, 0, -0.0167616306292482, -0.0331281768029827, -0.0489435752786479, -0.0640710071455288, -0.0783919983571873, -0.0918055207146351, -0.104227093269834, -0.115587884087798, -0.125833812274491, -0.134924650150314, -0.142833125428843, -0.149544023250718, -0.155053287925235, -0.159367124247898, -0.16250109828973, -0.164479237590775, -0.165333130731944, -0.165101026301545, -0.163826931311056, -0.161559709145369, -0.158352177153541, -0.154260203996348, -0.149341806867342, -0.143656248696667, -0.137263135434261, -0.130221513494396, -0.122588967429857, -0.114420717894441, -0.105768719949559, -0.0966807617773627, -0.0871995638821731, -0.0773618788982154, -0.0671975921812621, -0.0567288234547687, -0.0459690299242867, -0.0349221114954013, -0.0235815190782891, -0.0119293675204159, 6.44443707288576e-05, 0, -0.0167616306310763, -0.0331281768063304, -0.0489435752831958, -0.0640710071509565, -0.0783919983631833, -0.0918055207209053, -0.104227093276109, -0.115587884093842, -0.125833812280102, -0.13492465015533, -0.142833125433143, -0.149544023254221, -0.155053287927896, -0.159367124249708, -0.162501098290708, -0.164479237590963, -0.165333130731404, -0.16510102630035, -0.163826931309287, -0.16155970914311, -0.158352177150874, -0.154260203993352, -0.149341806864089, -0.143656248693222, -0.13726313543068, -0.130221513490725, -0.122588967426136, -0.114420717890702, -0.105768719945827, -0.0966807617736601, -0.0871995638785193, -0.0773618788946325, -0.0671975921777796, -0.0567288234514322, -0.0459690299211698, -0.0349221114926243, -0.0235815190760475, -0.0119293675190256, 6.44443707608893e-05, 0, -0.0167616306329042, -0.0331281768096778, -0.0489435752877432, -0.0640710071563836, -0.0783919983691786, -0.0918055207271748, -0.104227093282384, -0.115587884099885, -0.125833812285712, -0.134924650160346, -0.142833125437443, -0.149544023257723, -0.155053287930557, -0.159367124251517, -0.162501098291685, -0.164479237591151, -0.165333130730864, -0.165101026299155, -0.163826931307519, -0.161559709140852, -0.158352177148209, -0.154260203990358, -0.149341806860838, -0.143656248689777, -0.137263135427099, -0.130221513487055, -0.122588967422416, -0.114420717886964, -0.105768719942096, -0.0966807617699586, -0.0871995638748668, -0.0773618788910508, -0.0671975921742985, -0.0567288234480971, -0.0459690299180543, -0.0349221114898488, -0.0235815190738075, -0.0119293675176369, 6.44443707914256e-05, 0, -0.016761630634732, -0.033128176813025, -0.0489435752922903, -0.0640710071618104, -0.0783919983751736, -0.091805520733444, -0.104227093288659, -0.115587884105928, -0.125833812291323, -0.134924650165362, -0.142833125441743, -0.149544023261226, -0.155053287933218, -0.159367124253327, -0.162501098292662, -0.164479237591339, -0.165333130730324, -0.165101026297961, -0.163826931305751, -0.161559709138594, -0.158352177145543, -0.154260203987363, -0.149341806857586, -0.143656248686333, -0.137263135423518, -0.130221513483385, -0.122588967418696, -0.114420717883225, -0.105768719938365, -0.0966807617662564, -0.0871995638712134, -0.0773618788874682, -0.0671975921708163, -0.0567288234447608, -0.0459690299149375, -0.0349221114870717, -0.0235815190715658, -0.0119293675162461, 6.44443708242484e-05, 0, -0.0167616306365596, -0.0331281768163718, -0.0489435752968369, -0.0640710071672366, -0.0783919983811679, -0.0918055207397127, -0.104227093294933, -0.11558788411197, -0.125833812296932, -0.134924650170377, -0.142833125446043, -0.149544023264728, -0.155053287935879, -0.159367124255137, -0.16250109829364, -0.164479237591528, -0.165333130729784, -0.165101026296767, -0.163826931303983, -0.161559709136336, -0.158352177142878, -0.154260203984369, -0.149341806854335, -0.143656248682889, -0.137263135419937, -0.130221513479715, -0.122588967414976, -0.114420717879487, -0.105768719934635, -0.0966807617625551, -0.0871995638675608, -0.0773618788838863, -0.0671975921673349, -0.0567288234414253, -0.0459690299118215, -0.0349221114842954, -0.0235815190693248, -0.0119293675148561, 6.44443708564552e-05, 0, -0.0167616306383869, -0.0331281768197181, -0.0489435753013829, -0.064071007172662, -0.0783919983871613, -0.0918055207459801, -0.104227093301206, -0.115587884118011, -0.125833812302541, -0.134924650175391, -0.142833125450341, -0.149544023268229, -0.155053287938539, -0.159367124256946, -0.162501098294617, -0.164479237591715, -0.165333130729244, -0.165101026295572, -0.163826931302215, -0.161559709134078, -0.158352177140213, -0.154260203981375, -0.149341806851084, -0.143656248679446, -0.137263135416357, -0.130221513476046, -0.122588967411257, -0.11442071787575, -0.105768719930906, -0.0966807617588548, -0.0871995638639095, -0.0773618788803059, -0.0671975921638551, -0.0567288234380916, -0.0459690299087074, -0.0349221114815211, -0.023581519067086, -0.0119293675134683, 6.44443708863914e-05, 0, -0.0167616306402142, -0.0331281768230643, -0.0489435753059287, -0.0640710071780872, -0.0783919983931546, -0.0918055207522476, -0.104227093307479, -0.115587884124053, -0.12583381230815, -0.134924650180406, -0.14283312545464, -0.149544023271731, -0.1550532879412, -0.159367124258755, -0.162501098295594, -0.164479237591903, -0.165333130728704, -0.165101026294378, -0.163826931300448, -0.161559709131821, -0.158352177137548, -0.154260203978381, -0.149341806847833, -0.143656248676002, -0.137263135412777, -0.130221513472377, -0.122588967407537, -0.114420717872012, -0.105768719927175, -0.0966807617551531, -0.0871995638602564, -0.0773618788767235, -0.067197592160373, -0.0567288234347553, -0.0459690299055904, -0.0349221114787437, -0.0235815190648435, -0.0119293675120765, 6.4444370920725e-05, 0, -0.0167616306420412, -0.0331281768264101, -0.0489435753104739, -0.0640710071835117, -0.078391998399147, -0.0918055207585142, -0.104227093313751, -0.115587884130093, -0.125833812313758, -0.134924650185419, -0.142833125458938, -0.149544023275232, -0.15505328794386, -0.159367124260564, -0.162501098296571, -0.164479237592092, -0.165333130728164, -0.165101026293184, -0.163826931298681, -0.161559709129564, -0.158352177134884, -0.154260203975388, -0.149341806844583, -0.14365624867256, -0.137263135409198, -0.130221513468709, -0.122588967403819, -0.114420717868276, -0.105768719923447, -0.0966807617514535, -0.0871995638566057, -0.0773618788731436, -0.0671975921568935, -0.0567288234314218, -0.0459690299024764, -0.0349221114759694, -0.0235815190626045, -0.0119293675106882, 6.44443709515285e-05, 0, -0.016761630643868, -0.0331281768297555, -0.0489435753150186, -0.0640710071889357, -0.0783919984051388, -0.0918055207647801, -0.104227093320023, -0.115587884136133, -0.125833812319365, -0.134924650190433, -0.142833125463236, -0.149544023278733, -0.15505328794652, -0.159367124262373, -0.162501098297548, -0.16447923759228, -0.165333130727625, -0.16510102629199, -0.163826931296914, -0.161559709127307, -0.15835217713222, -0.154260203972395, -0.149341806841334, -0.143656248669118, -0.13726313540562, -0.130221513465041, -0.122588967400102, -0.114420717864541, -0.105768719919718, -0.0966807617477545, -0.0871995638529555, -0.0773618788695643, -0.0671975921534147, -0.0567288234280889, -0.0459690298993631, -0.0349221114731958, -0.0235815190603661, -0.0119293675093006, 6.44443709817578e-05, 0, -0.0167616306456947, -0.0331281768331007, -0.048943575319563, -0.0640710071943592, -0.0783919984111302, -0.0918055207710455, -0.104227093326294, -0.115587884142172, -0.125833812324972, -0.134924650195445, -0.142833125467533, -0.149544023282233, -0.155053287949179, -0.159367124264181, -0.162501098298525, -0.164479237592468, -0.165333130727085, -0.165101026290796, -0.163826931295146, -0.16155970912505, -0.158352177129556, -0.154260203969402, -0.149341806838083, -0.143656248665675, -0.13726313540204, -0.130221513461372, -0.122588967396383, -0.114420717860803, -0.105768719915989, -0.0966807617440536, -0.0871995638493032, -0.0773618788659827, -0.0671975921499334, -0.0567288234247533, -0.0459690298962467, -0.0349221114704188, -0.023581519058124, -0.0119293675079089, 6.44443710164002e-05, 0, -0.0167616306475212, -0.0331281768364454, -0.0489435753241068, -0.064071007199782, -0.0783919984171207, -0.0918055207773101, -0.104227093332564, -0.115587884148211, -0.125833812330578, -0.134924650200457, -0.14283312547183, -0.149544023285733, -0.155053287951838, -0.15936712426599, -0.162501098299502, -0.164479237592656, -0.165333130726545, -0.165101026289603, -0.163826931293379, -0.161559709122794, -0.158352177126893, -0.15426020396641, -0.149341806834834, -0.143656248662234, -0.137263135398462, -0.130221513457705, -0.122588967392666, -0.114420717857068, -0.105768719912261, -0.096680761740355, -0.0871995638456536, -0.0773618788624038, -0.067197592146455, -0.0567288234214208, -0.0459690298931337, -0.0349221114676454, -0.0235815190558857, -0.0119293675065211, 6.44443710470476e-05, 0, -0.0167616306493475, -0.0331281768397899, -0.0489435753286502, -0.0640710072052044, -0.0783919984231109, -0.0918055207835742, -0.104227093338833, -0.115587884154249, -0.125833812336184, -0.134924650205469, -0.142833125476126, -0.149544023289233, -0.155053287954497, -0.159367124267798, -0.162501098300478, -0.164479237592844, -0.165333130726006, -0.165101026288409, -0.163826931291613, -0.161559709120538, -0.158352177124229, -0.154260203963418, -0.149341806831586, -0.143656248658792, -0.137263135394884, -0.130221513454038, -0.122588967388949, -0.114420717853333, -0.105768719908533, -0.0966807617366564, -0.0871995638420037, -0.0773618788588247, -0.0671975921429762, -0.056728823418088, -0.0459690298900202, -0.0349221114648714, -0.0235815190536467, -0.0119293675051325, 6.44443710787791e-05, 0, -0.0167616306511736, -0.0331281768431339, -0.048943575333193, -0.064071007210626, -0.0783919984291002, -0.0918055207898375, -0.104227093345102, -0.115587884160286, -0.125833812341789, -0.13492465021048, -0.142833125480422, -0.149544023292732, -0.155053287957156, -0.159367124269606, -0.162501098301455, -0.164479237593032, -0.165333130725466, -0.165101026287216, -0.163826931289847, -0.161559709118282, -0.158352177121567, -0.154260203960426, -0.149341806828337, -0.143656248655352, -0.137263135391307, -0.130221513450372, -0.122588967385233, -0.114420717849599, -0.105768719904807, -0.0966807617329591, -0.0871995638383553, -0.0773618788552472, -0.0671975921394992, -0.0567288234147569, -0.0459690298869086, -0.0349221114620995, -0.0235815190514098, -0.0119293675037461, 6.4444371108285e-05, 0, -0.0167616306529996, -0.0331281768464778, -0.0489435753377357, -0.0640710072160475, -0.0783919984350893, -0.0918055207961006, -0.104227093351371, -0.115587884166323, -0.125833812347393, -0.134924650215491, -0.142833125484718, -0.149544023296231, -0.155053287959815, -0.159367124271414, -0.162501098302431, -0.16447923759322, -0.165333130724927, -0.165101026286023, -0.16382693128808, -0.161559709116026, -0.158352177118904, -0.154260203957434, -0.149341806825089, -0.143656248651911, -0.137263135387729, -0.130221513446705, -0.122588967381516, -0.114420717845864, -0.105768719901079, -0.0966807617292599, -0.0871995638347047, -0.0773618788516672, -0.0671975921360195, -0.0567288234114228, -0.0459690298837936, -0.0349221114593238, -0.0235815190491688, -0.0119293675023551, 6.44443711427922e-05, 0, -0.0167616306548252, -0.0331281768498211, -0.0489435753422776, -0.064071007221468, -0.0783919984410773, -0.0918055208023625, -0.104227093357638, -0.115587884172359, -0.125833812352997, -0.134924650220501, -0.142833125489013, -0.149544023299729, -0.155053287962473, -0.159367124273221, -0.162501098303407, -0.164479237593408, -0.165333130724387, -0.165101026284829, -0.163826931286314, -0.161559709113771, -0.158352177116241, -0.154260203954443, -0.149341806821841, -0.14365624864847, -0.137263135384153, -0.130221513443039, -0.1225889673778, -0.11442071784213, -0.105768719897353, -0.096680761725563, -0.0871995638310567, -0.07736187884809, -0.0671975921325427, -0.056728823408092, -0.0459690298806822, -0.034922111456552, -0.0235815190469319, -0.0119293675009684, 6.44443711728237e-05, 0, -0.0167616306566508, -0.0331281768531642, -0.0489435753468191, -0.0640710072268882, -0.078391998447065, -0.0918055208086241, -0.104227093363905, -0.115587884178395, -0.1258338123586, -0.13492465022551, -0.142833125493307, -0.149544023303228, -0.155053287965131, -0.159367124275029, -0.162501098304384, -0.164479237593596, -0.165333130723848, -0.165101026283637, -0.163826931284549, -0.161559709111516, -0.158352177113579, -0.154260203951453, -0.149341806818594, -0.143656248645031, -0.137263135380577, -0.130221513439375, -0.122588967374086, -0.114420717838398, -0.105768719893628, -0.096680761721867, -0.0871995638274096, -0.0773618788445137, -0.0671975921290669, -0.0567288234047621, -0.0459690298775717, -0.0349221114537809, -0.0235815190446957, -0.0119293674995824, 6.4444371202373e-05, 0, -0.0167616306584762, -0.0331281768565071, -0.0489435753513604, -0.0640710072323079, -0.0783919984530521, -0.0918055208148851, -0.104227093370172, -0.11558788418443, -0.125833812364203, -0.134924650230519, -0.142833125497602, -0.149544023306726, -0.155053287967788, -0.159367124276836, -0.16250109830536, -0.164479237593783, -0.165333130723308, -0.165101026282443, -0.163826931282782, -0.16155970910926, -0.158352177110916, -0.154260203948461, -0.149341806815345, -0.14365624864159, -0.137263135377, -0.130221513435708, -0.122588967370369, -0.114420717834662, -0.1057687198899, -0.096680761718168, -0.0871995638237591, -0.0773618788409337, -0.0671975921255871, -0.0567288234014278, -0.0459690298744564, -0.0349221114510048, -0.023581519042454, -0.0119293674981904, 6.44443712383789e-05, 0, -0.0167616306603014, -0.0331281768598495, -0.048943575355901, -0.064071007237727, -0.0783919984590386, -0.0918055208211455, -0.104227093376437, -0.115587884190464, -0.125833812369806, -0.134924650235528, -0.142833125501896, -0.149544023310223, -0.155053287970446, -0.159367124278644, -0.162501098306336, -0.164479237593972, -0.16533313072277, -0.165101026281251, -0.163826931281017, -0.161559709107006, -0.158352177108255, -0.154260203945471, -0.149341806812099, -0.143656248638152, -0.137263135373425, -0.130221513432044, -0.122588967366655, -0.114420717830931, -0.105768719886176, -0.0966807617144728, -0.0871995638201128, -0.0773618788373582, -0.067197592122112, -0.0567288233980986, -0.0459690298713466, -0.0349221114482344, -0.0235815190402184, -0.0119293674968049, 6.44443712676281e-05, 0, -0.0167616306621264, -0.0331281768631916, -0.0489435753604412, -0.0640710072431455, -0.0783919984650245, -0.0918055208274051, -0.104227093382703, -0.115587884196498, -0.125833812375407, -0.134924650240536, -0.142833125506189, -0.14954402331372, -0.155053287973102, -0.15936712428045, -0.162501098307312, -0.164479237594159, -0.16533313072223, -0.165101026280058, -0.163826931279251, -0.161559709104751, -0.158352177105593, -0.154260203942481, -0.149341806808852, -0.143656248634712, -0.137263135369849, -0.130221513428379, -0.12258896736294, -0.114420717827197, -0.10576871988245, -0.0966807617107758, -0.0871995638164645, -0.0773618788337806, -0.0671975921186347, -0.0567288233947669, -0.0459690298682341, -0.0349221114454611, -0.0235815190379796, -0.0119293674954158, 6.44443713009105e-05, 0, -0.0167616306639513, -0.0331281768665333, -0.048943575364981, -0.0640710072485635, -0.0783919984710097, -0.0918055208336642, -0.104227093388967, -0.115587884202531, -0.125833812381008, -0.134924650245544, -0.142833125510482, -0.149544023317217, -0.155053287975759, -0.159367124282257, -0.162501098308288, -0.164479237594347, -0.165333130721691, -0.165101026278865, -0.163826931277486, -0.161559709102496, -0.158352177102932, -0.154260203939491, -0.149341806805606, -0.143656248631274, -0.137263135366274, -0.130221513424715, -0.122588967359226, -0.114420717823465, -0.105768719878726, -0.0966807617070805, -0.0871995638128179, -0.0773618788302048, -0.0671975921151592, -0.0567288233914372, -0.0459690298651236, -0.0349221114426899, -0.0235815190357429, -0.0119293674940289, 6.44443713319447e-05, 0, -0.0167616306657759, -0.0331281768698747, -0.0489435753695203, -0.0640710072539809, -0.0783919984769943, -0.0918055208399225, -0.104227093395231, -0.115587884208564, -0.125833812386609, -0.134924650250551, -0.142833125514774, -0.149544023320713, -0.155053287978416, -0.159367124284064, -0.162501098309263, -0.164479237594535, -0.165333130721152, -0.165101026277673, -0.163826931275721, -0.161559709100242, -0.158352177100271, -0.154260203936502, -0.14934180680236, -0.143656248627836, -0.137263135362699, -0.130221513421051, -0.122588967355513, -0.114420717819734, -0.105768719875002, -0.0966807617033854, -0.0871995638091716, -0.0773618788266292, -0.0671975921116839, -0.0567288233881078, -0.0459690298620133, -0.0349221114399189, -0.0235815190335065, -0.0119293674926421, 6.44443713629997e-05, 0, -0.0167616306676004, -0.0331281768732158, -0.0489435753740591, -0.0640710072593978, -0.0783919984829783, -0.0918055208461803, -0.104227093401494, -0.115587884214596, -0.125833812392209, -0.134924650255557, -0.142833125519066, -0.14954402332421, -0.155053287981072, -0.15936712428587, -0.162501098310239, -0.164479237594723, -0.165333130720613, -0.16510102627648, -0.163826931273956, -0.161559709097988, -0.158352177097611, -0.154260203933513, -0.149341806799114, -0.143656248624398, -0.137263135359125, -0.130221513417388, -0.122588967351799, -0.114420717816002, -0.105768719871278, -0.0966807616996903, -0.0871995638055253, -0.0773618788230535, -0.0671975921082085, -0.056728823384778, -0.0459690298589027, -0.0349221114371475, -0.0235815190312695, -0.0119293674912546, 6.44443713949411e-05, 0, -0.0167616306694247, -0.0331281768765566, -0.0489435753785975, -0.0640710072648143, -0.0783919984889619, -0.0918055208524376, -0.104227093407757, -0.115587884220627, -0.125833812397809, -0.134924650260564, -0.142833125523358, -0.149544023327705, -0.155053287983728, -0.159367124287676, -0.162501098311215, -0.164479237594911, -0.165333130720074, -0.165101026275288, -0.163826931272191, -0.161559709095734, -0.15835217709495, -0.154260203930524, -0.149341806795869, -0.14365624862096, -0.137263135355551, -0.130221513413725, -0.122588967348086, -0.114420717812271, -0.105768719867554, -0.0966807616959955, -0.0871995638018791, -0.077361878819478, -0.0671975921047333, -0.0567288233814485, -0.0459690298557923, -0.0349221114343761, -0.0235815190290325, -0.011929367489867, 6.44443714271116e-05, 0, -0.0167616306712488, -0.033128176879897, -0.0489435753831354, -0.0640710072702301, -0.0783919984949447, -0.0918055208586941, -0.104227093414019, -0.115587884226658, -0.125833812403407, -0.134924650265569, -0.142833125527649, -0.149544023331201, -0.155053287986384, -0.159367124289482, -0.16250109831219, -0.164479237595098, -0.165333130719535, -0.165101026274096, -0.163826931270427, -0.161559709093481, -0.15835217709229, -0.154260203927536, -0.149341806792624, -0.143656248617523, -0.137263135351978, -0.130221513410062, -0.122588967344374, -0.114420717808541, -0.105768719863831, -0.0966807616923016, -0.087199563798234, -0.0773618788159036, -0.0671975921012592, -0.0567288233781201, -0.045969029852683, -0.034922111431606, -0.0235815190267967, -0.0119293674884807, 6.44443714581423e-05
0, 0, 0, 0, 0, 0, 0, 0, 0, 0, 0, 0, 0, 0, 0, 0, 0, 0, 0, 0, 0, 0, 0, 0, 0, 0, 0, 0, 0, 0, 0, 0, 0, 0, 0, 0, 0, 0, 0, 0, 0, 0, 0, 0, 0, 0, 0, 0, 0, 0, 0, 0, 0, 0, 0, 0, 0, 0, 0, 0, 0, 0, 0, 0, 0, 0, 0, 0, 0, 0, 0, 0, 0, 0, 0, 0, 0, 0, 0, 0, 0, 0, 0, 0, 0, 0, 0, 0, 0, 0, 0, 0, 0, 0, 0, 0, 0, 0, 0, 0, 0, 0, 0, 0, 0, 0, 0, 0, 0, 0, 0, 0, 0, 0, 0, 0, 0, 0, 0, 0, 0, 0, 0, 0, 0, 0, 0, 0, 0, 0, 0, 0, 0, 0, 0, 0, 0, 0, 0, 0, 0, 0, 0, 0, 0, 0, 0, 0, 0, 0, 0, 0, 0, 0, 0, 0, 0, 0, 0, 0, 0, 0, 0, 0, 0, 0, 0, 0, 0, 0, 0, 0, 0, 0, 0, 0, 0, 0, 0, 0, 0, 0, 0, 0, 0, 0, 0, 0, 0, 0, 0, 0, 0, 0, 0, 0, 0, 0, 0, 0, 0, 0, 0, 0, 0, 0, 0, 0, 0, 0, 0, 0, 0, 0, 0, 0, 0, 0, 0, 0, 0, 0, 0, 0, 0, 0, 0, 0, 0, 0, 0, 0, 0, 0, 0, 0, 0, 0, 0, 0, 0, 0, 0, 0, 0, 0, 0, 0, 0, 0, 0, 0, 0, 0, 0, 0, 0, 0, 0, 0, 0, 0, 0, 0, 0, 0, 0, 0, 0, 0, 0, 0, 0, 0, 0, 0, 0, 0, 0, 0, 0, 0, 0, 0, 0, 0, 0, 0, 0, 0, 0, 0, 0, 0, 0, 0, 0, 0, 0, 0, 0, 0, 0, 0, 0, 0, 0, 0, 0, 0, 0, 0, 0, 0, 0, 0, 0, 0, 0, 0, 0, 0, 0, 0, 0, 0, 0, 0, 0, 0, 0, 0, 0, 0, 0, 0, 0, 0, 0, 0, 0, 0, 0, 0, 0, 0, 0, 0, 0, 0, 0, 0, 0, 0, 0, 0, 0, 0, 0, 0, 0, 0, 0, 0, 0, 0, 0, 0, 0, 0, 0, 0, 0, 0, 0, 0, 0, 0, 0, 0, 0, 0, 0, 0, 0, 0, 0, 0, 0, 0, 0, 0, 0, 0, 0, 0, 0, 0, 0, 0, 0, 0, 0, 0, 0, 0, 0, 0, 0, 0, 0, 0, 0, 0, 0, 0, 0, 0, 0, 0, 0, 0, 0, 0, 0, 0, 0, 0, 0, 0, 0, 0, 0, 0, 0, 0, 0, 0, 0, 0, 0, 0, 0, 0, 0, 0, 0, 0, 0, 0, 0, 0, 0, 0, 0, 0, 0, 0, 0, 0, 0, 0, 0, 0, 0, 0, 0, 0, 0, 0, 0, 0, 0, 0, 0, 0, 0, 0, 0, 0, 0, 0, 0, 0, 0, 0, 0, 0, 0, 0, 0, 0, 0, 0, 0, 0, 0, 0, 0, 0, 0, 0, 0, 0, 0, 0, 0, 0, 0, 0, 0, 0, 0, 0, 0, 0, 0, 0, 0, 0, 0, 0, 0, 0, 0, 0, 0, 0, 0, 0, 0, 0, 0, 0, 0, 0, 0, 0, 0, 0, 0, 0, 0, 0, 0, 0, 0, 0, 0, 0, 0, 0, 0, 0, 0, 0, 0, 0, 0, 0, 0, 0, 0, 0, 0, 0, 0, 0, 0, 0, 0, 0, 0, 0, 0, 0, 0, 0, 0, 0, 0, 0, 0, 0, 0, 0, 0, 0, 0, 0, 0, 0, 0, 0, 0, 0, 0, 0, 0, 0, 0, 0, 0, 0, 0, 0, 0, 0, 0, 0, 0, 0, 0, 0, 0, 0, 0, 0, 0, 0, 0, 0, 0, 0, 0, 0, 0, 0, 0, 0, 0, 0, 0, 0, 0, 0, 0, 0, 0, 0, 0, 0, 0, 0, 0, 0, 0, 0, 0, 0, 0, 0, 0, 0, 0, 0, 0, 0, 0, 0, 0, 0, 0, 0, 0, 0, 0, 0, 0, 0, 0, 0, 0, 0, 0, 0, 0, 0, 0, 0, 0, 0, 0, 0, 0, 0, 0, 0, 0, 0, 0, 0, 0, 0, 0, 0, 0, 0, 0, 0, 0, 0, 0, 0, 0, 0, 0, 0, 0, 0, 0, 0, 0, 0, 0, 0, 0, 0, 0, 0, 0, 0, 0, 0, 0, 0, 0, 0, 0, 0, 0, 0, 0, 0, 0, 0, 0, 0, 0, 0, 0, 0, 0, 0, 0, 0, 0, 0, 0, 0, 0, 0, 0, 0, 0, 0, 0, 0, 0, 0, 0, 0, 0, 0, 0, 0, 0, 0, 0, 0, 0, 0, 0, 0, 0, 0, 0, 0, 0, 0, 0, 0, 0, 0, 0, 0, 0, 0, 0, 0, 0, 0, 0, 0, 0, 0, 0, 0, 0, 0, 0, 0, 0, 0, 0, 0, 0, 0, 0, 0, 0, 0, 0, 0, 0, 0, 0, 0, 0, 0, 0, 0, 0, 0, 0, 0, 0, 0, 0, 0, 0, 0, 0, 0, 0, 0, 0, 0, 0, 0, 0, 0, 0, 0, 0, 0, 0, 0, 0, 0, 0, 0, 0, 0, 0, 0, 0, 0, 0, 0, 0, 0, 0, 0, 0, 0, 0, 0, 0, 0, 0, 0, 0, 0, 0, 0, 0, 0, 0, 0, 0, 0, 0, 0, 0, 0, 0, 0, 0, 0, 0, 0, 0, 0, 0, 0, 0, 0, 0, 0, 0, 0, 0, 0, 0, 0, 0, 0, 0, 0, 0, 0, 0, 0, 0, 0, 0, 0, 0, 0, 0, 0, 0, 0, 0, 0, 0, 0, 0, 0, 0, 0, 0, 0, 0, 0, 0, 0, 0, 0, 0, 0, 0, 0, 0, 0, 0, 0, 0, 0, 0, 0, 0, 0, 0, 0, 0, 0, 0, 0, 0, 0, 0, 0, 0, 0, 0, 0, 0, 0, 0, 0, 0, 0, 0, 0, 0, 0, 0, 0, 0, 0, 0, 0, 0, 0, 0, 0, 0, 0, 0, 0, 0, 0, 0, 0, 0, 0, 0, 0, 0, 0, 0, 0, 0, 0, 0, 0, 0, 0, 0, 0, 0, 0, 0, 0, 0, 0, 0, 0, 0, 0, 0, 0, 0, 0, 0, 0, 0, 0, 0, 0, 0, 0, 0, 0, 0, 0, 0, 0, 0, 0, 0, 0, 0, 0, 0, 0, 0, 0, 0, 0, 0, 0, 0, 0, 0, 0, 0, 0, 0, 0, 0, 0, 0, 0, 0, 0, 0, 0, 0, 0, 0, 0, 0, 0, 0, 0, 0, 0, 0, 0, 0, 0, 0, 0, 0, 0, 0, 0, 0, 0, 0, 0, 0, 0, 0, 0, 0, 0, 0, 0, 0, 0, 0, 0, 0, 0, 0, 0, 0, 0, 0, 0, 0, 0, 0, 0, 0, 0, 0, 0, 0, 0, 0, 0, 0, 0, 0, 0, 0, 0, 0, 0, 0, 0, 0, 0, 0, 0, 0, 0, 0, 0, 0, 0, 0, 0, 0, 0, 0, 0, 0, 0, 0, 0, 0, 0, 0, 0, 0, 0, 0, 0, 0, 0, 0, 0, 0, 0, 0, 0, 0, 0, 0, 0, 0, 0, 0, 0, 0, 0, 0, 0, 0, 0, 0, 0, 0, 0, 0, 0, 0, 0, 0, 0, 0, 0, 0, 0, 0, 0, 0, 0, 0, 0, 0, 0, 0, 0, 0, 0, 0, 0, 0, 0, 0, 0, 0, 0, 0, 0, 0, 0, 0, 0, 0, 0, 0, 0, 0, 0, 0, 0, 0, 0, 0, 0, 0, 0, 0, 0, 0, 0, 0, 0, 0, 0, 0, 0, 0, 0, 0, 0, 0, 0, 0, 0, 0, 0, 0, 0, 0, 0, 0, 0, 0, 0, 0, 0, 0, 0, 0, 0, 0, 0, 0, 0, 0, 0, 0, 0, 0, 0, 0, 0, 0, 0, 0, 0, 0, 0, 0, 0, 0, 0, 0, 0, 0, 0, 0, 0, 0, 0, 0, 0, 0, 0, 0, 0, 0, 0, 0, 0, 0, 0, 0, 0, 0, 0, 0, 0, 0, 0, 0, 0, 0, 0, 0, 0, 0, 0, 0, 0, 0, 0, 0, 0, 0, 0, 0, 0, 0, 0, 0, 0, 0, 0, 0, 0, 0, 0, 0, 0, 0, 0, 0, 0, 0, 0, 0, 0, 0, 0, 0, 0, 0, 0, 0, 0, 0, 0, 0, 0, 0, 0, 0, 0, 0, 0, 0, 0, 0, 0, 0, 0, 0, 0, 0, 0, 0, 0, 0, 0, 0, 0, 0, 0, 0, 0, 0, 0, 0, 0, 0, 0, 0, 0, 0, 0, 0, 0, 0, 0, 0, 0, 0, 0, 0, 0, 0, 0, 0, 0, 0, 0, 0, 0, 0, 0, 0, 0, 0, 0, 0, 0, 0, 0, 0, 0, 0, 0, 0, 0, 0, 0, 0, 0, 0, 0, 0, 0, 0, 0, 0, 0, 0, 0, 0, 0, 0, 0, 0, 0, 0, 0, 0, 0, 0, 0, 0, 0, 0, 0, 0, 0, 0, 0, 0, 0, 0, 0, 0, 0, 0, 0, 0, 0, 0, 0, 0, 0, 0, 0, 0, 0, 0, 0, 0, 0, 0, 0, 0, 0, 0, 0, 0, 0, 0, 0, 0, 0, 0, 0, 0, 0, 0, 0, 0, 0, 0, 0, 0, 0, 0, 0, 0, 0, 0, 0, 0, 0, 0, 0, 0, 0, 0, 0, 0, 0, 0, 0, 0, 0, 0, 0, 0, 0, 0, 0, 0, 0, 0, 0, 0, 0, 0, 0, 0, 0, 0, 0, 0, 0, 0, 0, 0, 0, 0, 0, 0, 0, 0, 0, 0, 0, 0, 0, 0, 0, 0, 0, 0, 0, 0, 0, 0, 0, 0, 0, 0, 0, 0, 0, 0, 0, 0, 0, 0, 0
0.27886, 0.279065128205128, 0.279270256410256, 0.279475384615385, 0.279680512820513, 0.279885641025641, 0.280090769230769, 0.280295897435897, 0.280501025641026, 0.280706153846154, 0.280911282051282, 0.28111641025641, 0.281321538461538, 0.281526666666666, 0.281731794871795, 0.281936923076923, 0.282142051282051, 0.282347179487179, 0.282552307692307, 0.282757435897436, 0.282962564102564, 0.283167692307692, 0.28337282051282, 0.283577948717948, 0.283783076923077, 0.283988205128205, 0.284193333333333, 0.284398461538461, 0.284603589743589, 0.284808717948718, 0.285013846153846, 0.285218974358974, 0.285424102564102, 0.28562923076923, 0.285834358974358, 0.286039487179487, 0.286244615384615, 0.286449743589743, 0.286654871794871, 0.286859999999999, 0.27886, 0.256031212024622, 0.23836270791292, 0.225278109957451, 0.216227351159423, 0.210686671462167, 0.208158615111294, 0.208172029407345, 0.210282065062052, 0.214070178287744, 0.219144134645696, 0.225138014561983, 0.23171222030049, 0.238553484075481, 0.245374876903584, 0.251915817747491, 0.257942082496963, 0.263245812367228, 0.267645521365225, 0.270986102570541, 0.273138833087592, 0.27400137763522, 0.273497790837462, 0.271578518355534, 0.268220397050548, 0.263426654387188, 0.257226907281499, 0.249677160563934, 0.240859805175351, 0.230883616141521, 0.219883750281764, 0.208021743497094, 0.195485507345668, 0.182489324434346, 0.169273841910157, 0.156106061983546, 0.143279327887675, 0.131113302858489, 0.119953938406649, 0.110173425983445, 0.27886, 0.256021758427691, 0.23834395563528, 0.225250213055772, 0.216190462711707, 0.210640943448141, 0.208104198289559, 0.208109073186322, 0.210210717361787, 0.213990585389877, 0.219056441029339, 0.22504236272395, 0.23160875055908, 0.23844233435791, 0.245256182517965, 0.251789711140951, 0.257808693001997, 0.263105265938645, 0.267497940310057, 0.270831605273117, 0.272977533731595, 0.273833385924147, 0.273323211714437, 0.271397451723004, 0.268032937490076, 0.263232890879338, 0.257026922925662, 0.249471032297923, 0.240647603494623, 0.230665404817912, 0.219659586081653, 0.207791675898859, 0.195249578256146, 0.182247567903594, 0.169026283843151, 0.155852719846246, 0.143020210402909, 0.130848409683767, 0.119683259780436, 0.109896942316812, 0.27886, 0.25602175060567, 0.238343943764353, 0.225250200547923, 0.216190452629181, 0.210640938514837, 0.208104200902404, 0.208109085426646, 0.210210741006685, 0.213990621923559, 0.219056491654484, 0.225042428373032, 0.231608831905706, 0.238442431828139, 0.245256296301632, 0.251789841202985, 0.257808839093742, 0.26310542760918, 0.267498116917528, 0.270831795996064, 0.272977737580293, 0.273833601751951, 0.27332343822913, 0.271397687498155, 0.268033180976401, 0.263233140416063, 0.257027176751894, 0.249471288564022, 0.240647860273572, 0.230665660116695, 0.219659837852632, 0.207791922051158, 0.195249816667032, 0.182247796429866, 0.169026500332541, 0.155852922148828, 0.14302039638252, 0.130848577229457, 0.119683406817951, 0.109897066820126, 0.27886, 0.25602175107828, 0.238343944704111, 0.225250201948907, 0.216190454485058, 0.210640940818906, 0.208104203647648, 0.208109088605782, 0.210210744612217, 0.213990625947832, 0.219056496089731, 0.225042433211431, 0.231608837139421, 0.238442437449373, 0.245256302302664, 0.251789847576209, 0.257808845831703, 0.263105434704607, 0.26749812436336, 0.270831803785482, 0.272977745706744, 0.273833610209175, 0.273323447011187, 0.271397696599455, 0.268033190391732, 0.263233150140623, 0.257027186781321, 0.249471298894433, 0.240647870901594, 0.230665671039504, 0.219659849067989, 0.207791933557446, 0.195249828463295, 0.182247808515847, 0.169026512708713, 0.15585293481643, 0.143020409343582, 0.130848590486814, 0.119683420375244, 0.10989708068176, 0.27886, 0.256021751076942, 0.238343944701957, 0.225250201946262, 0.216190454482066, 0.210640940815557, 0.208104203643806, 0.208109088601208, 0.2102107446066, 0.213990625940814, 0.219056496080933, 0.225042433200479, 0.231608837125966, 0.238442437433106, 0.245256302283331, 0.25178984755362, 0.257808845805737, 0.263105434675209, 0.267498124330546, 0.270831803749328, 0.272977745667387, 0.273833610166805, 0.273323446966045, 0.271397696551824, 0.268033190341942, 0.263233150089045, 0.257027186728373, 0.249471298840575, 0.240647870847339, 0.230665670985419, 0.219659849014701, 0.207791933505648, 0.195249828413751, 0.182247808469398, 0.169026512666279, 0.155852934779011, 0.143020409312249, 0.130848590462695, 0.11968342035948, 0.109897080675435, 0.27886, 0.256021751075216, 0.238343944699218, 0.225250201943004, 0.216190454478589, 0.210640940811989, 0.20810420364013, 0.20810908859729, 0.210210744602217, 0.213990625935683, 0.219056496074735, 0.225042433192886, 0.231608837116661, 0.238442437421802, 0.245256302269783, 0.251789847537637, 0.257808845787181, 0.263105434654005, 0.267498124306675, 0.270831803722826, 0.272977745638338, 0.273833610135342, 0.273323446932342, 0.271397696516094, 0.268033190304436, 0.263233150050051, 0.257027186688218, 0.249471298799629, 0.240647870806018, 0.230665670944189, 0.219659848974087, 0.207791933466238, 0.195249828376203, 0.182247808434447, 0.169026512634739, 0.155852934751775, 0.143020409290284, 0.130848590447023, 0.119683420351142, 0.109897080675415, 0.27886, 0.25602175107349, 0.238343944696479, 0.225250201939747, 0.216190454475112, 0.210640940808421, 0.208104203636454, 0.208109088593373, 0.210210744597835, 0.213990625930552, 0.219056496068538, 0.225042433185294, 0.231608837107358, 0.2384424374105, 0.245256302256238, 0.251789847521655, 0.257808845768628, 0.263105434632804, 0.267498124282806, 0.270831803696324, 0.272977745609291, 0.273833610103881, 0.27332344689864, 0.271397696480365, 0.26803319026693, 0.263233150011057, 0.257027186648063, 0.249471298758682, 0.240647870764694, 0.230665670902956, 0.219659848933469, 0.207791933426823, 0.195249828338651, 0.182247808399491, 0.169026512603193, 0.155852934724532, 0.143020409268311, 0.130848590431343, 0.119683420342796, 0.109897080675387, 0.27886, 0.256021751071764, 0.23834394469374, 0.225250201936489, 0.216190454471635, 0.210640940804852, 0.208104203632777, 0.208109088589454, 0.210210744593452, 0.213990625925421, 0.21905649606234, 0.225042433177701, 0.231608837098054, 0.238442437399197, 0.245256302242692, 0.251789847505673, 0.257808845750074, 0.263105434611602, 0.267498124258936, 0.270831803669823, 0.272977745580244, 0.27383361007242, 0.273323446864939, 0.271397696444637, 0.268033190229425, 0.263233149972064, 0.257027186607908, 0.249471298717735, 0.240647870723371, 0.230665670861723, 0.219659848892851, 0.207791933387409, 0.195249828301099, 0.182247808364535, 0.169026512571646, 0.155852934697288, 0.143020409246336, 0.130848590415659, 0.119683420334445, 0.109897080675353, 0.27886, 0.256021751070039, 0.238343944691002, 0.225250201933234, 0.21619045446816, 0.210640940801287, 0.208104203629104, 0.20810908858554, 0.210210744589074, 0.213990625920294, 0.219056496056148, 0.225042433170115, 0.231608837088757, 0.238442437387902, 0.245256302229154, 0.2517898474897, 0.257808845731531, 0.263105434590411, 0.267498124235079, 0.270831803643334, 0.27297774555121, 0.273833610040972, 0.273323446831252, 0.271397696408923, 0.268033190191936, 0.263233149933087, 0.25702718656777, 0.249471298676806, 0.240647870682066, 0.230665670820509, 0.219659848852252, 0.207791933348014, 0.195249828263565, 0.182247808329597, 0.169026512540118, 0.155852934670062, 0.143020409224379, 0.130848590399994, 0.119683420326112, 0.109897080675336, 0.27886, 0.256021751068313, 0.238343944688263, 0.225250201929976, 0.216190454464683, 0.210640940797718, 0.208104203625427, 0.208109088581621, 0.210210744584691, 0.213990625915163, 0.21905649604995, 0.225042433162523, 0.231608837079453, 0.238442437376601, 0.245256302215609, 0.251789847473719, 0.257808845712979, 0.263105434569211, 0.267498124211212, 0.270831803616837, 0.272977745522167, 0.273833610009515, 0.273323446797555, 0.271397696373199, 0.268033190154436, 0.263233149894098, 0.257027186527621, 0.249471298635865, 0.240647870640748, 0.230665670779281, 0.219659848811639, 0.207791933308604, 0.195249828226017, 0.182247808294644, 0.169026512508574, 0.15585293464282, 0.143020409202405, 0.130848590384311, 0.11968342031776, 0.109897080675299, 0.27886, 0.256021751066588, 0.238343944685525, 0.22525020192672, 0.216190454461208, 0.210640940794151, 0.208104203621753, 0.208109088577705, 0.21021074458031, 0.213990625910034, 0.219056496043755, 0.225042433154933, 0.231608837070153, 0.238442437365303, 0.245256302202069, 0.251789847457744, 0.257808845694433, 0.263105434548017, 0.267498124187352, 0.270831803590346, 0.272977745493131, 0.273833609978066, 0.273323446763866, 0.271397696337484, 0.268033190116944, 0.263233149855119, 0.257027186487481, 0.249471298594933, 0.24064787059944, 0.230665670738064, 0.219659848771037, 0.207791933269205, 0.195249828188479, 0.182247808259702, 0.16902651247704, 0.155852934615587, 0.14302040918044, 0.130848590368636, 0.119683420309415, 0.109897080675269, 0.27886, 0.256021751064862, 0.238343944682787, 0.225250201923463, 0.216190454457732, 0.210640940790584, 0.208104203618077, 0.208109088573788, 0.210210744575929, 0.213990625904905, 0.219056496037559, 0.225042433147343, 0.231608837060853, 0.238442437354004, 0.245256302188528, 0.251789847441768, 0.257808845675886, 0.263105434526824, 0.267498124163492, 0.270831803563855, 0.272977745464096, 0.273833609946618, 0.273323446730179, 0.271397696301771, 0.268033190079455, 0.263233149816142, 0.257027186447344, 0.249471298554004, 0.240647870558135, 0.230665670696849, 0.219659848730437, 0.207791933229807, 0.195249828150943, 0.18224780822476, 0.169026512445507, 0.155852934588355, 0.143020409158474, 0.130848590352959, 0.119683420301068, 0.109897080675236, 0.27886, 0.256021751063137, 0.238343944680049, 0.225250201920207, 0.216190454454257, 0.210640940787017, 0.208104203614403, 0.208109088569871, 0.210210744571548, 0.213990625899776, 0.219056496031364, 0.225042433139755, 0.231608837051554, 0.238442437342707, 0.245256302174989, 0.251789847425794, 0.257808845657342, 0.263105434505633, 0.267498124139635, 0.270831803537368, 0.272977745435063, 0.273833609915173, 0.273323446696495, 0.27139769626606, 0.268033190041969, 0.263233149777169, 0.257027186407209, 0.249471298513078, 0.240647870516832, 0.230665670655637, 0.21965984868984, 0.207791933190413, 0.19524982811341, 0.182247808189822, 0.169026512413976, 0.155852934561124, 0.143020409136511, 0.130848590337285, 0.119683420292723, 0.109897080675203, 0.27886, 0.256021751061412, 0.238343944677313, 0.225250201916953, 0.216190454450783, 0.210640940783453, 0.208104203610731, 0.208109088565958, 0.210210744567171, 0.213990625894651, 0.219056496025174, 0.225042433132171, 0.23160883704226, 0.238442437331416, 0.245256302161456, 0.251789847409827, 0.257808845638806, 0.26310543448445, 0.267498124115787, 0.27083180351089, 0.272977745406041, 0.273833609883739, 0.273323446662822, 0.271397696230362, 0.268033190004496, 0.263233149738208, 0.257027186367088, 0.249471298472166, 0.240647870475544, 0.23066567061444, 0.219659848649257, 0.207791933151034, 0.195249828075891, 0.182247808154898, 0.16902651238246, 0.155852934533908, 0.143020409114561, 0.130848590321624, 0.11968342028439, 0.109897080675183, 0.27886, 0.256021751059688, 0.238343944674576, 0.225250201913698, 0.216190454447309, 0.210640940779888, 0.208104203607058, 0.208109088562044, 0.210210744562793, 0.213990625889526, 0.219056496018983, 0.225042433124586, 0.231608837032965, 0.238442437320125, 0.245256302147923, 0.25178984739386, 0.257808845620269, 0.263105434463267, 0.267498124091939, 0.270831803484412, 0.27297774537702, 0.273833609852304, 0.273323446629149, 0.271397696194664, 0.268033189967023, 0.263233149699248, 0.257027186326968, 0.249471298431255, 0.240647870434257, 0.230665670573243, 0.219659848608675, 0.207791933111654, 0.195249828038372, 0.182247808119973, 0.169026512350942, 0.155852934506691, 0.143020409092609, 0.130848590305959, 0.119683420276053, 0.109897080675157, 0.27886, 0.256021751057963, 0.238343944671838, 0.225250201910443, 0.216190454443835, 0.210640940776322, 0.208104203603384, 0.208109088558128, 0.210210744558413, 0.213990625884397, 0.219056496012789, 0.225042433116998, 0.231608837023667, 0.23844243730883, 0.245256302134387, 0.251789847377889, 0.257808845601728, 0.263105434442081, 0.267498124068087, 0.27083180345793, 0.272977745347994, 0.273833609820867, 0.273323446595473, 0.271397696158962, 0.268033189929546, 0.263233149660283, 0.257027186286843, 0.249471298390339, 0.240647870392964, 0.230665670532041, 0.219659848568088, 0.207791933072269, 0.195249828000847, 0.182247808085042, 0.169026512319418, 0.155852934479466, 0.143020409070649, 0.130848590290286, 0.119683420267707, 0.109897080675121, 0.27886, 0.256021751056239, 0.238343944669102, 0.225250201907188, 0.216190454440361, 0.210640940772757, 0.208104203599711, 0.208109088554214, 0.210210744554034, 0.213990625879272, 0.219056496006597, 0.225042433109413, 0.231608837014373, 0.238442437297538, 0.245256302120854, 0.251789847361923, 0.257808845583193, 0.263105434420899, 0.267498124044241, 0.270831803431455, 0.272977745318975, 0.273833609789436, 0.273323446561804, 0.271397696123268, 0.268033189892077, 0.263233149621328, 0.257027186246727, 0.249471298349432, 0.240647870351681, 0.230665670490849, 0.21965984852751, 0.207791933032893, 0.195249827963332, 0.182247808050121, 0.169026512287903, 0.155852934452249, 0.143020409048698, 0.130848590274621, 0.119683420259368, 0.109897080675091, 0.27886, 0.256021751054514, 0.238343944666365, 0.225250201903934, 0.216190454436887, 0.210640940769192, 0.208104203596038, 0.208109088550299, 0.210210744549655, 0.213990625874145, 0.219056496000405, 0.225042433101828, 0.231608837005078, 0.238442437286247, 0.245256302107321, 0.251789847345956, 0.257808845564657, 0.263105434399718, 0.267498124020395, 0.27083180340498, 0.272977745289957, 0.273833609758006, 0.273323446528136, 0.271397696087575, 0.268033189854609, 0.263233149582373, 0.257027186206612, 0.249471298308525, 0.240647870310399, 0.230665670449657, 0.219659848486932, 0.207791932993518, 0.195249827925816, 0.182247808015199, 0.169026512256387, 0.155852934425032, 0.143020409026744, 0.130848590258952, 0.119683420251025, 0.109897080675057, 0.27886, 0.25602175105279, 0.23834394466363, 0.22525020190068, 0.216190454433415, 0.210640940765629, 0.208104203592367, 0.208109088546387, 0.210210744545279, 0.213990625869021, 0.219056495994216, 0.225042433094246, 0.231608836995786, 0.238442437274959, 0.245256302093793, 0.251789847329995, 0.257808845546127, 0.263105434378543, 0.267498123996556, 0.270831803378512, 0.272977745260946, 0.273833609726583, 0.273323446494476, 0.27139769605189, 0.26803318981715, 0.263233149543427, 0.257027186166507, 0.249471298267629, 0.240647870269127, 0.230665670408475, 0.219659848446365, 0.207791932954153, 0.195249827888311, 0.182247807980287, 0.169026512224881, 0.155852934397823, 0.143020409004799, 0.130848590243293, 0.11968342024269, 0.10989708067503, 0.27886, 0.256021751051067, 0.238343944660894, 0.225250201897427, 0.216190454429943, 0.210640940762065, 0.208104203588696, 0.208109088542474, 0.210210744540903, 0.213990625863898, 0.219056495988027, 0.225042433086664, 0.231608836986496, 0.238442437263672, 0.245256302080265, 0.251789847314035, 0.257808845527599, 0.26310543435737, 0.267498123972719, 0.270831803352046, 0.272977745231937, 0.273833609695164, 0.27332344646082, 0.271397696016209, 0.268033189779694, 0.263233149504485, 0.257027186126406, 0.249471298226737, 0.240647870227859, 0.230665670367297, 0.219659848405802, 0.207791932914792, 0.19524982785081, 0.182247807945378, 0.169026512193378, 0.155852934370618, 0.143020408982857, 0.130848590227635, 0.119683420234356, 0.109897080675003, 0.27886, 0.256021751049343, 0.238343944658158, 0.225250201894173, 0.21619045442647, 0.210640940758501, 0.208104203585023, 0.20810908853856, 0.210210744536524, 0.213990625858772, 0.219056495981836, 0.22504243307908, 0.231608836977202, 0.238442437252382, 0.245256302066735, 0.251789847298071, 0.257808845509067, 0.263105434336193, 0.267498123948878, 0.270831803325577, 0.272977745202925, 0.273833609663741, 0.273323446427159, 0.271397695980524, 0.268033189742235, 0.263233149465539, 0.2570271860863, 0.24947129818584, 0.240647870186586, 0.230665670326115, 0.219659848365233, 0.207791932875425, 0.195249827813302, 0.182247807910463, 0.169026512161868, 0.155852934343405, 0.143020408960906, 0.130848590211968, 0.119683420226012, 0.109897080674965, 0.27886, 0.25602175104762, 0.238343944655424, 0.225250201890921, 0.216190454422999, 0.210640940754939, 0.208104203581354, 0.20810908853465, 0.21021074453215, 0.213990625853651, 0.21905649597565, 0.225042433071501, 0.231608836967915, 0.2384424372411, 0.245256302053212, 0.251789847282116, 0.257808845490545, 0.263105434315026, 0.267498123925048, 0.270831803299119, 0.272977745173925, 0.273833609632331, 0.273323446393512, 0.271397695944853, 0.26803318970479, 0.263233149426608, 0.257027186046209, 0.249471298144959, 0.240647870145329, 0.230665670284948, 0.219659848324681, 0.207791932836075, 0.195249827775812, 0.182247807875565, 0.169026512130375, 0.155852934316209, 0.143020408938972, 0.130848590196317, 0.119683420217684, 0.109897080674943, 0.27886, 0.256021751045896, 0.238343944652689, 0.225250201887669, 0.216190454419527, 0.210640940751376, 0.208104203577684, 0.208109088530738, 0.210210744527774, 0.213990625848528, 0.219056495969462, 0.225042433063921, 0.231608836958626, 0.238442437229815, 0.245256302039688, 0.25178984726616, 0.257808845472021, 0.263105434293858, 0.267498123901217, 0.27083180327266, 0.272977745144925, 0.27383360960092, 0.273323446359864, 0.271397695909181, 0.268033189667344, 0.263233149387677, 0.257027186006119, 0.249471298104078, 0.240647870104072, 0.230665670243782, 0.219659848284129, 0.207791932796724, 0.19524982773832, 0.182247807840666, 0.16902651209888, 0.15585293428901, 0.143020408917035, 0.130848590180662, 0.11968342020935, 0.109897080674914, 0.27886, 0.256021751044173, 0.238343944649954, 0.225250201884416, 0.216190454416055, 0.210640940747813, 0.208104203574012, 0.208109088526825, 0.210210744523398, 0.213990625843404, 0.219056495963274, 0.22504243305634, 0.231608836949336, 0.23844243721853, 0.245256302026163, 0.251789847250202, 0.257808845453496, 0.263105434272689, 0.267498123877385, 0.270831803246201, 0.272977745115923, 0.273833609569508, 0.273323446326216, 0.271397695873509, 0.268033189629898, 0.263233149348744, 0.257027185966027, 0.249471298063195, 0.240647870062813, 0.230665670202614, 0.219659848243575, 0.207791932757371, 0.195249827700826, 0.182247807805764, 0.169026512067382, 0.155852934261808, 0.143020408895093, 0.130848590165002, 0.119683420201011, 0.109897080674878, 0.27886, 0.25602175104245, 0.23834394464722, 0.225250201881165, 0.216190454412586, 0.210640940744252, 0.208104203570344, 0.208109088522916, 0.210210744519025, 0.213990625838284, 0.219056495957089, 0.225042433048764, 0.231608836940052, 0.23844243720725, 0.245256302012644, 0.251789847234252, 0.257808845434978, 0.263105434251528, 0.267498123853562, 0.27083180321975, 0.272977745086931, 0.273833609538106, 0.273323446292578, 0.271397695837848, 0.268033189592464, 0.263233149309824, 0.257027185925948, 0.249471298022326, 0.240647870021568, 0.230665670161459, 0.219659848203034, 0.207791932718032, 0.195249827663346, 0.182247807770876, 0.169026512035898, 0.155852934234619, 0.143020408873165, 0.130848590149355, 0.119683420192685, 0.109897080674855, 0.27886, 0.256021751040727, 0.238343944644486, 0.225250201877913, 0.216190454409115, 0.21064094074069, 0.208104203566674, 0.208109088519004, 0.21021074451465, 0.213990625833162, 0.219056495950903, 0.225042433041185, 0.231608836930765, 0.238442437195968, 0.245256301999123, 0.251789847218299, 0.257808845416458, 0.263105434230365, 0.267498123829736, 0.270831803193297, 0.272977745057937, 0.273833609506702, 0.273323446258938, 0.271397695802184, 0.268033189555027, 0.263233149270902, 0.257027185885866, 0.249471297981454, 0.24064786998032, 0.230665670120302, 0.219659848162491, 0.20779193267869, 0.195249827625863, 0.182247807735983, 0.169026512004409, 0.155852934207425, 0.143020408851231, 0.130848590133702, 0.119683420184351, 0.109897080674823, 0.27886, 0.256021751039005, 0.238343944641752, 0.225250201874662, 0.216190454405645, 0.210640940737129, 0.208104203563005, 0.208109088515094, 0.210210744510276, 0.213990625828042, 0.219056495944718, 0.225042433033608, 0.23160883692148, 0.238442437184688, 0.245256301985604, 0.251789847202349, 0.257808845397942, 0.263105434209205, 0.267498123805914, 0.270831803166849, 0.272977745028948, 0.273833609475304, 0.273323446225304, 0.271397695766526, 0.268033189517596, 0.263233149231985, 0.257027185845791, 0.249471297940588, 0.240647869939079, 0.230665670079151, 0.219659848121954, 0.207791932639354, 0.195249827588385, 0.182247807701097, 0.169026511972925, 0.155852934180236, 0.143020408829301, 0.130848590118052, 0.11968342017602, 0.109897080674793, 0.27886, 0.256021751037282, 0.238343944639018, 0.22525020187141, 0.216190454402174, 0.210640940733567, 0.208104203559336, 0.208109088511183, 0.210210744505901, 0.21399062582292, 0.219056495938531, 0.225042433026029, 0.231608836912193, 0.238442437173407, 0.245256301972084, 0.251789847186397, 0.257808845379424, 0.263105434188044, 0.267498123782091, 0.2708318031404, 0.272977744999957, 0.273833609443904, 0.273323446191668, 0.271397695730868, 0.268033189480165, 0.263233149193069, 0.257027185805715, 0.249471297899722, 0.240647869897837, 0.230665670037999, 0.219659848081416, 0.207791932600017, 0.195249827550906, 0.182247807666209, 0.16902651194144, 0.155852934153044, 0.143020408807368, 0.130848590102398, 0.119683420167684, 0.109897080674757, 0.27886, 0.25602175103556, 0.238343944636285, 0.225250201868161, 0.216190454398706, 0.210640940730008, 0.208104203555669, 0.208109088507275, 0.21021074450153, 0.213990625817802, 0.21905649593235, 0.225042433018456, 0.231608836902913, 0.238442437162133, 0.245256301958571, 0.251789847170454, 0.257808845360915, 0.263105434166893, 0.267498123758278, 0.270831803113961, 0.272977744970978, 0.273833609412516, 0.273323446158045, 0.271397695695223, 0.268033189442747, 0.263233149154166, 0.257027185765654, 0.249471297858871, 0.240647869856611, 0.230665669996863, 0.219659848040894, 0.207791932560696, 0.195249827513443, 0.182247807631336, 0.16902651190997, 0.155852934125869, 0.143020408785451, 0.13084859008676, 0.119683420159363, 0.109897080674736, 0.27886, 0.256021751033838, 0.238343944633552, 0.22525020186491, 0.216190454395236, 0.210640940726447, 0.208104203552, 0.208109088503365, 0.210210744497157, 0.213990625812681, 0.219056495926165, 0.225042433010879, 0.231608836893629, 0.238442437150854, 0.245256301945054, 0.251789847154506, 0.257808845342401, 0.263105434145736, 0.26749812373446, 0.270831803087517, 0.272977744941994, 0.273833609381123, 0.273323446124417, 0.271397695659571, 0.268033189405322, 0.263233149115256, 0.257027185725586, 0.249471297818012, 0.240647869815376, 0.230665669955719, 0.219659848000364, 0.207791932521367, 0.195249827475972, 0.182247807596455, 0.169026511878491, 0.155852934098682, 0.143020408763522, 0.130848590071109, 0.119683420151029, 0.109897080674701, 0.27886, 0.256021751032115, 0.238343944630819, 0.225250201861659, 0.216190454391767, 0.210640940722887, 0.208104203548332, 0.208109088499455, 0.210210744492783, 0.213990625807561, 0.21905649591998, 0.225042433003304, 0.231608836884345, 0.238442437139576, 0.245256301931538, 0.25178984713856, 0.257808845323889, 0.263105434124582, 0.267498123710645, 0.270831803061076, 0.272977744913013, 0.273833609349734, 0.273323446090792, 0.271397695623924, 0.268033189367903, 0.263233149076352, 0.257027185685523, 0.249471297777159, 0.240647869774148, 0.230665669914581, 0.219659847959839, 0.207791932482042, 0.195249827438505, 0.182247807561578, 0.169026511847015, 0.155852934071499, 0.143020408741596, 0.130848590055461, 0.119683420142696, 0.109897080674666, 0.27886, 0.256021751030394, 0.238343944628087, 0.225250201858411, 0.2161904543883, 0.210640940719329, 0.208104203544666, 0.208109088495549, 0.210210744488414, 0.213990625802446, 0.219056495913801, 0.225042432995734, 0.231608836875068, 0.238442437128306, 0.24525630191803, 0.251789847122622, 0.257808845305386, 0.263105434103438, 0.26749812368684, 0.270831803034646, 0.272977744884043, 0.273833609318356, 0.27332344605718, 0.27139769558829, 0.268033189330497, 0.263233149037461, 0.257027185645474, 0.24947129773632, 0.240647869732934, 0.230665669873457, 0.219659847919329, 0.207791932442733, 0.195249827401053, 0.182247807526717, 0.169026511815556, 0.155852934044333, 0.143020408719686, 0.130848590039828, 0.119683420134379, 0.109897080674646, 0.27886, 0.256021751028672, 0.238343944625355, 0.225250201855161, 0.216190454384831, 0.210640940715769, 0.208104203540998, 0.20810908849164, 0.210210744484041, 0.213990625797327, 0.219056495907618, 0.225042432988159, 0.231608836865787, 0.238442437117031, 0.245256301904517, 0.251789847106679, 0.257808845286878, 0.263105434082288, 0.26749812366303, 0.27083180300821, 0.272977744855068, 0.273833609286972, 0.273323446023562, 0.27139769555265, 0.268033189293085, 0.263233148998564, 0.257027185605419, 0.249471297695475, 0.240647869691713, 0.230665669832327, 0.219659847878812, 0.207791932403417, 0.195249827363594, 0.182247807491846, 0.169026511784086, 0.155852934017155, 0.143020408697765, 0.130848590024182, 0.119683420126047, 0.10989708067461, 0.27886, 0.256021751026951, 0.238343944622623, 0.225250201851912, 0.216190454381364, 0.210640940712211, 0.208104203537333, 0.208109088487733, 0.210210744479671, 0.21399062579221, 0.219056495901438, 0.225042432980588, 0.231608836856509, 0.238442437105759, 0.245256301891008, 0.251789847090741, 0.257808845268375, 0.263105434061144, 0.267498123639225, 0.270831802981781, 0.272977744826099, 0.273833609255596, 0.273323445989952, 0.271397695517017, 0.268033189255681, 0.263233148959676, 0.257027185565372, 0.249471297654639, 0.240647869650501, 0.230665669791206, 0.219659847838304, 0.207791932364109, 0.195249827326144, 0.182247807456986, 0.169026511752626, 0.155852933989987, 0.143020408675852, 0.130848590008545, 0.119683420117724, 0.109897080674583, 0.27886, 0.256021751025229, 0.238343944619891, 0.225250201848664, 0.216190454377896, 0.210640940708652, 0.208104203533666, 0.208109088483826, 0.2102107444753, 0.213990625787093, 0.219056495895257, 0.225042432973016, 0.231608836847231, 0.238442437094488, 0.245256301877499, 0.251789847074803, 0.257808845249872, 0.26310543404, 0.267498123615421, 0.270831802955352, 0.272977744797132, 0.273833609224221, 0.273323445956343, 0.271397695481387, 0.268033189218278, 0.263233148920789, 0.257027185525328, 0.249471297613804, 0.240647869609291, 0.230665669750086, 0.219659847797798, 0.207791932324803, 0.195249827288694, 0.182247807422125, 0.169026511721166, 0.155852933962818, 0.143020408653938, 0.130848589992906, 0.119683420109398, 0.109897080674551, 0.27886, 0.256021751023508, 0.23834394461716, 0.225250201845415, 0.216190454374429, 0.210640940705094, 0.20810420353, 0.208109088479919, 0.21021074447093, 0.213990625781977, 0.219056495889077, 0.225042432965446, 0.231608836837953, 0.238442437083217, 0.245256301863992, 0.251789847058866, 0.257808845231372, 0.263105434018858, 0.26749812359162, 0.270831802928926, 0.272977744768167, 0.27383360919285, 0.273323445922737, 0.27139769544576, 0.26803318918088, 0.263233148881907, 0.257027185485287, 0.249471297572974, 0.240647869568086, 0.230665669708971, 0.219659847757296, 0.207791932285501, 0.195249827251249, 0.182247807387269, 0.16902651168971, 0.155852933935652, 0.143020408632027, 0.13084858997727, 0.119683420101073, 0.10989708067452, 0.27886, 0.256021751021787, 0.238343944614429, 0.225250201842167, 0.216190454370962, 0.210640940701536, 0.208104203526335, 0.208109088476012, 0.210210744466561, 0.213990625776861, 0.219056495882898, 0.225042432957876, 0.231608836828678, 0.238442437071949, 0.245256301850487, 0.251789847042932, 0.257808845212873, 0.26310543399772, 0.267498123567822, 0.270831802902504, 0.272977744739207, 0.273833609161482, 0.273323445889136, 0.271397695410138, 0.268033189143486, 0.263233148843029, 0.257027185445252, 0.249471297532149, 0.240647869526886, 0.230665669667861, 0.2196598477168, 0.207791932246205, 0.195249827213809, 0.182247807352418, 0.169026511658258, 0.155852933908491, 0.14302040861012, 0.130848589961636, 0.119683420092751, 0.109897080674491, 0.27886, 0.256021751020067, 0.238343944611698, 0.22525020183892, 0.216190454367496, 0.210640940697979, 0.208104203522671, 0.208109088472107, 0.210210744462192, 0.213990625771747, 0.21905649587672, 0.225042432950308, 0.231608836819403, 0.238442437060682, 0.245256301836983, 0.251789847027, 0.257808845194378, 0.263105433976584, 0.267498123544027, 0.270831802876086, 0.27297774471025, 0.273833609130119, 0.273323445855539, 0.27139769537452, 0.268033189106098, 0.263233148804157, 0.257027185405222, 0.24947129749133, 0.240647869485691, 0.230665669626757, 0.219659847676309, 0.207791932206914, 0.195249827176374, 0.182247807317571, 0.169026511626811, 0.155852933881333, 0.143020408588216, 0.130848589946005, 0.119683420084431, 0.109897080674463, 0.27886, 0.256021751018346, 0.238343944608968, 0.225250201835673, 0.21619045436403, 0.210640940694422, 0.208104203519006, 0.208109088468201, 0.210210744457823, 0.213990625766632, 0.219056495870542, 0.225042432942739, 0.231608836810129, 0.238442437049415, 0.24525630182348, 0.251789847011068, 0.257808845175883, 0.263105433955449, 0.267498123520233, 0.270831802849668, 0.272977744681295, 0.273833609098757, 0.273323445821944, 0.271397695338904, 0.26803318906871, 0.263233148765286, 0.257027185365194, 0.249471297450512, 0.240647869444498, 0.230665669585654, 0.219659847635819, 0.207791932167624, 0.195249827138941, 0.182247807282726, 0.169026511595364, 0.155852933854176, 0.143020408566311, 0.130848589930373, 0.119683420076109, 0.109897080674432
0, 0, 0, 0, 0, 0, 0, 0, 0, 0, 0, 0, 0, 0, 0, 0, 0, 0, 0, 0, 0, 0, 0, 0, 0, 0, 0, 0, 0, 0, 0, 0, 0, 0, 0, 0, 0, 0, 0, 0, 0, 0, 0, 0, 0, 0, 0, 0, 0, 0, 0, 0, 0, 0, 0, 0, 0, 0, 0, 0, 0, 0, 0, 0, 0, 0, 0, 0, 0, 0, 0, 0, 0, 0, 0, 0, 0, 0, 0, 0, 0, 0, 0, 0, 0, 0, 0, 0, 0, 0, 0, 0, 0, 0, 0, 0, 0, 0, 0, 0, 0, 0, 0, 0, 0, 0, 0, 0, 0, 0, 0, 0, 0, 0, 0, 0, 0, 0, 0, 0, 0, 0, 0, 0, 0, 0, 0, 0, 0, 0, 0, 0, 0, 0, 0, 0, 0, 0, 0, 0, 0, 0, 0, 0, 0, 0, 0, 0, 0, 0, 0, 0, 0, 0, 0, 0, 0, 0, 0, 0, 0, 0, 0, 0, 0, 0, 0, 0, 0, 0, 0, 0, 0, 0, 0, 0, 0, 0, 0, 0, 0, 0, 0, 0, 0, 0, 0, 0, 0, 0, 0, 0, 0, 0, 0, 0, 0, 0, 0, 0, 0, 0, 0, 0, 0, 0, 0, 0, 0, 0, 0, 0, 0, 0, 0, 0, 0, 0, 0, 0, 0, 0, 0, 0, 0, 0, 0, 0, 0, 0, 0, 0, 0, 0, 0, 0, 0, 0, 0, 0, 0, 0, 0, 0, 0, 0, 0, 0, 0, 0, 0, 0, 0, 0, 0, 0, 0, 0, 0, 0, 0, 0, 0, 0, 0, 0, 0, 0, 0, 0, 0, 0, 0, 0, 0, 0, 0, 0, 0, 0, 0, 0, 0, 0, 0, 0, 0, 0, 0, 0, 0, 0, 0, 0, 0, 0, 0, 0, 0, 0, 0, 0, 0, 0, 0, 0, 0, 0, 0, 0, 0, 0, 0, 0, 0, 0, 0, 0, 0, 0, 0, 0, 0, 0, 0, 0, 0, 0, 0, 0, 0, 0, 0, 0, 0, 0, 0, 0, 0, 0, 0, 0, 0, 0, 0, 0, 0, 0, 0, 0, 0, 0, 0, 0, 0, 0, 0, 0, 0, 0, 0, 0, 0, 0, 0, 0, 0, 0, 0, 0, 0, 0, 0, 0, 0, 0, 0, 0, 0, 0, 0, 0, 0, 0, 0, 0, 0, 0, 0, 0, 0, 0, 0, 0, 0, 0, 0, 0, 0, 0, 0, 0, 0, 0, 0, 0, 0, 0, 0, 0, 0, 0, 0, 0, 0, 0, 0, 0, 0, 0, 0, 0, 0, 0, 0, 0, 0, 0, 0, 0, 0, 0, 0, 0, 0, 0, 0, 0, 0, 0, 0, 0, 0, 0, 0, 0, 0, 0, 0, 0, 0, 0, 0, 0, 0, 0, 0, 0, 0, 0, 0, 0, 0, 0, 0, 0, 0, 0, 0, 0, 0, 0, 0, 0, 0, 0, 0, 0, 0, 0, 0, 0, 0, 0, 0, 0, 0, 0, 0, 0, 0, 0, 0, 0, 0, 0, 0, 0, 0, 0, 0, 0, 0, 0, 0, 0, 0, 0, 0, 0, 0, 0, 0, 0, 0, 0, 0, 0, 0, 0, 0, 0, 0, 0, 0, 0, 0, 0, 0, 0, 0, 0, 0, 0, 0, 0, 0, 0, 0, 0, 0, 0, 0, 0, 0, 0, 0, 0, 0, 0, 0, 0, 0, 0, 0, 0, 0, 0, 0, 0, 0, 0, 0, 0, 0, 0, 0, 0, 0, 0, 0, 0, 0, 0, 0, 0, 0, 0, 0, 0, 0, 0, 0, 0, 0, 0, 0, 0, 0, 0, 0, 0, 0, 0, 0, 0, 0, 0, 0, 0, 0, 0, 0, 0, 0, 0, 0, 0, 0, 0, 0, 0, 0, 0, 0, 0, 0, 0, 0, 0, 0, 0, 0, 0, 0, 0, 0, 0, 0, 0, 0, 0, 0, 0, 0, 0, 0, 0, 0, 0, 0, 0, 0, 0, 0, 0, 0, 0, 0, 0, 0, 0, 0, 0, 0, 0, 0, 0, 0, 0, 0, 0, 0, 0, 0, 0, 0, 0, 0, 0, 0, 0, 0, 0, 0, 0, 0, 0, 0, 0, 0, 0, 0, 0, 0, 0, 0, 0, 0, 0, 0, 0, 0, 0, 0, 0, 0, 0, 0, 0, 0, 0, 0, 0, 0, 0, 0, 0, 0, 0, 0, 0, 0, 0, 0, 0, 0, 0, 0, 0, 0, 0, 0, 0, 0, 0, 0, 0, 0, 0, 0, 0, 0, 0, 0, 0, 0, 0, 0, 0, 0, 0, 0, 0, 0, 0, 0, 0, 0, 0, 0, 0, 0, 0, 0, 0, 0, 0, 0, 0, 0, 0, 0, 0, 0, 0, 0, 0, 0, 0, 0, 0, 0, 0, 0, 0, 0, 0, 0, 0, 0, 0, 0, 0, 0, 0, 0, 0, 0, 0, 0, 0, 0, 0, 0, 0, 0, 0, 0, 0, 0, 0, 0, 0, 0, 0, 0, 0, 0, 0, 0, 0, 0, 0, 0, 0, 0, 0, 0, 0, 0, 0, 0, 0, 0, 0, 0, 0, 0, 0, 0, 0, 0, 0, 0, 0, 0, 0, 0, 0, 0, 0, 0, 0, 0, 0, 0, 0, 0, 0, 0, 0, 0, 0, 0, 0, 0, 0, 0, 0, 0, 0, 0, 0, 0, 0, 0, 0, 0, 0, 0, 0, 0, 0, 0, 0, 0, 0, 0, 0, 0, 0, 0, 0, 0, 0, 0, 0, 0, 0, 0, 0, 0, 0, 0, 0, 0, 0, 0, 0, 0, 0, 0, 0, 0, 0, 0, 0, 0, 0, 0, 0, 0, 0, 0, 0, 0, 0, 0, 0, 0, 0, 0, 0, 0, 0, 0, 0, 0, 0, 0, 0, 0, 0, 0, 0, 0, 0, 0, 0, 0, 0, 0, 0, 0, 0, 0, 0, 0, 0, 0, 0, 0, 0, 0, 0, 0, 0, 0, 0, 0, 0, 0, 0, 0, 0, 0, 0, 0, 0, 0, 0, 0, 0, 0, 0, 0, 0, 0, 0, 0, 0, 0, 0, 0, 0, 0, 0, 0, 0, 0, 0, 0, 0, 0, 0, 0, 0, 0, 0, 0, 0, 0, 0, 0, 0, 0, 0, 0, 0, 0, 0, 0, 0, 0, 0, 0, 0, 0, 0, 0, 0, 0, 0, 0, 0, 0, 0, 0, 0, 0, 0, 0, 0, 0, 0, 0, 0, 0, 0, 0, 0, 0, 0, 0, 0, 0, 0, 0, 0, 0, 0, 0, 0, 0, 0, 0, 0, 0, 0, 0, 0, 0, 0, 0, 0, 0, 0, 0, 0, 0, 0, 0, 0, 0, 0, 0, 0, 0, 0, 0, 0, 0, 0, 0, 0, 0, 0, 0, 0, 0, 0, 0, 0, 0, 0, 0, 0, 0, 0, 0, 0, 0, 0, 0, 0, 0, 0, 0, 0, 0, 0, 0, 0, 0, 0, 0, 0, 0, 0, 0, 0, 0, 0, 0, 0, 0, 0, 0, 0, 0, 0, 0, 0, 0, 0, 0, 0, 0, 0, 0, 0, 0, 0, 0, 0, 0, 0, 0, 0, 0, 0, 0, 0, 0, 0, 0, 0, 0, 0, 0, 0, 0, 0, 0, 0, 0, 0, 0, 0, 0, 0, 0, 0, 0, 0, 0, 0, 0, 0, 0, 0, 0, 0, 0, 0, 0, 0, 0, 0, 0, 0, 0, 0, 0, 0, 0, 0, 0, 0, 0, 0, 0, 0, 0, 0, 0, 0, 0, 0, 0, 0, 0, 0, 0, 0, 0, 0, 0, 0, 0, 0, 0, 0, 0, 0, 0, 0, 0, 0, 0, 0, 0, 0, 0, 0, 0, 0, 0, 0, 0, 0, 0, 0, 0, 0, 0, 0, 0, 0, 0, 0, 0, 0, 0, 0, 0, 0, 0, 0, 0, 0, 0, 0, 0, 0, 0, 0, 0, 0, 0, 0, 0, 0, 0, 0, 0, 0, 0, 0, 0, 0, 0, 0, 0, 0, 0, 0, 0, 0, 0, 0, 0, 0, 0, 0, 0, 0, 0, 0, 0, 0, 0, 0, 0, 0, 0, 0, 0, 0, 0, 0, 0, 0, 0, 0, 0, 0, 0, 0, 0, 0, 0, 0, 0, 0, 0, 0, 0, 0, 0, 0, 0, 0, 0, 0, 0, 0, 0, 0, 0, 0, 0, 0, 0, 0, 0, 0, 0, 0, 0, 0, 0, 0, 0, 0, 0, 0, 0, 0, 0, 0, 0, 0, 0, 0, 0, 0, 0, 0, 0, 0, 0, 0, 0, 0, 0, 0, 0, 0, 0, 0, 0, 0, 0, 0, 0, 0, 0, 0, 0, 0, 0, 0, 0, 0, 0, 0, 0, 0, 0, 0, 0, 0, 0, 0, 0, 0, 0, 0, 0, 0, 0, 0, 0, 0, 0, 0, 0, 0, 0, 0, 0, 0, 0, 0, 0, 0, 0, 0, 0, 0, 0, 0, 0, 0, 0, 0, 0, 0, 0, 0, 0, 0, 0, 0, 0, 0, 0, 0, 0, 0, 0, 0, 0, 0, 0, 0, 0, 0, 0, 0, 0, 0, 0, 0, 0, 0, 0, 0, 0, 0, 0, 0, 0, 0, 0, 0, 0, 0, 0, 0, 0, 0, 0, 0, 0, 0, 0, 0, 0, 0, 0, 0, 0, 0, 0, 0, 0, 0, 0, 0, 0, 0, 0, 0, 0, 0, 0, 0, 0, 0, 0, 0, 0, 0, 0, 0, 0, 0, 0, 0, 0, 0, 0, 0, 0, 0, 0, 0, 0, 0, 0, 0, 0, 0, 0, 0, 0, 0, 0, 0, 0, 0, 0, 0, 0, 0, 0, 0, 0, 0, 0, 0, 0, 0, 0, 0, 0, 0, 0, 0, 0, 0, 0, 0, 0, 0, 0, 0, 0, 0, 0, 0, 0, 0, 0, 0, 0, 0, 0, 0, 0, 0, 0, 0, 0, 0, 0, 0, 0, 0, 0, 0, 0, 0, 0, 0, 0, 0
0, 0, 0, 0, 0, 0, 0, 0, 0, 0, 0, 0, 0, 0, 0, 0, 0, 0, 0, 0, 0, 0, 0, 0, 0, 0, 0, 0, 0, 0, 0, 0, 0, 0, 0, 0, 0, 0, 0, 0, 0, 0, 0, 0, 0, 0, 0, 0, 0, 0, 0, 0, 0, 0, 0, 0, 0, 0, 0, 0, 0, 0, 0, 0, 0, 0, 0, 0, 0, 0, 0, 0, 0, 0, 0, 0, 0, 0, 0, 0, 0, 0, 0, 0, 0, 0, 0, 0, 0, 0, 0, 0, 0, 0, 0, 0, 0, 0, 0, 0, 0, 0, 0, 0, 0, 0, 0, 0, 0, 0, 0, 0, 0, 0, 0, 0, 0, 0, 0, 0, 0, 0, 0, 0, 0, 0, 0, 0, 0, 0, 0, 0, 0, 0, 0, 0, 0, 0, 0, 0, 0, 0, 0, 0, 0, 0, 0, 0, 0, 0, 0, 0, 0, 0, 0, 0, 0, 0, 0, 0, 0, 0, 0, 0, 0, 0, 0, 0, 0, 0, 0, 0, 0, 0, 0, 0, 0, 0, 0, 0, 0, 0, 0, 0, 0, 0, 0, 0, 0, 0, 0, 0, 0, 0, 0, 0, 0, 0, 0, 0, 0, 0, 0, 0, 0, 0, 0, 0, 0, 0, 0, 0, 0, 0, 0, 0, 0, 0, 0, 0, 0, 0, 0, 0, 0, 0, 0, 0, 0, 0, 0, 0, 0, 0, 0, 0, 0, 0, 0, 0, 0, 0, 0, 0, 0, 0, 0, 0, 0, 0, 0, 0, 0, 0, 0, 0, 0, 0, 0, 0, 0, 0, 0, 0, 0, 0, 0, 0, 0, 0, 0, 0, 0, 0, 0, 0, 0, 0, 0, 0, 0, 0, 0, 0, 0, 0, 0, 0, 0, 0, 0, 0, 0, 0, 0, 0, 0, 0, 0, 0, 0, 0, 0, 0, 0, 0, 0, 0, 0, 0, 0, 0, 0, 0, 0, 0, 0, 0, 0, 0, 0, 0, 0, 0, 0, 0, 0, 0, 0, 0, 0, 0, 0, 0, 0, 0, 0, 0, 0, 0, 0, 0, 0, 0, 0, 0, 0, 0, 0, 0, 0, 0, 0, 0, 0, 0, 0, 0, 0, 0, 0, 0, 0, 0, 0, 0, 0, 0, 0, 0, 0, 0, 0, 0, 0, 0, 0, 0, 0, 0, 0, 0, 0, 0, 0, 0, 0, 0, 0, 0, 0, 0, 0, 0, 0, 0, 0, 0, 0, 0, 0, 0, 0, 0, 0, 0, 0, 0, 0, 0, 0, 0, 0, 0, 0, 0, 0, 0, 0, 0, 0, 0, 0, 0, 0, 0, 0, 0, 0, 0, 0, 0, 0, 0, 0, 0, 0, 0, 0, 0, 0, 0, 0, 0, 0, 0, 0, 0, 0, 0, 0, 0, 0, 0, 0, 0, 0, 0, 0, 0, 0, 0, 0, 0, 0, 0, 0, 0, 0, 0, 0, 0, 0, 0, 0, 0, 0, 0, 0, 0, 0, 0, 0, 0, 0, 0, 0, 0, 0, 0, 0, 0, 0, 0, 0, 0, 0, 0, 0, 0, 0, 0, 0, 0, 0, 0, 0, 0, 0, 0, 0, 0, 0, 0, 0, 0, 0, 0, 0, 0, 0, 0, 0, 0, 0, 0, 0, 0, 0, 0, 0, 0, 0, 0, 0, 0, 0, 0, 0, 0, 0, 0, 0, 0, 0, 0, 0, 0, 0, 0, 0, 0, 0, 0, 0, 0, 0, 0, 0, 0, 0, 0, 0, 0, 0, 0, 0, 0, 0, 0, 0, 0, 0, 0, 0, 0, 0, 0, 0, 0, 0, 0, 0, 0, 0, 0, 0, 0, 0, 0, 0, 0, 0, 0, 0, 0, 0, 0, 0, 0, 0, 0, 0, 0, 0, 0, 0, 0, 0, 0, 0, 0, 0, 0, 0, 0, 0, 0, 0, 0, 0, 0, 0, 0, 0, 0, 0, 0, 0, 0, 0, 0, 0, 0, 0, 0, 0, 0, 0, 0, 0, 0, 0, 0, 0, 0, 0, 0, 0, 0, 0, 0, 0, 0, 0, 0, 0, 0, 0, 0, 0, 0, 0, 0, 0, 0, 0, 0, 0, 0, 0, 0, 0, 0, 0, 0, 0, 0, 0, 0, 0, 0, 0, 0, 0, 0, 0, 0, 0, 0, 0, 0, 0, 0, 0, 0, 0, 0, 0, 0, 0, 0, 0, 0, 0, 0, 0, 0, 0, 0, 0, 0, 0, 0, 0, 0, 0, 0, 0, 0, 0, 0, 0, 0, 0, 0, 0, 0, 0, 0, 0, 0, 0, 0, 0, 0, 0, 0, 0, 0, 0, 0, 0, 0, 0, 0, 0, 0, 0, 0, 0, 0, 0, 0, 0, 0, 0, 0, 0, 0, 0, 0, 0, 0, 0, 0, 0, 0, 0, 0, 0, 0, 0, 0, 0, 0, 0, 0, 0, 0, 0, 0, 0, 0, 0, 0, 0, 0, 0, 0, 0, 0, 0, 0, 0, 0, 0, 0, 0, 0, 0, 0, 0, 0, 0, 0, 0, 0, 0, 0, 0, 0, 0, 0, 0, 0, 0, 0, 0, 0, 0, 0, 0, 0, 0, 0, 0, 0, 0, 0, 0, 0, 0, 0, 0, 0, 0, 0, 0, 0, 0, 0, 0, 0, 0, 0, 0, 0, 0, 0, 0, 0, 0, 0, 0, 0, 0, 0, 0, 0, 0, 0, 0, 0, 0, 0, 0, 0, 0, 0, 0, 0, 0, 0, 0, 0, 0, 0, 0, 0, 0, 0, 0, 0, 0, 0, 0, 0, 0, 0, 0, 0, 0, 0, 0, 0, 0, 0, 0, 0, 0, 0, 0, 0, 0, 0, 0, 0, 0, 0, 0, 0, 0, 0, 0, 0, 0, 0, 0, 0, 0, 0, 0, 0, 0, 0, 0, 0, 0, 0, 0, 0, 0, 0, 0, 0, 0, 0, 0, 0, 0, 0, 0, 0, 0, 0, 0, 0, 0, 0, 0, 0, 0, 0, 0, 0, 0, 0, 0, 0, 0, 0, 0, 0, 0, 0, 0, 0, 0, 0, 0, 0, 0, 0, 0, 0, 0, 0, 0, 0, 0, 0, 0, 0, 0, 0, 0, 0, 0, 0, 0, 0, 0, 0, 0, 0, 0, 0, 0, 0, 0, 0, 0, 0, 0, 0, 0, 0, 0, 0, 0, 0, 0, 0, 0, 0, 0, 0, 0, 0, 0, 0, 0, 0, 0, 0, 0, 0, 0, 0, 0, 0, 0, 0, 0, 0, 0, 0, 0, 0, 0, 0, 0, 0, 0, 0, 0, 0, 0, 0, 0, 0, 0, 0, 0, 0, 0, 0, 0, 0, 0, 0, 0, 0, 0, 0, 0, 0, 0, 0, 0, 0, 0, 0, 0, 0, 0, 0, 0, 0, 0, 0, 0, 0, 0, 0, 0, 0, 0, 0, 0, 0, 0, 0, 0, 0, 0, 0, 0, 0, 0, 0, 0, 0, 0, 0, 0, 0, 0, 0, 0, 0, 0, 0, 0, 0, 0, 0, 0, 0, 0, 0, 0, 0, 0, 0, 0, 0, 0, 0, 0, 0, 0, 0, 0, 0, 0, 0, 0, 0, 0, 0, 0, 0, 0, 0, 0, 0, 0, 0, 0, 0, 0, 0, 0, 0, 0, 0, 0, 0, 0, 0, 0, 0, 0, 0, 0, 0, 0, 0, 0, 0, 0, 0, 0, 0, 0, 0, 0, 0, 0, 0, 0, 0, 0, 0, 0, 0, 0, 0, 0, 0, 0, 0, 0, 0, 0, 0, 0, 0, 0, 0, 0, 0, 0, 0, 0, 0, 0, 0, 0, 0, 0, 0, 0, 0, 0, 0, 0, 0, 0, 0, 0, 0, 0, 0, 0, 0, 0, 0, 0, 0, 0, 0, 0, 0, 0, 0, 0, 0, 0, 0, 0, 0, 0, 0, 0, 0, 0, 0, 0, 0, 0, 0, 0, 0, 0, 0, 0, 0, 0, 0, 0, 0, 0, 0, 0, 0, 0, 0, 0, 0, 0, 0, 0, 0, 0, 0, 0, 0, 0, 0, 0, 0, 0, 0, 0, 0, 0, 0, 0, 0, 0, 0, 0, 0, 0, 0, 0, 0, 0, 0, 0, 0, 0, 0, 0, 0, 0, 0, 0, 0, 0, 0, 0, 0, 0, 0, 0, 0, 0, 0, 0, 0, 0, 0, 0, 0, 0, 0, 0, 0, 0, 0, 0, 0, 0, 0, 0, 0, 0, 0, 0, 0, 0, 0, 0, 0, 0, 0, 0, 0, 0, 0, 0, 0, 0, 0, 0, 0, 0, 0, 0, 0, 0, 0, 0, 0, 0, 0, 0, 0, 0, 0, 0, 0, 0, 0, 0, 0, 0, 0, 0, 0, 0, 0, 0, 0, 0, 0, 0, 0, 0, 0, 0, 0, 0, 0, 0, 0, 0, 0, 0, 0, 0, 0, 0, 0, 0, 0, 0, 0, 0, 0, 0, 0, 0, 0, 0, 0, 0, 0, 0, 0, 0, 0, 0, 0, 0, 0, 0, 0, 0, 0, 0, 0, 0, 0, 0, 0, 0, 0, 0, 0, 0, 0, 0, 0, 0, 0, 0, 0, 0, 0, 0, 0, 0, 0, 0, 0, 0, 0, 0, 0, 0, 0, 0, 0, 0, 0, 0, 0, 0, 0, 0, 0, 0, 0, 0, 0, 0, 0, 0, 0, 0, 0, 0, 0, 0, 0, 0, 0, 0, 0, 0, 0, 0, 0, 0, 0, 0, 0, 0, 0, 0, 0, 0, 0, 0, 0, 0, 0, 0, 0, 0, 0, 0, 0, 0, 0, 0, 0, 0, 0, 0, 0, 0, 0, 0, 0, 0, 0, 0, 0, 0, 0, 0, 0, 0, 0, 0, 0, 0, 0, 0, 0, 0, 0, 0, 0, 0, 0, 0, 0, 0, 0, 0, 0, 0, 0, 0, 0, 0, 0, 0, 0, 0, 0, 0, 0, 0, 0, 0, 0, 0, 0, 0, 0, 0, 0, 0, 0, 0, 0, 0, 0, 0, 0, 0, 0, 0, 0, 0, 0, 0, 0, 0, 0, 0, 0
0, 0.00572230900723208, 0.0114488257725181, 0.017179550295858, 0.0229144825772518, 0.0286536226166995, 0.0343969704142012, 0.0401445259697567, 0.0458962892833662, 0.0516522603550296, 0.0574124391847469, 0.0631768257725181, 0.0689454201183432, 0.0747182222222222, 0.0804952320841551, 0.086276449704142, 0.0920618750821827, 0.0978515082182774, 0.103645349112426, 0.109443397764628, 0.115245654174885, 0.121052118343195, 0.126862790269559, 0.132677669953978, 0.13849675739645, 0.144320052596976, 0.150147555555555, 0.155979266272189, 0.161815184746877, 0.167655310979619, 0.173499644970414, 0.179348186719264, 0.185200936226167, 0.191057893491124, 0.196919058514135, 0.2027844312952, 0.208654011834319, 0.214527800131492, 0.220405796186719, 0.226288, 0, -0.0167634524562531, -0.0331315454284272, -0.0489482196319134, -0.0640766600552161, -0.0783983964906671, -0.0918124045164008, -0.104234206898992, -0.115594975354785, -0.125840632576819, -0.134930954406854, -0.14283867201187, -0.149548573914692, -0.155056607731132, -0.159368981481826, -0.162501264374561, -0.164477486989645, -0.165329240842648, -0.165094777341061, -0.163818106189702, -0.161548093330293, -0.15833755852148, -0.154242372675696, -0.149320555069701, -0.143631370538056, -0.137234426746179, -0.130188771624859, -0.122551991034474, -0.114379306717489, -0.105722674594912, -0.0966298834689988, -0.0871436542138181, -0.0773007395714886, -0.0671310247313761, -0.0566566289623988, -0.0458910087115354, -0.034838062802682, -0.0234912407171697, -0.0118326554944946, 0.000167796289888946, 0, -0.0167616215628195, -0.0331281586918098, -0.0489435482564905, -0.06407097144593, -0.0783919543015814, -0.0918054687008581, -0.10422703376104, -0.115587817601785, -0.125833739373438, -0.134924571430927, -0.142833041512923, -0.149543934776133, -0.155053195537306, -0.159367028591191, -0.162501000000248, -0.164479137288546, -0.165333029014002, -0.165100923735296, -0.163826828428024, -0.161559606435324, -0.158352075059003, -0.154260102907467, -0.149341707117158, -0.143656150556747, -0.137263039110717, -0.130221419124283, -0.122588875077958, -0.114420627550434, -0.105768631525567, -0.0966806751058906, -0.087199478714422, -0.0773617949027757, -0.067197508943176, -0.056728740474952, -0.0459689466192923, -0.0349220271974965, -0.0235814330358028, -0.0119292788982816, 6.45364903632834e-05, 0, -0.0167616305092093, -0.0331281765810934, -0.0489435749730867, -0.0640710067743251, -0.0783919979380905, -0.0918055202649954, -0.104227092806498, -0.115587883627024, -0.125833811831882, -0.134924649740778, -0.142833125066576, -0.149544022949208, -0.155053287697293, -0.159367124105706, -0.162501098244903, -0.164479237654433, -0.165333130914791, -0.165101026613945, -0.163826931763107, -0.16155970974697, -0.158352177914451, -0.154260204926231, -0.149341807975808, -0.143656249993299, -0.137263136928639, -0.13022151519611, -0.122588969348519, -0.114420720039689, -0.105768722331056, -0.0966807644047934, -0.0871995667652242, -0.0773618820465494, -0.0671975956044661, -0.0567288271622706, -0.04596903392522, -0.0349221157983882, -0.0235815236910947, -0.0119293724493958, 6.44391215227826e-05, 0, -0.0167616306077495, -0.0331281767636887, -0.0489435752253888, -0.0640710070821397, -0.0783919982873934, -0.0918055206419469, -0.104227093197456, -0.115587884018554, -0.125833812210767, -0.134924650094022, -0.142833125381411, -0.149544023213092, -0.155053287897912, -0.159367124230967, -0.162501098282929, -0.164479237593556, -0.165333130743544, -0.165101026321051, -0.16382693133747, -0.161559709177661, -0.158352177190699, -0.154260204037412, -0.149341806911429, -0.143656248742991, -0.137263135482141, -0.130221513543254, -0.12258896747922, -0.114420717943928, -0.105768719998865, -0.0966807618262402, -0.0871995639303963, -0.077361878945537, -0.0671975922273469, -0.0567288234990957, -0.0459690299660018, -0.0349221115330939, -0.0235815191096476, -0.0119293675416907, 6.44443655804516e-05, 0, -0.0167616306091269, -0.0331281767661353, -0.0489435752285911, -0.0640710070857882, -0.078391998291192, -0.0918055206456209, -0.104227093200759, -0.115587884021274, -0.125833812212731, -0.134924650095098, -0.142833125381508, -0.149544023212161, -0.15505328789594, -0.159367124227977, -0.162501098278971, -0.164479237588705, -0.16533313073789, -0.165101026314696, -0.163826931330521, -0.161559709170227, -0.158352177182885, -0.154260204029314, -0.149341806903138, -0.143656248734583, -0.137263135473681, -0.130221513534798, -0.122588967470809, -0.114420717935594, -0.105768719990628, -0.096680761818113, -0.087199563922386, -0.0773618789376486, -0.0671975922195891, -0.0567288234914887, -0.0459690299585898, -0.0349221115259636, -0.0235815191029572, -0.0119293675357147, 6.44443703801401e-05, 0, -0.0167616306109568, -0.0331281767694863, -0.0489435752331433, -0.0640710070912211, -0.0783919982971936, -0.091805520651897, -0.104227093207041, -0.115587884027324, -0.125833812218347, -0.134924650100119, -0.142833125385812, -0.149544023215667, -0.155053287898604, -0.159367124229787, -0.162501098279948, -0.164479237588892, -0.165333130737348, -0.165101026313499, -0.16382693132875, -0.161559709167966, -0.158352177180215, -0.154260204026316, -0.149341806899882, -0.143656248731134, -0.137263135470096, -0.130221513531124, -0.122588967467085, -0.114420717931851, -0.105768719986893, -0.0966807618144073, -0.0871995639187292, -0.0773618789340629, -0.0671975922161041, -0.0567288234881499, -0.0459690299554709, -0.0349221115231851, -0.023581519100715, -0.0119293675343247, 6.44443704101941e-05, 0, -0.0167616306127868, -0.0331281767728375, -0.0489435752376959, -0.0640710070966544, -0.0783919983031958, -0.0918055206581737, -0.104227093213323, -0.115587884033374, -0.125833812223964, -0.134924650105141, -0.142833125390117, -0.149544023219174, -0.155053287901268, -0.1593671242316, -0.162501098280927, -0.164479237589081, -0.165333130736808, -0.165101026312303, -0.16382693132698, -0.161559709165705, -0.158352177177547, -0.154260204023318, -0.149341806896627, -0.143656248727686, -0.137263135466511, -0.13022151352745, -0.122588967463361, -0.114420717928109, -0.105768719983158, -0.0966807618107016, -0.0871995639150724, -0.077361878930477, -0.0671975922126188, -0.0567288234848108, -0.0459690299523516, -0.034922111520406, -0.0235815190984719, -0.0119293675329338, 6.44443704414573e-05, 0, -0.0167616306146165, -0.0331281767761883, -0.0489435752422479, -0.064071007102087, -0.0783919983091972, -0.0918055206644497, -0.104227093219604, -0.115587884039423, -0.125833812229581, -0.134924650110162, -0.142833125394422, -0.14954402322268, -0.155053287903932, -0.159367124233411, -0.162501098281906, -0.164479237589269, -0.165333130736267, -0.165101026311107, -0.16382693132521, -0.161559709163444, -0.158352177174878, -0.154260204020319, -0.149341806893371, -0.143656248724238, -0.137263135462926, -0.130221513523775, -0.122588967459636, -0.114420717924366, -0.105768719979423, -0.0966807618069951, -0.0871995639114147, -0.0773618789268902, -0.0671975922091325, -0.0567288234814706, -0.0459690299492311, -0.0349221115176256, -0.0235815190962275, -0.0119293675315413, 6.44443704745229e-05, 0, -0.0167616306164461, -0.0331281767795387, -0.0489435752467995, -0.0640710071075191, -0.078391998315198, -0.0918055206707249, -0.104227093225885, -0.115587884045472, -0.125833812235196, -0.134924650115183, -0.142833125398726, -0.149544023226186, -0.155053287906596, -0.159367124235222, -0.162501098282884, -0.164479237589457, -0.165333130735726, -0.165101026309911, -0.16382693132344, -0.161559709161184, -0.15835217717221, -0.154260204017322, -0.149341806890116, -0.14365624872079, -0.137263135459342, -0.130221513520101, -0.122588967455912, -0.114420717920624, -0.105768719975689, -0.0966807618032897, -0.0871995639077582, -0.0773618789233045, -0.0671975922056475, -0.0567288234781316, -0.0459690299461119, -0.0349221115148466, -0.0235815190939844, -0.0119293675301501, 6.44443705063481e-05, 0, -0.0167616306182755, -0.0331281767828889, -0.0489435752513506, -0.0640710071129507, -0.0783919983211983, -0.0918055206769997, -0.104227093232165, -0.11558788405152, -0.125833812240811, -0.134924650120203, -0.142833125403029, -0.149544023229691, -0.155053287909259, -0.159367124237034, -0.162501098283862, -0.164479237589645, -0.165333130735185, -0.165101026308716, -0.16382693132167, -0.161559709158924, -0.158352177169542, -0.154260204014324, -0.149341806886861, -0.143656248717343, -0.137263135455757, -0.130221513516428, -0.122588967452189, -0.114420717916882, -0.105768719971954, -0.0966807617995844, -0.0871995639041018, -0.077361878919719, -0.0671975922021625, -0.0567288234747927, -0.0459690299429928, -0.0349221115120675, -0.0235815190917411, -0.0119293675287587, 6.44443705385897e-05, 0, -0.0167616306201048, -0.0331281767862387, -0.0489435752559013, -0.0640710071183817, -0.078391998327198, -0.0918055206832738, -0.104227093238445, -0.115587884057568, -0.125833812246426, -0.134924650125223, -0.142833125407333, -0.149544023233197, -0.155053287911922, -0.159367124238845, -0.16250109828484, -0.164479237589834, -0.165333130734645, -0.16510102630752, -0.163826931319901, -0.161559709156664, -0.158352177166874, -0.154260204011328, -0.149341806883607, -0.143656248713896, -0.137263135452174, -0.130221513512755, -0.122588967448466, -0.114420717913141, -0.105768719968221, -0.0966807617958799, -0.0871995639004461, -0.0773618789161342, -0.0671975921986782, -0.0567288234714545, -0.0459690299398742, -0.034922111509289, -0.0235815190894985, -0.0119293675273678, 6.44443705703924e-05, 0, -0.0167616306219338, -0.0331281767895882, -0.0489435752604516, -0.0640710071238123, -0.0783919983331972, -0.0918055206895475, -0.104227093244724, -0.115587884063615, -0.12583381225204, -0.134924650130242, -0.142833125411636, -0.149544023236702, -0.155053287914586, -0.159367124240656, -0.162501098285819, -0.164479237590022, -0.165333130734105, -0.165101026306325, -0.163826931318132, -0.161559709154405, -0.158352177164207, -0.154260204008331, -0.149341806880354, -0.14365624871045, -0.137263135448591, -0.130221513509083, -0.122588967444744, -0.114420717909401, -0.105768719964488, -0.0966807617921761, -0.0871995638967911, -0.07736187891255, -0.0671975921951946, -0.056728823468117, -0.0459690299367565, -0.0349221115065113, -0.0235815190872566, -0.0119293675259776, 6.44443706016278e-05, 0, -0.0167616306237626, -0.0331281767929372, -0.0489435752650012, -0.0640710071292421, -0.0783919983391954, -0.0918055206958201, -0.104227093251002, -0.115587884069662, -0.125833812257653, -0.13492465013526, -0.142833125415938, -0.149544023240206, -0.155053287917248, -0.159367124242467, -0.162501098286797, -0.16447923759021, -0.165333130733565, -0.16510102630513, -0.163826931316362, -0.161559709152145, -0.15835217716154, -0.154260204005335, -0.149341806877101, -0.143656248707004, -0.137263135445008, -0.130221513505411, -0.122588967441022, -0.114420717905661, -0.105768719960755, -0.0966807617884726, -0.0871995638931366, -0.0773618789089665, -0.0671975921917117, -0.0567288234647802, -0.0459690299336394, -0.0349221115037343, -0.0235815190850153, -0.011929367524588, 6.44443706322873e-05, 0, -0.0167616306255913, -0.033128176796286, -0.0489435752695506, -0.0640710071346716, -0.0783919983451933, -0.0918055207020924, -0.10422709325728, -0.115587884075708, -0.125833812263266, -0.134924650140279, -0.14283312542024, -0.14954402324371, -0.15505328791991, -0.159367124244277, -0.162501098287774, -0.164479237590398, -0.165333130733024, -0.165101026303935, -0.163826931314593, -0.161559709149886, -0.158352177158873, -0.154260204002339, -0.149341806873847, -0.143656248703557, -0.137263135441425, -0.130221513501739, -0.122588967437299, -0.11442071790192, -0.105768719957022, -0.0966807617847685, -0.0871995638894813, -0.077361878905382, -0.0671975921882276, -0.0567288234614422, -0.0459690299305209, -0.0349221115009558, -0.0235815190827724, -0.0119293675231965, 6.44443706652193e-05, 0, -0.0167616306274198, -0.0331281767996345, -0.0489435752740994, -0.0640710071401003, -0.0783919983511905, -0.0918055207083639, -0.104227093263557, -0.115587884081753, -0.125833812268879, -0.134924650145296, -0.142833125424541, -0.149544023247214, -0.155053287922572, -0.159367124246087, -0.162501098288752, -0.164479237590587, -0.165333130732484, -0.16510102630274, -0.163826931312824, -0.161559709147627, -0.158352177156207, -0.154260203999343, -0.149341806870594, -0.143656248700112, -0.137263135437843, -0.130221513498067, -0.122588967433578, -0.114420717898181, -0.105768719953291, -0.0966807617810657, -0.0871995638858274, -0.0773618789017989, -0.0671975921847452, -0.0567288234581058, -0.0459690299274042, -0.0349221114981791, -0.0235815190805313, -0.0119293675218069, 6.44443706961824e-05, 0, -0.0167616306292481, -0.0331281768029826, -0.0489435752786478, -0.0640710071455287, -0.0783919983571872, -0.0918055207146349, -0.104227093269833, -0.115587884087797, -0.125833812274491, -0.134924650150313, -0.142833125428842, -0.149544023250717, -0.155053287925234, -0.159367124247898, -0.16250109828973, -0.164479237590775, -0.165333130731944, -0.165101026301545, -0.163826931311056, -0.161559709145368, -0.15835217715354, -0.154260203996347, -0.149341806867342, -0.143656248696666, -0.137263135434261, -0.130221513494396, -0.122588967429857, -0.114420717894441, -0.105768719949558, -0.0966807617773624, -0.0871995638821729, -0.0773618788982152, -0.0671975921812619, -0.0567288234547684, -0.0459690299242864, -0.0349221114954011, -0.0235815190782888, -0.0119293675204157, 6.44443707290762e-05, 0, -0.0167616306310763, -0.0331281768063304, -0.0489435752831958, -0.0640710071509565, -0.0783919983631833, -0.0918055207209053, -0.104227093276109, -0.115587884093842, -0.125833812280102, -0.13492465015533, -0.142833125433143, -0.149544023254221, -0.155053287927896, -0.159367124249708, -0.162501098290708, -0.164479237590963, -0.165333130731404, -0.16510102630035, -0.163826931309288, -0.16155970914311, -0.158352177150875, -0.154260203993353, -0.14934180686409, -0.143656248693222, -0.13726313543068, -0.130221513490725, -0.122588967426136, -0.114420717890702, -0.105768719945827, -0.0966807617736605, -0.0871995638785199, -0.0773618788946331, -0.0671975921777803, -0.0567288234514329, -0.0459690299211705, -0.0349221114926251, -0.0235815190760484, -0.0119293675190265, 6.44443707599144e-05, 0, -0.0167616306329042, -0.0331281768096779, -0.0489435752877434, -0.0640710071563838, -0.0783919983691789, -0.0918055207271752, -0.104227093282385, -0.115587884099885, -0.125833812285713, -0.134924650160346, -0.142833125437444, -0.149544023257724, -0.155053287930557, -0.159367124251518, -0.162501098291685, -0.164479237591151, -0.165333130730864, -0.165101026299156, -0.163826931307519, -0.161559709140852, -0.158352177148209, -0.154260203990358, -0.149341806860838, -0.143656248689777, -0.137263135427098, -0.130221513487055, -0.122588967422415, -0.114420717886963, -0.105768719942095, -0.0966807617699576, -0.0871995638748656, -0.0773618788910495, -0.067197592174297, -0.0567288234480955, -0.0459690299180526, -0.0349221114898468, -0.0235815190738054, -0.0119293675176346, 6.44443707938404e-05, 0, -0.016761630634732, -0.033128176813025, -0.0489435752922904, -0.0640710071618105, -0.0783919983751737, -0.0918055207334442, -0.104227093288659, -0.115587884105928, -0.125833812291323, -0.134924650165362, -0.142833125441743, -0.149544023261226, -0.155053287933218, -0.159367124253327, -0.162501098292663, -0.164479237591339, -0.165333130730324, -0.165101026297961, -0.163826931305751, -0.161559709138594, -0.158352177145543, -0.154260203987363, -0.149341806857586, -0.143656248686333, -0.137263135423517, -0.130221513483384, -0.122588967418695, -0.114420717883225, -0.105768719938365, -0.0966807617662557, -0.0871995638712126, -0.0773618788874672, -0.0671975921708153, -0.0567288234447597, -0.0459690299149363, -0.0349221114870704, -0.0235815190715644, -0.0119293675162446, 6.44443708258252e-05, 0, -0.0167616306365596, -0.0331281768163718, -0.0489435752968369, -0.0640710071672366, -0.0783919983811679, -0.0918055207397126, -0.104227093294933, -0.11558788411197, -0.125833812296932, -0.134924650170377, -0.142833125446043, -0.149544023264728, -0.155053287935879, -0.159367124255137, -0.16250109829364, -0.164479237591528, -0.165333130729784, -0.165101026296767, -0.163826931303983, -0.161559709136336, -0.158352177142878, -0.154260203984369, -0.149341806854335, -0.143656248682889, -0.137263135419937, -0.130221513479715, -0.122588967414976, -0.114420717879487, -0.105768719934635, -0.0966807617625552, -0.0871995638675609, -0.0773618788838865, -0.0671975921673351, -0.0567288234414255, -0.0459690299118217, -0.0349221114842956, -0.0235815190693251, -0.0119293675148564, 6.44443708561343e-05, 0, -0.016761630638387, -0.0331281768197183, -0.0489435753013831, -0.0640710071726623, -0.0783919983871617, -0.0918055207459806, -0.104227093301207, -0.115587884118012, -0.125833812302542, -0.134924650175392, -0.142833125450342, -0.14954402326823, -0.15505328793854, -0.159367124256946, -0.162501098294617, -0.164479237591716, -0.165333130729244, -0.165101026295573, -0.163826931302216, -0.161559709134079, -0.158352177140214, -0.154260203981375, -0.149341806851084, -0.143656248679446, -0.137263135416357, -0.130221513476046, -0.122588967411257, -0.11442071787575, -0.105768719930905, -0.0966807617588542, -0.0871995638639087, -0.077361878880305, -0.067197592163854, -0.0567288234380904, -0.045969029908706, -0.0349221114815196, -0.0235815190670843, -0.0119293675134665, 6.44443708883325e-05, 0, -0.0167616306402141, -0.0331281768230643, -0.0489435753059286, -0.0640710071780872, -0.0783919983931545, -0.0918055207522475, -0.104227093307479, -0.115587884124053, -0.12583381230815, -0.134924650180406, -0.14283312545464, -0.149544023271731, -0.1550532879412, -0.159367124258755, -0.162501098295594, -0.164479237591904, -0.165333130728704, -0.165101026294378, -0.163826931300448, -0.161559709131821, -0.158352177137548, -0.154260203978381, -0.149341806847833, -0.143656248676003, -0.137263135412777, -0.130221513472377, -0.122588967407538, -0.114420717872013, -0.105768719927176, -0.0966807617551536, -0.0871995638602569, -0.0773618788767241, -0.0671975921603736, -0.0567288234347559, -0.0459690299055911, -0.0349221114787444, -0.0235815190648443, -0.0119293675120774, 6.44443709198316e-05, 0, -0.0167616306420412, -0.0331281768264101, -0.0489435753104739, -0.0640710071835117, -0.078391998399147, -0.0918055207585142, -0.104227093313751, -0.115587884130093, -0.125833812313758, -0.134924650185419, -0.142833125458938, -0.149544023275232, -0.15505328794386, -0.159367124260564, -0.162501098296571, -0.164479237592092, -0.165333130728164, -0.165101026293184, -0.163826931298681, -0.161559709129564, -0.158352177134884, -0.154260203975388, -0.149341806844583, -0.14365624867256, -0.137263135409198, -0.130221513468709, -0.122588967403819, -0.114420717868276, -0.105768719923447, -0.0966807617514536, -0.0871995638566057, -0.0773618788731437, -0.0671975921568936, -0.0567288234314218, -0.0459690299024764, -0.0349221114759694, -0.0235815190626045, -0.0119293675106883, 6.4444370951414e-05, 0, -0.016761630643868, -0.0331281768297556, -0.0489435753150186, -0.0640710071889357, -0.0783919984051389, -0.0918055207647801, -0.104227093320023, -0.115587884136133, -0.125833812319365, -0.134924650190432, -0.142833125463236, -0.149544023278733, -0.15505328794652, -0.159367124262373, -0.162501098297548, -0.16447923759228, -0.165333130727624, -0.16510102629199, -0.163826931296913, -0.161559709127307, -0.15835217713222, -0.154260203972395, -0.149341806841333, -0.143656248669118, -0.137263135405619, -0.13022151346504, -0.122588967400101, -0.11442071786454, -0.105768719919718, -0.0966807617477538, -0.0871995638529548, -0.0773618788695635, -0.0671975921534139, -0.056728823428088, -0.0459690298993621, -0.0349221114731948, -0.023581519060365, -0.0119293675092994, 6.44443709829478e-05, 0, -0.0167616306456947, -0.0331281768331007, -0.0489435753195631, -0.0640710071943593, -0.0783919984111303, -0.0918055207710456, -0.104227093326294, -0.115587884142173, -0.125833812324972, -0.134924650195445, -0.142833125467533, -0.149544023282233, -0.15505328794918, -0.159367124264182, -0.162501098298525, -0.164479237592468, -0.165333130727085, -0.165101026290797, -0.163826931295147, -0.161559709125051, -0.158352177129557, -0.154260203969402, -0.149341806838084, -0.143656248665676, -0.137263135402041, -0.130221513461373, -0.122588967396384, -0.114420717860804, -0.105768719915989, -0.0966807617440543, -0.087199563849304, -0.0773618788659835, -0.0671975921499342, -0.0567288234247542, -0.0459690298962476, -0.0349221114704198, -0.023581519058125, -0.01192936750791, 6.4444371015264e-05, 0, -0.0167616306475212, -0.0331281768364455, -0.0489435753241069, -0.0640710071997821, -0.0783919984171209, -0.0918055207773103, -0.104227093332564, -0.115587884148211, -0.125833812330578, -0.134924650200457, -0.14283312547183, -0.149544023285733, -0.155053287951839, -0.15936712426599, -0.162501098299502, -0.164479237592656, -0.165333130726545, -0.165101026289603, -0.16382693129338, -0.161559709122794, -0.158352177126893, -0.15426020396641, -0.149341806834834, -0.143656248662234, -0.137263135398462, -0.130221513457705, -0.122588967392666, -0.114420717857068, -0.105768719912261, -0.0966807617403548, -0.0871995638456533, -0.0773618788624035, -0.0671975921464546, -0.0567288234214205, -0.0459690298931333, -0.034922111467645, -0.0235815190558853, -0.0119293675065206, 6.44443710475732e-05, 0, -0.0167616306493475, -0.0331281768397899, -0.0489435753286502, -0.0640710072052043, -0.0783919984231108, -0.0918055207835742, -0.104227093338833, -0.115587884154249, -0.125833812336183, -0.134924650205469, -0.142833125476126, -0.149544023289233, -0.155053287954497, -0.159367124267798, -0.162501098300478, -0.164479237592844, -0.165333130726005, -0.165101026288409, -0.163826931291613, -0.161559709120538, -0.158352177124229, -0.154260203963417, -0.149341806831585, -0.143656248658792, -0.137263135394884, -0.130221513454038, -0.122588967388949, -0.114420717853333, -0.105768719908533, -0.0966807617366561, -0.0871995638420034, -0.0773618788588244, -0.067197592142976, -0.0567288234180877, -0.0459690298900199, -0.0349221114648711, -0.0235815190536464, -0.0119293675051322, 6.44443710791347e-05, 0, -0.0167616306511735, -0.0331281768431339, -0.0489435753331931, -0.064071007210626, -0.0783919984291002, -0.0918055207898375, -0.104227093345102, -0.115587884160286, -0.125833812341788, -0.13492465021048, -0.142833125480422, -0.149544023292732, -0.155053287957156, -0.159367124269606, -0.162501098301455, -0.164479237593032, -0.165333130725466, -0.165101026287216, -0.163826931289846, -0.161559709118282, -0.158352177121566, -0.154260203960426, -0.149341806828337, -0.143656248655351, -0.137263135391307, -0.130221513450372, -0.122588967385233, -0.114420717849599, -0.105768719904807, -0.0966807617329587, -0.0871995638383548, -0.0773618788552467, -0.0671975921394987, -0.0567288234147563, -0.045969029886908, -0.0349221114620988, -0.0235815190514091, -0.0119293675037453, 6.44443711090951e-05, 0, -0.0167616306529996, -0.0331281768464778, -0.0489435753377357, -0.0640710072160475, -0.0783919984350893, -0.0918055207961006, -0.104227093351371, -0.115587884166323, -0.125833812347393, -0.134924650215491, -0.142833125484718, -0.149544023296231, -0.155053287959815, -0.159367124271414, -0.162501098302431, -0.16447923759322, -0.165333130724927, -0.165101026286023, -0.16382693128808, -0.161559709116026, -0.158352177118903, -0.154260203957434, -0.149341806825089, -0.143656248651911, -0.137263135387729, -0.130221513446705, -0.122588967381516, -0.114420717845864, -0.105768719901079, -0.0966807617292598, -0.0871995638347046, -0.0773618788516671, -0.0671975921360193, -0.0567288234114227, -0.0459690298837935, -0.0349221114593237, -0.0235815190491686, -0.0119293675023549, 6.44443711429795e-05, 0, -0.0167616306548252, -0.0331281768498211, -0.0489435753422775, -0.0640710072214679, -0.0783919984410772, -0.0918055208023624, -0.104227093357638, -0.115587884172359, -0.125833812352997, -0.1349246502205, -0.142833125489012, -0.149544023299729, -0.155053287962472, -0.159367124273221, -0.162501098303407, -0.164479237593407, -0.165333130724387, -0.165101026284829, -0.163826931286314, -0.16155970911377, -0.158352177116241, -0.154260203954443, -0.149341806821841, -0.14365624864847, -0.137263135384153, -0.130221513443039, -0.1225889673778, -0.11442071784213, -0.105768719897353, -0.0966807617255631, -0.0871995638310568, -0.0773618788480901, -0.0671975921325429, -0.0567288234080921, -0.0459690298806824, -0.0349221114565521, -0.023581519046932, -0.0119293675009686, 6.44443711726155e-05, 0, -0.0167616306566508, -0.0331281768531643, -0.0489435753468192, -0.0640710072268883, -0.0783919984470651, -0.0918055208086242, -0.104227093363905, -0.115587884178395, -0.1258338123586, -0.13492465022551, -0.142833125493307, -0.149544023303228, -0.155053287965131, -0.159367124275029, -0.162501098304384, -0.164479237593596, -0.165333130723848, -0.165101026283636, -0.163826931284548, -0.161559709111515, -0.158352177113579, -0.154260203951452, -0.149341806818593, -0.14365624864503, -0.137263135380576, -0.130221513439373, -0.122588967374085, -0.114420717838396, -0.105768719893627, -0.0966807617218653, -0.0871995638274077, -0.0773618788445116, -0.0671975921290646, -0.0567288234047596, -0.045969029877569, -0.0349221114537781, -0.0235815190446927, -0.0119293674995792, 6.44443712057834e-05, 0, -0.0167616306584762, -0.033128176856507, -0.0489435753513603, -0.0640710072323079, -0.0783919984530521, -0.0918055208148851, -0.104227093370172, -0.11558788418443, -0.125833812364203, -0.134924650230519, -0.142833125497602, -0.149544023306726, -0.155053287967788, -0.159367124276836, -0.16250109830536, -0.164479237593784, -0.165333130723309, -0.165101026282443, -0.163826931282782, -0.16155970910926, -0.158352177110917, -0.154260203948461, -0.149341806815346, -0.143656248641591, -0.137263135377, -0.130221513435708, -0.122588967370369, -0.114420717834663, -0.105768719889901, -0.0966807617181686, -0.0871995638237597, -0.0773618788409344, -0.0671975921255878, -0.0567288234014286, -0.0459690298744573, -0.0349221114510057, -0.0235815190424549, -0.0119293674981915, 6.44443712372687e-05, 0, -0.0167616306603014, -0.0331281768598495, -0.048943575355901, -0.064071007237727, -0.0783919984590386, -0.0918055208211454, -0.104227093376437, -0.115587884190464, -0.125833812369806, -0.134924650235528, -0.142833125501895, -0.149544023310223, -0.155053287970446, -0.159367124278644, -0.162501098306336, -0.164479237593971, -0.165333130722769, -0.165101026281251, -0.163826931281017, -0.161559709107005, -0.158352177108255, -0.154260203945471, -0.149341806812099, -0.143656248638152, -0.137263135373425, -0.130221513432044, -0.122588967366655, -0.11442071783093, -0.105768719886176, -0.0966807617144725, -0.0871995638201125, -0.0773618788373579, -0.0671975921221117, -0.0567288233980983, -0.0459690298713463, -0.034922111448234, -0.023581519040218, -0.0119293674968045, 6.4444371268119e-05, 0, -0.0167616306621264, -0.0331281768631916, -0.0489435753604412, -0.0640710072431455, -0.0783919984650244, -0.091805520827405, -0.104227093382702, -0.115587884196498, -0.125833812375407, -0.134924650240536, -0.142833125506189, -0.14954402331372, -0.155053287973102, -0.15936712428045, -0.162501098307312, -0.164479237594159, -0.16533313072223, -0.165101026280058, -0.163826931279251, -0.161559709104751, -0.158352177105593, -0.154260203942481, -0.149341806808852, -0.143656248634712, -0.137263135369849, -0.130221513428379, -0.12258896736294, -0.114420717827197, -0.10576871988245, -0.0966807617107761, -0.0871995638164648, -0.077361878833781, -0.0671975921186351, -0.0567288233947674, -0.0459690298682346, -0.0349221114454616, -0.0235815190379802, -0.0119293674954164, 6.44443713002339e-05, 0, -0.0167616306639513, -0.0331281768665334, -0.048943575364981, -0.0640710072485636, -0.0783919984710098, -0.0918055208336643, -0.104227093388967, -0.115587884202531, -0.125833812381009, -0.134924650245544, -0.142833125510482, -0.149544023317217, -0.155053287975759, -0.159367124282257, -0.162501098308288, -0.164479237594347, -0.165333130721691, -0.165101026278865, -0.163826931277486, -0.161559709102496, -0.158352177102932, -0.154260203939491, -0.149341806805606, -0.143656248631274, -0.137263135366274, -0.130221513424715, -0.122588967359226, -0.114420717823465, -0.105768719878726, -0.0966807617070803, -0.0871995638128178, -0.0773618788302046, -0.0671975921151589, -0.056728823391437, -0.0459690298651233, -0.0349221114426896, -0.0235815190357427, -0.0119293674940286, 6.44443713322413e-05, 0, -0.0167616306657759, -0.0331281768698748, -0.0489435753695203, -0.064071007253981, -0.0783919984769943, -0.0918055208399225, -0.104227093395231, -0.115587884208564, -0.125833812386609, -0.134924650250551, -0.142833125514774, -0.149544023320713, -0.155053287978416, -0.159367124284064, -0.162501098309263, -0.164479237594535, -0.165333130721152, -0.165101026277672, -0.163826931275721, -0.161559709100242, -0.158352177100271, -0.154260203936502, -0.14934180680236, -0.143656248627835, -0.137263135362699, -0.130221513421051, -0.122588967355512, -0.114420717819733, -0.105768719875001, -0.0966807617033845, -0.0871995638091706, -0.0773618788266281, -0.0671975921116827, -0.0567288233881065, -0.0459690298620119, -0.0349221114399174, -0.0235815190335049, -0.0119293674926404, 6.44443713647795e-05, 0, -0.0167616306676004, -0.0331281768732158, -0.048943575374059, -0.0640710072593978, -0.0783919984829782, -0.0918055208461802, -0.104227093401494, -0.115587884214595, -0.125833812392209, -0.134924650255557, -0.142833125519066, -0.149544023324209, -0.155053287981072, -0.15936712428587, -0.162501098310239, -0.164479237594722, -0.165333130720613, -0.16510102627648, -0.163826931273956, -0.161559709097988, -0.158352177097611, -0.154260203933513, -0.149341806799114, -0.143656248624398, -0.137263135359125, -0.130221513417388, -0.1225889673518, -0.114420717816002, -0.105768719871278, -0.0966807616996904, -0.0871995638055254, -0.0773618788230536, -0.0671975921082087, -0.0567288233847782, -0.0459690298589029, -0.0349221114371477, -0.0235815190312698, -0.0119293674912549, 6.44443713945994e-05, 0, -0.0167616306694247, -0.0331281768765566, -0.0489435753785975, -0.0640710072648143, -0.0783919984889619, -0.0918055208524376, -0.104227093407757, -0.115587884220627, -0.125833812397808, -0.134924650260564, -0.142833125523358, -0.149544023327705, -0.155053287983728, -0.159367124287676, -0.162501098311215, -0.16447923759491, -0.165333130720074, -0.165101026275288, -0.163826931272191, -0.161559709095734, -0.15835217709495, -0.154260203930524, -0.149341806795869, -0.14365624862096, -0.137263135355551, -0.130221513413724, -0.122588967348086, -0.114420717812271, -0.105768719867554, -0.096680761695995, -0.0871995638018786, -0.0773618788194774, -0.0671975921047327, -0.0567288233814478, -0.0459690298557915, -0.0349221114343753, -0.0235815190290317, -0.0119293674898661, 6.44443714280483e-05, 0, -0.0167616306712488, -0.033128176879897, -0.0489435753831354, -0.0640710072702301, -0.0783919984949447, -0.091805520858694, -0.104227093414019, -0.115587884226658, -0.125833812403407, -0.134924650265569, -0.142833125527649, -0.149544023331201, -0.155053287986384, -0.159367124289482, -0.16250109831219, -0.164479237595098, -0.165333130719535, -0.165101026274096, -0.163826931270427, -0.161559709093481, -0.15835217709229, -0.154260203927535, -0.149341806792624, -0.143656248617523, -0.137263135351977, -0.130221513410062, -0.122588967344374, -0.11442071780854, -0.105768719863831, -0.0966807616923013, -0.0871995637982337, -0.0773618788159032, -0.0671975921012588, -0.0567288233781196, -0.0459690298526825, -0.0349221114316055, -0.0235815190267962, -0.0119293674884801, 6.44443714587651e-05
0, 0, 0, 0, 0, 0, 0, 0, 0, 0, 0, 0, 0, 0, 0, 0, 0, 0, 0, 0, 0, 0, 0, 0, 0, 0, 0, 0, 0, 0, 0, 0, 0, 0, 0, 0, 0, 0, 0, 0, 0, 0, 0, 0, 0, 0, 0, 0, 0, 0, 0, 0, 0, 0, 0, 0, 0, 0, 0, 0, 0, 0, 0, 0, 0, 0, 0, 0, 0, 0, 0, 0, 0, 0, 0, 0, 0, 0, 0, 0, 0, 0, 0, 0, 0, 0, 0, 0, 0, 0, 0, 0, 0, 0, 0, 0, 0, 0, 0, 0, 0, 0, 0, 0, 0, 0, 0, 0, 0, 0, 0, 0, 0, 0, 0, 0, 0, 0, 0, 0, 0, 0, 0, 0, 0, 0, 0, 0, 0, 0, 0, 0, 0, 0, 0, 0, 0, 0, 0, 0, 0, 0, 0, 0, 0, 0, 0, 0, 0, 0, 0, 0, 0, 0, 0, 0, 0, 0, 0, 0, 0, 0, 0, 0, 0, 0, 0, 0, 0, 0, 0, 0, 0, 0, 0, 0, 0, 0, 0, 0, 0, 0, 0, 0, 0, 0, 0, 0, 0, 0, 0, 0, 0, 0, 0, 0, 0, 0, 0, 0, 0, 0, 0, 0, 0, 0, 0, 0, 0, 0, 0, 0, 0, 0, 0, 0, 0, 0, 0, 0, 0, 0, 0, 0, 0, 0, 0, 0, 0, 0, 0, 0, 0, 0, 0, 0, 0, 0, 0, 0, 0, 0, 0, 0, 0, 0, 0, 0, 0, 0, 0, 0, 0, 0, 0, 0, 0, 0, 0, 0, 0, 0, 0, 0, 0, 0, 0, 0, 0, 0, 0, 0, 0, 0, 0, 0, 0, 0, 0, 0, 0, 0, 0, 0, 0, 0, 0, 0, 0, 0, 0, 0, 0, 0, 0, 0, 0, 0, 0, 0, 0, 0, 0, 0, 0, 0, 0, 0, 0, 0, 0, 0, 0, 0, 0, 0, 0, 0, 0, 0, 0, 0, 0, 0, 0, 0, 0, 0, 0, 0, 0, 0, 0, 0, 0, 0, 0, 0, 0, 0, 0, 0, 0, 0, 0, 0, 0, 0, 0, 0, 0, 0, 0, 0, 0, 0, 0, 0, 0, 0, 0, 0, 0, 0, 0, 0, 0, 0, 0, 0, 0, 0, 0, 0, 0, 0, 0, 0, 0, 0, 0, 0, 0, 0, 0, 0, 0, 0, 0, 0, 0, 0, 0, 0, 0, 0, 0, 0, 0, 0, 0, 0, 0, 0, 0, 0, 0, 0, 0, 0, 0, 0, 0, 0, 0, 0, 0, 0, 0, 0, 0, 0, 0, 0, 0, 0, 0, 0, 0, 0, 0, 0, 0, 0, 0, 0, 0, 0, 0, 0, 0, 0, 0, 0, 0, 0, 0, 0, 0, 0, 0, 0, 0, 0, 0, 0, 0, 0, 0, 0, 0, 0, 0, 0, 0, 0, 0, 0, 0, 0, 0, 0, 0, 0, 0, 0, 0, 0, 0, 0, 0, 0, 0, 0, 0, 0, 0, 0, 0, 0, 0, 0, 0, 0, 0, 0, 0, 0, 0, 0, 0, 0, 0, 0, 0, 0, 0, 0, 0, 0, 0, 0, 0, 0, 0, 0, 0, 0, 0, 0, 0, 0, 0, 0, 0, 0, 0, 0, 0, 0, 0, 0, 0, 0, 0, 0, 0, 0, 0, 0, 0, 0, 0, 0, 0, 0, 0, 0, 0, 0, 0, 0, 0, 0, 0, 0, 0, 0, 0, 0, 0, 0, 0, 0, 0, 0, 0, 0, 0, 0, 0, 0, 0, 0, 0, 0, 0, 0, 0, 0, 0, 0, 0, 0, 0, 0, 0, 0, 0, 0, 0, 0, 0, 0, 0, 0, 0, 0, 0, 0, 0, 0, 0, 0, 0, 0, 0, 0, 0, 0, 0, 0, 0, 0, 0, 0, 0, 0, 0, 0, 0, 0, 0, 0, 0, 0, 0, 0, 0, 0, 0, 0, 0, 0, 0, 0, 0, 0, 0, 0, 0, 0, 0, 0, 0, 0, 0, 0, 0, 0, 0, 0, 0, 0, 0, 0, 0, 0, 0, 0, 0, 0, 0, 0, 0, 0, 0, 0, 0, 0, 0, 0, 0, 0, 0, 0, 0, 0, 0, 0, 0, 0, 0, 0, 0, 0, 0, 0, 0, 0, 0, 0, 0, 0, 0, 0, 0, 0, 0, 0, 0, 0, 0, 0, 0, 0, 0, 0, 0, 0, 0, 0, 0, 0, 0, 0, 0, 0, 0, 0, 0, 0, 0, 0, 0, 0, 0, 0, 0, 0, 0, 0, 0, 0, 0, 0, 0, 0, 0, 0, 0, 0, 0, 0, 0, 0, 0, 0, 0, 0, 0, 0, 0, 0, 0, 0, 0, 0, 0, 0, 0, 0, 0, 0, 0, 0, 0, 0, 0, 0, 0, 0, 0, 0, 0, 0, 0, 0, 0, 0, 0, 0, 0, 0, 0, 0, 0, 0, 0, 0, 0, 0, 0, 0, 0, 0, 0, 0, 0, 0, 0, 0, 0, 0, 0, 0, 0, 0, 0, 0, 0, 0, 0, 0, 0, 0, 0, 0, 0, 0, 0, 0, 0, 0, 0, 0, 0, 0, 0, 0, 0, 0, 0, 0, 0, 0, 0, 0, 0, 0, 0, 0, 0, 0, 0, 0, 0, 0, 0, 0, 0, 0, 0, 0, 0, 0, 0, 0, 0, 0, 0, 0, 0, 0, 0, 0, 0, 0, 0, 0, 0, 0, 0, 0, 0, 0, 0, 0, 0, 0, 0, 0, 0, 0, 0, 0, 0, 0, 0, 0, 0, 0, 0, 0, 0, 0, 0, 0, 0, 0, 0, 0, 0, 0, 0, 0, 0, 0, 0, 0, 0, 0, 0, 0, 0, 0, 0, 0, 0, 0, 0, 0, 0, 0, 0, 0, 0, 0, 0, 0, 0, 0, 0, 0, 0, 0, 0, 0, 0, 0, 0, 0, 0, 0, 0, 0, 0, 0, 0, 0, 0, 0, 0, 0, 0, 0, 0, 0, 0, 0, 0, 0, 0, 0, 0, 0, 0, 0, 0, 0, 0, 0, 0, 0, 0, 0, 0, 0, 0, 0, 0, 0, 0, 0, 0, 0, 0, 0, 0, 0, 0, 0, 0, 0, 0, 0, 0, 0, 0, 0, 0, 0, 0, 0, 0, 0, 0, 0, 0, 0, 0, 0, 0, 0, 0, 0, 0, 0, 0, 0, 0, 0, 0, 0, 0, 0, 0, 0, 0, 0, 0, 0, 0, 0, 0, 0, 0, 0, 0, 0, 0, 0, 0, 0, 0, 0, 0, 0, 0, 0, 0, 0, 0, 0, 0, 0, 0, 0, 0, 0, 0, 0, 0, 0, 0, 0, 0, 0, 0, 0, 0, 0, 0, 0, 0, 0, 0, 0, 0, 0, 0, 0, 0, 0, 0, 0, 0, 0, 0, 0, 0, 0, 0, 0, 0, 0, 0, 0, 0, 0, 0, 0, 0, 0, 0, 0, 0, 0, 0, 0, 0, 0, 0, 0, 0, 0, 0, 0, 0, 0, 0, 0, 0, 0, 0, 0, 0, 0, 0, 0, 0, 0, 0, 0, 0, 0, 0, 0, 0, 0, 0, 0, 0, 0, 0, 0, 0, 0, 0, 0, 0, 0, 0, 0, 0, 0, 0, 0, 0, 0, 0, 0, 0, 0, 0, 0, 0, 0, 0, 0, 0, 0, 0, 0, 0, 0, 0, 0, 0, 0, 0, 0, 0, 0, 0, 0, 0, 0, 0, 0, 0, 0, 0, 0, 0, 0, 0, 0, 0, 0, 0, 0, 0, 0, 0, 0, 0, 0, 0, 0, 0, 0, 0, 0, 0, 0, 0, 0, 0, 0, 0, 0, 0, 0, 0, 0, 0, 0, 0, 0, 0, 0, 0, 0, 0, 0, 0, 0, 0, 0, 0, 0, 0, 0, 0, 0, 0, 0, 0, 0, 0, 0, 0, 0, 0, 0, 0, 0, 0, 0, 0, 0, 0, 0, 0, 0, 0, 0, 0, 0, 0, 0, 0, 0, 0, 0, 0, 0, 0, 0, 0, 0, 0, 0, 0, 0, 0, 0, 0, 0, 0, 0, 0, 0, 0, 0, 0, 0, 0, 0, 0, 0, 0, 0, 0, 0, 0, 0, 0, 0, 0, 0, 0, 0, 0, 0, 0, 0, 0, 0, 0, 0, 0, 0, 0, 0, 0, 0, 0, 0, 0, 0, 0, 0, 0, 0, 0, 0, 0, 0, 0, 0, 0, 0, 0, 0, 0, 0, 0, 0, 0, 0, 0, 0, 0, 0, 0, 0, 0, 0, 0, 0, 0, 0, 0, 0, 0, 0, 0, 0, 0, 0, 0, 0, 0, 0, 0, 0, 0, 0, 0, 0, 0, 0, 0, 0, 0, 0, 0, 0, 0, 0, 0, 0, 0, 0, 0, 0, 0, 0, 0, 0, 0, 0, 0, 0, 0, 0, 0, 0, 0, 0, 0, 0, 0, 0, 0, 0, 0, 0, 0, 0, 0, 0, 0, 0, 0, 0, 0, 0, 0, 0, 0, 0, 0, 0, 0, 0, 0, 0, 0, 0, 0, 0, 0, 0, 0, 0, 0, 0, 0, 0, 0, 0, 0, 0, 0, 0, 0, 0, 0, 0, 0, 0, 0, 0, 0, 0, 0, 0, 0, 0, 0, 0, 0, 0, 0, 0, 0, 0, 0, 0, 0, 0, 0, 0, 0, 0, 0, 0, 0, 0, 0, 0, 0, 0, 0, 0, 0, 0, 0, 0, 0, 0, 0, 0, 0, 0, 0, 0, 0, 0, 0, 0, 0, 0, 0, 0, 0, 0, 0, 0, 0, 0, 0, 0, 0, 0, 0, 0, 0, 0, 0, 0, 0, 0, 0, 0, 0, 0, 0, 0, 0, 0, 0, 0, 0, 0, 0, 0, 0, 0, 0, 0, 0, 0, 0, 0, 0, 0, 0, 0, 0, 0, 0, 0, 0, 0, 0, 0, 0, 0, 0, 0, 0, 0, 0, 0, 0, 0, 0, 0, 0, 0, 0, 0, 0, 0, 0, 0, 0, 0, 0, 0, 0, 0, 0, 0, 0, 0
0.27886, 0.279065128205128, 0.279270256410256, 0.279475384615385, 0.279680512820513, 0.279885641025641, 0.280090769230769, 0.280295897435897, 0.280501025641026, 0.280706153846154, 0.280911282051282, 0.28111641025641, 0.281321538461538, 0.281526666666666, 0.281731794871795, 0.281936923076923, 0.282142051282051, 0.282347179487179, 0.282552307692307, 0.282757435897436, 0.282962564102564, 0.283167692307692, 0.28337282051282, 0.283577948717948, 0.283783076923077, 0.283988205128205, 0.284193333333333, 0.284398461538461, 0.284603589743589, 0.284808717948718, 0.285013846153846, 0.285218974358974, 0.285424102564102, 0.28562923076923, 0.285834358974358, 0.286039487179487, 0.286244615384615, 0.286449743589743, 0.286654871794871, 0.286859999999999, 0.27886, 0.256031212024622, 0.23836270791292, 0.225278109957451, 0.216227351159424, 0.210686671462167, 0.208158615111294, 0.208172029407346, 0.210282065062053, 0.214070178287745, 0.219144134645697, 0.225138014561984, 0.231712220300492, 0.238553484075482, 0.245374876903585, 0.251915817747492, 0.257942082496965, 0.26324581236723, 0.267645521365226, 0.270986102570543, 0.273138833087594, 0.274001377635221, 0.273497790837464, 0.271578518355536, 0.268220397050551, 0.26342665438719, 0.257226907281501, 0.249677160563937, 0.240859805175353, 0.230883616141523, 0.219883750281767, 0.208021743497096, 0.19548550734567, 0.182489324434349, 0.16927384191016, 0.156106061983549, 0.143279327887678, 0.131113302858492, 0.119953938406652, 0.110173425983448, 0.27886, 0.256021758427691, 0.23834395563528, 0.225250213055773, 0.216190462711707, 0.210640943448141, 0.208104198289559, 0.208109073186322, 0.210210717361788, 0.213990585389877, 0.21905644102934, 0.225042362723951, 0.231608750559081, 0.238442334357911, 0.245256182517966, 0.251789711140952, 0.257808693001999, 0.263105265938646, 0.267497940310058, 0.270831605273118, 0.272977533731596, 0.273833385924149, 0.273323211714439, 0.271397451723005, 0.268032937490078, 0.26323289087934, 0.257026922925663, 0.249471032297925, 0.240647603494625, 0.230665404817914, 0.219659586081655, 0.207791675898861, 0.195249578256148, 0.182247567903596, 0.169026283843153, 0.155852719846248, 0.143020210402912, 0.130848409683769, 0.119683259780438, 0.109896942316814, 0.27886, 0.25602175060567, 0.238343943764353, 0.225250200547923, 0.216190452629181, 0.210640938514837, 0.208104200902404, 0.208109085426646, 0.210210741006684, 0.213990621923559, 0.219056491654483, 0.225042428373032, 0.231608831905705, 0.238442431828139, 0.245256296301632, 0.251789841202984, 0.257808839093741, 0.263105427609179, 0.267498116917527, 0.270831795996063, 0.272977737580292, 0.27383360175195, 0.27332343822913, 0.271397687498154, 0.2680331809764, 0.263233140416063, 0.257027176751893, 0.249471288564021, 0.240647860273571, 0.230665660116694, 0.219659837852631, 0.207791922051157, 0.195249816667031, 0.182247796429865, 0.16902650033254, 0.155852922148827, 0.143020396382519, 0.130848577229456, 0.11968340681795, 0.109897066820124, 0.27886, 0.25602175107828, 0.238343944704111, 0.225250201948908, 0.216190454485059, 0.210640940818906, 0.208104203647649, 0.208109088605783, 0.210210744612218, 0.213990625947833, 0.219056496089732, 0.225042433211432, 0.231608837139423, 0.238442437449375, 0.245256302302665, 0.25178984757621, 0.257808845831705, 0.263105434704608, 0.267498124363362, 0.270831803785484, 0.272977745706746, 0.273833610209177, 0.273323447011189, 0.271397696599457, 0.268033190391734, 0.263233150140625, 0.257027186781324, 0.249471298894435, 0.240647870901597, 0.230665671039506, 0.219659849067992, 0.207791933557449, 0.195249828463298, 0.18224780851585, 0.169026512708716, 0.155852934816434, 0.143020409343585, 0.130848590486818, 0.119683420375248, 0.109897080681764, 0.27886, 0.256021751076942, 0.238343944701958, 0.225250201946262, 0.216190454482066, 0.210640940815557, 0.208104203643806, 0.208109088601209, 0.210210744606601, 0.213990625940815, 0.219056496080934, 0.22504243320048, 0.231608837125966, 0.238442437433107, 0.245256302283332, 0.251789847553621, 0.257808845805738, 0.26310543467521, 0.267498124330547, 0.27083180374933, 0.272977745667388, 0.273833610166807, 0.273323446966046, 0.271397696551826, 0.268033190341943, 0.263233150089047, 0.257027186728374, 0.249471298840577, 0.240647870847341, 0.230665670985421, 0.219659849014703, 0.20779193350565, 0.195249828413753, 0.1822478084694, 0.169026512666281, 0.155852934779013, 0.143020409312251, 0.130848590462697, 0.119683420359483, 0.109897080675437, 0.27886, 0.256021751075216, 0.238343944699219, 0.225250201943005, 0.216190454478589, 0.210640940811989, 0.20810420364013, 0.208109088597291, 0.210210744602218, 0.213990625935684, 0.219056496074736, 0.225042433192887, 0.231608837116662, 0.238442437421803, 0.245256302269785, 0.251789847537638, 0.257808845787183, 0.263105434654007, 0.267498124306676, 0.270831803722827, 0.27297774563834, 0.273833610135344, 0.273323446932344, 0.271397696516096, 0.268033190304438, 0.263233150050054, 0.25702718668822, 0.249471298799632, 0.24064787080602, 0.230665670944191, 0.219659848974089, 0.20779193346624, 0.195249828376206, 0.18224780843445, 0.169026512634742, 0.155852934751778, 0.143020409290287, 0.130848590447026, 0.119683420351145, 0.109897080675418, 0.27886, 0.25602175107349, 0.238343944696479, 0.225250201939747, 0.216190454475112, 0.210640940808421, 0.208104203636454, 0.208109088593373, 0.210210744597836, 0.213990625930552, 0.219056496068539, 0.225042433185295, 0.231608837107358, 0.238442437410501, 0.245256302256239, 0.251789847521656, 0.257808845768629, 0.263105434632805, 0.267498124282807, 0.270831803696326, 0.272977745609292, 0.273833610103882, 0.273323446898641, 0.271397696480367, 0.268033190266932, 0.263233150011059, 0.257027186648065, 0.249471298758684, 0.240647870764696, 0.230665670902958, 0.219659848933471, 0.207791933426825, 0.195249828338653, 0.182247808399493, 0.169026512603195, 0.155852934724534, 0.143020409268313, 0.130848590431344, 0.119683420342797, 0.109897080675388, 0.27886, 0.256021751071764, 0.23834394469374, 0.22525020193649, 0.216190454471636, 0.210640940804853, 0.208104203632778, 0.208109088589456, 0.210210744593454, 0.213990625925423, 0.219056496062342, 0.225042433177703, 0.231608837098056, 0.2384424373992, 0.245256302242695, 0.251789847505676, 0.257808845750078, 0.263105434611605, 0.26749812425894, 0.270831803669827, 0.272977745580248, 0.273833610072424, 0.273323446864943, 0.271397696444641, 0.26803319022943, 0.263233149972069, 0.257027186607913, 0.24947129871774, 0.240647870723376, 0.230665670861728, 0.219659848892857, 0.207791933387415, 0.195249828301105, 0.182247808364541, 0.169026512571652, 0.155852934697294, 0.143020409246342, 0.130848590415665, 0.119683420334451, 0.109897080675359, 0.27886, 0.256021751070039, 0.238343944691002, 0.225250201933233, 0.216190454468159, 0.210640940801285, 0.208104203629103, 0.208109088585538, 0.210210744589072, 0.213990625920293, 0.219056496056146, 0.225042433170113, 0.231608837088754, 0.2384424373879, 0.245256302229151, 0.251789847489697, 0.257808845731527, 0.263105434590407, 0.267498124235075, 0.270831803643331, 0.272977745551206, 0.273833610040968, 0.273323446831247, 0.271397696408919, 0.268033190191931, 0.263233149933082, 0.257027186567765, 0.249471298676801, 0.24064787068206, 0.230665670820503, 0.219659848852246, 0.207791933348008, 0.19524982826356, 0.182247808329591, 0.169026512540112, 0.155852934670056, 0.143020409224373, 0.130848590399988, 0.119683420326106, 0.10989708067533, 0.27886, 0.256021751068313, 0.238343944688263, 0.225250201929976, 0.216190454464683, 0.210640940797718, 0.208104203625428, 0.208109088581621, 0.210210744584691, 0.213990625915163, 0.21905649604995, 0.225042433162523, 0.231608837079453, 0.238442437376601, 0.245256302215609, 0.251789847473719, 0.257808845712979, 0.263105434569211, 0.267498124211212, 0.270831803616837, 0.272977745522167, 0.273833610009515, 0.273323446797555, 0.271397696373199, 0.268033190154436, 0.263233149894098, 0.257027186527621, 0.249471298635865, 0.240647870640748, 0.230665670779281, 0.219659848811639, 0.207791933308604, 0.195249828226017, 0.182247808294644, 0.169026512508574, 0.15585293464282, 0.143020409202405, 0.130848590384311, 0.11968342031776, 0.109897080675299, 0.27886, 0.256021751066588, 0.238343944685525, 0.22525020192672, 0.216190454461208, 0.210640940794152, 0.208104203621753, 0.208109088577705, 0.21021074458031, 0.213990625910035, 0.219056496043755, 0.225042433154934, 0.231608837070154, 0.238442437365303, 0.245256302202069, 0.251789847457744, 0.257808845694433, 0.263105434548018, 0.267498124187353, 0.270831803590347, 0.272977745493132, 0.273833609978067, 0.273323446763867, 0.271397696337486, 0.268033190116946, 0.263233149855121, 0.257027186487483, 0.249471298594935, 0.240647870599442, 0.230665670738066, 0.219659848771039, 0.207791933269207, 0.195249828188482, 0.182247808259704, 0.169026512477042, 0.155852934615589, 0.143020409180442, 0.130848590368638, 0.119683420309418, 0.109897080675272, 0.27886, 0.256021751064862, 0.238343944682787, 0.225250201923464, 0.216190454457733, 0.210640940790585, 0.208104203618078, 0.208109088573789, 0.21021074457593, 0.213990625904906, 0.219056496037561, 0.225042433147345, 0.231608837060855, 0.238442437354006, 0.24525630218853, 0.25178984744177, 0.257808845675889, 0.263105434526827, 0.267498124163495, 0.270831803563859, 0.272977745464099, 0.273833609946621, 0.273323446730182, 0.271397696301775, 0.268033190079459, 0.263233149816146, 0.257027186447348, 0.249471298554008, 0.240647870558139, 0.230665670696853, 0.219659848730441, 0.207791933229812, 0.195249828150948, 0.182247808224765, 0.169026512445512, 0.15585293458836, 0.14302040915848, 0.130848590352965, 0.119683420301074, 0.109897080675242, 0.27886, 0.256021751063137, 0.23834394468005, 0.225250201920208, 0.216190454454257, 0.210640940787018, 0.208104203614404, 0.208109088569872, 0.210210744571549, 0.213990625899777, 0.219056496031366, 0.225042433139756, 0.231608837051555, 0.238442437342709, 0.245256302174991, 0.251789847425796, 0.257808845657344, 0.263105434505635, 0.267498124139638, 0.27083180353737, 0.272977745435066, 0.273833609915175, 0.273323446696497, 0.271397696266063, 0.268033190041972, 0.263233149777172, 0.257027186407213, 0.249471298513082, 0.240647870516836, 0.230665670655641, 0.219659848689844, 0.207791933190417, 0.195249828113414, 0.182247808189826, 0.16902651241398, 0.155852934561129, 0.143020409136515, 0.130848590337289, 0.119683420292728, 0.109897080675208, 0.27886, 0.256021751061412, 0.238343944677312, 0.225250201916952, 0.216190454450783, 0.210640940783453, 0.20810420361073, 0.208109088565958, 0.21021074456717, 0.21399062589465, 0.219056496025173, 0.22504243313217, 0.231608837042259, 0.238442437331415, 0.245256302161455, 0.251789847409826, 0.257808845638804, 0.263105434484449, 0.267498124115786, 0.270831803510888, 0.27297774540604, 0.273833609883737, 0.27332344666282, 0.27139769623036, 0.268033190004494, 0.263233149738206, 0.257027186367086, 0.249471298472164, 0.240647870475542, 0.230665670614438, 0.219659848649255, 0.207791933151031, 0.195249828075888, 0.182247808154895, 0.169026512382457, 0.155852934533906, 0.143020409114559, 0.130848590321621, 0.119683420284387, 0.10989708067518, 0.27886, 0.256021751059688, 0.238343944674575, 0.225250201913697, 0.216190454447308, 0.210640940779887, 0.208104203607057, 0.208109088562042, 0.21021074456279, 0.213990625889523, 0.21905649601898, 0.225042433124583, 0.231608837032962, 0.238442437320121, 0.245256302147919, 0.251789847393855, 0.257808845620264, 0.263105434463262, 0.267498124091934, 0.270831803484407, 0.272977745377014, 0.273833609852298, 0.273323446629143, 0.271397696194658, 0.268033189967016, 0.263233149699241, 0.257027186326961, 0.249471298431247, 0.240647870434249, 0.230665670573235, 0.219659848608667, 0.207791933111646, 0.195249828038364, 0.182247808119965, 0.169026512350934, 0.155852934506682, 0.143020409092601, 0.13084859030595, 0.119683420276044, 0.109897080675148, 0.27886, 0.256021751057963, 0.238343944671838, 0.225250201910443, 0.216190454443835, 0.210640940776322, 0.208104203603384, 0.208109088558128, 0.210210744558412, 0.213990625884397, 0.219056496012789, 0.225042433116998, 0.231608837023667, 0.238442437308829, 0.245256302134386, 0.251789847377889, 0.257808845601728, 0.26310543444208, 0.267498124068087, 0.27083180345793, 0.272977745347993, 0.273833609820866, 0.273323446595472, 0.271397696158961, 0.268033189929545, 0.263233149660282, 0.257027186286842, 0.249471298390338, 0.240647870392963, 0.23066567053204, 0.219659848568087, 0.207791933072268, 0.195249828000846, 0.182247808085041, 0.169026512319417, 0.155852934479465, 0.143020409070648, 0.130848590290285, 0.119683420267706, 0.10989708067512, 0.27886, 0.256021751056239, 0.238343944669102, 0.225250201907188, 0.216190454440361, 0.210640940772757, 0.208104203599711, 0.208109088554214, 0.210210744554034, 0.213990625879271, 0.219056496006597, 0.225042433109413, 0.231608837014372, 0.238442437297538, 0.245256302120853, 0.251789847361922, 0.257808845583192, 0.263105434420898, 0.26749812404424, 0.270831803431454, 0.272977745318974, 0.273833609789435, 0.273323446561803, 0.271397696123267, 0.268033189892075, 0.263233149621326, 0.257027186246726, 0.24947129834943, 0.24064787035168, 0.230665670490847, 0.219659848527508, 0.207791933032891, 0.19524982796333, 0.182247808050119, 0.169026512287901, 0.155852934452247, 0.143020409048696, 0.130848590274618, 0.119683420259365, 0.109897080675089, 0.27886, 0.256021751054515, 0.238343944666366, 0.225250201903935, 0.216190454436889, 0.210640940769194, 0.20810420359604, 0.208109088550301, 0.210210744549658, 0.213990625874147, 0.219056496000408, 0.225042433101831, 0.231608837005081, 0.23844243728625, 0.245256302107325, 0.25178984734596, 0.257808845564662, 0.263105434399723, 0.2674981240204, 0.270831803404985, 0.272977745289962, 0.273833609758011, 0.273323446528142, 0.271397696087581, 0.268033189854615, 0.263233149582379, 0.257027186206619, 0.249471298308532, 0.240647870310406, 0.230665670449664, 0.219659848486939, 0.207791932993525, 0.195249827925824, 0.182247808015206, 0.169026512256395, 0.15585293442504, 0.143020409026752, 0.130848590258961, 0.119683420251033, 0.109897080675065, 0.27886, 0.256021751052791, 0.23834394466363, 0.225250201900681, 0.216190454433416, 0.210640940765629, 0.208104203592368, 0.208109088546388, 0.21021074454528, 0.213990625869022, 0.219056495994217, 0.225042433094247, 0.231608836995788, 0.238442437274961, 0.245256302093794, 0.251789847329997, 0.257808845546129, 0.263105434378545, 0.267498123996558, 0.270831803378514, 0.272977745260948, 0.273833609726586, 0.273323446494479, 0.271397696051893, 0.268033189817153, 0.26323314954343, 0.25702718616651, 0.249471298267632, 0.24064787026913, 0.230665670408478, 0.219659848446368, 0.207791932954156, 0.195249827888315, 0.18224780798029, 0.169026512224884, 0.155852934397827, 0.143020409004803, 0.130848590243297, 0.119683420242694, 0.109897080675034, 0.27886, 0.256021751051067, 0.238343944660894, 0.225250201897427, 0.216190454429943, 0.210640940762065, 0.208104203588696, 0.208109088542474, 0.210210744540902, 0.213990625863897, 0.219056495988027, 0.225042433086664, 0.231608836986495, 0.238442437263672, 0.245256302080265, 0.251789847314034, 0.257808845527598, 0.263105434357369, 0.267498123972718, 0.270831803352046, 0.272977745231937, 0.273833609695164, 0.273323446460819, 0.271397696016209, 0.268033189779694, 0.263233149504485, 0.257027186126405, 0.249471298226736, 0.240647870227858, 0.230665670367297, 0.219659848405801, 0.207791932914791, 0.195249827850809, 0.182247807945377, 0.169026512193377, 0.155852934370617, 0.143020408982856, 0.130848590227634, 0.119683420234355, 0.109897080675002, 0.27886, 0.256021751049343, 0.238343944658159, 0.225250201894174, 0.216190454426471, 0.210640940758502, 0.208104203585025, 0.208109088538562, 0.210210744536526, 0.213990625858774, 0.219056495981839, 0.225042433079083, 0.231608836977206, 0.238442437252386, 0.245256302066739, 0.251789847298075, 0.257808845509072, 0.263105434336198, 0.267498123948884, 0.270831803325583, 0.272977745202931, 0.273833609663747, 0.273323446427166, 0.271397695980531, 0.268033189742242, 0.263233149465547, 0.257027186086307, 0.249471298185848, 0.240647870186594, 0.230665670326123, 0.219659848365242, 0.207791932875433, 0.195249827813311, 0.182247807910472, 0.169026512161877, 0.155852934343414, 0.143020408960916, 0.130848590211977, 0.119683420226021, 0.109897080674975, 0.27886, 0.256021751047619, 0.238343944655423, 0.225250201890921, 0.216190454422998, 0.210640940754939, 0.208104203581354, 0.208109088534649, 0.21021074453215, 0.21399062585365, 0.219056495975649, 0.225042433071501, 0.231608836967914, 0.238442437241099, 0.245256302053211, 0.251789847282115, 0.257808845490544, 0.263105434315025, 0.267498123925047, 0.270831803299118, 0.272977745173924, 0.273833609632329, 0.273323446393511, 0.271397695944852, 0.268033189704788, 0.263233149426607, 0.257027186046208, 0.249471298144957, 0.240647870145327, 0.230665670284947, 0.21965984832468, 0.207791932836073, 0.19524982777581, 0.182247807875564, 0.169026512130373, 0.155852934316207, 0.14302040893897, 0.130848590196315, 0.119683420217682, 0.109897080674941, 0.27886, 0.256021751045896, 0.238343944652689, 0.225250201887668, 0.216190454419527, 0.210640940751376, 0.208104203577683, 0.208109088530737, 0.210210744527774, 0.213990625848527, 0.219056495969462, 0.225042433063921, 0.231608836958626, 0.238442437229815, 0.245256302039688, 0.251789847266159, 0.25780884547202, 0.263105434293858, 0.267498123901216, 0.27083180327266, 0.272977745144924, 0.273833609600919, 0.273323446359864, 0.271397695909181, 0.268033189667344, 0.263233149387676, 0.257027186006118, 0.249471298104077, 0.240647870104071, 0.230665670243781, 0.219659848284128, 0.207791932796723, 0.195249827738319, 0.182247807840665, 0.169026512098879, 0.155852934289009, 0.143020408917034, 0.130848590180661, 0.119683420209349, 0.109897080674912, 0.27886, 0.256021751044173, 0.238343944649954, 0.225250201884416, 0.216190454416056, 0.210640940747814, 0.208104203574013, 0.208109088526826, 0.210210744523399, 0.213990625843405, 0.219056495963275, 0.225042433056341, 0.231608836949337, 0.238442437218531, 0.245256302026164, 0.251789847250203, 0.257808845453497, 0.26310543427269, 0.267498123877386, 0.270831803246202, 0.272977745115924, 0.273833609569509, 0.273323446326217, 0.27139769587351, 0.2680331896299, 0.263233149348746, 0.257027185966028, 0.249471298063197, 0.240647870062815, 0.230665670202615, 0.219659848243576, 0.207791932757373, 0.195249827700828, 0.182247807805765, 0.169026512067384, 0.15585293426181, 0.143020408895095, 0.130848590165004, 0.119683420201014, 0.10989708067488, 0.27886, 0.25602175104245, 0.23834394464722, 0.225250201881165, 0.216190454412585, 0.210640940744252, 0.208104203570344, 0.208109088522915, 0.210210744519025, 0.213990625838284, 0.219056495957089, 0.225042433048763, 0.231608836940052, 0.23844243720725, 0.245256302012644, 0.251789847234252, 0.257808845434978, 0.263105434251528, 0.267498123853561, 0.27083180321975, 0.272977745086931, 0.273833609538106, 0.273323446292578, 0.271397695837848, 0.268033189592464, 0.263233149309824, 0.257027185925948, 0.249471298022326, 0.240647870021568, 0.230665670161459, 0.219659848203034, 0.207791932718032, 0.195249827663346, 0.182247807770875, 0.169026512035897, 0.155852934234619, 0.143020408873165, 0.130848590149355, 0.119683420192685, 0.109897080674854, 0.27886, 0.256021751040727, 0.238343944644486, 0.225250201877913, 0.216190454409115, 0.210640940740691, 0.208104203566675, 0.208109088519005, 0.21021074451465, 0.213990625833163, 0.219056495950903, 0.225042433041185, 0.231608836930765, 0.238442437195969, 0.245256301999123, 0.2517898472183, 0.257808845416459, 0.263105434230366, 0.267498123829737, 0.270831803193298, 0.272977745057938, 0.273833609506703, 0.273323446258939, 0.271397695802185, 0.268033189555028, 0.263233149270903, 0.257027185885868, 0.249471297981455, 0.240647869980322, 0.230665670120303, 0.219659848162492, 0.207791932678691, 0.195249827625864, 0.182247807735984, 0.16902651200441, 0.155852934207426, 0.143020408851232, 0.130848590133703, 0.119683420184352, 0.109897080674824, 0.27886, 0.256021751039005, 0.238343944641752, 0.225250201874662, 0.216190454405645, 0.210640940737129, 0.208104203563005, 0.208109088515094, 0.210210744510276, 0.213990625828041, 0.219056495944718, 0.225042433033608, 0.23160883692148, 0.238442437184688, 0.245256301985604, 0.251789847202348, 0.257808845397942, 0.263105434209205, 0.267498123805913, 0.270831803166849, 0.272977745028947, 0.273833609475303, 0.273323446225303, 0.271397695766526, 0.268033189517595, 0.263233149231985, 0.25702718584579, 0.249471297940587, 0.240647869939078, 0.23066567007915, 0.219659848121953, 0.207791932639354, 0.195249827588384, 0.182247807701096, 0.169026511972925, 0.155852934180235, 0.1430204088293, 0.130848590118052, 0.119683420176019, 0.109897080674793, 0.27886, 0.256021751037282, 0.238343944639018, 0.225250201871411, 0.216190454402174, 0.210640940733568, 0.208104203559336, 0.208109088511183, 0.210210744505902, 0.21399062582292, 0.219056495938532, 0.22504243302603, 0.231608836912194, 0.238442437173408, 0.245256301972084, 0.251789847186398, 0.257808845379425, 0.263105434188045, 0.267498123782092, 0.2708318031404, 0.272977744999958, 0.273833609443905, 0.273323446191669, 0.271397695730869, 0.268033189480165, 0.26323314919307, 0.257027185805716, 0.249471297899723, 0.240647869897838, 0.230665670038, 0.219659848081417, 0.207791932600018, 0.195249827550908, 0.18224780766621, 0.169026511941441, 0.155852934153046, 0.14302040880737, 0.1308485901024, 0.119683420167686, 0.109897080674759, 0.27886, 0.25602175103556, 0.238343944636285, 0.225250201868161, 0.216190454398706, 0.210640940730008, 0.208104203555669, 0.208109088507275, 0.210210744501531, 0.213990625817802, 0.21905649593235, 0.225042433018456, 0.231608836902913, 0.238442437162133, 0.245256301958571, 0.251789847170454, 0.257808845360915, 0.263105434166893, 0.267498123758278, 0.270831803113961, 0.272977744970978, 0.273833609412516, 0.273323446158045, 0.271397695695222, 0.268033189442746, 0.263233149154165, 0.257027185765654, 0.24947129785887, 0.24064786985661, 0.230665669996863, 0.219659848040893, 0.207791932560696, 0.195249827513443, 0.182247807631336, 0.16902651190997, 0.155852934125868, 0.14302040878545, 0.130848590086759, 0.119683420159363, 0.109897080674736, 0.27886, 0.256021751033837, 0.238343944633552, 0.22525020186491, 0.216190454395236, 0.210640940726447, 0.208104203552, 0.208109088503365, 0.210210744497156, 0.213990625812681, 0.219056495926164, 0.225042433010879, 0.231608836893628, 0.238442437150853, 0.245256301945053, 0.251789847154505, 0.2578088453424, 0.263105434145735, 0.267498123734459, 0.270831803087516, 0.272977744941993, 0.273833609381122, 0.273323446124415, 0.27139769565957, 0.268033189405321, 0.263233149115255, 0.257027185725585, 0.249471297818011, 0.240647869815375, 0.230665669955718, 0.219659848000362, 0.207791932521365, 0.19524982747597, 0.182247807596453, 0.169026511878489, 0.155852934098681, 0.14302040876352, 0.130848590071108, 0.119683420151027, 0.109897080674699, 0.27886, 0.256021751032116, 0.238343944630819, 0.22525020186166, 0.216190454391768, 0.210640940722888, 0.208104203548333, 0.208109088499457, 0.210210744492785, 0.213990625807564, 0.219056495919983, 0.225042433003306, 0.231608836884348, 0.238442437139579, 0.245256301931541, 0.251789847138563, 0.257808845323893, 0.263105434124586, 0.267498123710649, 0.27083180306108, 0.272977744913017, 0.273833609349738, 0.273323446090797, 0.271397695623929, 0.268033189367908, 0.263233149076357, 0.257027185685528, 0.249471297777164, 0.240647869774153, 0.230665669914586, 0.219659847959844, 0.207791932482048, 0.19524982743851, 0.182247807561584, 0.169026511847021, 0.155852934071506, 0.143020408741603, 0.130848590055467, 0.119683420142703, 0.109897080674673, 0.27886, 0.256021751030394, 0.238343944628087, 0.225250201858411, 0.216190454388299, 0.210640940719328, 0.208104203544666, 0.208109088495549, 0.210210744488413, 0.213990625802445, 0.219056495913801, 0.225042432995733, 0.231608836875068, 0.238442437128305, 0.245256301918029, 0.251789847122621, 0.257808845305385, 0.263105434103437, 0.267498123686839, 0.270831803034644, 0.272977744884042, 0.273833609318355, 0.273323446057179, 0.271397695588288, 0.268033189330495, 0.26323314903746, 0.257027185645473, 0.249471297736319, 0.240647869732932, 0.230665669873456, 0.219659847919327, 0.207791932442732, 0.195249827401052, 0.182247807526715, 0.169026511815554, 0.155852934044331, 0.143020408719684, 0.130848590039826, 0.119683420134377, 0.109897080674643, 0.27886, 0.256021751028672, 0.238343944625355, 0.225250201855161, 0.216190454384831, 0.210640940715769, 0.208104203540999, 0.20810908849164, 0.210210744484041, 0.213990625797327, 0.219056495907618, 0.225042432988159, 0.231608836865787, 0.238442437117031, 0.245256301904517, 0.251789847106679, 0.257808845286878, 0.263105434082288, 0.267498123663029, 0.27083180300821, 0.272977744855068, 0.273833609286972, 0.273323446023562, 0.271397695552649, 0.268033189293084, 0.263233148998564, 0.257027185605419, 0.249471297695475, 0.240647869691712, 0.230665669832326, 0.219659847878811, 0.207791932403416, 0.195249827363593, 0.182247807491846, 0.169026511784086, 0.155852934017155, 0.143020408697764, 0.130848590024182, 0.119683420126047, 0.10989708067461, 0.27886, 0.256021751026951, 0.238343944622623, 0.225250201851912, 0.216190454381363, 0.21064094071221, 0.208104203537332, 0.208109088487733, 0.210210744479671, 0.21399062579221, 0.219056495901437, 0.225042432980587, 0.231608836856508, 0.238442437105758, 0.245256301891007, 0.25178984709074, 0.257808845268374, 0.263105434061143, 0.267498123639224, 0.270831802981779, 0.272977744826098, 0.273833609255595, 0.27332344598995, 0.271397695517016, 0.268033189255679, 0.263233148959674, 0.25702718556537, 0.249471297654637, 0.240647869650499, 0.230665669791204, 0.219659847838302, 0.207791932364107, 0.195249827326141, 0.182247807456983, 0.169026511752624, 0.155852933989984, 0.14302040867585, 0.130848590008543, 0.119683420117722, 0.10989708067458, 0.27886, 0.256021751025229, 0.238343944619891, 0.225250201848664, 0.216190454377896, 0.210640940708652, 0.208104203533667, 0.208109088483826, 0.210210744475301, 0.213990625787094, 0.219056495895258, 0.225042432973017, 0.231608836847231, 0.238442437094489, 0.2452563018775, 0.251789847074803, 0.257808845249873, 0.263105434040001, 0.267498123615422, 0.270831802955353, 0.272977744797133, 0.273833609224223, 0.273323445956344, 0.271397695481388, 0.268033189218279, 0.26323314892079, 0.257027185525329, 0.249471297613806, 0.240647869609293, 0.230665669750088, 0.219659847797799, 0.207791932324805, 0.195249827288696, 0.182247807422127, 0.169026511721168, 0.155852933962819, 0.14302040865394, 0.130848589992908, 0.1196834201094, 0.109897080674553, 0.27886, 0.256021751023508, 0.23834394461716, 0.225250201845416, 0.216190454374429, 0.210640940705094, 0.208104203530001, 0.20810908847992, 0.210210744470931, 0.213990625781978, 0.219056495889078, 0.225042432965447, 0.231608836837955, 0.238442437083219, 0.245256301863994, 0.251789847058868, 0.257808845231373, 0.26310543401886, 0.267498123591622, 0.270831802928929, 0.27297774476817, 0.273833609192852, 0.273323445922739, 0.271397695445762, 0.268033189180882, 0.263233148881909, 0.25702718548529, 0.249471297572977, 0.240647869568089, 0.230665669708974, 0.219659847757299, 0.207791932285505, 0.195249827251253, 0.182247807387273, 0.169026511689714, 0.155852933935656, 0.143020408632031, 0.130848589977274, 0.119683420101078, 0.109897080674524, 0.27886, 0.256021751021787, 0.238343944614429, 0.225250201842167, 0.216190454370962, 0.210640940701536, 0.208104203526335, 0.208109088476012, 0.21021074446656, 0.213990625776861, 0.219056495882898, 0.225042432957875, 0.231608836828677, 0.238442437071948, 0.245256301850486, 0.251789847042931, 0.257808845212872, 0.263105433997719, 0.267498123567821, 0.270831802902503, 0.272977744739206, 0.273833609161481, 0.273323445889135, 0.271397695410136, 0.268033189143485, 0.263233148843028, 0.257027185445251, 0.249471297532148, 0.240647869526884, 0.23066566966786, 0.219659847716798, 0.207791932246203, 0.195249827213808, 0.182247807352416, 0.169026511658257, 0.155852933908489, 0.143020408610118, 0.130848589961634, 0.11968342009275, 0.109897080674489, 0.27886, 0.256021751020067, 0.238343944611698, 0.22525020183892, 0.216190454367496, 0.210640940697979, 0.208104203522671, 0.208109088472107, 0.210210744462193, 0.213990625771747, 0.219056495876721, 0.225042432950308, 0.231608836819404, 0.238442437060683, 0.245256301836984, 0.251789847027001, 0.257808845194378, 0.263105433976585, 0.267498123544028, 0.270831802876086, 0.272977744710251, 0.273833609130119, 0.27332344585554, 0.271397695374521, 0.268033189106098, 0.263233148804157, 0.257027185405223, 0.249471297491331, 0.240647869485692, 0.230665669626757, 0.219659847676309, 0.207791932206914, 0.195249827176375, 0.182247807317572, 0.169026511626812, 0.155852933881334, 0.143020408588217, 0.130848589946006, 0.119683420084432, 0.109897080674464, 0.27886, 0.256021751018346, 0.238343944608968, 0.225250201835673, 0.21619045436403, 0.210640940694422, 0.208104203519006, 0.208109088468201, 0.210210744457824, 0.213990625766632, 0.219056495870543, 0.22504243294274, 0.231608836810129, 0.238442437049416, 0.245256301823481, 0.251789847011069, 0.257808845175883, 0.263105433955449, 0.267498123520233, 0.270831802849669, 0.272977744681295, 0.273833609098757, 0.273323445821944, 0.271397695338904, 0.268033189068711, 0.263233148765286, 0.257027185365194, 0.249471297450513, 0.240647869444499, 0.230665669585655, 0.21965984763582, 0.207791932167625, 0.195249827138941, 0.182247807282726, 0.169026511595365, 0.155852933854177, 0.143020408566312, 0.130848589930374, 0.11968342007611, 0.109897080674433