10000, 0, 0, 0, 0, 0, 0, 0, 0, 0, 0, 0, 0, 0, 0, 0, 0, 0, 0, 0, 0, 0, 0, 0, 0, 0, 0, 0, 0, 0, 0, 0, 0, 0, 0, 0, 0, 0, 0, 0
0, 10000, 0, 0, 0, 0, 0, 0, 0, 0, 0, 0, 0, 0, 0, 0, 0, 0, 0, 0, 0, 0, 0, 0, 0, 0, 0, 0, 0, 0, 0, 0, 0, 0, 0, 0, 0, 0, 0, 0
0, 0, 10000, 0, 0, 0, 0, 0, 0, 0, 0, 0, 0, 0, 0, 0, 0, 0, 0, 0, 0, 0, 0, 0, 0, 0, 0, 0, 0, 0, 0, 0, 0, 0, 0, 0, 0, 0, 0, 0
0, 0, 0, 10000, 0, 0, 0, 0, 0, 0, 0, 0, 0, 0, 0, 0, 0, 0, 0, 0, 0, 0, 0, 0, 0, 0, 0, 0, 0, 0, 0, 0, 0, 0, 0, 0, 0, 0, 0, 0
0, 0, 0, 0, 10, 0, 0, 0, 0, 0, 0, 0, 0, 0, 0, 0, 0, 0, 0, 0, 0, 0, 0, 0, 0, 0, 0, 0, 0, 0, 0, 0, 0, 0, 0, 0, 0, 0, 0, 0
0, 0, 0, 0, 0, 10, 0, 0, 0, 0, 0, 0, 0, 0, 0, 0, 0, 0, 0, 0, 0, 0, 0, 0, 0, 0, 0, 0, 0, 0, 0, 0, 0, 0, 0, 0, 0, 0, 0, 0
0, 0, 0, 0, 0, 0, 10, 0, 0, 0, 0, 0, 0, 0, 0, 0, 0, 0, 0, 0, 0, 0, 0, 0, 0, 0, 0, 0, 0, 0, 0, 0, 0, 0, 0, 0, 0, 0, 0, 0
0, 0, 0, 0, 0, 0, 0, 10, 0, 0, 0, 0, 0, 0, 0, 0, 0, 0, 0, 0, 0, 0, 0, 0, 0, 0, 0, 0, 0, 0, 0, 0, 0, 0, 0, 0, 0, 0, 0, 0
0, 0, 0, 0, 0, 0, 0, 0, 10, 0, 0, 0, 0, 0, 0, 0, 0, 0, 0, 0, 0, 0, 0, 0, 0, 0, 0, 0, 0, 0, 0, 0, 0, 0, 0, 0, 0, 0, 0, 0
0, 0, 0, 0, 0, 0, 0, 0, 0, 10, 0, 0, 0, 0, 0, 0, 0, 0, 0, 0, 0, 0, 0, 0, 0, 0, 0, 0, 0, 0, 0, 0, 0, 0, 0, 0, 0, 0, 0, 0
0, 0, 0, 0, 0, 0, 0, 0, 0, 0, 10, 0, 0, 0, 0, 0, 0, 0, 0, 0, 0, 0, 0, 0, 0, 0, 0, 0, 0, 0, 0, 0, 0, 0, 0, 0, 0, 0, 0, 0
0, 0, 0, 0, 0, 0, 0, 0, 0, 0, 0, 10, 0, 0, 0, 0, 0, 0, 0, 0, 0, 0, 0, 0, 0, 0, 0, 0, 0, 0, 0, 0, 0, 0, 0, 0, 0, 0, 0, 0
0, 0, 0, 0, 0, 0, 0, 0, 0, 0, 0, 0, 10, 0, 0, 0, 0, 0, 0, 0, 0, 0, 0, 0, 0, 0, 0, 0, 0, 0, 0, 0, 0, 0, 0, 0, 0, 0, 0, 0
0, 0, 0, 0, 0, 0, 0, 0, 0, 0, 0, 0, 0, 10, 0, 0, 0, 0, 0, 0, 0, 0, 0, 0, 0, 0, 0, 0, 0, 0, 0, 0, 0, 0, 0, 0, 0, 0, 0, 0
0, 0, 0, 0, 0, 0, 0, 0, 0, 0, 0, 0, 0, 0, 10, 0, 0, 0, 0, 0, 0, 0, 0, 0, 0, 0, 0, 0, 0, 0, 0, 0, 0, 0, 0, 0, 0, 0, 0, 0
0, 0, 0, 0, 0, 0, 0, 0, 0, 0, 0, 0, 0, 0, 0, 10, 0, 0, 0, 0, 0, 0, 0, 0, 0, 0, 0, 0, 0, 0, 0, 0, 0, 0, 0, 0, 0, 0, 0, 0
0, 0, 0, 0, 0, 0, 0, 0, 0, 0, 0, 0, 0, 0, 0, 0, 10, 0, 0, 0, 0, 0, 0, 0, 0, 0, 0, 0, 0, 0, 0, 0, 0, 0, 0, 0, 0, 0, 0, 0
0, 0, 0, 0, 0, 0, 0, 0, 0, 0, 0, 0, 0, 0, 0, 0, 0, 10, 0, 0, 0, 0, 0, 0, 0, 0, 0, 0, 0, 0, 0, 0, 0, 0, 0, 0, 0, 0, 0, 0
0, 0, 0, 0, 0, 0, 0, 0, 0, 0, 0, 0, 0, 0, 0, 0, 0, 0, 10, 0, 0, 0, 0, 0, 0, 0, 0, 0, 0, 0, 0, 0, 0, 0, 0, 0, 0, 0, 0, 0
0, 0, 0, 0, 0, 0, 0, 0, 0, 0, 0, 0, 0, 0, 0, 0, 0, 0, 0, 10, 0, 0, 0, 0, 0, 0, 0, 0, 0, 0, 0, 0, 0, 0, 0, 0, 0, 0, 0, 0
0, 0, 0, 0, 0, 0, 0, 0, 0, 0, 0, 0, 0, 0, 0, 0, 0, 0, 0, 0, 10, 0, 0, 0, 0, 0, 0, 0, 0, 0, 0, 0, 0, 0, 0, 0, 0, 0, 0, 0
0, 0, 0, 0, 0, 0, 0, 0, 0, 0, 0, 0, 0, 0, 0, 0, 0, 0, 0, 0, 0, 10, 0, 0, 0, 0, 0, 0, 0, 0, 0, 0, 0, 0, 0, 0, 0, 0, 0, 0
0, 0, 0, 0, 0, 0, 0, 0, 0, 0, 0, 0, 0, 0, 0, 0, 0, 0, 0, 0, 0, 0, 10, 0, 0, 0, 0, 0, 0, 0, 0, 0, 0, 0, 0, 0, 0, 0, 0, 0
0, 0, 0, 0, 0, 0, 0, 0, 0, 0, 0, 0, 0, 0, 0, 0, 0, 0, 0, 0, 0, 0, 0, 10, 0, 0, 0, 0, 0, 0, 0, 0, 0, 0, 0, 0, 0, 0, 0, 0
0, 0, 0, 0, 0, 0, 0, 0, 0, 0, 0, 0, 0, 0, 0, 0, 0, 0, 0, 0, 0, 0, 0, 0, 10, 0, 0, 0, 0, 0, 0, 0, 0, 0, 0, 0, 0, 0, 0, 0
0, 0, 0, 0, 0, 0, 0, 0, 0, 0, 0, 0, 0, 0, 0, 0, 0, 0, 0, 0, 0, 0, 0, 0, 0, 10, 0, 0, 0, 0, 0, 0, 0, 0, 0, 0, 0, 0, 0, 0
0, 0, 0, 0, 0, 0, 0, 0, 0, 0, 0, 0, 0, 0, 0, 0, 0, 0, 0, 0, 0, 0, 0, 0, 0, 0, 10, 0, 0, 0, 0, 0, 0, 0, 0, 0, 0, 0, 0, 0
0, 0, 0, 0, 0, 0, 0, 0, 0, 0, 0, 0, 0, 0, 0, 0, 0, 0, 0, 0, 0, 0, 0, 0, 0, 0, 0, 10, 0, 0, 0, 0, 0, 0, 0, 0, 0, 0, 0, 0
0, 0, 0, 0, 0, 0, 0, 0, 0, 0, 0, 0, 0, 0, 0, 0, 0, 0, 0, 0, 0, 0, 0, 0, 0, 0, 0, 0, 10, 0, 0, 0, 0, 0, 0, 0, 0, 0, 0, 0
0, 0, 0, 0, 0, 0, 0, 0, 0, 0, 0, 0, 0, 0, 0, 0, 0, 0, 0, 0, 0, 0, 0, 0, 0, 0, 0, 0, 0, 10, 0, 0, 0, 0, 0, 0, 0, 0, 0, 0
0, 0, 0, 0, 0, 0, 0, 0, 0, 0, 0, 0, 0, 0, 0, 0, 0, 0, 0, 0, 0, 0, 0, 0, 0, 0, 0, 0, 0, 0, 10, 0, 0, 0, 0, 0, 0, 0, 0, 0
0, 0, 0, 0, 0, 0, 0, 0, 0, 0, 0, 0, 0, 0, 0, 0, 0, 0, 0, 0, 0, 0, 0, 0, 0, 0, 0, 0, 0, 0, 0, 10, 0, 0, 0, 0, 0, 0, 0, 0
0, 0, 0, 0, 0, 0, 0, 0, 0, 0, 0, 0, 0, 0, 0, 0, 0, 0, 0, 0, 0, 0, 0, 0, 0, 0, 0, 0, 0, 0, 0, 0, 10, 0, 0, 0, 0, 0, 0, 0
0, 0, 0, 0, 0, 0, 0, 0, 0, 0, 0, 0, 0, 0, 0, 0, 0, 0, 0, 0, 0, 0, 0, 0, 0, 0, 0, 0, 0, 0, 0, 0, 0, 10, 0, 0, 0, 0, 0, 0
0, 0, 0, 0, 0, 0, 0, 0, 0, 0, 0, 0, 0, 0, 0, 0, 0, 0, 0, 0, 0, 0, 0, 0, 0, 0, 0, 0, 0, 0, 0, 0, 0, 0, 10, 0, 0, 0, 0, 0
0, 0, 0, 0, 0, 0, 0, 0, 0, 0, 0, 0, 0, 0, 0, 0, 0, 0, 0, 0, 0, 0, 0, 0, 0, 0, 0, 0, 0, 0, 0, 0, 0, 0, 0, 10, 0, 0, 0, 0
0, 0, 0, 0, 0, 0, 0, 0, 0, 0, 0, 0, 0, 0, 0, 0, 0, 0, 0, 0, 0, 0, 0, 0, 0, 0, 0, 0, 0, 0, 0, 0, 0, 0, 0, 0, 10000, 0, 0, 0
0, 0, 0, 0, 0, 0, 0, 0, 0, 0, 0, 0, 0, 0, 0, 0, 0, 0, 0, 0, 0, 0, 0, 0, 0, 0, 0, 0, 0, 0, 0, 0, 0, 0, 0, 0, 0, 10000, 0, 0
0, 0, 0, 0, 0, 0, 0, 0, 0, 0, 0, 0, 0, 0, 0, 0, 0, 0, 0, 0, 0, 0, 0, 0, 0, 0, 0, 0, 0, 0, 0, 0, 0, 0, 0, 0, 0, 0, 10000, 0
0, 0, 0, 0, 0, 0, 0, 0, 0, 0, 0, 0, 0, 0, 0, 0, 0, 0, 0, 0, 0, 0, 0, 0, 0, 0, 0, 0, 0, 0, 0, 0, 0, 0, 0, 0, 0, 0, 0, 10000
9059.68999999974, 3.35962424997648e-12, 3.30749999999545, -9.55558630030951e-13, -39.6900000000001, 1.40532030372349e-15, 3.30750000000001, -6.24514745032635e-16, 0, 0, 0, 0, 0, 0, 0, 0, 0, 0, 0, 0, 0, 0, 0, 0, 0, 0, 0, 0, 0, 0, 0, 0, 0, 0, 0, 0, 0, 0, 0, 0
3.35962424997648e-12, 9059.68999999977, 8.32868720035248e-13, 3.30750000000199, 6.63490172007154e-15, -39.69, -2.75616580102669e-16, 3.30750000000001, 0, 0, 0, 0, 0, 0, 0, 0, 0, 0, 0, 0, 0, 0, 0, 0, 0, 0, 0, 0, 0, 0, 0, 0, 0, 0, 0, 0, 0, 0, 0, 0
3.30749999999545, 8.32868720035248e-13, 9020.36750000034, 3.1016998224054e-13, -3.3075, 1.78469841986481e-15, 0.183749999999998, 9.98704784372023e-16, 0, 0, 0, 0, 0, 0, 0, 0, 0, 0, 0, 0, 0, 0, 0, 0, 0, 0, 0, 0, 0, 0, 0, 0, 0, 0, 0, 0, 0, 0, 0, 0
-9.55558630030951e-13, 3.30750000000199, 3.1016998224054e-13, 9020.36749999997, 2.72211904701401e-14, -3.30750000000006, -5.24644266595433e-16, 0.183749999999998, 0, 0, 0, 0, 0, 0, 0, 0, 0, 0, 0, 0, 0, 0, 0, 0, 0, 0, 0, 0, 0, 0, 0, 0, 0, 0, 0, 0, 0, 0, 0, 0
-39.6900000000001, 6.63490172007154e-15, -3.3075, 2.72211904701401e-14, 94.1722352014033, 1.79382999953214, 3.48165940522449e-14, 2.19336063551464e-15, -39.69, 2.63106829914009e-15, 3.30750000000002, 1.75875803585515e-16, 0, 0, 0, 0, 0, 0, 0, 0, 0, 0, 0, 0, 0, 0, 0, 0, 0, 0, 0, 0, 0, 0, 0, 0, 0, 0, 0, 0
1.40532030372349e-15, -39.69, 1.78469841986481e-15, -3.30750000000006, 1.79382999953214, 88.794159894832, -5.82231919096885e-17, 4.74376093961837e-14, 2.06511137697087e-15, -39.69, -3.23173086107584e-16, 3.30750000000002, 0, 0, 0, 0, 0, 0, 0, 0, 0, 0, 0, 0, 0, 0, 0, 0, 0, 0, 0, 0, 0, 0, 0, 0, 0, 0, 0, 0
3.30750000000001, -2.75616580102669e-16, 0.183749999999998, -5.24644266595433e-16, 3.48165940522449e-14, -5.82231919096885e-17, 9.51000000000029, 6.80309916999019e-16, -3.30750000000003, 4.21030590745636e-16, 0.18375, 1.33375078424083e-16, 0, 0, 0, 0, 0, 0, 0, 0, 0, 0, 0, 0, 0, 0, 0, 0, 0, 0, 0, 0, 0, 0, 0, 0, 0, 0, 0, 0
-6.24514745032635e-16, 3.30750000000001, 9.98704784372023e-16, 0.183749999999998, 2.19336063551464e-15, 4.74376093961837e-14, 6.80309916999019e-16, 9.51000000000036, 4.92584545997891e-16, -3.30750000000002, -4.16057819130984e-17, 0.183750000000001, 0, 0, 0, 0, 0, 0, 0, 0, 0, 0, 0, 0, 0, 0, 0, 0, 0, 0, 0, 0, 0, 0, 0, 0, 0, 0, 0, 0
0, 0, 0, 0, -39.69, 2.06511137697087e-15, -3.30750000000003, 4.92584545997891e-16, 95.8146638645813, 1.51473338032084, 4.35207425653061e-16, 2.93305327958858e-16, -39.69, 1.9511033892484e-15, 3.30750000000001, 1.87827835517967e-16, 0, 0, 0, 0, 0, 0, 0, 0, 0, 0, 0, 0, 0, 0, 0, 0, 0, 0, 0, 0, 0, 0, 0, 0
0, 0, 0, 0, 2.63106829914009e-15, -39.69, 4.21030590745636e-16, -3.30750000000002, 1.51473338032084, 88.6377984796402, 3.51580400636566e-16, 1.65378821748163e-14, 3.01079920450394e-15, -39.69, -1.55146842723393e-16, 3.30750000000002, 0, 0, 0, 0, 0, 0, 0, 0, 0, 0, 0, 0, 0, 0, 0, 0, 0, 0, 0, 0, 0, 0, 0, 0
0, 0, 0, 0, 3.30750000000002, -3.23173086107584e-16, 0.18375, -4.16057819130984e-17, 4.35207425653061e-16, 3.51580400636566e-16, 9.51000000000146, 4.16096729706998e-16, -3.30750000000002, 9.31085985374035e-16, 0.183750000000001, 1.66577472937251e-16, 0, 0, 0, 0, 0, 0, 0, 0, 0, 0, 0, 0, 0, 0, 0, 0, 0, 0, 0, 0, 0, 0, 0, 0
0, 0, 0, 0, 1.75875803585515e-16, 3.30750000000002, 1.33375078424083e-16, 0.183750000000001, 2.93305327958858e-16, 1.65378821748163e-14, 4.16096729706998e-16, 9.51000000000136, 4.8200605739875e-16, -3.30750000000002, 2.54812392126919e-17, 0.183750000000002, 0, 0, 0, 0, 0, 0, 0, 0, 0, 0, 0, 0, 0, 0, 0, 0, 0, 0, 0, 0, 0, 0, 0, 0
0, 0, 0, 0, 0, 0, 0, 0, -39.69, 3.01079920450394e-15, -3.30750000000002, 4.8200605739875e-16, 94.5932715551105, 0.118985918027855, -2.17603712826531e-15, 8.37720058227256e-16, -39.69, 3.30568948992579e-15, 3.30750000000001, 3.57830736163694e-16, 0, 0, 0, 0, 0, 0, 0, 0, 0, 0, 0, 0, 0, 0, 0, 0, 0, 0, 0, 0
0, 0, 0, 0, 0, 0, 0, 0, 1.9511033892484e-15, -39.69, 9.31085985374035e-16, -3.30750000000002, 0.118985918027855, 87.2512598915505, 3.95964397677099e-16, 1.61026747491633e-14, 2.26691200033564e-15, -39.69, -5.95617157245871e-17, 3.30750000000002, 0, 0, 0, 0, 0, 0, 0, 0, 0, 0, 0, 0, 0, 0, 0, 0, 0, 0, 0, 0
0, 0, 0, 0, 0, 0, 0, 0, 3.30750000000001, -1.55146842723393e-16, 0.183750000000001, 2.54812392126919e-17, -2.17603712826531e-15, 3.95964397677099e-16, 9.51000000000139, 7.37963717479696e-16, -3.30750000000003, 1.09565178153134e-15, 0.18375, -3.42542770847599e-18, 0, 0, 0, 0, 0, 0, 0, 0, 0, 0, 0, 0, 0, 0, 0, 0, 0, 0, 0, 0
0, 0, 0, 0, 0, 0, 0, 0, 1.87827835517967e-16, 3.30750000000002, 1.66577472937251e-16, 0.183750000000002, 8.37720058227256e-16, 1.61026747491633e-14, 7.37963717479696e-16, 9.51000000000127, 5.0313190613622e-16, -3.30750000000002, -5.42491250794081e-17, 0.183750000000001, 0, 0, 0, 0, 0, 0, 0, 0, 0, 0, 0, 0, 0, 0, 0, 0, 0, 0, 0, 0
0, 0, 0, 0, 0, 0, 0, 0, 0, 0, 0, 0, -39.69, 2.26691200033564e-15, -3.30750000000003, 5.0313190613622e-16, 87.2161731278679, -1.80432146191229, 2.17603712826531e-15, 2.19310252869374e-15, -39.69, 3.26319654687956e-15, 3.30750000000002, 2.39626891327662e-16, 0, 0, 0, 0, 0, 0, 0, 0, 0, 0, 0, 0, 0, 0, 0, 0
0, 0, 0, 0, 0, 0, 0, 0, 0, 0, 0, 0, 3.30568948992579e-15, -39.69, 1.09565178153134e-15, -3.30750000000002, -1.80432146191229, 87.3538773441371, -3.57129048776233e-16, 1.74082970261225e-14, 2.63880112761337e-15, -39.69, -2.16944619549613e-16, 3.30750000000002, 0, 0, 0, 0, 0, 0, 0, 0, 0, 0, 0, 0, 0, 0, 0, 0
0, 0, 0, 0, 0, 0, 0, 0, 0, 0, 0, 0, 3.30750000000001, -5.95617157245871e-17, 0.18375, -5.42491250794081e-17, 2.17603712826531e-15, -3.57129048776233e-16, 9.51000000000145, 7.48597977904457e-16, -3.30750000000003, 5.43150136547927e-16, 0.18375, 1.33375078424083e-16, 0, 0, 0, 0, 0, 0, 0, 0, 0, 0, 0, 0, 0, 0, 0, 0
0, 0, 0, 0, 0, 0, 0, 0, 0, 0, 0, 0, 3.57830736163694e-16, 3.30750000000002, -3.42542770847599e-18, 0.183750000000001, 2.19310252869374e-15, 1.74082970261225e-14, 7.48597977904457e-16, 9.51000000000132, -1.0249564529898e-16, -3.30750000000002, 6.18418754790365e-18, 0.183750000000001, 0, 0, 0, 0, 0, 0, 0, 0, 0, 0, 0, 0, 0, 0, 0, 0
0, 0, 0, 0, 0, 0, 0, 0, 0, 0, 0, 0, 0, 0, 0, 0, -39.69, 2.63880112761337e-15, -3.30750000000003, -1.0249564529898e-16, 77.3086585505486, -2.9504230208631, 4.35207425653061e-15, 1.69197192318387e-15, -39.69, 2.72686873132617e-15, 3.30750000000002, 8.55643566558732e-17, 0, 0, 0, 0, 0, 0, 0, 0, 0, 0, 0, 0
0, 0, 0, 0, 0, 0, 0, 0, 0, 0, 0, 0, 0, 0, 0, 0, 3.26319654687956e-15, -39.69, 5.43150136547927e-16, -3.30750000000002, -2.9504230208631, 86.9995217031577, 1.05976844833077e-16, 1.61026747491633e-14, 1.04526777366937e-15, -39.69, 2.72239142104611e-16, 3.30750000000002, 0, 0, 0, 0, 0, 0, 0, 0, 0, 0, 0, 0
0, 0, 0, 0, 0, 0, 0, 0, 0, 0, 0, 0, 0, 0, 0, 0, 3.30750000000002, -2.16944619549613e-16, 0.18375, 6.18418754790365e-18, 4.35207425653061e-15, 1.05976844833077e-16, 9.51000000000153, 1.39967827020139e-16, -3.30750000000003, 5.16831022931723e-16, 0.18375, 4.30636314944415e-17, 0, 0, 0, 0, 0, 0, 0, 0, 0, 0, 0, 0
0, 0, 0, 0, 0, 0, 0, 0, 0, 0, 0, 0, 0, 0, 0, 0, 2.39626891327662e-16, 3.30750000000002, 1.33375078424083e-16, 0.183750000000001, 1.69197192318387e-15, 1.61026747491633e-14, 1.39967827020139e-16, 9.51000000000142, 1.95253270440733e-16, -3.30750000000002, -1.42142928219349e-16, 0.183750000000001, 0, 0, 0, 0, 0, 0, 0, 0, 0, 0, 0, 0
0, 0, 0, 0, 0, 0, 0, 0, 0, 0, 0, 0, 0, 0, 0, 0, 0, 0, 0, 0, -39.69, 1.04526777366937e-15, -3.30750000000003, 1.95253270440733e-16, 69.9715843693392, -2.70259863541561, 1.30562227695918e-15, 1.25484013608344e-15, -39.69, 3.311079901723e-15, 3.30750000000002, 1.75875803585515e-16, 0, 0, 0, 0, 0, 0, 0, 0
0, 0, 0, 0, 0, 0, 0, 0, 0, 0, 0, 0, 0, 0, 0, 0, 0, 0, 0, 0, 2.72686873132617e-15, -39.69, 5.16831022931723e-16, -3.30750000000002, -2.70259863541561, 83.1766029268253, -1.03365426374824e-15, 1.65378821748163e-14, 1.72510557567941e-15, -39.69, -6.81687351389932e-17, 3.30750000000002, 0, 0, 0, 0, 0, 0, 0, 0
0, 0, 0, 0, 0, 0, 0, 0, 0, 0, 0, 0, 0, 0, 0, 0, 0, 0, 0, 0, 3.30750000000002, 2.72239142104611e-16, 0.18375, -1.42142928219349e-16, 1.30562227695918e-15, -1.03365426374824e-15, 9.51000000000148, 3.52215940044802e-16, -3.30750000000003, 4.21030590745636e-16, 0.18375, 4.83736281012195e-17, 0, 0, 0, 0, 0, 0, 0, 0
0, 0, 0, 0, 0, 0, 0, 0, 0, 0, 0, 0, 0, 0, 0, 0, 0, 0, 0, 0, 8.55643566558732e-17, 3.30750000000002, 4.30636314944415e-17, 0.183750000000001, 1.25484013608344e-15, 1.65378821748163e-14, 3.52215940044802e-16, 9.51000000000139, 4.92584545997891e-16, -3.30750000000002, 2.21453058290493e-17, 0.183750000000001, 0, 0, 0, 0, 0, 0, 0, 0
0, 0, 0, 0, 0, 0, 0, 0, 0, 0, 0, 0, 0, 0, 0, 0, 0, 0, 0, 0, 0, 0, 0, 0, -39.69, 1.72510557567941e-15, -3.30750000000003, 4.92584545997891e-16, 72.3237076444595, -2.36711363784719, -4.35207425653061e-15, 5.74552268410824e-16, -39.69, 3.52065356115626e-15, 3.30750000000002, 2.44617821211122e-17, 0, 0, 0, 0
0, 0, 0, 0, 0, 0, 0, 0, 0, 0, 0, 0, 0, 0, 0, 0, 0, 0, 0, 0, 0, 0, 0, 0, 3.311079901723e-15, -39.69, 4.21030590745636e-16, -3.30750000000002, -2.36711363784719, 84.568108013372, 4.893873936687e-16, 1.52322598978571e-14, 2.44734423237245e-15, -39.69, 1.7911186649072e-16, 3.30750000000002, 0, 0, 0, 0
0, 0, 0, 0, 0, 0, 0, 0, 0, 0, 0, 0, 0, 0, 0, 0, 0, 0, 0, 0, 0, 0, 0, 0, 3.30750000000002, -6.81687351389932e-17, 0.18375, 2.21453058290493e-17, -4.35207425653061e-15, 4.893873936687e-16, 9.51000000000146, 9.12503591288713e-16, -3.30750000000003, 1.20595548241723e-16, 0.18375, -1.80389430403196e-17, 0, 0, 0, 0
0, 0, 0, 0, 0, 0, 0, 0, 0, 0, 0, 0, 0, 0, 0, 0, 0, 0, 0, 0, 0, 0, 0, 0, 1.75875803585515e-16, 3.30750000000002, 4.83736281012195e-17, 0.183750000000001, 5.74552268410824e-16, 1.52322598978571e-14, 9.12503591288713e-16, 9.51000000000138, 4.07309424623725e-16, -3.30750000000002, 8.34852348774987e-17, 0.18375, 0, 0, 0, 0
0, 0, 0, 0, 0, 0, 0, 0, 0, 0, 0, 0, 0, 0, 0, 0, 0, 0, 0, 0, 0, 0, 0, 0, 0, 0, 0, 0, -39.69, 2.44734423237245e-15, -3.30750000000003, 4.07309424623725e-16, 82.1602598721979, -1.90113498701724, -2.48068232622245e-14, -5.51041201363666e-16, -39.6900000000002, 8.60831643360665e-15, 3.30750000000006, -8.1193401950245e-16
0, 0, 0, 0, 0, 0, 0, 0, 0, 0, 0, 0, 0, 0, 0, 0, 0, 0, 0, 0, 0, 0, 0, 0, 0, 0, 0, 0, 3.52065356115626e-15, -39.69, 1.20595548241723e-16, -3.30750000000002, -1.90113498701724, 89.2148768301649, -1.06594355674427e-15, -2.00195415800408e-14, -1.13618881962324e-15, -39.6899999999998, -3.29442876922719e-15, 3.30750000000002
0, 0, 0, 0, 0, 0, 0, 0, 0, 0, 0, 0, 0, 0, 0, 0, 0, 0, 0, 0, 0, 0, 0, 0, 0, 0, 0, 0, 3.30750000000002, 1.7911186649072e-16, 0.18375, 8.34852348774987e-17, -2.48068232622245e-14, -1.06594355674427e-15, 9.51000000000066, 1.90338864690102e-16, -3.30750000000005, -2.01686485675129e-15, 0.183750000000004, -4.79897104178764e-16
0, 0, 0, 0, 0, 0, 0, 0, 0, 0, 0, 0, 0, 0, 0, 0, 0, 0, 0, 0, 0, 0, 0, 0, 0, 0, 0, 0, 2.44617821211122e-17, 3.30750000000002, -1.80389430403196e-17, 0.18375, -5.51041201363666e-16, -2.00195415800408e-14, 1.90338864690102e-16, 9.51000000000055, -1.46822573494692e-15, -3.3075, 2.59403840096629e-17, 0.183749999999996
0, 0, 0, 0, 0, 0, 0, 0, 0, 0, 0, 0, 0, 0, 0, 0, 0, 0, 0, 0, 0, 0, 0, 0, 0, 0, 0, 0, 0, 0, 0, 0, -39.6900000000002, -1.13618881962324e-15, -3.30750000000005, -1.46822573494692e-15, 9059.69000000004, -2.03469887075794e-14, -3.30750000000035, 1.75097592065225e-14
0, 0, 0, 0, 0, 0, 0, 0, 0, 0, 0, 0, 0, 0, 0, 0, 0, 0, 0, 0, 0, 0, 0, 0, 0, 0, 0, 0, 0, 0, 0, 0, 8.60831643360665e-15, -39.6899999999998, -2.01686485675129e-15, -3.3075, -2.03469887075794e-14, 9059.68999999971, -1.01329625037746e-14, -3.30750000000025
0, 0, 0, 0, 0, 0, 0, 0, 0, 0, 0, 0, 0, 0, 0, 0, 0, 0, 0, 0, 0, 0, 0, 0, 0, 0, 0, 0, 0, 0, 0, 0, 3.30750000000006, -3.29442876922719e-15, 0.183750000000004, 2.59403840096629e-17, -3.30750000000035, -1.01329625037746e-14, 9020.36750000019, 4.45850350166082e-16
0, 0, 0, 0, 0, 0, 0, 0, 0, 0, 0, 0, 0, 0, 0, 0, 0, 0, 0, 0, 0, 0, 0, 0, 0, 0, 0, 0, 0, 0, 0, 0, -8.1193401950245e-16, 3.30750000000002, -4.79897104178764e-16, 0.183749999999996, 1.75097592065225e-14, -3.30750000000025, 4.45850350166082e-16, 9020.36749999983
8958.61255193725, 3.28255397743874e-12, 3.66303557812186, -9.64219708933624e-13, -43.9564269375001, 1.28736798049182e-15, 3.66303557812501, -5.29554329533747e-16, 0, 0, 0, 0, 0, 0, 0, 0, 0, 0, 0, 0, 0, 0, 0, 0, 0, 0, 0, 0, 0, 0, 0, 0, 0, 0, 0, 0, 0, 0, 0, 0
3.28255397743874e-12, 8958.61255193728, -1.55426484793988e-12, 3.66303557812697, 6.71722332009044e-15, -43.9564269375, -4.00244137226004e-16, 3.66303557812501, 0, 0, 0, 0, 0, 0, 0, 0, 0, 0, 0, 0, 0, 0, 0, 0, 0, 0, 0, 0, 0, 0, 0, 0, 0, 0, 0, 0, 0, 0, 0, 0
3.66303557812186, -1.55426484793988e-12, 8915.06312895346, 3.3741651152338e-13, -3.66303557812501, 6.7886141434605e-15, 0.203501976562498, 4.84803337075613e-16, 0, 0, 0, 0, 0, 0, 0, 0, 0, 0, 0, 0, 0, 0, 0, 0, 0, 0, 0, 0, 0, 0, 0, 0, 0, 0, 0, 0, 0, 0, 0, 0
-9.64219708933624e-13, 3.66303557812697, 3.3741651152338e-13, 8915.06312895309, 2.83990304743863e-14, -3.66303557812506, -6.28990088025428e-16, 0.203501976562498, 0, 0, 0, 0, 0, 0, 0, 0, 0, 0, 0, 0, 0, 0, 0, 0, 0, 0, 0, 0, 0, 0, 0, 0, 0, 0, 0, 0, 0, 0, 0, 0
-43.9564269375001, 6.71722332009044e-15, -3.66303557812501, 2.83990304743863e-14, 103.194035367447, 2.0637368888234, 3.61067664655934e-14, 2.21001925129549e-15, -43.9564269375001, 2.40278944167825e-15, 3.66303557812502, 2.61991955770746e-16, 0, 0, 0, 0, 0, 0, 0, 0, 0, 0, 0, 0, 0, 0, 0, 0, 0, 0, 0, 0, 0, 0, 0, 0, 0, 0, 0, 0
1.28736798049182e-15, -43.9564269375, 6.7886141434605e-15, -3.66303557812506, 2.0637368888234, 97.3042548454078, -2.92441583126687e-16, 4.65658100412547e-14, 1.41613293189342e-15, -43.9564269375001, -4.88747170293122e-16, 3.66303557812502, 0, 0, 0, 0, 0, 0, 0, 0, 0, 0, 0, 0, 0, 0, 0, 0, 0, 0, 0, 0, 0, 0, 0, 0, 0, 0, 0, 0
3.66303557812501, -4.00244137226004e-16, 0.203501976562498, -6.28990088025428e-16, 3.61067664655934e-14, -2.92441583126687e-16, 9.45732806250028, 6.86649259999567e-16, -3.66303557812503, 5.24784922756412e-16, 0.203501976562501, 1.36688615960318e-16, 0, 0, 0, 0, 0, 0, 0, 0, 0, 0, 0, 0, 0, 0, 0, 0, 0, 0, 0, 0, 0, 0, 0, 0, 0, 0, 0, 0
-5.29554329533747e-16, 3.66303557812501, 4.84803337075613e-16, 0.203501976562498, 2.21001925129549e-15, 4.65658100412547e-14, 6.86649259999567e-16, 9.45732806250036, 4.342530028039e-16, -3.66303557812502, -5.21126970982453e-17, 0.203501976562501, 0, 0, 0, 0, 0, 0, 0, 0, 0, 0, 0, 0, 0, 0, 0, 0, 0, 0, 0, 0, 0, 0, 0, 0, 0, 0, 0, 0
0, 0, 0, 0, -43.9564269375001, 1.41613293189342e-15, -3.66303557812503, 4.342530028039e-16, 105.484773515489, 1.93827503446452, 1.81481224492686e-15, -3.93036851054653e-17, -43.9564269375001, 6.14254719399143e-15, 3.66303557812501, 1.20971595940815e-16, 0, 0, 0, 0, 0, 0, 0, 0, 0, 0, 0, 0, 0, 0, 0, 0, 0, 0, 0, 0, 0, 0, 0, 0
0, 0, 0, 0, 2.40278944167825e-15, -43.9564269375001, 5.24784922756412e-16, -3.66303557812502, 1.93827503446452, 97.2157067415708, -1.22682504761854e-16, 1.52234523875805e-14, 6.9417525425483e-15, -43.9564269375, -4.50816956792448e-16, 3.66303557812502, 0, 0, 0, 0, 0, 0, 0, 0, 0, 0, 0, 0, 0, 0, 0, 0, 0, 0, 0, 0, 0, 0, 0, 0
0, 0, 0, 0, 3.66303557812502, -4.88747170293122e-16, 0.203501976562501, -5.21126970982453e-17, 1.81481224492686e-15, -1.22682504761854e-16, 9.45732806250144, 3.56695958679301e-16, -3.66303557812503, 1.57255199486898e-15, 0.203501976562501, 1.58859260930957e-16, 0, 0, 0, 0, 0, 0, 0, 0, 0, 0, 0, 0, 0, 0, 0, 0, 0, 0, 0, 0, 0, 0, 0, 0
0, 0, 0, 0, 2.61991955770746e-16, 3.66303557812502, 1.36688615960318e-16, 0.203501976562501, -3.93036851054653e-17, 1.52234523875805e-14, 3.56695958679301e-16, 9.45732806250134, 8.12485617001688e-16, -3.66303557812502, 3.65726895541661e-18, 0.203501976562501, 0, 0, 0, 0, 0, 0, 0, 0, 0, 0, 0, 0, 0, 0, 0, 0, 0, 0, 0, 0, 0, 0, 0, 0
0, 0, 0, 0, 0, 0, 0, 0, -43.9564269375001, 6.9417525425483e-15, -3.66303557812503, 8.12485617001688e-16, 104.161213612339, 0.521023801705699, 3.40115963171073e-15, 1.62234362360149e-15, -43.9564269375001, 9.29532278264402e-16, 3.66303557812502, 1.22442071947341e-15, 0, 0, 0, 0, 0, 0, 0, 0, 0, 0, 0, 0, 0, 0, 0, 0, 0, 0, 0, 0
0, 0, 0, 0, 0, 0, 0, 0, 6.14254719399143e-15, -43.9564269375, 1.57255199486898e-15, -3.66303557812502, 0.521023801705699, 95.7781549370952, 1.62371650663043e-15, 1.30887626847986e-14, -1.00160044220981e-14, -43.9564269375, 9.05414541364333e-16, 3.66303557812501, 0, 0, 0, 0, 0, 0, 0, 0, 0, 0, 0, 0, 0, 0, 0, 0, 0, 0, 0, 0
0, 0, 0, 0, 0, 0, 0, 0, 3.66303557812501, -4.50816956792448e-16, 0.203501976562501, 3.65726895541661e-18, 3.40115963171073e-15, 1.62371650663043e-15, 9.45732806250136, 7.39228672476759e-16, -3.66303557812503, 9.51189150163712e-16, 0.203501976562501, 5.02497187968369e-17, 0, 0, 0, 0, 0, 0, 0, 0, 0, 0, 0, 0, 0, 0, 0, 0, 0, 0, 0, 0
0, 0, 0, 0, 0, 0, 0, 0, 1.20971595940815e-16, 3.66303557812502, 1.58859260930957e-16, 0.203501976562501, 1.62234362360149e-15, 1.30887626847986e-14, 7.39228672476759e-16, 9.45732806250125, -3.14214121323579e-16, -3.66303557812502, -1.64298308821559e-17, 0.203501976562501, 0, 0, 0, 0, 0, 0, 0, 0, 0, 0, 0, 0, 0, 0, 0, 0, 0, 0, 0, 0
0, 0, 0, 0, 0, 0, 0, 0, 0, 0, 0, 0, -43.9564269375001, -1.00160044220981e-14, -3.66303557812503, -3.14214121323579e-16, 95.291763372418, -2.26659292702241, 2.24118223979275e-16, 1.29510702350165e-15, -43.9564269375001, -1.47886325364255e-14, 3.66303557812502, 3.51515161676366e-16, 0, 0, 0, 0, 0, 0, 0, 0, 0, 0, 0, 0, 0, 0, 0, 0
0, 0, 0, 0, 0, 0, 0, 0, 0, 0, 0, 0, 9.29532278264402e-16, -43.9564269375, 9.51189150163712e-16, -3.66303557812502, -2.26659292702241, 95.5748002872139, -2.36813919571394e-16, 2.21584772752692e-14, -3.4939909716678e-15, -43.9564269375001, -2.59275814311034e-17, 3.66303557812502, 0, 0, 0, 0, 0, 0, 0, 0, 0, 0, 0, 0, 0, 0, 0, 0
0, 0, 0, 0, 0, 0, 0, 0, 0, 0, 0, 0, 3.66303557812502, 9.05414541364333e-16, 0.203501976562501, -1.64298308821559e-17, 2.24118223979275e-16, -2.36813919571394e-16, 9.45732806250143, 7.92421362649841e-16, -3.66303557812503, -1.4296944229689e-15, 0.2035019765625, 1.58446255530881e-16, 0, 0, 0, 0, 0, 0, 0, 0, 0, 0, 0, 0, 0, 0, 0, 0
0, 0, 0, 0, 0, 0, 0, 0, 0, 0, 0, 0, 1.22442071947341e-15, 3.66303557812501, 5.02497187968369e-17, 0.203501976562501, 1.29510702350165e-15, 2.21584772752692e-14, 7.92421362649841e-16, 9.45732806250131, -3.00744275394164e-16, -3.66303557812502, -2.91991645146778e-17, 0.203501976562502, 0, 0, 0, 0, 0, 0, 0, 0, 0, 0, 0, 0, 0, 0, 0, 0
0, 0, 0, 0, 0, 0, 0, 0, 0, 0, 0, 0, 0, 0, 0, 0, -43.9564269375001, -3.4939909716678e-15, -3.66303557812503, -3.00744275394164e-16, 83.4884246600229, -3.15808484752897, -1.3679684607304e-14, 2.62454811465026e-15, -43.9564269374999, -3.80538843562626e-14, 3.66303557812501, 8.52064603978978e-16, 0, 0, 0, 0, 0, 0, 0, 0, 0, 0, 0, 0
0, 0, 0, 0, 0, 0, 0, 0, 0, 0, 0, 0, 0, 0, 0, 0, -1.47886325364255e-14, -43.9564269375001, -1.4296944229689e-15, -3.66303557812502, -3.15808484752897, 94.9006519534868, -2.47978482363098e-16, 1.33553272330111e-14, -8.40471566545414e-15, -43.9564269375, 1.14599379049255e-15, 3.66303557812501, 0, 0, 0, 0, 0, 0, 0, 0, 0, 0, 0, 0
0, 0, 0, 0, 0, 0, 0, 0, 0, 0, 0, 0, 0, 0, 0, 0, 3.66303557812502, -2.59275814311034e-17, 0.2035019765625, -2.91991645146778e-17, -1.3679684607304e-14, -2.47978482363098e-16, 9.4573280625015, 2.5511418531876e-16, -3.66303557812501, -1.59682754052668e-15, 0.203501976562499, 2.84782211161587e-17, 0, 0, 0, 0, 0, 0, 0, 0, 0, 0, 0, 0
0, 0, 0, 0, 0, 0, 0, 0, 0, 0, 0, 0, 0, 0, 0, 0, 3.51515161676366e-16, 3.66303557812502, 1.58446255530881e-16, 0.203501976562502, 2.62454811465026e-15, 1.33553272330111e-14, 2.5511418531876e-16, 9.45732806250139, -1.85009472425126e-16, -3.66303557812502, -8.48571647212838e-17, 0.2035019765625, 0, 0, 0, 0, 0, 0, 0, 0, 0, 0, 0, 0
0, 0, 0, 0, 0, 0, 0, 0, 0, 0, 0, 0, 0, 0, 0, 0, 0, 0, 0, 0, -43.9564269374999, -8.40471566545414e-15, -3.66303557812501, -1.85009472425126e-16, 76.4601202439203, -2.68566446498355, -5.48470974193194e-15, 3.33022284221489e-16, -43.9564269374998, -6.1781449318785e-15, 3.663035578125, 7.32748617282721e-17, 0, 0, 0, 0, 0, 0, 0, 0
0, 0, 0, 0, 0, 0, 0, 0, 0, 0, 0, 0, 0, 0, 0, 0, 0, 0, 0, 0, -3.80538843562626e-14, -43.9564269375, -1.59682754052668e-15, -3.66303557812502, -2.68566446498355, 90.6670292589158, -1.57126442699381e-15, 1.6236397670788e-14, -2.45984272242414e-14, -43.9564269375, 2.42423349498098e-15, 3.66303557812501, 0, 0, 0, 0, 0, 0, 0, 0
0, 0, 0, 0, 0, 0, 0, 0, 0, 0, 0, 0, 0, 0, 0, 0, 0, 0, 0, 0, 3.66303557812501, 1.14599379049255e-15, 0.203501976562499, -8.48571647212838e-17, -5.48470974193194e-15, -1.57126442699381e-15, 9.45732806250145, 3.6234126253804e-16, -3.66303557812501, 3.56704833658823e-16, 0.203501976562499, 7.6815122312623e-18, 0, 0, 0, 0, 0, 0, 0, 0
0, 0, 0, 0, 0, 0, 0, 0, 0, 0, 0, 0, 0, 0, 0, 0, 0, 0, 0, 0, 8.52064603978978e-16, 3.66303557812501, 2.84782211161587e-17, 0.2035019765625, 3.33022284221489e-16, 1.6236397670788e-14, 3.6234126253804e-16, 9.45732806250137, 8.48424557312604e-16, -3.66303557812502, 2.89395994063882e-17, 0.203501976562501, 0, 0, 0, 0, 0, 0, 0, 0
0, 0, 0, 0, 0, 0, 0, 0, 0, 0, 0, 0, 0, 0, 0, 0, 0, 0, 0, 0, 0, 0, 0, 0, -43.9564269374998, -2.45984272242414e-14, -3.66303557812501, 8.48424557312604e-16, 78.2430289775259, -2.4748150648711, 1.15115084131645e-15, 1.74714454769962e-15, -43.9564269374999, -5.8878030445258e-15, 3.66303557812502, 4.69147074711909e-16, 0, 0, 0, 0
0, 0, 0, 0, 0, 0, 0, 0, 0, 0, 0, 0, 0, 0, 0, 0, 0, 0, 0, 0, 0, 0, 0, 0, -6.1781449318785e-15, -43.9564269375, 3.56704833658823e-16, -3.66303557812502, -2.4748150648711, 91.8135237957132, -1.56134034079899e-15, 1.54301840749049e-14, -9.64071830020815e-15, -43.9564269375, -1.72924666508038e-15, 3.66303557812501, 0, 0, 0, 0
0, 0, 0, 0, 0, 0, 0, 0, 0, 0, 0, 0, 0, 0, 0, 0, 0, 0, 0, 0, 0, 0, 0, 0, 3.663035578125, 2.42423349498098e-15, 0.203501976562499, 2.89395994063882e-17, 1.15115084131645e-15, -1.56134034079899e-15, 9.45732806250144, 8.65021195250469e-16, -3.66303557812501, 1.0559255419454e-15, 0.203501976562499, -5.769609298845e-17, 0, 0, 0, 0
0, 0, 0, 0, 0, 0, 0, 0, 0, 0, 0, 0, 0, 0, 0, 0, 0, 0, 0, 0, 0, 0, 0, 0, 7.32748617282721e-17, 3.66303557812501, 7.6815122312623e-18, 0.203501976562501, 1.74714454769962e-15, 1.54301840749049e-14, 8.65021195250469e-16, 9.45732806250136, -1.18262872458949e-16, -3.66303557812502, 9.88740538738866e-17, 0.2035019765625, 0, 0, 0, 0
0, 0, 0, 0, 0, 0, 0, 0, 0, 0, 0, 0, 0, 0, 0, 0, 0, 0, 0, 0, 0, 0, 0, 0, 0, 0, 0, 0, -43.9564269374999, -9.64071830020815e-15, -3.66303557812501, -1.18262872458949e-16, 89.103941368526, -2.51245959554055, -2.92860406481132e-14, -1.54061099441217e-16, -43.956426937501, 8.21726340567331e-15, 3.66303557812516, 6.00577917355199e-16
0, 0, 0, 0, 0, 0, 0, 0, 0, 0, 0, 0, 0, 0, 0, 0, 0, 0, 0, 0, 0, 0, 0, 0, 0, 0, 0, 0, -5.8878030445258e-15, -43.9564269375, 1.0559255419454e-15, -3.66303557812502, -2.51245959554055, 97.6406012154896, 1.07321512325019e-15, -1.61471583881578e-14, 3.49306201404889e-14, -43.9564269374998, 1.08784495889367e-13, 3.66303557812502
0, 0, 0, 0, 0, 0, 0, 0, 0, 0, 0, 0, 0, 0, 0, 0, 0, 0, 0, 0, 0, 0, 0, 0, 0, 0, 0, 0, 3.66303557812502, -1.72924666508038e-15, 0.203501976562499, 9.88740538738866e-17, -2.92860406481132e-14, 1.07321512325019e-15, 9.45732806250065, 2.16956572907334e-16, -3.66303557812508, -2.37944903154403e-15, 0.203501976562562, -6.62904762734897e-17
0, 0, 0, 0, 0, 0, 0, 0, 0, 0, 0, 0, 0, 0, 0, 0, 0, 0, 0, 0, 0, 0, 0, 0, 0, 0, 0, 0, 4.69147074711909e-16, 3.66303557812501, -5.769609298845e-17, 0.2035019765625, -1.54061099441217e-16, -1.61471583881578e-14, 2.16956572907334e-16, 9.45732806250055, 1.47043661272376e-14, -3.663035578125, 5.06572751036619e-15, 0.203501976562496
0, 0, 0, 0, 0, 0, 0, 0, 0, 0, 0, 0, 0, 0, 0, 0, 0, 0, 0, 0, 0, 0, 0, 0, 0, 0, 0, 0, 0, 0, 0, 0, -43.956426937501, 3.49306201404889e-14, -3.66303557812508, 1.47043661272376e-14, 8958.61255193754, -8.77521317764511e-14, -3.66303557812678, 1.69943052857963e-14
0, 0, 0, 0, 0, 0, 0, 0, 0, 0, 0, 0, 0, 0, 0, 0, 0, 0, 0, 0, 0, 0, 0, 0, 0, 0, 0, 0, 0, 0, 0, 0, 8.21726340567331e-15, -43.9564269374998, -2.37944903154403e-15, -3.663035578125, -8.77521317764511e-14, 8958.61255193721, 2.60323292795e-14, -3.66303557812525
0, 0, 0, 0, 0, 0, 0, 0, 0, 0, 0, 0, 0, 0, 0, 0, 0, 0, 0, 0, 0, 0, 0, 0, 0, 0, 0, 0, 0, 0, 0, 0, 3.66303557812516, 1.08784495889367e-13, 0.203501976562562, 5.06572751036619e-15, -3.66303557812678, 2.60323292795e-14, 8915.06312895332, -2.0525585283202e-16
0, 0, 0, 0, 0, 0, 0, 0, 0, 0, 0, 0, 0, 0, 0, 0, 0, 0, 0, 0, 0, 0, 0, 0, 0, 0, 0, 0, 0, 0, 0, 0, 6.00577917355199e-16, 3.66303557812502, -6.62904762734897e-17, 0.203501976562496, 1.69943052857963e-14, -3.66303557812525, -2.0525585283202e-16, 8915.06312895296







