1, 0, 0, 0, 0, 0, 0, 0, 0, 0, 0, 0, 0, 0, 0, 0, 0, 0, 0, 0, 0, 0, 0, 0, 0, 0, 0, 0, 0, 0, 0, 0
0, 1, 0, 0, 0, 0, 0, 0, 0, 0, 0, 0, 0, 0, 0, 0, 0, 0, 0, 0, 0, 0, 0, 0, 0, 0, 0, 0, 0, 0, 0, 0
0, 0, 1, 0, 0, 0, 0, 0, 0, 0, 0, 0, 0, 0, 0, 0, 0, 0, 0, 0, 0, 0, 0, 0, 0, 0, 0, 0, 0, 0, 0, 0
0, 0, 0, 1, 0, 0, 0, 0, 0, 0, 0, 0, 0, 0, 0, 0, 0, 0, 0, 0, 0, 0, 0, 0, 0, 0, 0, 0, 0, 0, 0, 0
0, 0, 0, 0, 1, 0, 0, 0, 0, 0, 0, 0, 0, 0, 0, 0, 0, 0, 0, 0, 0, 0, 0, 0, 0, 0, 0, 0, 0, 0, 0, 0
0, 0, 0, 0, 0, 1, 0, 0, 0, 0, 0, 0, 0, 0, 0, 0, 0, 0, 0, 0, 0, 0, 0, 0, 0, 0, 0, 0, 0, 0, 0, 0
0, 0, 0, 0, 0, 0, 1, 0, 0, 0, 0, 0, 0, 0, 0, 0, 0, 0, 0, 0, 0, 0, 0, 0, 0, 0, 0, 0, 0, 0, 0, 0
0, 0, 0, 0, 0, 0, 0, 1, 0, 0, 0, 0, 0, 0, 0, 0, 0, 0, 0, 0, 0, 0, 0, 0, 0, 0, 0, 0, 0, 0, 0, 0
0, 0, 0, 0, 0, 0, 0, 0, 1, 0, 0, 0, 0, 0, 0, 0, 0, 0, 0, 0, 0, 0, 0, 0, 0, 0, 0, 0, 0, 0, 0, 0
0, 0, 0, 0, 0, 0, 0, 0, 0, 1, 0, 0, 0, 0, 0, 0, 0, 0, 0, 0, 0, 0, 0, 0, 0, 0, 0, 0, 0, 0, 0, 0
0, 0, 0, 0, 0, 0, 0, 0, 0, 0, 1, 0, 0, 0, 0, 0, 0, 0, 0, 0, 0, 0, 0, 0, 0, 0, 0, 0, 0, 0, 0, 0
0, 0, 0, 0, 0, 0, 0, 0, 0, 0, 0, 1, 0, 0, 0, 0, 0, 0, 0, 0, 0, 0, 0, 0, 0, 0, 0, 0, 0, 0, 0, 0
0, 0, 0, 0, 0, 0, 0, 0, 0, 0, 0, 0, 1, 0, 0, 0, 0, 0, 0, 0, 0, 0, 0, 0, 0, 0, 0, 0, 0, 0, 0, 0
0, 0, 0, 0, 0, 0, 0, 0, 0, 0, 0, 0, 0, 1, 0, 0, 0, 0, 0, 0, 0, 0, 0, 0, 0, 0, 0, 0, 0, 0, 0, 0
0, 0, 0, 0, 0, 0, 0, 0, 0, 0, 0, 0, 0, 0, 1, 0, 0, 0, 0, 0, 0, 0, 0, 0, 0, 0, 0, 0, 0, 0, 0, 0
0, 0, 0, 0, 0, 0, 0, 0, 0, 0, 0, 0, 0, 0, 0, 1, 0, 0, 0, 0, 0, 0, 0, 0, 0, 0, 0, 0, 0, 0, 0, 0
0, 0, 0, 0, 0, 0, 0, 0, 0, 0, 0, 0, 0, 0, 0, 0, 1, 0, 0, 0, 0, 0, 0, 0, 0, 0, 0, 0, 0, 0, 0, 0
0, 0, 0, 0, 0, 0, 0, 0, 0, 0, 0, 0, 0, 0, 0, 0, 0, 1, 0, 0, 0, 0, 0, 0, 0, 0, 0, 0, 0, 0, 0, 0
0, 0, 0, 0, 0, 0, 0, 0, 0, 0, 0, 0, 0, 0, 0, 0, 0, 0, 1, 0, 0, 0, 0, 0, 0, 0, 0, 0, 0, 0, 0, 0
0, 0, 0, 0, 0, 0, 0, 0, 0, 0, 0, 0, 0, 0, 0, 0, 0, 0, 0, 1, 0, 0, 0, 0, 0, 0, 0, 0, 0, 0, 0, 0
0, 0, 0, 0, 0, 0, 0, 0, 0, 0, 0, 0, 0, 0, 0, 0, 0, 0, 0, 0, 1, 0, 0, 0, 0, 0, 0, 0, 0, 0, 0, 0
0, 0, 0, 0, 0, 0, 0, 0, 0, 0, 0, 0, 0, 0, 0, 0, 0, 0, 0, 0, 0, 1, 0, 0, 0, 0, 0, 0, 0, 0, 0, 0
0, 0, 0, 0, 0, 0, 0, 0, 0, 0, 0, 0, 0, 0, 0, 0, 0, 0, 0, 0, 0, 0, 1, 0, 0, 0, 0, 0, 0, 0, 0, 0
0, 0, 0, 0, 0, 0, 0, 0, 0, 0, 0, 0, 0, 0, 0, 0, 0, 0, 0, 0, 0, 0, 0, 1, 0, 0, 0, 0, 0, 0, 0, 0
0, 0, 0, 0, 0, 0, 0, 0, 0, 0, 0, 0, 0, 0, 0, 0, 0, 0, 0, 0, 0, 0, 0, 0, 1, 0, 0, 0, 0, 0, 0, 0
0, 0, 0, 0, 0, 0, 0, 0, 0, 0, 0, 0, 0, 0, 0, 0, 0, 0, 0, 0, 0, 0, 0, 0, 0, 1, 0, 0, 0, 0, 0, 0
0, 0, 0, 0, 0, 0, 0, 0, 0, 0, 0, 0, 0, 0, 0, 0, 0, 0, 0, 0, 0, 0, 0, 0, 0, 0, 1, 0, 0, 0, 0, 0
0, 0, 0, 0, 0, 0, 0, 0, 0, 0, 0, 0, 0, 0, 0, 0, 0, 0, 0, 0, 0, 0, 0, 0, 0, 0, 0, 1, 0, 0, 0, 0
0, 0, 0, 0, 0, 0, 0, 0, 0, 0, 0, 0, 0, 0, 0, 0, 0, 0, 0, 0, 0, 0, 0, 0, 0, 0, 0, 0, 1, 0, 0, 0
0, 0, 0, 0, 0, 0, 0, 0, 0, 0, 0, 0, 0, 0, 0, 0, 0, 0, 0, 0, 0, 0, 0, 0, 0, 0, 0, 0, 0, 1, 0, 0
0, 0, 0, 0, 0, 0, 0, 0, 0, 0, 0, 0, 0, 0, 0, 0, 0, 0, 0, 0, 0, 0, 0, 0, 0, 0, 0, 0, 0, 0, 1, 0
0, 0, 0, 0, 0, 0, 0, 0, 0, 0, 0, 0, 0, 0, 0, 0, 0, 0, 0, 0, 0, 0, 0, 0, 0, 0, 0, 0, 0, 0, 0, 1
0.301948248250191, 1.44344499875164e-05, -0.00224400279233931, 1.03113568376676e-06, 0.0723661922766318, 0.000119817305010244, -0.00831804361813903, 1.47487145058331e-06, 0.0172642157596902, 6.4794079343195e-05, -0.00198292376615674, -2.75266461368482e-06, 0.0041302332919499, 2.56668217391384e-05, -0.000472918724027802, -1.63197081459803e-06, 0.000990261728192144, 8.8167315292944e-06, -0.000113127316761598, -6.66886565098149e-07, 0.000237388417297488, 2.77000342704229e-06, -2.71686409672972e-05, -2.33755734974799e-07, 5.53692319668611e-05, 7.86660158783633e-07, -6.70903781400489e-06, -7.79039890767967e-08, 6.61843431960868e-06, 9.4181642811624e-08, -4.74200152492626e-07, -6.74386478331813e-09
1.44344499875164e-05, 0.301914969980764, 1.0311358402988e-06, -0.00224638014408565, 0.000119817352949359, 0.0720899277036501, 1.47554244171064e-06, -0.00832184592938566, 6.48170543683524e-05, 0.0171010722340992, -2.75210465790351e-06, -0.00197684253778833, 2.56860343237915e-05, 0.00406196259210402, -1.632352491741e-06, -0.000468870165817518, 8.82665837726172e-06, 0.000965955098516339, -6.67332265342858e-07, -0.000111366074082741, 2.77394250047103e-06, 0.000229576790576757, -2.34009510683548e-07, -2.65263161145135e-05, 7.87881217707112e-07, 5.31248763480563e-05, -7.80145193734109e-08, -6.48941063441483e-06, 9.4327921688985e-08, 6.34970970075243e-06, -6.75433662230995e-09, -4.5495877861343e-07
-0.00224400279233932, 1.0311358402988e-06, 0.333106347068538, 7.36600093863018e-08, 0.00516830318248802, 8.55925587056906e-06, -0.000361819314196063, 1.05584791715279e-07, 0.00123697976057911, 4.63635702570162e-06, -0.00014191315429253, -1.96520880357958e-07, 0.000295933713142576, 1.83757581212906e-06, -3.38847983871926e-05, -1.16762304681968e-07, 7.09528527056938e-05, 6.31375181531749e-07, -8.10564081888031e-06, -4.77425916928876e-08, 1.70090236681725e-05, 1.98389485829761e-07, -1.94664958657532e-06, -1.67391567454543e-08, 3.96723890597376e-06, 5.63454853074406e-08, -4.80706617032929e-07, -5.57952362111572e-09, 4.74214815587307e-07, 6.7458778987059e-09, -3.39767272766227e-08, -4.83037641038807e-10
1.03113568376676e-06, -0.00224638014408565, 7.36600093863018e-08, 0.333106177233805, 8.5592579957836e-06, 0.00514856719554214, 1.0563270847285e-07, -0.000362091545593719, 4.63799756228308e-06, 0.00122530449438111, -1.9648082433336e-07, -0.000141479044226107, 1.83894886585948e-06, 0.000291045417427578, -1.16789531758917e-07, -3.35951024179758e-05, 6.32084924455137e-07, 6.92120625157366e-05, -4.77744389201292e-08, -7.97953832177862e-06, 1.98671182215836e-07, 1.64495047149499e-05, -1.67573003370511e-08, -1.90064844118288e-06, 5.64328121218626e-08, 3.80647316172634e-06, -5.58742800398772e-09, -4.64975534298034e-07, 6.75633937013533e-09, 4.54965756518776e-07, -4.83786558662269e-10, -3.25984453875128e-08
0.0723661922766318, 0.000119817352949359, 0.00516830318248802, 8.55925799578359e-06, 0.600319812116088, 0.000994583360553125, 0.00212318373086906, 1.2311885436581e-05, 0.144439014624866, 0.000540213450306827, -0.0165399205759137, -2.28132181024487e-05, 0.0345559673338869, 0.000214294340925494, -0.00395668195618577, -1.36021533178445e-05, 0.00828511389016483, 7.36591030755708e-05, -0.000946489892226601, -5.56724440167229e-06, 0.00198613149013654, 2.31500829190417e-05, -0.000227308881249921, -1.95280347351617e-06, 0.00046325163100036, 6.57578550272204e-06, -5.61317668008188e-05, -6.51072756295704e-07, 5.53737226144187e-05, 7.87276685642054e-07, -3.96743798349001e-06, -5.6372816919218e-08
0.000119817305010244, 0.0720899277036502, 8.55925587056906e-06, 0.00514856719554214, 0.000994583360553125, 0.598026346971942, 1.23174502932006e-05, 0.00209143459522591, 0.000540403946290903, 0.143078367489846, -2.28085531334177e-05, -0.0164895356137892, 0.000214454000724386, 0.0339857976639234, -1.36053098049327e-05, -0.00392292744566459, 7.37416908999234e-05, 0.00808199362018271, -5.57094660620099e-06, -0.00093178235215575, 2.31828739665018e-05, 0.00192083264319752, -1.95491458567792e-06, -0.00022194149485619, 6.58595174466878e-06, 0.000444487409630572, -6.51992869069427e-07, -5.42958709389899e-05, 7.88494569446735e-07, 5.31270133671702e-05, -5.64600029755987e-08, -3.8065678991672e-06
-0.00831804361813903, 1.47554244171064e-06, -0.000361819314196063, 1.0563270847285e-07, 0.00212318373086906, 1.23174502932006e-05, 0.995290670569541, 1.1205407876379e-06, 0.0176142568180527, 3.98144751844829e-05, -0.00132362700905249, 2.2355348641336e-07, 0.00422601455695244, 1.99715521423724e-05, -0.000483396363014872, -9.43709519249762e-07, 0.00101323053043543, 7.5253327680281e-06, -0.000115751451299359, -5.09885942183824e-07, 0.000242893552176028, 2.478734259843e-06, -2.7798821928164e-05, -1.98098252530936e-07, 5.66530490124423e-05, 7.22640270815951e-07, -6.86462374825111e-06, -6.96615565088009e-08, 6.7718922167166e-06, 8.65333519793265e-08, -4.85195169862716e-07, -6.19576289162562e-09
1.47487145058331e-06, -0.00832184592938566, 1.05584791715279e-07, -0.000362091545593719, 1.2311885436581e-05, 0.00209143459522591, 1.1205407876379e-06, 0.995287665269893, 3.98138158967961e-05, 0.0175076251719766, 2.23847175475932e-07, -0.00132432166906495, 1.99760376151471e-05, 0.00417048300121171, -9.43584282381801e-07, -0.000480907140748017, 7.5289667891455e-06, 0.000991766014991368, -5.09967054111646e-07, -0.000114342040386912, 2.48044732986319e-06, 0.00023571018533575, -1.98188201979295e-07, -2.72351290467353e-05, 7.23191810253604e-07, 5.45439398501455e-05, -6.97095810634471e-08, -6.66278294128066e-06, 8.65994409802714e-08, 6.51932192410468e-06, -6.20049363677593e-09, -4.67111556568355e-07
0.0172642157596902, 6.48170543683524e-05, 0.00123697976057911, 4.63799756228308e-06, 0.144439014624866, 0.000540403946290903, 0.0176142568180527, 3.98138158967961e-05, 0.619749689332504, 0.00142693445998555, 0.000147086302733931, 4.97617452603452e-06, 0.149495505145965, 0.000710874595602228, -0.0170674397313892, -3.38898131427836e-05, 0.0358436557583169, 0.000267252123467148, -0.004094755709329, -1.81573020760772e-05, 0.00859251051760056, 8.79336465625754e-05, -0.000983400514037173, -7.0363756207352e-06, 0.00200413700570072, 2.56209762307884e-05, -0.000242840335336881, -2.47129942343988e-06, 0.000239559918413643, 3.06799922862617e-06, -1.71640822915271e-05, -2.19668200176757e-07
6.4794079343195e-05, 0.0171010722340992, 4.63635702570162e-06, 0.00122530449438111, 0.000540213450306828, 0.143078367489846, 3.98144751844829e-05, 0.0175076251719766, 0.00142693445998555, 0.615938262536227, 4.98678075497686e-06, 0.000129184405591157, 0.000711047057768909, 0.14752176762292, -3.38858964320871e-05, -0.0169783079645066, 0.000267386429707839, 0.0350821298878725, -1.81605148285702e-05, -0.00404464265566382, 8.79962582513562e-05, 0.00833787034486043, -7.03970763173475e-06, -0.000963398967594296, 2.56410888514204e-05, 0.00192940468307307, -2.47305479257356e-06, -0.000235685276503586, 3.07040921689099e-06, 0.000230610592020905, -2.19840711541466e-07, -1.65233246377688e-05
-0.00198292376615674, -2.75210465790351e-06, -0.00014191315429253, -1.9648082433336e-07, -0.0165399205759137, -2.28085531334177e-05, -0.00132362700905249, 2.23847175475932e-07, 0.00014708630273393, 4.98678075497686e-06, 0.995519951459773, 1.94283524978583e-06, 0.0171907487813946, 4.3671618774039e-05, -0.00126888277658986, 4.87731702420394e-07, 0.00413368009932382, 2.17103567619768e-05, -0.000471744687734846, -1.04361537758e-06, 0.000990936001983691, 7.97576045174311e-06, -0.000113411650045776, -5.61283501473955e-07, 0.000231126879497305, 2.45372609434665e-06, -2.80056993158483e-05, -2.23799548290997e-07, 2.76272197958619e-05, 2.93933841912994e-07, -1.97944583747301e-06, -2.10425859572856e-08
-2.75266461368482e-06, -0.00197684253778833, -1.96520880357958e-07, -0.000141479044226107, -2.28132181024487e-05, -0.0164895356137892, 2.2355348641336e-07, -0.00132432166906495, 4.97617452603452e-06, 0.000129184405591156, 1.94283524978583e-06, 0.99551478645864, 4.36669563180898e-05, 0.017064390430842, 4.88078166432013e-07, -0.00127022008281503, 2.17116083852035e-05, 0.00406993846122978, -1.04343588226945e-06, -0.000468741811280516, 7.97725231682766e-06, 0.000967292738743473, -5.61305320186649e-07, -0.000111766277996722, 2.45423806015536e-06, 0.000223832668547983, -2.23841338274943e-07, -2.73423166770454e-05, 2.93995212971344e-07, 2.67534239043281e-05, -2.10469783307107e-08, -1.91689164724267e-06
0.0041302332919499, 2.56860343237915e-05, 0.000295933713142576, 1.83894886585948e-06, 0.0345559673338869, 0.000214454000724386, 0.00422601455695244, 1.99760376151471e-05, 0.149495505145965, 0.000711047057768909, 0.0171907487813946, 4.36669563180898e-05, 0.622693942171787, 0.00170899470726636, 3.01001158850256e-05, 3.14695845605204e-06, 0.150527068570585, 0.000818789972606175, -0.017146250094676, -4.12562644082222e-05, 0.0360852961782486, 0.000297142076322682, -0.00412990155393318, -2.1213735078691e-05, 0.00841657416562859, 9.09041138570143e-05, -0.00101983778096445, -8.33918244883525e-06, 0.00100605583372185, 1.08890641665026e-05, -7.20822813017307e-05, -7.795542696482e-07
2.56668217391384e-05, 0.00406196259210402, 1.83757581212906e-06, 0.000291045417427578, 0.000214294340925494, 0.0339857976639234, 1.99715521423724e-05, 0.00417048300121171, 0.000710874595602228, 0.14752176762292, 4.3671618774039e-05, 0.017064390430842, 0.00170899470726636, 0.617799006332025, 3.15565723741254e-06, 1.79145919411425e-05, 0.000818915353121054, 0.148136151054666, -4.12538196065856e-05, -0.0170288542190497, 0.000297225968415484, 0.0352077432659293, -2.12165913778756e-05, -0.00406806951242416, 9.09318114363333e-05, 0.00814711747076999, -8.34153402031413e-06, -0.000995211940973302, 1.08923835867463e-05, 0.000973777821411786, -7.79791864371869e-07, -6.97715019728137e-05
-0.000472918724027802, -1.632352491741e-06, -3.38847983871927e-05, -1.16789531758917e-07, -0.00395668195618578, -1.36053098049327e-05, -0.000483396363014872, -9.43584282381801e-07, -0.0170674397313892, -3.38858964320871e-05, -0.00126888277658986, 4.88078166432013e-07, 3.01001158850239e-05, 3.15565723741255e-06, 0.995535556920154, 2.3791804959864e-06, 0.0171997178511713, 4.7534552970253e-05, -0.00126543885914506, 5.79938773571009e-07, 0.00413517204488807, 2.30480313399125e-05, -0.00047278007511428, -1.15963636184014e-06, 0.000964493510651171, 7.87112097969508e-06, -0.000116868343626828, -6.44609267830161e-07, 0.000115288509082769, 9.43519429301911e-07, -8.26023624239295e-06, -6.75289015241597e-08
-1.63197081459803e-06, -0.000468870165817518, -1.16762304681968e-07, -3.35951024179758e-05, -1.36021533178445e-05, -0.00392292744566459, -9.43709519249762e-07, -0.000480907140748017, -3.38898131427836e-05, -0.0169783079645067, 4.87731702420394e-07, -0.00127022008281503, 3.14695845605204e-06, 1.79145919411426e-05, 2.3791804959864e-06, 0.995528799409417, 4.75306317681722e-05, 0.0170575952758928, 5.80190918741134e-07, -0.00126710199112709, 2.30479614059388e-05, 0.00406594945876934, -1.15952482871223e-06, -0.000469315721520261, 7.87102636744176e-06, 0.000940867183364784, -6.44607712612971e-07, -0.000114932245801167, 9.4350803468186e-07, 0.000112456407154166, -6.75280874497893e-08, -8.05753877392694e-06
0.000990261728192144, 8.82665837726172e-06, 7.09528527056939e-05, 6.32084924455137e-07, 0.00828511389016483, 7.37416908999235e-05, 0.00101323053043543, 7.5289667891455e-06, 0.0358436557583169, 0.000267386429707839, 0.00413368009932382, 2.17116083852035e-05, 0.150527068570585, 0.000818915353121054, 0.0171997178511713, 4.75306317681721e-05, 0.624283046964234, 0.00189408372012677, 1.04642586619072e-05, 1.7527454860085e-06, 0.150884054645759, 0.000878900209170597, -0.0172185903329336, -4.66955019882183e-05, 0.0351929791178011, 0.000295978180093864, -0.00426433205888954, -2.45924796342608e-05, 0.00420671187478433, 3.54761684832896e-05, -0.000301404133633811, -2.53915798110462e-06
8.8167315292944e-06, 0.000965955098516339, 6.31375181531749e-07, 6.92120625157366e-05, 7.36591030755709e-05, 0.00808199362018271, 7.5253327680281e-06, 0.000991766014991368, 0.000267252123467148, 0.0350821298878725, 2.17103567619768e-05, 0.00406993846122978, 0.000818789972606175, 0.148136151054666, 4.7534552970253e-05, 0.0170575952758928, 0.00189408372012677, 0.618657464003509, 1.7581648171969e-06, 3.47088831518569e-06, 0.000878960383387412, 0.148253785712693, -4.66950149194271e-05, -0.0170801090294232, 0.000295995015241712, 0.0343067225676533, -2.45941806316631e-05, -0.00419073455194257, 3.5478183753635e-05, 0.00410048414552495, -2.53930229222537e-06, -0.000293801039477087
-0.000113127316761598, -6.67332265342859e-07, -8.10564081888031e-06, -4.77744389201292e-08, -0.000946489892226601, -5.57094660620099e-06, -0.000115751451299359, -5.09967054111646e-07, -0.004094755709329, -1.81605148285702e-05, -0.000471744687734846, -1.04343588226945e-06, -0.017146250094676, -4.12538196065856e-05, -0.00126543885914506, 5.80190918741134e-07, 1.04642586619056e-05, 1.7581648171969e-06, 0.995537630351521, 2.63430216275306e-06, 0.0171918541643645, 4.88966884021763e-05, -0.001268170598629, 5.87031091514977e-07, 0.0040215396462142, 2.18960228280849e-05, -0.000486806554735577, -1.3534000195348e-06, 0.00048070966204241, 2.62848753242885e-06, -3.44419596889534e-05, -1.88021040285387e-07
-6.66886565098149e-07, -0.000111366074082741, -4.77425916928876e-08, -7.97953832177862e-06, -5.56724440167229e-06, -0.000931782352155751, -5.09885942183825e-07, -0.000114342040386912, -1.81573020760772e-05, -0.00404464265566382, -1.04361537758e-06, -0.000468741811280516, -4.12562644082222e-05, -0.0170288542190497, 5.79938773571009e-07, -0.00126710199112709, 1.7527454860085e-06, 3.4708883151864e-06, 2.63430216275306e-06, 0.995529877719345, 4.88942372035558e-05, 0.0170439437053129, 5.87148900176694e-07, -0.00126988931424837, 2.18946358054688e-05, 0.00395559085528307, -1.35333340236066e-06, -0.000482711643917115, 2.62832086392971e-06, 0.00047279306145591, -1.88009122628949e-07, -3.38756648473154e-05
0.000237388417297488, 2.77394250047103e-06, 1.70090236681725e-05, 1.98671182215836e-07, 0.00198613149013654, 2.31828739665018e-05, 0.000242893552176028, 2.48044732986319e-06, 0.00859251051760056, 8.79962582513562e-05, 0.00099093600198369, 7.97725231682766e-06, 0.0360852961782486, 0.000297225968415484, 0.00413517204488807, 2.30479614059388e-05, 0.150884054645759, 0.000878960383387412, 0.0171918541643645, 4.88942372035558e-05, 0.624249662173055, 0.00197048886175385, -0.000118744917228488, -1.06684999449767e-06, 0.146796911621502, 0.00084219937650273, -0.0177375617643261, -5.46484749976388e-05, 0.0175474605837628, 0.00010107870661726, -0.00125723557932509, -7.23097206835041e-06
2.77000342704229e-06, 0.000229576790576757, 1.98389485829761e-07, 1.64495047149499e-05, 2.31500829190417e-05, 0.00192083264319752, 2.478734259843e-06, 0.00023571018533575, 8.79336465625754e-05, 0.00833787034486043, 7.97576045174311e-06, 0.000967292738743473, 0.000297142076322682, 0.0352077432659293, 2.30480313399125e-05, 0.00406594945876934, 0.000878900209170598, 0.148253785712693, 4.88966884021763e-05, 0.0170439437053129, 0.00197048886175385, 0.618310309975228, -1.06567184626302e-06, -0.000115902629379179, 0.000842179609072977, 0.144264652342205, -5.46485465843385e-05, -0.0175728203136013, 0.000101076322512387, 0.0172435487195449, -7.23080183157267e-06, -0.00123549422122328
-2.71686409672972e-05, -2.34009510683548e-07, -1.94664958657532e-06, -1.67573003370511e-08, -0.000227308881249922, -1.95491458567792e-06, -2.7798821928164e-05, -1.98188201979295e-07, -0.000983400514037173, -7.03970763173475e-06, -0.000113411650045776, -5.61305320186648e-07, -0.00412990155393318, -2.12165913778756e-05, -0.00047278007511428, -1.15952482871223e-06, -0.0172185903329336, -4.66950149194271e-05, -0.001268170598629, 5.87148900176693e-07, -0.000118744917228488, -1.06567184626302e-06, 0.995525310104101, 2.6301070440044e-06, 0.0166953685852633, 4.32929991240931e-05, -0.00132391331652275, 1.80694058783427e-07, 0.00200166468203037, 5.22167642436962e-06, -0.000143251545646223, -3.72847723400319e-07
-2.33755734974799e-07, -2.65263161145135e-05, -1.67391567454543e-08, -1.90064844118288e-06, -1.95280347351617e-06, -0.00022194149485619, -1.98098252530936e-07, -2.72351290467353e-05, -7.0363756207352e-06, -0.000963398967594296, -5.61283501473955e-07, -0.000111766277996722, -2.1213735078691e-05, -0.00406806951242416, -1.15963636184014e-06, -0.000469315721520261, -4.66955019882183e-05, -0.0170801090294231, 5.87031091514976e-07, -0.00126988931424837, -1.06684999449767e-06, -0.00011590262937918, 2.6301070440044e-06, 0.995517467034568, 4.32925080034016e-05, 0.0165655044116521, 1.80726777775887e-07, -0.00132444503748602, 5.22161748860008e-06, 0.00198600152941291, -3.72843507051672e-07, -0.00014213313407445
5.53692319668612e-05, 7.87881217707112e-07, 3.96723890597376e-06, 5.64328121218627e-08, 0.00046325163100036, 6.58595174466878e-06, 5.66530490124423e-05, 7.23191810253604e-07, 0.00200413700570072, 2.56410888514204e-05, 0.000231126879497305, 2.45423806015536e-06, 0.00841657416562859, 9.09318114363333e-05, 0.000964493510651171, 7.87102636744176e-06, 0.0351929791178011, 0.000295995015241712, 0.0040215396462142, 2.18946358054688e-05, 0.146796911621502, 0.000842179609072977, 0.0166953685852633, 4.32925080034016e-05, 0.606274049163211, 0.00177679445696974, -0.00217129189422553, -1.84040719565402e-05, 0.0730837191134477, 0.000214081174544566, -0.00521955436600761, -1.52922385861257e-05
7.86660158783633e-07, 5.31248763480563e-05, 5.63454853074406e-08, 3.80647316172634e-06, 6.57578550272204e-06, 0.000444487409630572, 7.22640270815951e-07, 5.45439398501455e-05, 2.56209762307884e-05, 0.00192940468307307, 2.45372609434665e-06, 0.000223832668547983, 9.09041138570143e-05, 0.00814711747076999, 7.87112097969507e-06, 0.000940867183364784, 0.000295978180093864, 0.0343067225676533, 2.18960228280849e-05, 0.00395559085528307, 0.00084219937650273, 0.144264652342205, 4.32929991240931e-05, 0.0165655044116521, 0.00177679445696974, 0.600945846600522, -1.84046507699953e-05, -0.00211590467670253, 0.000214081169558307, 0.0724417400516845, -1.52922383650775e-05, -0.00517369649515048
-6.7090378140049e-06, -7.80145193734109e-08, -4.80706617032929e-07, -5.58742800398773e-09, -5.61317668008189e-05, -6.51992869069426e-07, -6.86462374825112e-06, -6.97095810634472e-08, -0.000242840335336881, -2.47305479257356e-06, -2.80056993158483e-05, -2.23841338274943e-07, -0.00101983778096445, -8.34153402031413e-06, -0.000116868343626828, -6.44607712612971e-07, -0.00426433205888955, -2.45941806316631e-05, -0.000486806554735577, -1.35333340236066e-06, -0.0177375617643261, -5.46485465843385e-05, -0.00132391331652275, 1.80726777775887e-07, -0.00217129189422553, -1.84046507699953e-05, 0.9952941069867, 1.53290688867817e-06, 0.00831227250593162, -2.20596360483284e-06, -0.000361406386391167, 1.57889676961229e-07
-7.79039890767967e-08, -6.48941063441483e-06, -5.57952362111572e-09, -4.64975534298034e-07, -6.51072756295704e-07, -5.42958709389899e-05, -6.96615565088009e-08, -6.66278294128066e-06, -2.47129942343987e-06, -0.000235685276503586, -2.23799548290997e-07, -2.73423166770454e-05, -8.33918244883525e-06, -0.000995211940973301, -6.44609267830161e-07, -0.000114932245801167, -2.45924796342608e-05, -0.00419073455194257, -1.3534000195348e-06, -0.000482711643917115, -5.46484749976388e-05, -0.0175728203136013, 1.80694058783427e-07, -0.00132444503748602, -1.84040719565402e-05, -0.00211590467670253, 1.53290688867818e-06, 0.995289485589817, -2.20589381351796e-06, 0.00831891109311811, 1.57884693030297e-07, -0.000361881538679524
6.61843431960868e-06, 9.4327921688985e-08, 4.74214815587307e-07, 6.75633937013534e-09, 5.53737226144187e-05, 7.88494569446735e-07, 6.7718922167166e-06, 8.65994409802714e-08, 0.000239559918413643, 3.07040921689099e-06, 2.76272197958619e-05, 2.93995212971343e-07, 0.00100605583372185, 1.08923835867463e-05, 0.000115288509082769, 9.4350803468186e-07, 0.00420671187478433, 3.5478183753635e-05, 0.00048070966204241, 2.62832086392971e-06, 0.0175474605837628, 0.000101076322512387, 0.00200166468203036, 5.22161748860008e-06, 0.0730837191134477, 0.000214081169558307, 0.00831227250593161, -2.20589381351796e-06, 0.302034715433842, 2.57941626491947e-05, 0.0022378266594436, -1.84252497811592e-06
9.4181642811624e-08, 6.34970970075243e-06, 6.7458778987059e-09, 4.54965756518776e-07, 7.87276685642054e-07, 5.31270133671702e-05, 8.65333519793265e-08, 6.51932192410467e-06, 3.06799922862617e-06, 0.000230610592020905, 2.93933841912994e-07, 2.67534239043281e-05, 1.08890641665026e-05, 0.000973777821411786, 9.43519429301911e-07, 0.000112456407154166, 3.54761684832896e-05, 0.00410048414552494, 2.62848753242885e-06, 0.000472793061455909, 0.00010107870661726, 0.0172435487195449, 5.22167642436962e-06, 0.00198600152941291, 0.000214081174544566, 0.0724417400516845, -2.20596360483284e-06, 0.00831891109311811, 2.57941626491947e-05, 0.301957365012082, -1.84252499439521e-06, 0.00224335194934734
-4.74200152492626e-07, -6.75433662230995e-09, -3.39767272766228e-08, -4.83786558662269e-10, -3.96743798349001e-06, -5.64600029755987e-08, -4.85195169862716e-07, -6.20049363677593e-09, -1.71640822915271e-05, -2.19840711541466e-07, -1.97944583747301e-06, -2.10469783307107e-08, -7.20822813017307e-05, -7.79791864371869e-07, -8.26023624239295e-06, -6.75280874497893e-08, -0.000301404133633811, -2.53930229222537e-06, -3.44419596889534e-05, -1.88009122628949e-07, -0.00125723557932509, -7.23080183157267e-06, -0.000143251545646223, -3.72843507051672e-07, -0.00521955436600761, -1.52922383650775e-05, -0.000361406386391167, 1.57884693030297e-07, 0.0022378266594436, -1.84252499439521e-06, 0.333106788214303, 1.3161505795709e-07
-6.74386478331813e-09, -4.5495877861343e-07, -4.83037641038807e-10, -3.25984453875128e-08, -5.63728169192181e-08, -3.8065678991672e-06, -6.19576289162563e-09, -4.67111556568355e-07, -2.19668200176757e-07, -1.65233246377688e-05, -2.10425859572856e-08, -1.91689164724266e-06, -7.795542696482e-07, -6.97715019728137e-05, -6.75289015241597e-08, -8.05753877392694e-06, -2.53915798110462e-06, -0.000293801039477087, -1.88021040285387e-07, -3.38756648473154e-05, -7.23097206835042e-06, -0.00123549422122328, -3.72847723400319e-07, -0.00014213313407445, -1.52922385861257e-05, -0.00517369649515048, 1.57889676961229e-07, -0.000361881538679524, -1.84252497811592e-06, 0.00224335194934734, 1.3161505795709e-07, 0.333106393531961
0.180832191898978, 2.92080220317931e-05, -0.0013724662629516, 2.08796471337422e-06, 0.0635601606851976, 0.000207334264067629, -0.00920863430281376, 8.07858996799758e-06, 0.0222739716482791, 0.000167921781252375, -0.00321096797220967, -6.19130941685908e-06, 0.00785642390057438, 0.000100941402898235, -0.00112370377055575, -6.71317402696212e-06, 0.00278040454400151, 5.19836653983633e-05, -0.000396548349835707, -4.45390325159755e-06, 0.00097762322125066, 2.39210022531254e-05, -0.000141749747808963, -2.45849178353894e-06, 0.000321608947752768, 9.43622248394152e-06, -5.38438583005849e-05, -1.30735370352738e-06, 4.48893789219227e-05, 1.31983456700148e-06, -3.22055915771014e-06, -9.4613475094077e-08
2.92080220317931e-05, 0.180780517153275, 2.08796797271471e-06, -0.00137616127349492, 0.000207335095971452, 0.0631930929434954, 8.09023336221624e-06, -0.00922646202833545, 0.000168122586541603, 0.0219159452833383, -6.17870651702105e-06, -0.00320325627521605, 0.000101159295124863, 0.007621750886521, -6.71732275447895e-06, -0.00111019793036303, 5.2113295566272e-05, 0.00265546079839555, -4.46312264002856e-06, -0.000386339241017049, 2.39798731731445e-05, 0.000919416657283759, -2.46476810322777e-06, -0.000135859956410199, 9.45734001377789e-06, 0.000298576178749515, -1.31058791567395e-06, -5.06630329070645e-05, 1.32278514044761e-06, 4.16677058627602e-05, -9.48250766965744e-08, -2.98961366233345e-06
-0.0013724662629516, 2.08796797271471e-06, 0.199861898134567, 1.49260889377023e-07, 0.00454031847855141, 1.48216246480212e-05, -0.00038009800777853, 5.78961925582852e-07, 0.00159813306740534, 1.20291474700668e-05, -0.000229993727508292, -4.41440126633928e-07, 0.000563699698223432, 7.23586113976595e-06, -8.06253890115699e-05, -4.80695192891688e-07, 0.000199494479843839, 3.72750208860791e-06, -2.84524106684346e-05, -3.1922860722821e-07, 7.01446207356507e-05, 1.71552766396327e-06, -1.0170567712031e-05, -1.76277750323235e-07, 2.30754914841639e-05, 6.7678808738731e-07, -3.8633053573775e-06, -9.37583094658398e-08, 3.22081984192765e-06, 9.46617242691398e-08, -2.31075614976698e-07, -6.78590473741183e-09
2.08796471337422e-06, -0.00137616127349492, 1.49260889377023e-07, 0.199861633921366, 1.48216609809769e-05, 0.00451407101167597, 5.79793363789664e-07, -0.00038137603230399, 1.20434835231055e-05, 0.00157247632180694, -4.4053799556264e-07, -0.000229444986298964, 7.25143489167504e-06, 0.000546872897408231, -4.80990698070093e-07, -7.96579490294606e-05, 3.73676858960613e-06, 0.000190533586648868, -3.19887577110334e-07, -2.77204643808002e-05, 1.71973516906711e-06, 6.59696199105784e-05, -1.76726463418306e-07, -9.74817073811755e-06, 6.78296701935781e-07, 2.14233182766226e-05, -9.39894636389894e-08, -3.63515388440512e-06, 9.48725091287982e-08, 2.98972452361925e-06, -6.80102129116437e-09, -2.14509560831485e-07
0.0635601606851976, 0.000207335095971452, 0.00454031847855141, 1.48216609809769e-05, 0.450330908131297, 0.00147180265939039, 0.00563671786218037, 5.77177624075921e-05, 0.15960728327445, 0.0011984032891014, -0.0229091757649733, -4.36552575689684e-05, 0.056298836855709, 0.000721631933011474, -0.00805228091662914, -4.78572041310766e-05, 0.0199242738238922, 0.000371917157669451, -0.00284165095045689, -3.18298037960033e-05, 0.00700560977094879, 0.000171210727096696, -0.00101577337621851, -1.75869745336017e-05, 0.00230463679013393, 6.75526351621134e-05, -0.000385842985151445, -9.35708094091154e-06, 0.000321675484074266, 9.44853747045861e-06, -2.30783974228461e-05, -6.77325937915934e-07
0.000207334264067629, 0.0631930929434954, 1.48216246480212e-05, 0.00451407101167597, 0.00147180265939039, 0.447723410249744, 5.78001833931322e-05, 0.00550925033148106, 0.00119982393658081, 0.157049772056674, -4.35654890779793e-05, -0.0228550815698656, 0.00072317801323803, 0.0546199932195872, -4.78863807335536e-05, -0.00795590855290404, 0.000372837280769227, 0.0190299120198112, -3.18952256870206e-05, -0.00276863552410069, 0.000171628384251372, 0.00658884310821548, -1.76315384841915e-05, -0.000973617513063563, 6.77022852489601e-05, 0.00213969503143418, -9.38002719463694e-06, -0.000363068011429927, 9.46944653710431e-06, 0.000298604474678684, -6.78825447944751e-07, -2.14245540863769e-05
-0.00920863430281376, 8.09023336221625e-06, -0.00038009800777853, 5.79793363789665e-07, 0.00563671786218037, 5.78001833931322e-05, 0.991238671888212, 7.43513128158723e-06, 0.0270798419211701, 0.000136077295502908, -0.00251161224396601, 2.40226129236019e-06, 0.00958686638575565, 9.92364323315327e-05, -0.00136927948556387, -4.70471987882559e-06, 0.00339281036588259, 5.50942881424743e-05, -0.000483897808955275, -4.22147112949851e-06, 0.00119293467343449, 2.63028110457846e-05, -0.000172971846738658, -2.57332853841765e-06, 0.000392435080325907, 1.05771899184693e-05, -6.57024457452039e-05, -1.43622543143061e-06, 5.4775106117336e-05, 1.47971526559202e-06, -3.92980443827275e-06, -1.06066403243663e-07
8.07858996799758e-06, -0.00922646202833545, 5.78961925582853e-07, -0.00038137603230399, 5.77177624075921e-05, 0.00550925033148107, 7.43513128158723e-06, 0.991220910216683, 0.000136065982665841, 0.0267562161972082, 2.41003443083495e-06, -0.0025185428862858, 9.92877958532623e-05, 0.00933989410178777, -4.70204225428711e-06, -0.00135853694169344, 5.51292799096791e-05, 0.00325406787546647, -4.22370911300315e-06, -0.000473436764691763, 2.63157303904124e-05, 0.0011266575601596, -2.57522201487743e-06, -0.000166486816334095, 1.05794826529972e-05, 0.000365871434491605, -1.43695307009007e-06, -6.20827562001064e-05, 1.48003180981179e-06, 5.10590650541323e-05, -1.0608921090368e-07, -3.66343397624669e-06
0.0222739716482791, 0.000168122586541603, 0.00159813306740534, 1.20434835231055e-05, 0.15960728327445, 0.00119982393658081, 0.0270798419211701, 0.000136065982665841, 0.488019987945284, 0.00251001024136308, 0.000827408418953811, 3.56286554177969e-05, 0.173943875534671, 0.00181476470502372, -0.024779720189361, -8.74356129436407e-05, 0.0615607474386425, 0.00100459361339655, -0.00877997355630711, -7.73147408303923e-05, 0.0216451807500272, 0.00047895972886543, -0.00313848241124378, -4.69442757142494e-05, 0.00712053385605429, 0.00019247249438902, -0.00119213677282439, -2.61537303778233e-05, 0.000993866295703369, 2.69261004997712e-05, -7.130429220279e-05, -1.93007571962649e-06
0.000167921781252375, 0.0219159452833383, 1.20291474700668e-05, 0.00157247632180694, 0.0011984032891014, 0.157049772056674, 0.000136077295502908, 0.0267562161972081, 0.00251001024136308, 0.482090718089124, 3.57749582776251e-05, 0.000714733642053984, 0.00181586224045357, 0.169442960895944, -8.73934799798981e-05, -0.0245819114959873, 0.00100532277901762, 0.0590364649913753, -7.73623274740966e-05, -0.00858916316766712, 0.000479239185225984, 0.0204402382505499, -4.69830419044136e-05, -0.00302046329163537, 0.000192532074022564, 0.00663777800672553, -2.616939352166e-05, -0.00112632831015999, 2.69343590631331e-05, 0.000926332883957925, -1.93066983646369e-06, -6.64634056446713e-05
-0.00321096797220966, -6.17870651702105e-06, -0.000229993727508292, -4.4053799556264e-07, -0.0229091757649733, -4.35654890779794e-05, -0.00251161224396601, 2.41003443083495e-06, 0.00082740841895381, 3.57749582776251e-05, 0.991952171349511, 1.12298853513966e-05, 0.0255580405868598, 0.000149840927460892, -0.00226356679778298, 4.13342267426373e-06, 0.00908023169759891, 0.000107124204376838, -0.00129316229878901, -5.43036196406231e-06, 0.00319263328413375, 5.64344549085445e-05, -0.00046293462242904, -4.82381865146775e-06, 0.00105024438833138, 2.37749599504835e-05, -0.000175838637159245, -3.07453540837314e-06, 0.00014659044082654, 3.3275932295128e-06, -1.051703721003e-05, -2.3847935019896e-07
-6.19130941685908e-06, -0.00320325627521605, -4.41440126633928e-07, -0.000229444986298964, -4.36552575689684e-05, -0.0228550815698656, 2.40226129236019e-06, -0.0025185428862858, 3.5628655417797e-05, 0.000714733642053984, 1.12298853513966e-05, 0.991926087347524, 0.000149751043557935, 0.0251628390992351, 4.13877216143435e-06, -0.00227319182348062, 0.000107070030135204, 0.00880150674236367, -5.427303487804e-06, -0.00127863837910597, 5.63975047196036e-05, 0.00304730919005232, -4.82194315428935e-06, -0.000450316129410011, 2.37532736387359e-05, 0.000989559798696992, -3.07256929524559e-06, -0.000167917521522553, 3.32454950638653e-06, 0.000138097640248095, -2.38261451889402e-07, -9.90836105280439e-06
0.00785642390057438, 0.000101159295124863, 0.000563699698223432, 7.25143489167504e-06, 0.056298836855709, 0.00072317801323803, 0.00958686638575565, 9.92877958532623e-05, 0.173943875534671, 0.00181586224045357, 0.0255580405868598, 0.000149751043557935, 0.49622851242076, 0.00330396196830597, 0.00020167789354108, 2.36777735603865e-05, 0.17742840567291, 0.0022241658051211, -0.0252066343870552, -0.000125166548896884, 0.0623861381876786, 0.00114807723172987, -0.00904590819826133, -0.000100957393398766, 0.0205225402503586, 0.000479290807441659, -0.00343600146223299, -6.25752422885355e-05, 0.00286448411387133, 6.7076548483885e-05, -0.000205510572719215, -4.80735752755295e-06
0.000100941402898235, 0.00762175088652099, 7.23586113976595e-06, 0.000546872897408231, 0.000721631933011473, 0.0546199932195872, 9.92364323315326e-05, 0.00933989410178777, 0.00181476470502372, 0.169442960895944, 0.000149840927460892, 0.0251628390992351, 0.00330396196830597, 0.487739177917583, 2.37407074402968e-05, 0.000131365201843083, 0.00222415406808978, 0.171715029397367, -0.0001251794162452, -0.0248839675878607, 0.0011478583892551, 0.0594540151844351, -0.000100969757619977, -0.00878567834092026, 0.000479066378156938, 0.0193067237579034, -6.25643244458087e-05, -0.00327612635775786, 6.70449541511569e-05, 0.00269434261513158, -4.80509836499793e-06, -0.000193316256662227
-0.00112370377055575, -6.71732275447895e-06, -8.06253890115699e-05, -4.80990698070093e-07, -0.00805228091662914, -4.78863807335536e-05, -0.00136927948556387, -4.70204225428711e-06, -0.024779720189361, -8.73934799798981e-05, -0.00226356679778298, 4.13877216143435e-06, 0.00020167789354108, 2.37407074402968e-05, 0.992052134698315, 1.44046067030907e-05, 0.0254195725495273, 0.000160724771547285, -0.00223370242257418, 4.99535163306766e-06, 0.00897248711167274, 0.000110016723258947, -0.00129912685749056, -6.3762320490919e-06, 0.00295154063861142, 5.10411003174618e-05, -0.00049417752315532, -5.96336561067715e-06, 0.000411968418132391, 7.15025065268023e-06, -2.95564133944874e-05, -5.12258545245384e-07
-6.71317402696212e-06, -0.00111019793036303, -4.80695192891688e-07, -7.96579490294606e-05, -4.78572041310766e-05, -0.00795590855290404, -4.70471987882559e-06, -0.00135853694169344, -8.74356129436407e-05, -0.0245819114959873, 4.13342267426373e-06, -0.00227319182348062, 2.36777735603864e-05, 0.00013136520184308, 1.44046067030907e-05, 0.992016499653298, 0.000160682455292225, 0.0250036063847524, 4.99685200289023e-06, -0.00224591643432069, 0.000109979629061006, 0.00869125453292837, -6.37536619392709e-06, -0.00128246065228473, 5.1013835618174e-05, 0.00282229005471121, -5.96143433316015e-06, -0.00047892446126039, 7.14641853392046e-06, 0.000393863485135797, -5.11984358477525e-07, -2.82592961130075e-05
0.00278040454400152, 5.2113295566272e-05, 0.000199494479843839, 3.73676858960613e-06, 0.0199242738238923, 0.000372837280769227, 0.00339281036588259, 5.51292799096791e-05, 0.0615607474386426, 0.00100532277901762, 0.00908023169759891, 0.000107070030135204, 0.17742840567291, 0.00222415406808978, 0.0254195725495273, 0.000160682455292225, 0.499075375185568, 0.00377374544941638, -8.36678066259169e-06, 9.09289647946628e-06, 0.177275651531798, 0.00238069932649136, -0.0256062546522259, -0.000156579531822148, 0.058317443974538, 0.00107568218516003, -0.00976396359674245, -0.000129230002911979, 0.00813979967502586, 0.000150654408218314, -0.000583984733696349, -1.07941921803298e-05
5.19836653983633e-05, 0.00265546079839555, 3.72750208860791e-06, 0.000190533586648868, 0.000371917157669451, 0.0190299120198112, 5.50942881424743e-05, 0.00325406787546647, 0.00100459361339655, 0.0590364649913753, 0.000107124204376838, 0.00880150674236366, 0.0022241658051211, 0.171715029397367, 0.000160724771547285, 0.0250036063847524, 0.00377374544941638, 0.489384419830176, 9.07125392832378e-06, -2.88472047272481e-05, 0.0023803398042504, 0.171209578935824, -0.000156603399432001, -0.0252016495015952, 0.00107527159562609, 0.0555982766618179, -0.00012921240236116, -0.00943451947537831, 0.000150596582971398, 0.00775899530904798, -1.0790058034844e-05, -0.000556699814725946
-0.000396548349835707, -4.46312264002856e-06, -2.84524106684346e-05, -3.19887577110334e-07, -0.00284165095045689, -3.18952256870206e-05, -0.000483897808955275, -4.22370911300315e-06, -0.00877997355630711, -7.73623274740967e-05, -0.00129316229878901, -5.427303487804e-06, -0.0252066343870552, -0.0001251794162452, -0.00223370242257418, 4.99685200289023e-06, -8.3667806625948e-06, 9.07125392832377e-06, 0.992062918847385, 1.62227879337337e-05, 0.0251782828869502, 0.00015423697880281, -0.00225949225468946, 4.87252223401821e-06, 0.00831516451150153, 9.32340449626844e-05, -0.00139031537165799, -8.21975367166465e-06, 0.0011606283168286, 1.30879616210153e-05, -8.32680068720983e-05, -9.3689366348021e-07
-4.45390325159755e-06, -0.000386339241017049, -3.1922860722821e-07, -2.77204643808002e-05, -3.18298037960032e-05, -0.00276863552410069, -4.2214711294985e-06, -0.000473436764691763, -7.73147408303923e-05, -0.00858916316766712, -5.43036196406231e-06, -0.00127863837910597, -0.000125166548896884, -0.0248839675878607, 4.99535163306766e-06, -0.00224591643432069, 9.0928964794663e-06, -2.88472047272445e-05, 1.62227879337337e-05, 0.992021636649065, 0.000154249695831885, 0.0247899461841121, 4.87086589959109e-06, -0.00227179224446275, 9.32271695727209e-05, 0.00808220950400837, -8.22054581789273e-06, -0.00136960489281594, 1.30869823574856e-05, 0.00112792841833719, -9.36823957411188e-07, -8.09271561868068e-05
0.00097762322125066, 2.39798731731445e-05, 7.01446207356507e-05, 1.71973516906711e-06, 0.00700560977094879, 0.000171628384251372, 0.00119293467343449, 2.63157303904124e-05, 0.0216451807500272, 0.000479239185225984, 0.00319263328413375, 5.63975047196036e-05, 0.0623861381876786, 0.0011478583892551, 0.00897248711167274, 0.000109979629061006, 0.177275651531798, 0.0023803398042504, 0.0251782828869502, 0.000154249695831885, 0.495712740178198, 0.00380458036919256, -0.000722050953588005, -1.67306776848091e-05, 0.164750320783091, 0.00209028622245133, -0.0274853648846915, -0.000204106443939637, 0.0229964218434105, 0.000293229077844228, -0.00164983572542953, -2.09962065363497e-05
