10000, 0, 0, 0, 0, 0, 0, 0, 0, 0, 0, 0, 0, 0, 0, 0, 0, 0, 0, 0, 0, 0, 0, 0, 0, 0, 0, 0, 0, 0, 0, 0, 0, 0, 0, 0, 0, 0, 0, 0
0, 10000, 0, 0, 0, 0, 0, 0, 0, 0, 0, 0, 0, 0, 0, 0, 0, 0, 0, 0, 0, 0, 0, 0, 0, 0, 0, 0, 0, 0, 0, 0, 0, 0, 0, 0, 0, 0, 0, 0
0, 0, 10000, 0, 0, 0, 0, 0, 0, 0, 0, 0, 0, 0, 0, 0, 0, 0, 0, 0, 0, 0, 0, 0, 0, 0, 0, 0, 0, 0, 0, 0, 0, 0, 0, 0, 0, 0, 0, 0
0, 0, 0, 10000, 0, 0, 0, 0, 0, 0, 0, 0, 0, 0, 0, 0, 0, 0, 0, 0, 0, 0, 0, 0, 0, 0, 0, 0, 0, 0, 0, 0, 0, 0, 0, 0, 0, 0, 0, 0
0, 0, 0, 0, 10, 0, 0, 0, 0, 0, 0, 0, 0, 0, 0, 0, 0, 0, 0, 0, 0, 0, 0, 0, 0, 0, 0, 0, 0, 0, 0, 0, 0, 0, 0, 0, 0, 0, 0, 0
0, 0, 0, 0, 0, 10, 0, 0, 0, 0, 0, 0, 0, 0, 0, 0, 0, 0, 0, 0, 0, 0, 0, 0, 0, 0, 0, 0, 0, 0, 0, 0, 0, 0, 0, 0, 0, 0, 0, 0
0, 0, 0, 0, 0, 0, 10, 0, 0, 0, 0, 0, 0, 0, 0, 0, 0, 0, 0, 0, 0, 0, 0, 0, 0, 0, 0, 0, 0, 0, 0, 0, 0, 0, 0, 0, 0, 0, 0, 0
0, 0, 0, 0, 0, 0, 0, 10, 0, 0, 0, 0, 0, 0, 0, 0, 0, 0, 0, 0, 0, 0, 0, 0, 0, 0, 0, 0, 0, 0, 0, 0, 0, 0, 0, 0, 0, 0, 0, 0
0, 0, 0, 0, 0, 0, 0, 0, 10, 0, 0, 0, 0, 0, 0, 0, 0, 0, 0, 0, 0, 0, 0, 0, 0, 0, 0, 0, 0, 0, 0, 0, 0, 0, 0, 0, 0, 0, 0, 0
0, 0, 0, 0, 0, 0, 0, 0, 0, 10, 0, 0, 0, 0, 0, 0, 0, 0, 0, 0, 0, 0, 0, 0, 0, 0, 0, 0, 0, 0, 0, 0, 0, 0, 0, 0, 0, 0, 0, 0
0, 0, 0, 0, 0, 0, 0, 0, 0, 0, 10, 0, 0, 0, 0, 0, 0, 0, 0, 0, 0, 0, 0, 0, 0, 0, 0, 0, 0, 0, 0, 0, 0, 0, 0, 0, 0, 0, 0, 0
0, 0, 0, 0, 0, 0, 0, 0, 0, 0, 0, 10, 0, 0, 0, 0, 0, 0, 0, 0, 0, 0, 0, 0, 0, 0, 0, 0, 0, 0, 0, 0, 0, 0, 0, 0, 0, 0, 0, 0
0, 0, 0, 0, 0, 0, 0, 0, 0, 0, 0, 0, 10, 0, 0, 0, 0, 0, 0, 0, 0, 0, 0, 0, 0, 0, 0, 0, 0, 0, 0, 0, 0, 0, 0, 0, 0, 0, 0, 0
0, 0, 0, 0, 0, 0, 0, 0, 0, 0, 0, 0, 0, 10, 0, 0, 0, 0, 0, 0, 0, 0, 0, 0, 0, 0, 0, 0, 0, 0, 0, 0, 0, 0, 0, 0, 0, 0, 0, 0
0, 0, 0, 0, 0, 0, 0, 0, 0, 0, 0, 0, 0, 0, 10, 0, 0, 0, 0, 0, 0, 0, 0, 0, 0, 0, 0, 0, 0, 0, 0, 0, 0, 0, 0, 0, 0, 0, 0, 0
0, 0, 0, 0, 0, 0, 0, 0, 0, 0, 0, 0, 0, 0, 0, 10, 0, 0, 0, 0, 0, 0, 0, 0, 0, 0, 0, 0, 0, 0, 0, 0, 0, 0, 0, 0, 0, 0, 0, 0
0, 0, 0, 0, 0, 0, 0, 0, 0, 0, 0, 0, 0, 0, 0, 0, 10, 0, 0, 0, 0, 0, 0, 0, 0, 0, 0, 0, 0, 0, 0, 0, 0, 0, 0, 0, 0, 0, 0, 0
0, 0, 0, 0, 0, 0, 0, 0, 0, 0, 0, 0, 0, 0, 0, 0, 0, 10, 0, 0, 0, 0, 0, 0, 0, 0, 0, 0, 0, 0, 0, 0, 0, 0, 0, 0, 0, 0, 0, 0
0, 0, 0, 0, 0, 0, 0, 0, 0, 0, 0, 0, 0, 0, 0, 0, 0, 0, 10, 0, 0, 0, 0, 0, 0, 0, 0, 0, 0, 0, 0, 0, 0, 0, 0, 0, 0, 0, 0, 0
0, 0, 0, 0, 0, 0, 0, 0, 0, 0, 0, 0, 0, 0, 0, 0, 0, 0, 0, 10, 0, 0, 0, 0, 0, 0, 0, 0, 0, 0, 0, 0, 0, 0, 0, 0, 0, 0, 0, 0
0, 0, 0, 0, 0, 0, 0, 0, 0, 0, 0, 0, 0, 0, 0, 0, 0, 0, 0, 0, 10, 0, 0, 0, 0, 0, 0, 0, 0, 0, 0, 0, 0, 0, 0, 0, 0, 0, 0, 0
0, 0, 0, 0, 0, 0, 0, 0, 0, 0, 0, 0, 0, 0, 0, 0, 0, 0, 0, 0, 0, 10, 0, 0, 0, 0, 0, 0, 0, 0, 0, 0, 0, 0, 0, 0, 0, 0, 0, 0
0, 0, 0, 0, 0, 0, 0, 0, 0, 0, 0, 0, 0, 0, 0, 0, 0, 0, 0, 0, 0, 0, 10, 0, 0, 0, 0, 0, 0, 0, 0, 0, 0, 0, 0, 0, 0, 0, 0, 0
0, 0, 0, 0, 0, 0, 0, 0, 0, 0, 0, 0, 0, 0, 0, 0, 0, 0, 0, 0, 0, 0, 0, 10, 0, 0, 0, 0, 0, 0, 0, 0, 0, 0, 0, 0, 0, 0, 0, 0
0, 0, 0, 0, 0, 0, 0, 0, 0, 0, 0, 0, 0, 0, 0, 0, 0, 0, 0, 0, 0, 0, 0, 0, 10, 0, 0, 0, 0, 0, 0, 0, 0, 0, 0, 0, 0, 0, 0, 0
0, 0, 0, 0, 0, 0, 0, 0, 0, 0, 0, 0, 0, 0, 0, 0, 0, 0, 0, 0, 0, 0, 0, 0, 0, 10, 0, 0, 0, 0, 0, 0, 0, 0, 0, 0, 0, 0, 0, 0
0, 0, 0, 0, 0, 0, 0, 0, 0, 0, 0, 0, 0, 0, 0, 0, 0, 0, 0, 0, 0, 0, 0, 0, 0, 0, 10, 0, 0, 0, 0, 0, 0, 0, 0, 0, 0, 0, 0, 0
0, 0, 0, 0, 0, 0, 0, 0, 0, 0, 0, 0, 0, 0, 0, 0, 0, 0, 0, 0, 0, 0, 0, 0, 0, 0, 0, 10, 0, 0, 0, 0, 0, 0, 0, 0, 0, 0, 0, 0
0, 0, 0, 0, 0, 0, 0, 0, 0, 0, 0, 0, 0, 0, 0, 0, 0, 0, 0, 0, 0, 0, 0, 0, 0, 0, 0, 0, 10, 0, 0, 0, 0, 0, 0, 0, 0, 0, 0, 0
0, 0, 0, 0, 0, 0, 0, 0, 0, 0, 0, 0, 0, 0, 0, 0, 0, 0, 0, 0, 0, 0, 0, 0, 0, 0, 0, 0, 0, 10, 0, 0, 0, 0, 0, 0, 0, 0, 0, 0
0, 0, 0, 0, 0, 0, 0, 0, 0, 0, 0, 0, 0, 0, 0, 0, 0, 0, 0, 0, 0, 0, 0, 0, 0, 0, 0, 0, 0, 0, 10, 0, 0, 0, 0, 0, 0, 0, 0, 0
0, 0, 0, 0, 0, 0, 0, 0, 0, 0, 0, 0, 0, 0, 0, 0, 0, 0, 0, 0, 0, 0, 0, 0, 0, 0, 0, 0, 0, 0, 0, 10, 0, 0, 0, 0, 0, 0, 0, 0
0, 0, 0, 0, 0, 0, 0, 0, 0, 0, 0, 0, 0, 0, 0, 0, 0, 0, 0, 0, 0, 0, 0, 0, 0, 0, 0, 0, 0, 0, 0, 0, 10, 0, 0, 0, 0, 0, 0, 0
0, 0, 0, 0, 0, 0, 0, 0, 0, 0, 0, 0, 0, 0, 0, 0, 0, 0, 0, 0, 0, 0, 0, 0, 0, 0, 0, 0, 0, 0, 0, 0, 0, 10, 0, 0, 0, 0, 0, 0
0, 0, 0, 0, 0, 0, 0, 0, 0, 0, 0, 0, 0, 0, 0, 0, 0, 0, 0, 0, 0, 0, 0, 0, 0, 0, 0, 0, 0, 0, 0, 0, 0, 0, 10, 0, 0, 0, 0, 0
0, 0, 0, 0, 0, 0, 0, 0, 0, 0, 0, 0, 0, 0, 0, 0, 0, 0, 0, 0, 0, 0, 0, 0, 0, 0, 0, 0, 0, 0, 0, 0, 0, 0, 0, 10, 0, 0, 0, 0
0, 0, 0, 0, 0, 0, 0, 0, 0, 0, 0, 0, 0, 0, 0, 0, 0, 0, 0, 0, 0, 0, 0, 0, 0, 0, 0, 0, 0, 0, 0, 0, 0, 0, 0, 0, 10000, 0, 0, 0
0, 0, 0, 0, 0, 0, 0, 0, 0, 0, 0, 0, 0, 0, 0, 0, 0, 0, 0, 0, 0, 0, 0, 0, 0, 0, 0, 0, 0, 0, 0, 0, 0, 0, 0, 0, 0, 10000, 0, 0
0, 0, 0, 0, 0, 0, 0, 0, 0, 0, 0, 0, 0, 0, 0, 0, 0, 0, 0, 0, 0, 0, 0, 0, 0, 0, 0, 0, 0, 0, 0, 0, 0, 0, 0, 0, 0, 0, 10000, 0
0, 0, 0, 0, 0, 0, 0, 0, 0, 0, 0, 0, 0, 0, 0, 0, 0, 0, 0, 0, 0, 0, 0, 0, 0, 0, 0, 0, 0, 0, 0, 0, 0, 0, 0, 0, 0, 0, 0, 10000
6092.95999999998, -3.17643972665263e-12, 1.07999999999991, -4.23954879351803e-13, -12.96, -1.19693696380913e-14, 1.07999999999999, 1.24857950381204e-15, 0, 0, 0, 0, 0, 0, 0, 0, 0, 0, 0, 0, 0, 0, 0, 0, 0, 0, 0, 0, 0, 0, 0, 0, 0, 0, 0, 0, 0, 0, 0, 0
-3.17643972665263e-12, 6092.95999999989, -7.63562151641574e-13, 1.08, 6.83476179095415e-15, -12.96, 8.67944073139641e-16, 1.08, 0, 0, 0, 0, 0, 0, 0, 0, 0, 0, 0, 0, 0, 0, 0, 0, 0, 0, 0, 0, 0, 0, 0, 0, 0, 0, 0, 0, 0, 0, 0, 0
1.07999999999991, -7.63562151641574e-13, 6080.11999999824, 5.45459439529718e-13, -1.07999999999987, 3.66341749687485e-15, 0.0599999999999888, -5.74923612948856e-16, 0, 0, 0, 0, 0, 0, 0, 0, 0, 0, 0, 0, 0, 0, 0, 0, 0, 0, 0, 0, 0, 0, 0, 0, 0, 0, 0, 0, 0, 0, 0, 0
-4.23954879351803e-13, 1.08, 5.45459439529718e-13, 6080.11999999821, 1.00373404249635e-15, -1.07999999999987, 3.31401640613245e-16, 0.0599999999999919, 0, 0, 0, 0, 0, 0, 0, 0, 0, 0, 0, 0, 0, 0, 0, 0, 0, 0, 0, 0, 0, 0, 0, 0, 0, 0, 0, 0, 0, 0, 0, 0
-12.96, 6.83476179095415e-15, -1.07999999999987, 1.00373404249635e-15, 31.92, -5.06017112112805e-15, -3.5527136788005e-16, -7.01269164943676e-17, -12.96, -1.42722139936593e-15, 1.08, 1.3187667714039e-16, 0, 0, 0, 0, 0, 0, 0, 0, 0, 0, 0, 0, 0, 0, 0, 0, 0, 0, 0, 0, 0, 0, 0, 0, 0, 0, 0, 0
-1.19693696380913e-14, -12.96, 3.66341749687485e-15, -1.07999999999987, -5.06017112112805e-15, 31.9200000000001, 1.18461686959132e-15, 8.88178419700125e-16, -3.41812734326184e-16, -12.96, -1.64382095886866e-16, 1.08, 0, 0, 0, 0, 0, 0, 0, 0, 0, 0, 0, 0, 0, 0, 0, 0, 0, 0, 0, 0, 0, 0, 0, 0, 0, 0, 0, 0
1.07999999999999, 8.67944073139641e-16, 0.0599999999999888, 3.31401640613245e-16, -3.5527136788005e-16, 1.18461686959132e-15, 6.24000000000013, -2.31540691296699e-16, -1.08, -1.57366969017706e-15, 0.0600000000000007, -5.83309239126674e-17, 0, 0, 0, 0, 0, 0, 0, 0, 0, 0, 0, 0, 0, 0, 0, 0, 0, 0, 0, 0, 0, 0, 0, 0, 0, 0, 0, 0
1.24857950381204e-15, 1.08, -5.74923612948856e-16, 0.0599999999999919, -7.01269164943676e-17, 8.88178419700125e-16, -2.31540691296699e-16, 6.2400000000001, 1.35190693546523e-16, -1.08, -4.22065929704977e-17, 0.0599999999999998, 0, 0, 0, 0, 0, 0, 0, 0, 0, 0, 0, 0, 0, 0, 0, 0, 0, 0, 0, 0, 0, 0, 0, 0, 0, 0, 0, 0
0, 0, 0, 0, -12.96, -3.41812734326184e-16, -1.08, 1.35190693546523e-16, 31.92, 1.90646099421939e-15, 7.8159700933611e-15, -8.03257225749014e-17, -12.96, -1.87084749395209e-15, 1.08000000000001, 1.01490693646622e-16, 0, 0, 0, 0, 0, 0, 0, 0, 0, 0, 0, 0, 0, 0, 0, 0, 0, 0, 0, 0, 0, 0, 0, 0
0, 0, 0, 0, -1.42722139936593e-15, -12.96, -1.57366969017706e-15, -1.08, 1.90646099421939e-15, 31.92, -3.95800496801805e-16, -5.32907051820075e-15, -9.08719709824871e-16, -12.96, -7.55389276317305e-17, 1.08, 0, 0, 0, 0, 0, 0, 0, 0, 0, 0, 0, 0, 0, 0, 0, 0, 0, 0, 0, 0, 0, 0, 0, 0
0, 0, 0, 0, 1.08, -1.64382095886866e-16, 0.0600000000000007, -4.22065929704977e-17, 7.8159700933611e-15, -3.95800496801805e-16, 6.24000000000012, 4.67713064628103e-17, -1.08, -7.46203998097721e-16, 0.0600000000000001, -1.201198598325e-17, 0, 0, 0, 0, 0, 0, 0, 0, 0, 0, 0, 0, 0, 0, 0, 0, 0, 0, 0, 0, 0, 0, 0, 0
0, 0, 0, 0, 1.3187667714039e-16, 1.08, -5.83309239126674e-17, 0.0599999999999998, -8.03257225749014e-17, -5.32907051820075e-15, 4.67713064628103e-17, 6.23999999999995, -4.53778313854586e-16, -1.08, -1.82130612505396e-17, 0.06, 0, 0, 0, 0, 0, 0, 0, 0, 0, 0, 0, 0, 0, 0, 0, 0, 0, 0, 0, 0, 0, 0, 0, 0
0, 0, 0, 0, 0, 0, 0, 0, -12.96, -9.08719709824871e-16, -1.08, -4.53778313854586e-16, 31.9199999999999, -6.09751437218026e-15, 8.5265128291212e-15, -5.9542048678343e-16, -12.96, 3.12722711241716e-15, 1.08000000000001, 3.51412793992128e-16, 0, 0, 0, 0, 0, 0, 0, 0, 0, 0, 0, 0, 0, 0, 0, 0, 0, 0, 0, 0
0, 0, 0, 0, 0, 0, 0, 0, -1.87084749395209e-15, -12.96, -7.46203998097721e-16, -1.08, -6.09751437218026e-15, 31.9199999999997, 3.77390526860809e-15, -1.59872115546023e-15, 1.04797669091381e-15, -12.9600000000001, -9.87444540129462e-17, 1.08, 0, 0, 0, 0, 0, 0, 0, 0, 0, 0, 0, 0, 0, 0, 0, 0, 0, 0, 0, 0
0, 0, 0, 0, 0, 0, 0, 0, 1.08000000000001, -7.55389276317305e-17, 0.0600000000000001, -1.82130612505396e-17, 8.5265128291212e-15, 3.77390526860809e-15, 6.24000000000024, -1.29322872804418e-16, -1.08000000000001, -7.37572467667403e-16, 0.0600000000000012, 2.78515020969055e-18, 0, 0, 0, 0, 0, 0, 0, 0, 0, 0, 0, 0, 0, 0, 0, 0, 0, 0, 0, 0
0, 0, 0, 0, 0, 0, 0, 0, 1.01490693646622e-16, 1.08, -1.201198598325e-17, 0.06, -5.9542048678343e-16, -1.59872115546023e-15, -1.29322872804418e-16, 6.23999999999973, 2.06635805065055e-16, -1.08, -4.6702749733642e-17, 0.0599999999999994, 0, 0, 0, 0, 0, 0, 0, 0, 0, 0, 0, 0, 0, 0, 0, 0, 0, 0, 0, 0
0, 0, 0, 0, 0, 0, 0, 0, 0, 0, 0, 0, -12.96, 1.04797669091381e-15, -1.08000000000001, 2.06635805065055e-16, 31.9199999999998, 4.71533977313608e-15, -1.81188397618826e-14, -6.19456370150751e-17, -12.96, -5.00230130077604e-16, 1.08, 1.59273957819331e-16, 0, 0, 0, 0, 0, 0, 0, 0, 0, 0, 0, 0, 0, 0, 0, 0
0, 0, 0, 0, 0, 0, 0, 0, 0, 0, 0, 0, 3.12722711241716e-15, -12.9600000000001, -7.37572467667403e-16, -1.08, 4.71533977313608e-15, 31.9199999999998, 9.82967441607631e-16, -3.5527136788005e-16, -9.25067975102471e-16, -12.96, 1.8413860998598e-16, 1.08, 0, 0, 0, 0, 0, 0, 0, 0, 0, 0, 0, 0, 0, 0, 0, 0
0, 0, 0, 0, 0, 0, 0, 0, 0, 0, 0, 0, 1.08000000000001, -9.87444540129462e-17, 0.0600000000000012, -4.6702749733642e-17, -1.81188397618826e-14, 9.82967441607631e-16, 6.24000000000026, -5.51943079694255e-16, -1.08000000000001, 5.248724360956e-16, 0.0600000000000006, 6.09016689075842e-18, 0, 0, 0, 0, 0, 0, 0, 0, 0, 0, 0, 0, 0, 0, 0, 0
0, 0, 0, 0, 0, 0, 0, 0, 0, 0, 0, 0, 3.51412793992128e-16, 1.08, 2.78515020969055e-18, 0.0599999999999994, -6.19456370150751e-17, -3.5527136788005e-16, -5.51943079694255e-16, 6.2399999999998, 1.02179702009654e-16, -1.08, 1.22669429003736e-16, 0.0600000000000001, 0, 0, 0, 0, 0, 0, 0, 0, 0, 0, 0, 0, 0, 0, 0, 0
0, 0, 0, 0, 0, 0, 0, 0, 0, 0, 0, 0, 0, 0, 0, 0, -12.96, -9.25067975102471e-16, -1.08000000000001, 1.02179702009654e-16, 31.8865932740772, -0.022563157084012, -4.79616346638068e-15, -7.54816470286725e-16, -12.96, -5.72160167958439e-16, 1.08, -3.3874541626594e-16, 0, 0, 0, 0, 0, 0, 0, 0, 0, 0, 0, 0
0, 0, 0, 0, 0, 0, 0, 0, 0, 0, 0, 0, 0, 0, 0, 0, -5.00230130077604e-16, -12.96, 5.248724360956e-16, -1.08, -0.022563157084012, 33.5101938705841, -2.24228679379527e-15, 2.8421709430404e-15, -6.3328206543231e-16, -12.96, 2.39094107603839e-16, 1.08, 0, 0, 0, 0, 0, 0, 0, 0, 0, 0, 0, 0
0, 0, 0, 0, 0, 0, 0, 0, 0, 0, 0, 0, 0, 0, 0, 0, 1.08, 1.8413860998598e-16, 0.0600000000000006, 1.22669429003736e-16, -4.79616346638068e-15, -2.24228679379527e-15, 6.23999999999982, -4.19696355035033e-16, -1.08, -2.9460441180215e-16, 0.0599999999999999, -1.13231364388955e-16, 0, 0, 0, 0, 0, 0, 0, 0, 0, 0, 0, 0
0, 0, 0, 0, 0, 0, 0, 0, 0, 0, 0, 0, 0, 0, 0, 0, 1.59273957819331e-16, 1.08, 6.09016689075842e-18, 0.0600000000000001, -7.54816470286725e-16, 2.8421709430404e-15, -4.19696355035033e-16, 6.23999999999986, -1.47559492158804e-16, -1.08, 5.04429295913617e-17, 0.0600000000000002, 0, 0, 0, 0, 0, 0, 0, 0, 0, 0, 0, 0
0, 0, 0, 0, 0, 0, 0, 0, 0, 0, 0, 0, 0, 0, 0, 0, 0, 0, 0, 0, -12.96, -6.3328206543231e-16, -1.08, -1.47559492158804e-16, 33.5200003325343, 5.53641063116145e-15, -9.76996261670138e-15, -7.72792627009829e-16, -12.96, 1.3217504449606e-15, 1.08, -3.13571597073542e-17, 0, 0, 0, 0, 0, 0, 0, 0
0, 0, 0, 0, 0, 0, 0, 0, 0, 0, 0, 0, 0, 0, 0, 0, 0, 0, 0, 0, -5.72160167958439e-16, -12.96, -2.9460441180215e-16, -1.08, 5.53641063116145e-15, 31.92, -1.67970021572317e-15, -6.57252030578093e-15, -1.35182434975287e-15, -12.96, 7.80180871892255e-17, 1.08, 0, 0, 0, 0, 0, 0, 0, 0
0, 0, 0, 0, 0, 0, 0, 0, 0, 0, 0, 0, 0, 0, 0, 0, 0, 0, 0, 0, 1.08, 2.39094107603839e-16, 0.0599999999999999, 5.04429295913617e-17, -9.76996261670138e-15, -1.67970021572317e-15, 6.24000000000011, 8.32567742097565e-16, -1.08000000000002, 2.46221889854984e-16, 0.0600000000000017, -5.33630756770209e-18, 0, 0, 0, 0, 0, 0, 0, 0
0, 0, 0, 0, 0, 0, 0, 0, 0, 0, 0, 0, 0, 0, 0, 0, 0, 0, 0, 0, -3.3874541626594e-16, 1.08, -1.13231364388955e-16, 0.0600000000000002, -7.72792627009829e-16, -6.57252030578093e-15, 8.32567742097565e-16, 6.23999999999996, 2.05089969936316e-16, -1.07999999999999, 1.17049365398704e-16, 0.0599999999999996, 0, 0, 0, 0, 0, 0, 0, 0
0, 0, 0, 0, 0, 0, 0, 0, 0, 0, 0, 0, 0, 0, 0, 0, 0, 0, 0, 0, 0, 0, 0, 0, -12.96, -1.35182434975287e-15, -1.08000000000002, 2.05089969936316e-16, 33.3808842009064, 1.31458454622683e-15, -9.59232693276135e-15, -5.67884769157173e-16, -12.9600000000001, -4.92973175302003e-17, 1.08, -3.62720683837973e-17, 0, 0, 0, 0
0, 0, 0, 0, 0, 0, 0, 0, 0, 0, 0, 0, 0, 0, 0, 0, 0, 0, 0, 0, 0, 0, 0, 0, 1.3217504449606e-15, -12.96, 2.46221889854984e-16, -1.07999999999999, 1.31458454622683e-15, 31.9199999999999, -5.46981054810121e-16, -8.88178419700125e-15, -1.85139379413161e-15, -12.96, 1.9315209933595e-16, 1.08, 0, 0, 0, 0
0, 0, 0, 0, 0, 0, 0, 0, 0, 0, 0, 0, 0, 0, 0, 0, 0, 0, 0, 0, 0, 0, 0, 0, 1.08, 7.80180871892255e-17, 0.0600000000000017, 1.17049365398704e-16, -9.59232693276135e-15, -5.46981054810121e-16, 6.24, -4.64099939712472e-17, -1.08, -7.32284335098576e-16, 0.0599999999999995, 4.07126386097779e-17, 0, 0, 0, 0
0, 0, 0, 0, 0, 0, 0, 0, 0, 0, 0, 0, 0, 0, 0, 0, 0, 0, 0, 0, 0, 0, 0, 0, -3.13571597073542e-17, 1.08, -5.33630756770209e-18, 0.0599999999999996, -5.67884769157173e-16, -8.88178419700125e-15, -4.64099939712472e-17, 6.24000000000016, -6.06729700118255e-16, -1.08000000000001, 3.59427843255522e-17, 0.0600000000000004, 0, 0, 0, 0
0, 0, 0, 0, 0, 0, 0, 0, 0, 0, 0, 0, 0, 0, 0, 0, 0, 0, 0, 0, 0, 0, 0, 0, 0, 0, 0, 0, -12.9600000000001, -1.85139379413161e-15, -1.08, -6.06729700118255e-16, 33.2473192949693, -2.37275951382558e-15, 2.29150032282632e-14, 2.55007527342143e-15, -12.9599999999988, -4.60521225510322e-15, 1.0799999999999, -1.7533582008164e-15
0, 0, 0, 0, 0, 0, 0, 0, 0, 0, 0, 0, 0, 0, 0, 0, 0, 0, 0, 0, 0, 0, 0, 0, 0, 0, 0, 0, -4.92973175302003e-17, -12.96, -7.32284335098576e-16, -1.08000000000001, -2.37275951382558e-15, 31.9200000000001, -9.25083856970232e-16, 1.22568621918617e-14, 1.24709719615435e-14, -12.9599999999988, -5.11766718819208e-15, 1.0799999999999
0, 0, 0, 0, 0, 0, 0, 0, 0, 0, 0, 0, 0, 0, 0, 0, 0, 0, 0, 0, 0, 0, 0, 0, 0, 0, 0, 0, 1.08, 1.9315209933595e-16, 0.0599999999999995, 3.59427843255522e-17, 2.29150032282632e-14, -9.25083856970232e-16, 6.2400000000001, 1.42411649421866e-15, -1.07999999999992, 2.26951890304949e-15, 0.0600000000000112, -4.7592663723851e-16
0, 0, 0, 0, 0, 0, 0, 0, 0, 0, 0, 0, 0, 0, 0, 0, 0, 0, 0, 0, 0, 0, 0, 0, 0, 0, 0, 0, -3.62720683837973e-17, 1.08, 4.07126386097779e-17, 0.0600000000000004, 2.55007527342143e-15, 1.22568621918617e-14, 1.42411649421866e-15, 6.23999999999998, 1.22237442200636e-15, -1.0799999999999, -9.8414640559109e-16, 0.0599999999999892
0, 0, 0, 0, 0, 0, 0, 0, 0, 0, 0, 0, 0, 0, 0, 0, 0, 0, 0, 0, 0, 0, 0, 0, 0, 0, 0, 0, 0, 0, 0, 0, -12.9599999999988, 1.24709719615435e-14, -1.07999999999992, 1.22237442200636e-15, 6092.95999999711, 1.08360660244447e-14, -1.08000000000011, -1.01412343099001e-14
0, 0, 0, 0, 0, 0, 0, 0, 0, 0, 0, 0, 0, 0, 0, 0, 0, 0, 0, 0, 0, 0, 0, 0, 0, 0, 0, 0, 0, 0, 0, 0, -4.60521225510322e-15, -12.9599999999988, 2.26951890304949e-15, -1.0799999999999, 1.08360660244447e-14, 6092.95999999711, 3.95557768922858e-14, -1.07999999999983
0, 0, 0, 0, 0, 0, 0, 0, 0, 0, 0, 0, 0, 0, 0, 0, 0, 0, 0, 0, 0, 0, 0, 0, 0, 0, 0, 0, 0, 0, 0, 0, 1.0799999999999, -5.11766718819208e-15, 0.0600000000000112, -9.8414640559109e-16, -1.08000000000011, 3.95557768922858e-14, 6080.11999999714, 5.17815063458195e-14
0, 0, 0, 0, 0, 0, 0, 0, 0, 0, 0, 0, 0, 0, 0, 0, 0, 0, 0, 0, 0, 0, 0, 0, 0, 0, 0, 0, 0, 0, 0, 0, -1.7533582008164e-15, 1.0799999999999, -4.7592663723851e-16, 0.0599999999999892, -1.01412343099001e-14, -1.07999999999983, 5.17815063458195e-14, 6080.11999999711
3748.736, -2.10092814083741e-12, 1.7279999998816, -4.00380383039977e-11, -20.7359999999999, 5.47190421969721e-15, 1.728, 1.61339190633345e-14, 0, 0, 0, 0, 0, 0, 0, 0, 0, 0, 0, 0, 0, 0, 0, 0, 0, 0, 0, 0, 0, 0, 0, 0, 0, 0, 0, 0, 0, 0, 0, 0
-2.10092814083741e-12, 3748.73599999995, 4.24649488450344e-11, 1.72800000007431, -4.08486590353002e-14, -20.736, -1.14803707231617e-14, 1.728, 0, 0, 0, 0, 0, 0, 0, 0, 0, 0, 0, 0, 0, 0, 0, 0, 0, 0, 0, 0, 0, 0, 0, 0, 0, 0, 0, 0, 0, 0, 0, 0
1.7279999998816, 4.24649488450344e-11, 3728.19199999881, -3.22776903283046e-11, -1.72799999999977, -3.44769207670735e-14, 0.0960000000000062, 5.86333986665768e-15, 0, 0, 0, 0, 0, 0, 0, 0, 0, 0, 0, 0, 0, 0, 0, 0, 0, 0, 0, 0, 0, 0, 0, 0, 0, 0, 0, 0, 0, 0, 0, 0
-4.00380383039977e-11, 1.72800000007431, -3.22776903283046e-11, 3728.19199999907, 1.35864388975765e-14, -1.72800000000003, 5.19039433666674e-14, 0.095999999999996, 0, 0, 0, 0, 0, 0, 0, 0, 0, 0, 0, 0, 0, 0, 0, 0, 0, 0, 0, 0, 0, 0, 0, 0, 0, 0, 0, 0, 0, 0, 0, 0
-20.7359999999999, -4.08486590353002e-14, -1.72799999999977, 1.35864388975765e-14, 45.072, 2.01651372083342e-15, 1.95043980966148e-14, 9.90442537883132e-16, -20.736, -7.80722801179272e-15, 1.72800000000001, 1.01327953246956e-15, 0, 0, 0, 0, 0, 0, 0, 0, 0, 0, 0, 0, 0, 0, 0, 0, 0, 0, 0, 0, 0, 0, 0, 0, 0, 0, 0, 0
5.47190421969721e-15, -20.736, -3.44769207670735e-14, -1.72800000000003, 2.01651372083342e-15, 45.072, -5.59235952734318e-15, 5.32907051820075e-15, 4.35805117070216e-15, -20.7360000000001, 1.43751923250924e-15, 1.728, 0, 0, 0, 0, 0, 0, 0, 0, 0, 0, 0, 0, 0, 0, 0, 0, 0, 0, 0, 0, 0, 0, 0, 0, 0, 0, 0, 0
1.728, -1.14803707231617e-14, 0.0960000000000062, 5.19039433666674e-14, 1.95043980966148e-14, -5.59235952734318e-15, 3.98400000000011, 2.39616810004888e-16, -1.72800000000001, -1.09262768874873e-15, 0.0960000000000013, 3.9379527758376e-17, 0, 0, 0, 0, 0, 0, 0, 0, 0, 0, 0, 0, 0, 0, 0, 0, 0, 0, 0, 0, 0, 0, 0, 0, 0, 0, 0, 0
1.61339190633345e-14, 1.728, 5.86333986665768e-15, 0.095999999999996, 9.90442537883132e-16, 5.32907051820075e-15, 2.39616810004888e-16, 3.98400000000009, 4.74305183282451e-16, -1.72800000000001, 5.93691489281398e-18, 0.096, 0, 0, 0, 0, 0, 0, 0, 0, 0, 0, 0, 0, 0, 0, 0, 0, 0, 0, 0, 0, 0, 0, 0, 0, 0, 0, 0, 0
0, 0, 0, 0, -20.736, 4.35805117070216e-15, -1.72800000000001, 4.74305183282451e-16, 45.0719999999998, -1.4750349973668e-15, 2.91322521661641e-15, -1.90784404006847e-15, -20.7359999999999, 1.0482525231319e-16, 1.728, -4.55102889153583e-16, 0, 0, 0, 0, 0, 0, 0, 0, 0, 0, 0, 0, 0, 0, 0, 0, 0, 0, 0, 0, 0, 0, 0, 0
0, 0, 0, 0, -7.80722801179272e-15, -20.7360000000001, -1.09262768874873e-15, -1.72800000000001, -1.4750349973668e-15, 45.0720000000001, -1.49632819584446e-14, -5.32907051820075e-15, 8.90855352119467e-15, -20.736, -1.74296103662809e-16, 1.728, 0, 0, 0, 0, 0, 0, 0, 0, 0, 0, 0, 0, 0, 0, 0, 0, 0, 0, 0, 0, 0, 0, 0, 0
0, 0, 0, 0, 1.72800000000001, 1.43751923250924e-15, 0.0960000000000013, 5.93691489281398e-18, 2.91322521661641e-15, -1.49632819584446e-14, 3.98400000000007, -1.15913132669103e-15, -1.728, 4.73494735876017e-15, 0.0959999999999998, -3.68674667882234e-16, 0, 0, 0, 0, 0, 0, 0, 0, 0, 0, 0, 0, 0, 0, 0, 0, 0, 0, 0, 0, 0, 0, 0, 0
0, 0, 0, 0, 1.01327953246956e-15, 1.728, 3.9379527758376e-17, 0.096, -1.90784404006847e-15, -5.32907051820075e-15, -1.15913132669103e-15, 3.98399999999997, 3.35048699172743e-15, -1.728, -1.85650867780545e-16, 0.0959999999999998, 0, 0, 0, 0, 0, 0, 0, 0, 0, 0, 0, 0, 0, 0, 0, 0, 0, 0, 0, 0, 0, 0, 0, 0
0, 0, 0, 0, 0, 0, 0, 0, -20.7359999999999, 8.90855352119467e-15, -1.728, 3.35048699172743e-15, 45.0720000000001, -1.75783001759181e-14, 2.92743607133161e-14, -7.47323959746821e-15, -20.7360000000001, 9.58338361004133e-15, 1.72800000000002, -5.60747071360471e-16, 0, 0, 0, 0, 0, 0, 0, 0, 0, 0, 0, 0, 0, 0, 0, 0, 0, 0, 0, 0
0, 0, 0, 0, 0, 0, 0, 0, 1.0482525231319e-16, -20.736, 4.73494735876017e-15, -1.728, -1.75783001759181e-14, 45.0719999999999, -2.56341189467444e-15, 4.19220214098459e-15, 3.98807121917291e-16, -20.7360000000001, -1.44229411899347e-16, 1.728, 0, 0, 0, 0, 0, 0, 0, 0, 0, 0, 0, 0, 0, 0, 0, 0, 0, 0, 0, 0
0, 0, 0, 0, 0, 0, 0, 0, 1.728, -1.74296103662809e-16, 0.0959999999999998, -1.85650867780545e-16, 2.92743607133161e-14, -2.56341189467444e-15, 3.98400000000013, 4.33903632022849e-16, -1.72800000000002, 1.70049166366875e-15, 0.0960000000000018, -2.18148707241357e-16, 0, 0, 0, 0, 0, 0, 0, 0, 0, 0, 0, 0, 0, 0, 0, 0, 0, 0, 0, 0
0, 0, 0, 0, 0, 0, 0, 0, -4.55102889153583e-16, 1.728, -3.68674667882234e-16, 0.0959999999999998, -7.47323959746821e-15, 4.19220214098459e-15, 4.33903632022849e-16, 3.98399999999982, 8.62201709956848e-15, -1.728, -5.34829584548292e-16, 0.0959999999999999, 0, 0, 0, 0, 0, 0, 0, 0, 0, 0, 0, 0, 0, 0, 0, 0, 0, 0, 0, 0
0, 0, 0, 0, 0, 0, 0, 0, 0, 0, 0, 0, -20.7360000000001, 3.98807121917291e-16, -1.72800000000002, 8.62201709956848e-15, 45.072, -8.813813127169e-15, -1.65556457432103e-14, -2.23033289704264e-15, -20.7360000000001, -3.94323265039847e-15, 1.728, 5.23197315498412e-17, 0, 0, 0, 0, 0, 0, 0, 0, 0, 0, 0, 0, 0, 0, 0, 0
0, 0, 0, 0, 0, 0, 0, 0, 0, 0, 0, 0, 9.58338361004133e-15, -20.7360000000001, 1.70049166366875e-15, -1.728, -8.813813127169e-15, 45.0720000000002, -1.48992115287701e-14, -3.76587649952853e-15, 1.57302148406641e-14, -20.736, -3.33467346201471e-15, 1.728, 0, 0, 0, 0, 0, 0, 0, 0, 0, 0, 0, 0, 0, 0, 0, 0
0, 0, 0, 0, 0, 0, 0, 0, 0, 0, 0, 0, 1.72800000000002, -1.44229411899347e-16, 0.0960000000000018, -5.34829584548292e-16, -1.65556457432103e-14, -1.48992115287701e-14, 3.98400000000024, -9.5705509382653e-16, -1.72800000000001, 4.28131891002471e-15, 0.0959999999999998, -5.00590901603432e-16, 0, 0, 0, 0, 0, 0, 0, 0, 0, 0, 0, 0, 0, 0, 0, 0
0, 0, 0, 0, 0, 0, 0, 0, 0, 0, 0, 0, -5.60747071360471e-16, 1.728, -2.18148707241357e-16, 0.0959999999999999, -2.23033289704264e-15, -3.76587649952853e-15, -9.5705509382653e-16, 3.98399999999989, -1.58619685704517e-16, -1.72799999999999, 6.32293553779231e-16, 0.0959999999999995, 0, 0, 0, 0, 0, 0, 0, 0, 0, 0, 0, 0, 0, 0, 0, 0
0, 0, 0, 0, 0, 0, 0, 0, 0, 0, 0, 0, 0, 0, 0, 0, -20.7360000000001, 1.57302148406641e-14, -1.72800000000001, -1.58619685704517e-16, 45.0472989872794, -0.0159302619099505, 6.18172180111287e-15, 4.20777546601604e-15, -20.736, 2.40836243297478e-14, 1.728, 7.51609240337075e-15, 0, 0, 0, 0, 0, 0, 0, 0, 0, 0, 0, 0
0, 0, 0, 0, 0, 0, 0, 0, 0, 0, 0, 0, 0, 0, 0, 0, -3.94323265039847e-15, -20.736, 4.28131891002471e-15, -1.72799999999999, -0.0159302619099505, 47.625690789369, -3.41248381491651e-15, -1.4459544672718e-14, -1.12785056141598e-14, -20.736, 3.81118614328712e-16, 1.72799999999999, 0, 0, 0, 0, 0, 0, 0, 0, 0, 0, 0, 0
0, 0, 0, 0, 0, 0, 0, 0, 0, 0, 0, 0, 0, 0, 0, 0, 1.728, -3.33467346201471e-15, 0.0959999999999998, 6.32293553779231e-16, 6.18172180111287e-15, -3.41248381491651e-15, 3.98399999999985, -1.6571217543173e-15, -1.72799999999999, 2.27644655327738e-16, 0.0959999999999999, -9.04191341196566e-17, 0, 0, 0, 0, 0, 0, 0, 0, 0, 0, 0, 0
0, 0, 0, 0, 0, 0, 0, 0, 0, 0, 0, 0, 0, 0, 0, 0, 5.23197315498412e-17, 1.728, -5.00590901603432e-16, 0.0959999999999995, 4.20777546601604e-15, -1.4459544672718e-14, -1.6571217543173e-15, 3.98399999999987, -2.73131970341118e-15, -1.72799999999999, 1.7182009608485e-16, 0.0960000000000036, 0, 0, 0, 0, 0, 0, 0, 0, 0, 0, 0, 0
0, 0, 0, 0, 0, 0, 0, 0, 0, 0, 0, 0, 0, 0, 0, 0, 0, 0, 0, 0, -20.736, -1.12785056141598e-14, -1.72799999999999, -2.73131970341118e-15, 47.632000869572, 3.3200588674904e-14, -1.35003119794419e-14, -1.08551648706808e-14, -20.7359999999999, -8.36827638780823e-15, 1.72799999999998, 2.62819842466649e-15, 0, 0, 0, 0, 0, 0, 0, 0
0, 0, 0, 0, 0, 0, 0, 0, 0, 0, 0, 0, 0, 0, 0, 0, 0, 0, 0, 0, 2.40836243297478e-14, -20.736, 2.27644655327738e-16, -1.72799999999999, 3.3200588674904e-14, 45.0720000000002, 1.4804396788554e-16, 9.73443547991337e-15, -2.97750455761128e-14, -20.7360000000003, 1.29316319951706e-15, 1.728, 0, 0, 0, 0, 0, 0, 0, 0
0, 0, 0, 0, 0, 0, 0, 0, 0, 0, 0, 0, 0, 0, 0, 0, 0, 0, 0, 0, 1.728, 3.81118614328712e-16, 0.0959999999999999, 1.7182009608485e-16, -1.35003119794419e-14, 1.4804396788554e-16, 3.98400000000002, 3.46055987072498e-15, -1.72800000000001, 3.86834169578582e-15, 0.0960000000000003, -3.58353259837144e-16, 0, 0, 0, 0, 0, 0, 0, 0
0, 0, 0, 0, 0, 0, 0, 0, 0, 0, 0, 0, 0, 0, 0, 0, 0, 0, 0, 0, 7.51609240337075e-15, 1.72799999999999, -9.04191341196566e-17, 0.0960000000000036, -1.08551648706808e-14, 9.73443547991337e-15, 3.46055987072498e-15, 3.98399999999997, 1.8832593712224e-15, -1.72800000000002, -9.11066829808349e-17, 0.0960000000000014, 0, 0, 0, 0, 0, 0, 0, 0
0, 0, 0, 0, 0, 0, 0, 0, 0, 0, 0, 0, 0, 0, 0, 0, 0, 0, 0, 0, 0, 0, 0, 0, -20.7359999999999, -2.97750455761128e-14, -1.72800000000001, 1.8832593712224e-15, 47.5273259447104, -2.47719430721117e-14, 4.36983782492461e-15, -6.27776917073925e-15, -20.736, 4.64722702724445e-14, 1.72799999999999, -3.67499090981226e-15, 0, 0, 0, 0
0, 0, 0, 0, 0, 0, 0, 0, 0, 0, 0, 0, 0, 0, 0, 0, 0, 0, 0, 0, 0, 0, 0, 0, -8.36827638780823e-15, -20.7360000000003, 3.86834169578582e-15, -1.72800000000002, -2.47719430721117e-14, 45.0720000000003, 3.14382820613114e-15, -1.06581410364015e-14, 7.13323690538286e-15, -20.736, -1.16312140690978e-15, 1.728, 0, 0, 0, 0
0, 0, 0, 0, 0, 0, 0, 0, 0, 0, 0, 0, 0, 0, 0, 0, 0, 0, 0, 0, 0, 0, 0, 0, 1.72799999999998, 1.29316319951706e-15, 0.0960000000000003, -9.11066829808349e-17, 4.36983782492461e-15, 3.14382820613114e-15, 3.98399999999995, -6.25624628067904e-16, -1.72800000000001, 5.45434643063198e-15, 0.0960000000000005, -7.03331036498882e-16, 0, 0, 0, 0
0, 0, 0, 0, 0, 0, 0, 0, 0, 0, 0, 0, 0, 0, 0, 0, 0, 0, 0, 0, 0, 0, 0, 0, 2.62819842466649e-15, 1.728, -3.58353259837144e-16, 0.0960000000000014, -6.27776917073925e-15, -1.06581410364015e-14, -6.25624628067904e-16, 3.98400000000011, 1.57860412500118e-15, -1.72800000000001, -5.87982132543751e-17, 0.0960000000000012, 0, 0, 0, 0
0, 0, 0, 0, 0, 0, 0, 0, 0, 0, 0, 0, 0, 0, 0, 0, 0, 0, 0, 0, 0, 0, 0, 0, 0, 0, 0, 0, -20.736, 7.13323690538286e-15, -1.72800000000001, 1.57860412500118e-15, 47.3794308045076, -1.94099719666634e-13, 5.76250158701441e-14, 2.07723775841155e-15, -20.7359999999779, 1.94367027095964e-12, 1.72799999999, -6.82106178697377e-12
0, 0, 0, 0, 0, 0, 0, 0, 0, 0, 0, 0, 0, 0, 0, 0, 0, 0, 0, 0, 0, 0, 0, 0, 0, 0, 0, 0, 4.64722702724445e-14, -20.736, 5.45434643063198e-15, -1.72800000000001, -1.94099719666634e-13, 45.0720000000004, 1.68489462606724e-14, 8.41993141875719e-15, -1.02817445848184e-11, -20.7360000000031, 3.33579716940532e-12, 1.72799999999134
0, 0, 0, 0, 0, 0, 0, 0, 0, 0, 0, 0, 0, 0, 0, 0, 0, 0, 0, 0, 0, 0, 0, 0, 0, 0, 0, 0, 1.72799999999999, -1.16312140690978e-15, 0.0960000000000005, -5.87982132543751e-17, 5.76250158701441e-14, 1.68489462606724e-14, 3.98400000000017, 6.00737005519593e-15, -1.72800000000577, -2.55716624949618e-12, 0.0960000000040016, -1.38768067932377e-12
0, 0, 0, 0, 0, 0, 0, 0, 0, 0, 0, 0, 0, 0, 0, 0, 0, 0, 0, 0, 0, 0, 0, 0, 0, 0, 0, 0, -3.67499090981226e-15, 1.728, -7.03331036498882e-16, 0.0960000000000012, 2.07723775841155e-15, 8.41993141875719e-15, 6.00737005519593e-15, 3.98400000000013, -1.39087647589157e-13, -1.72800000000092, 4.35941643490433e-14, 0.0959999999927984
0, 0, 0, 0, 0, 0, 0, 0, 0, 0, 0, 0, 0, 0, 0, 0, 0, 0, 0, 0, 0, 0, 0, 0, 0, 0, 0, 0, 0, 0, 0, 0, -20.7359999999779, -1.02817445848184e-11, -1.72800000000577, -1.39087647589157e-13, 3748.73599999866, 1.41504491938551e-11, -1.7279999999546, 7.84179927186795e-12
0, 0, 0, 0, 0, 0, 0, 0, 0, 0, 0, 0, 0, 0, 0, 0, 0, 0, 0, 0, 0, 0, 0, 0, 0, 0, 0, 0, 0, 0, 0, 0, 1.94367027095964e-12, -20.7360000000031, -2.55716624949618e-12, -1.72800000000092, 1.41504491938551e-11, 3748.73599999848, -2.51583883016751e-12, -1.72799999988954
0, 0, 0, 0, 0, 0, 0, 0, 0, 0, 0, 0, 0, 0, 0, 0, 0, 0, 0, 0, 0, 0, 0, 0, 0, 0, 0, 0, 0, 0, 0, 0, 1.72799999999, 3.33579716940532e-12, 0.0960000000040016, 4.35941643490433e-14, -1.7279999999546, -2.51583883016751e-12, 3728.19199999843, 6.19265545651923e-12
0, 0, 0, 0, 0, 0, 0, 0, 0, 0, 0, 0, 0, 0, 0, 0, 0, 0, 0, 0, 0, 0, 0, 0, 0, 0, 0, 0, 0, 0, 0, 0, -6.82106178697377e-12, 1.72799999999134, -1.38768067932377e-12, 0.0959999999927984, 7.84179927186795e-12, -1.72799999988954, 6.19265545651923e-12, 3728.19199999835
2342.20160000001, -7.40700207561163e-13, 2.11679999992649, -1.23366170878741e-11, -25.4015999999999, 7.80208641116968e-15, 2.11679999999998, 8.10061159935382e-15, 0, 0, 0, 0, 0, 0, 0, 0, 0, 0, 0, 0, 0, 0, 0, 0, 0, 0, 0, 0, 0, 0, 0, 0, 0, 0, 0, 0, 0, 0, 0, 0
-7.40700207561163e-13, 2342.20159999997, 2.37941029561738e-11, 2.11680000007167, 2.83906910767927e-14, -25.4016000000001, -1.31456624137534e-14, 2.1168, 0, 0, 0, 0, 0, 0, 0, 0, 0, 0, 0, 0, 0, 0, 0, 0, 0, 0, 0, 0, 0, 0, 0, 0, 0, 0, 0, 0, 0, 0, 0, 0
2.11679999992649, 2.37941029561738e-11, 2317.03519999934, 2.16813666910415e-11, -2.11679999999992, -5.94379849654445e-14, 0.11760000000001, 1.32006136795743e-14, 0, 0, 0, 0, 0, 0, 0, 0, 0, 0, 0, 0, 0, 0, 0, 0, 0, 0, 0, 0, 0, 0, 0, 0, 0, 0, 0, 0, 0, 0, 0, 0
-1.23366170878741e-11, 2.11680000007167, 2.16813666910415e-11, 2317.03519999945, 1.3638501575865e-14, -2.11680000000007, 3.70069956618478e-14, 0.117600000000009, 0, 0, 0, 0, 0, 0, 0, 0, 0, 0, 0, 0, 0, 0, 0, 0, 0, 0, 0, 0, 0, 0, 0, 0, 0, 0, 0, 0, 0, 0, 0, 0
-25.4015999999999, 2.83906910767927e-14, -2.11679999999992, 1.3638501575865e-14, 52.9632000000002, -7.39061922081685e-15, 2.07620587389101e-14, 1.30400841291315e-15, -25.4016000000002, -6.54959913648469e-15, 2.11680000000001, 2.57587233922114e-16, 0, 0, 0, 0, 0, 0, 0, 0, 0, 0, 0, 0, 0, 0, 0, 0, 0, 0, 0, 0, 0, 0, 0, 0, 0, 0, 0, 0
7.80208641116968e-15, -25.4016000000001, -5.94379849654445e-14, -2.11680000000007, -7.39061922081685e-15, 52.9632, 2.8304811840166e-15, 1.77635683940024e-16, -3.02112427228936e-15, -25.4015999999999, 7.86864983869069e-16, 2.11679999999999, 0, 0, 0, 0, 0, 0, 0, 0, 0, 0, 0, 0, 0, 0, 0, 0, 0, 0, 0, 0, 0, 0, 0, 0, 0, 0, 0, 0
2.11679999999998, -1.31456624137534e-14, 0.11760000000001, 3.70069956618478e-14, 2.07620587389101e-14, 2.8304811840166e-15, 2.63040000000006, 1.15582008285875e-16, -2.11680000000001, -1.5118184543534e-15, 0.117600000000001, 1.05860716135596e-16, 0, 0, 0, 0, 0, 0, 0, 0, 0, 0, 0, 0, 0, 0, 0, 0, 0, 0, 0, 0, 0, 0, 0, 0, 0, 0, 0, 0
8.10061159935382e-15, 2.1168, 1.32006136795743e-14, 0.117600000000009, 1.30400841291315e-15, 1.77635683940024e-16, 1.15582008285875e-16, 2.63040000000006, -1.76920762434429e-15, -2.1168, 4.27381540958579e-16, 0.1176, 0, 0, 0, 0, 0, 0, 0, 0, 0, 0, 0, 0, 0, 0, 0, 0, 0, 0, 0, 0, 0, 0, 0, 0, 0, 0, 0, 0
0, 0, 0, 0, -25.4016000000002, -3.02112427228936e-15, -2.11680000000001, -1.76920762434429e-15, 52.9632, 1.37790928021937e-14, 5.04485342389671e-16, 7.32691069475855e-16, -25.4016, -7.53715474696999e-15, 2.1168, 1.94802586065997e-17, 0, 0, 0, 0, 0, 0, 0, 0, 0, 0, 0, 0, 0, 0, 0, 0, 0, 0, 0, 0, 0, 0, 0, 0
0, 0, 0, 0, -6.54959913648469e-15, -25.4015999999999, -1.5118184543534e-15, -2.1168, 1.37790928021937e-14, 52.9632, -5.80726173024496e-15, 8.34887714518118e-15, 1.64379461467207e-15, -25.4016000000001, -3.50946131385559e-16, 2.1168, 0, 0, 0, 0, 0, 0, 0, 0, 0, 0, 0, 0, 0, 0, 0, 0, 0, 0, 0, 0, 0, 0, 0, 0
0, 0, 0, 0, 2.11680000000001, 7.86864983869069e-16, 0.117600000000001, 4.27381540958579e-16, 5.04485342389671e-16, -5.80726173024496e-15, 2.63040000000003, -5.48452638099778e-16, -2.1168, 8.1485310719865e-16, 0.1176, -3.39875323545489e-17, 0, 0, 0, 0, 0, 0, 0, 0, 0, 0, 0, 0, 0, 0, 0, 0, 0, 0, 0, 0, 0, 0, 0, 0
0, 0, 0, 0, 2.57587233922114e-16, 2.11679999999999, 1.05860716135596e-16, 0.1176, 7.32691069475855e-16, 8.34887714518118e-15, -5.48452638099778e-16, 2.63039999999998, 1.68462345290401e-15, -2.1168, -2.11212783484357e-17, 0.1176, 0, 0, 0, 0, 0, 0, 0, 0, 0, 0, 0, 0, 0, 0, 0, 0, 0, 0, 0, 0, 0, 0, 0, 0
0, 0, 0, 0, 0, 0, 0, 0, -25.4016, 1.64379461467207e-15, -2.1168, 1.68462345290401e-15, 52.9632000000005, 6.72925619409818e-15, 3.56834561898722e-14, -9.28806156207992e-15, -25.4016000000003, 1.14189754824755e-15, 2.11680000000002, -5.34408721970113e-17, 0, 0, 0, 0, 0, 0, 0, 0, 0, 0, 0, 0, 0, 0, 0, 0, 0, 0, 0, 0
0, 0, 0, 0, 0, 0, 0, 0, -7.53715474696999e-15, -25.4016000000001, 8.1485310719865e-16, -2.1168, 6.72925619409818e-15, 52.9632000000001, -5.38227661579362e-15, 1.42392764246324e-14, -1.53835914178692e-14, -25.4016000000002, 5.5481330801179e-16, 2.11680000000001, 0, 0, 0, 0, 0, 0, 0, 0, 0, 0, 0, 0, 0, 0, 0, 0, 0, 0, 0, 0
0, 0, 0, 0, 0, 0, 0, 0, 2.1168, -3.50946131385559e-16, 0.1176, -2.11212783484357e-17, 3.56834561898722e-14, -5.38227661579362e-15, 2.63040000000008, -2.51721671885081e-16, -2.11680000000003, 1.38423682144657e-15, 0.117600000000001, -2.85450980678911e-16, 0, 0, 0, 0, 0, 0, 0, 0, 0, 0, 0, 0, 0, 0, 0, 0, 0, 0, 0, 0
0, 0, 0, 0, 0, 0, 0, 0, 1.94802586065997e-17, 2.1168, -3.39875323545489e-17, 0.1176, -9.28806156207992e-15, 1.42392764246324e-14, -2.51721671885081e-16, 2.63039999999991, 1.2215962736305e-14, -2.11680000000002, -1.15202413183867e-15, 0.117600000000001, 0, 0, 0, 0, 0, 0, 0, 0, 0, 0, 0, 0, 0, 0, 0, 0, 0, 0, 0, 0
0, 0, 0, 0, 0, 0, 0, 0, 0, 0, 0, 0, -25.4016000000003, -1.53835914178692e-14, -2.11680000000003, 1.2215962736305e-14, 52.9631999999998, -3.43997035717128e-14, -4.4039438762411e-14, -4.45318445621796e-15, -25.4015999999997, 1.96859505026396e-14, 2.11679999999998, -2.19773554474562e-15, 0, 0, 0, 0, 0, 0, 0, 0, 0, 0, 0, 0, 0, 0, 0, 0
0, 0, 0, 0, 0, 0, 0, 0, 0, 0, 0, 0, 1.14189754824755e-15, -25.4016000000002, 1.38423682144657e-15, -2.11680000000002, -3.43997035717128e-14, 52.9632000000005, -8.0545417181552e-15, -8.476774837618e-15, 2.14244149094153e-14, -25.4016, -3.4480558402268e-15, 2.1168, 0, 0, 0, 0, 0, 0, 0, 0, 0, 0, 0, 0, 0, 0, 0, 0
0, 0, 0, 0, 0, 0, 0, 0, 0, 0, 0, 0, 2.11680000000002, 5.5481330801179e-16, 0.117600000000001, -1.15202413183867e-15, -4.4039438762411e-14, -8.0545417181552e-15, 2.63040000000015, -4.21156753531538e-16, -2.11679999999999, 3.72145109437626e-15, 0.117599999999999, -4.03398136241768e-16, 0, 0, 0, 0, 0, 0, 0, 0, 0, 0, 0, 0, 0, 0, 0, 0
0, 0, 0, 0, 0, 0, 0, 0, 0, 0, 0, 0, -5.34408721970113e-17, 2.11680000000001, -2.85450980678911e-16, 0.117600000000001, -4.45318445621796e-15, -8.476774837618e-15, -4.21156753531538e-16, 2.63039999999997, 3.71834780862074e-15, -2.11679999999999, -6.65844780543735e-17, 0.1176, 0, 0, 0, 0, 0, 0, 0, 0, 0, 0, 0, 0, 0, 0, 0, 0
0, 0, 0, 0, 0, 0, 0, 0, 0, 0, 0, 0, 0, 0, 0, 0, -25.4015999999997, 2.14244149094153e-14, -2.11679999999999, 3.71834780862074e-15, 52.943949371835, -0.0118413603637187, 2.6624036308931e-14, 6.85941630365347e-15, -25.4015999999997, -4.83157247191378e-15, 2.11679999999997, 6.99770697303731e-15, 0, 0, 0, 0, 0, 0, 0, 0, 0, 0, 0, 0
0, 0, 0, 0, 0, 0, 0, 0, 0, 0, 0, 0, 0, 0, 0, 0, 1.96859505026396e-14, -25.4016, 3.72145109437626e-15, -2.11679999999999, -0.0118413603637187, 56.0950070547873, -3.45145276738616e-15, 6.4233063312713e-15, -3.56707169793503e-14, -25.4016000000001, -5.46104480545336e-16, 2.11679999999999, 0, 0, 0, 0, 0, 0, 0, 0, 0, 0, 0, 0
0, 0, 0, 0, 0, 0, 0, 0, 0, 0, 0, 0, 0, 0, 0, 0, 2.11679999999998, -3.4480558402268e-15, 0.117599999999999, -6.65844780543735e-17, 2.6624036308931e-14, -3.45145276738616e-15, 2.63039999999991, -2.48778667165662e-15, -2.1168, 1.41405275370122e-15, 0.1176, 2.41668155420997e-16, 0, 0, 0, 0, 0, 0, 0, 0, 0, 0, 0, 0
0, 0, 0, 0, 0, 0, 0, 0, 0, 0, 0, 0, 0, 0, 0, 0, -2.19773554474562e-15, 2.1168, -4.03398136241768e-16, 0.1176, 6.85941630365347e-15, 6.4233063312713e-15, -2.48778667165662e-15, 2.63039999999991, -6.94318089522354e-15, -2.11680000000001, 3.19899162958515e-16, 0.117600000000003, 0, 0, 0, 0, 0, 0, 0, 0, 0, 0, 0, 0
0, 0, 0, 0, 0, 0, 0, 0, 0, 0, 0, 0, 0, 0, 0, 0, 0, 0, 0, 0, -25.4015999999997, -3.56707169793503e-14, -2.1168, -6.94318089522354e-15, 56.0992012956625, 8.35355412904947e-14, 3.29336558024806e-14, -7.48520140529126e-15, -25.4016000000002, -4.05906744801969e-14, 2.1168, 5.2533567130423e-15, 0, 0, 0, 0, 0, 0, 0, 0
0, 0, 0, 0, 0, 0, 0, 0, 0, 0, 0, 0, 0, 0, 0, 0, 0, 0, 0, 0, -4.83157247191378e-15, -25.4016000000001, 1.41405275370122e-15, -2.11680000000001, 8.35355412904947e-14, 52.9632000000001, 1.16629763776313e-15, 2.64321897702757e-15, -6.85229588033923e-15, -25.4016000000001, 7.81315174903503e-16, 2.11679999999999, 0, 0, 0, 0, 0, 0, 0, 0
0, 0, 0, 0, 0, 0, 0, 0, 0, 0, 0, 0, 0, 0, 0, 0, 0, 0, 0, 0, 2.11679999999997, -5.46104480545336e-16, 0.1176, 3.19899162958515e-16, 3.29336558024806e-14, 1.16629763776313e-15, 2.63039999999999, 1.84095905465977e-15, -2.11680000000003, 7.09324808962664e-16, 0.117600000000001, -7.89649080557962e-17, 0, 0, 0, 0, 0, 0, 0, 0
0, 0, 0, 0, 0, 0, 0, 0, 0, 0, 0, 0, 0, 0, 0, 0, 0, 0, 0, 0, 6.99770697303731e-15, 2.11679999999999, 2.41668155420997e-16, 0.117600000000003, -7.48520140529126e-15, 2.64321897702757e-15, 1.84095905465977e-15, 2.63039999999997, 1.09986942055784e-15, -2.11680000000001, -5.74067163122307e-17, 0.117600000000001, 0, 0, 0, 0, 0, 0, 0, 0
0, 0, 0, 0, 0, 0, 0, 0, 0, 0, 0, 0, 0, 0, 0, 0, 0, 0, 0, 0, 0, 0, 0, 0, -25.4016000000002, -6.85229588033923e-15, -2.11680000000003, 1.09986942055784e-15, 56.0272887747586, -4.27512929100596e-14, -1.19442233881273e-14, -1.33472526787336e-14, -25.4015999999999, 6.88876397150971e-14, 2.11679999999998, -4.45629227708643e-15, 0, 0, 0, 0
0, 0, 0, 0, 0, 0, 0, 0, 0, 0, 0, 0, 0, 0, 0, 0, 0, 0, 0, 0, 0, 0, 0, 0, -4.05906744801969e-14, -25.4016000000001, 7.09324808962664e-16, -2.11680000000001, -4.27512929100596e-14, 52.9632000000003, 5.02646620760334e-15, -7.46069872548105e-15, -2.12495599238418e-14, -25.4016, 9.59031141224885e-16, 2.1168, 0, 0, 0, 0
0, 0, 0, 0, 0, 0, 0, 0, 0, 0, 0, 0, 0, 0, 0, 0, 0, 0, 0, 0, 0, 0, 0, 0, 2.1168, 7.81315174903503e-16, 0.117600000000001, -5.74067163122307e-17, -1.19442233881273e-14, 5.02646620760334e-15, 2.63039999999996, -5.09167327338324e-16, -2.11680000000001, 5.44174951341108e-15, 0.1176, -5.53564314500214e-16, 0, 0, 0, 0
0, 0, 0, 0, 0, 0, 0, 0, 0, 0, 0, 0, 0, 0, 0, 0, 0, 0, 0, 0, 0, 0, 0, 0, 5.2533567130423e-15, 2.11679999999999, -7.89649080557962e-17, 0.117600000000001, -1.33472526787336e-14, -7.46069872548105e-15, -5.09167327338324e-16, 2.63040000000006, 4.23453854459782e-15, -2.11679999999999, -1.81810732665745e-16, 0.1176, 0, 0, 0, 0
0, 0, 0, 0, 0, 0, 0, 0, 0, 0, 0, 0, 0, 0, 0, 0, 0, 0, 0, 0, 0, 0, 0, 0, 0, 0, 0, 0, -25.4015999999999, -2.12495599238418e-14, -2.11680000000001, 4.23453854459782e-15, 55.8996078313294, -1.44644597747357e-13, -2.83080225926824e-14, 4.2260815703315e-15, -25.4015999999723, 3.87316283200517e-12, 2.11679999999267, -5.07562594450157e-12
0, 0, 0, 0, 0, 0, 0, 0, 0, 0, 0, 0, 0, 0, 0, 0, 0, 0, 0, 0, 0, 0, 0, 0, 0, 0, 0, 0, 6.88876397150971e-14, -25.4016, 5.44174951341108e-15, -2.11679999999999, -1.44644597747357e-13, 52.9632000000001, -4.1455937413514e-15, 6.65068000671454e-15, 1.67042960602411e-11, -25.4015999999988, 2.40628868793851e-13, 2.11679999999146
0, 0, 0, 0, 0, 0, 0, 0, 0, 0, 0, 0, 0, 0, 0, 0, 0, 0, 0, 0, 0, 0, 0, 0, 0, 0, 0, 0, 2.11679999999998, 9.59031141224885e-16, 0.1176, -1.81810732665745e-16, -2.83080225926824e-14, -4.1455937413514e-15, 2.63040000000007, 2.88927369251807e-15, -2.11679999999745, -1.13261482499858e-12, 0.117600000001929, -1.10051178796506e-12
