10000, 0, 0, 0, 0, 0, 0, 0, 0, 0, 0, 0, 0, 0, 0, 0, 0, 0, 0, 0, 0, 0, 0, 0, 0, 0, 0, 0, 0, 0, 0, 0, 0, 0, 0, 0, 0, 0, 0, 0
0, 10000, 0, 0, 0, 0, 0, 0, 0, 0, 0, 0, 0, 0, 0, 0, 0, 0, 0, 0, 0, 0, 0, 0, 0, 0, 0, 0, 0, 0, 0, 0, 0, 0, 0, 0, 0, 0, 0, 0
0, 0, 10000, 0, 0, 0, 0, 0, 0, 0, 0, 0, 0, 0, 0, 0, 0, 0, 0, 0, 0, 0, 0, 0, 0, 0, 0, 0, 0, 0, 0, 0, 0, 0, 0, 0, 0, 0, 0, 0
0, 0, 0, 10000, 0, 0, 0, 0, 0, 0, 0, 0, 0, 0, 0, 0, 0, 0, 0, 0, 0, 0, 0, 0, 0, 0, 0, 0, 0, 0, 0, 0, 0, 0, 0, 0, 0, 0, 0, 0
0, 0, 0, 0, 10, 0, 0, 0, 0, 0, 0, 0, 0, 0, 0, 0, 0, 0, 0, 0, 0, 0, 0, 0, 0, 0, 0, 0, 0, 0, 0, 0, 0, 0, 0, 0, 0, 0, 0, 0
0, 0, 0, 0, 0, 10, 0, 0, 0, 0, 0, 0, 0, 0, 0, 0, 0, 0, 0, 0, 0, 0, 0, 0, 0, 0, 0, 0, 0, 0, 0, 0, 0, 0, 0, 0, 0, 0, 0, 0
0, 0, 0, 0, 0, 0, 10, 0, 0, 0, 0, 0, 0, 0, 0, 0, 0, 0, 0, 0, 0, 0, 0, 0, 0, 0, 0, 0, 0, 0, 0, 0, 0, 0, 0, 0, 0, 0, 0, 0
0, 0, 0, 0, 0, 0, 0, 10, 0, 0, 0, 0, 0, 0, 0, 0, 0, 0, 0, 0, 0, 0, 0, 0, 0, 0, 0, 0, 0, 0, 0, 0, 0, 0, 0, 0, 0, 0, 0, 0
0, 0, 0, 0, 0, 0, 0, 0, 10, 0, 0, 0, 0, 0, 0, 0, 0, 0, 0, 0, 0, 0, 0, 0, 0, 0, 0, 0, 0, 0, 0, 0, 0, 0, 0, 0, 0, 0, 0, 0
0, 0, 0, 0, 0, 0, 0, 0, 0, 10, 0, 0, 0, 0, 0, 0, 0, 0, 0, 0, 0, 0, 0, 0, 0, 0, 0, 0, 0, 0, 0, 0, 0, 0, 0, 0, 0, 0, 0, 0
0, 0, 0, 0, 0, 0, 0, 0, 0, 0, 10, 0, 0, 0, 0, 0, 0, 0, 0, 0, 0, 0, 0, 0, 0, 0, 0, 0, 0, 0, 0, 0, 0, 0, 0, 0, 0, 0, 0, 0
0, 0, 0, 0, 0, 0, 0, 0, 0, 0, 0, 10, 0, 0, 0, 0, 0, 0, 0, 0, 0, 0, 0, 0, 0, 0, 0, 0, 0, 0, 0, 0, 0, 0, 0, 0, 0, 0, 0, 0
0, 0, 0, 0, 0, 0, 0, 0, 0, 0, 0, 0, 10, 0, 0, 0, 0, 0, 0, 0, 0, 0, 0, 0, 0, 0, 0, 0, 0, 0, 0, 0, 0, 0, 0, 0, 0, 0, 0, 0
0, 0, 0, 0, 0, 0, 0, 0, 0, 0, 0, 0, 0, 10, 0, 0, 0, 0, 0, 0, 0, 0, 0, 0, 0, 0, 0, 0, 0, 0, 0, 0, 0, 0, 0, 0, 0, 0, 0, 0
0, 0, 0, 0, 0, 0, 0, 0, 0, 0, 0, 0, 0, 0, 10, 0, 0, 0, 0, 0, 0, 0, 0, 0, 0, 0, 0, 0, 0, 0, 0, 0, 0, 0, 0, 0, 0, 0, 0, 0
0, 0, 0, 0, 0, 0, 0, 0, 0, 0, 0, 0, 0, 0, 0, 10, 0, 0, 0, 0, 0, 0, 0, 0, 0, 0, 0, 0, 0, 0, 0, 0, 0, 0, 0, 0, 0, 0, 0, 0
0, 0, 0, 0, 0, 0, 0, 0, 0, 0, 0, 0, 0, 0, 0, 0, 10, 0, 0, 0, 0, 0, 0, 0, 0, 0, 0, 0, 0, 0, 0, 0, 0, 0, 0, 0, 0, 0, 0, 0
0, 0, 0, 0, 0, 0, 0, 0, 0, 0, 0, 0, 0, 0, 0, 0, 0, 10, 0, 0, 0, 0, 0, 0, 0, 0, 0, 0, 0, 0, 0, 0, 0, 0, 0, 0, 0, 0, 0, 0
0, 0, 0, 0, 0, 0, 0, 0, 0, 0, 0, 0, 0, 0, 0, 0, 0, 0, 10, 0, 0, 0, 0, 0, 0, 0, 0, 0, 0, 0, 0, 0, 0, 0, 0, 0, 0, 0, 0, 0
0, 0, 0, 0, 0, 0, 0, 0, 0, 0, 0, 0, 0, 0, 0, 0, 0, 0, 0, 10, 0, 0, 0, 0, 0, 0, 0, 0, 0, 0, 0, 0, 0, 0, 0, 0, 0, 0, 0, 0
0, 0, 0, 0, 0, 0, 0, 0, 0, 0, 0, 0, 0, 0, 0, 0, 0, 0, 0, 0, 10, 0, 0, 0, 0, 0, 0, 0, 0, 0, 0, 0, 0, 0, 0, 0, 0, 0, 0, 0
0, 0, 0, 0, 0, 0, 0, 0, 0, 0, 0, 0, 0, 0, 0, 0, 0, 0, 0, 0, 0, 10, 0, 0, 0, 0, 0, 0, 0, 0, 0, 0, 0, 0, 0, 0, 0, 0, 0, 0
0, 0, 0, 0, 0, 0, 0, 0, 0, 0, 0, 0, 0, 0, 0, 0, 0, 0, 0, 0, 0, 0, 10, 0, 0, 0, 0, 0, 0, 0, 0, 0, 0, 0, 0, 0, 0, 0, 0, 0
0, 0, 0, 0, 0, 0, 0, 0, 0, 0, 0, 0, 0, 0, 0, 0, 0, 0, 0, 0, 0, 0, 0, 10, 0, 0, 0, 0, 0, 0, 0, 0, 0, 0, 0, 0, 0, 0, 0, 0
0, 0, 0, 0, 0, 0, 0, 0, 0, 0, 0, 0, 0, 0, 0, 0, 0, 0, 0, 0, 0, 0, 0, 0, 10, 0, 0, 0, 0, 0, 0, 0, 0, 0, 0, 0, 0, 0, 0, 0
0, 0, 0, 0, 0, 0, 0, 0, 0, 0, 0, 0, 0, 0, 0, 0, 0, 0, 0, 0, 0, 0, 0, 0, 0, 10, 0, 0, 0, 0, 0, 0, 0, 0, 0, 0, 0, 0, 0, 0
0, 0, 0, 0, 0, 0, 0, 0, 0, 0, 0, 0, 0, 0, 0, 0, 0, 0, 0, 0, 0, 0, 0, 0, 0, 0, 10, 0, 0, 0, 0, 0, 0, 0, 0, 0, 0, 0, 0, 0
0, 0, 0, 0, 0, 0, 0, 0, 0, 0, 0, 0, 0, 0, 0, 0, 0, 0, 0, 0, 0, 0, 0, 0, 0, 0, 0, 10, 0, 0, 0, 0, 0, 0, 0, 0, 0, 0, 0, 0
0, 0, 0, 0, 0, 0, 0, 0, 0, 0, 0, 0, 0, 0, 0, 0, 0, 0, 0, 0, 0, 0, 0, 0, 0, 0, 0, 0, 10, 0, 0, 0, 0, 0, 0, 0, 0, 0, 0, 0
0, 0, 0, 0, 0, 0, 0, 0, 0, 0, 0, 0, 0, 0, 0, 0, 0, 0, 0, 0, 0, 0, 0, 0, 0, 0, 0, 0, 0, 10, 0, 0, 0, 0, 0, 0, 0, 0, 0, 0
0, 0, 0, 0, 0, 0, 0, 0, 0, 0, 0, 0, 0, 0, 0, 0, 0, 0, 0, 0, 0, 0, 0, 0, 0, 0, 0, 0, 0, 0, 10, 0, 0, 0, 0, 0, 0, 0, 0, 0
0, 0, 0, 0, 0, 0, 0, 0, 0, 0, 0, 0, 0, 0, 0, 0, 0, 0, 0, 0, 0, 0, 0, 0, 0, 0, 0, 0, 0, 0, 0, 10, 0, 0, 0, 0, 0, 0, 0, 0
0, 0, 0, 0, 0, 0, 0, 0, 0, 0, 0, 0, 0, 0, 0, 0, 0, 0, 0, 0, 0, 0, 0, 0, 0, 0, 0, 0, 0, 0, 0, 0, 10, 0, 0, 0, 0, 0, 0, 0
0, 0, 0, 0, 0, 0, 0, 0, 0, 0, 0, 0, 0, 0, 0, 0, 0, 0, 0, 0, 0, 0, 0, 0, 0, 0, 0, 0, 0, 0, 0, 0, 0, 10, 0, 0, 0, 0, 0, 0
0, 0, 0, 0, 0, 0, 0, 0, 0, 0, 0, 0, 0, 0, 0, 0, 0, 0, 0, 0, 0, 0, 0, 0, 0, 0, 0, 0, 0, 0, 0, 0, 0, 0, 10, 0, 0, 0, 0, 0
0, 0, 0, 0, 0, 0, 0, 0, 0, 0, 0, 0, 0, 0, 0, 0, 0, 0, 0, 0, 0, 0, 0, 0, 0, 0, 0, 0, 0, 0, 0, 0, 0, 0, 0, 10, 0, 0, 0, 0
0, 0, 0, 0, 0, 0, 0, 0, 0, 0, 0, 0, 0, 0, 0, 0, 0, 0, 0, 0, 0, 0, 0, 0, 0, 0, 0, 0, 0, 0, 0, 0, 0, 0, 0, 0, 10000, 0, 0, 0
0, 0, 0, 0, 0, 0, 0, 0, 0, 0, 0, 0, 0, 0, 0, 0, 0, 0, 0, 0, 0, 0, 0, 0, 0, 0, 0, 0, 0, 0, 0, 0, 0, 0, 0, 0, 0, 10000, 0, 0
0, 0, 0, 0, 0, 0, 0, 0, 0, 0, 0, 0, 0, 0, 0, 0, 0, 0, 0, 0, 0, 0, 0, 0, 0, 0, 0, 0, 0, 0, 0, 0, 0, 0, 0, 0, 0, 0, 10000, 0
0, 0, 0, 0, 0, 0, 0, 0, 0, 0, 0, 0, 0, 0, 0, 0, 0, 0, 0, 0, 0, 0, 0, 0, 0, 0, 0, 0, 0, 0, 0, 0, 0, 0, 0, 0, 0, 0, 0, 10000
7313.39999999925, 7.57731355503688e-12, 9.44999999998733, -1.25631364253941e-12, -113.400000000001, -4.51362681768135e-15, 9.45000000000003, 9.26442286059391e-17, 0, 0, 0, 0, 0, 0, 0, 0, 0, 0, 0, 0, 0, 0, 0, 0, 0, 0, 0, 0, 0, 0, 0, 0, 0, 0, 0, 0, 0, 0, 0, 0
7.57731355503688e-12, 7313.39999999933, 5.45112850853058e-12, 9.44999999999669, -9.08432248018396e-14, -113.400000000001, 8.69744018152556e-15, 9.45000000000004, 0, 0, 0, 0, 0, 0, 0, 0, 0, 0, 0, 0, 0, 0, 0, 0, 0, 0, 0, 0, 0, 0, 0, 0, 0, 0, 0, 0, 0, 0, 0, 0
9.44999999998733, 5.45112850853058e-12, 7201.04999998884, -5.09137938832514e-13, -9.44999999999886, 3.63165376135281e-15, 0.52499999999992, -6.28127869948267e-16, 0, 0, 0, 0, 0, 0, 0, 0, 0, 0, 0, 0, 0, 0, 0, 0, 0, 0, 0, 0, 0, 0, 0, 0, 0, 0, 0, 0, 0, 0, 0, 0
-1.25631364253941e-12, 9.44999999999669, -5.09137938832514e-13, 7201.04999998888, -1.79507457346868e-14, -9.44999999999962, -1.58421630916156e-15, 0.524999999999977, 0, 0, 0, 0, 0, 0, 0, 0, 0, 0, 0, 0, 0, 0, 0, 0, 0, 0, 0, 0, 0, 0, 0, 0, 0, 0, 0, 0, 0, 0, 0, 0
-113.400000000001, -9.08432248018396e-14, -9.44999999999886, -1.79507457346868e-14, 233.299999999999, -1.91799493598304e-16, 9.45021838560933e-14, -2.53443481005038e-15, -113.4, 1.00347447983757e-14, 9.45000000000003, -3.0754548704942e-16, 0, 0, 0, 0, 0, 0, 0, 0, 0, 0, 0, 0, 0, 0, 0, 0, 0, 0, 0, 0, 0, 0, 0, 0, 0, 0, 0, 0
-4.51362681768135e-15, -113.400000000001, 3.63165376135281e-15, -9.44999999999962, -1.91799493598304e-16, 233.3, -2.84868403348172e-15, 1.00719432793994e-13, 7.80039205631826e-15, -113.4, 6.05819139699957e-16, 9.45000000000005, 0, 0, 0, 0, 0, 0, 0, 0, 0, 0, 0, 0, 0, 0, 0, 0, 0, 0, 0, 0, 0, 0, 0, 0, 0, 0, 0, 0
9.45000000000003, 8.69744018152556e-15, 0.52499999999992, -1.58421630916156e-15, 9.45021838560933e-14, -2.84868403348172e-15, 8.60000000000038, 1.37382867753576e-15, -9.45000000000003, 1.92315707240096e-15, 0.525, -1.4890150998461e-16, 0, 0, 0, 0, 0, 0, 0, 0, 0, 0, 0, 0, 0, 0, 0, 0, 0, 0, 0, 0, 0, 0, 0, 0, 0, 0, 0, 0
9.26442286059391e-17, 9.45000000000004, -6.28127869948267e-16, 0.524999999999977, -2.53443481005038e-15, 1.00719432793994e-13, 1.37382867753576e-15, 8.6000000000005, -1.30013575233345e-15, -9.45000000000007, -1.01690011087023e-16, 0.525000000000003, 0, 0, 0, 0, 0, 0, 0, 0, 0, 0, 0, 0, 0, 0, 0, 0, 0, 0, 0, 0, 0, 0, 0, 0, 0, 0, 0, 0
0, 0, 0, 0, -113.4, 7.80039205631826e-15, -9.45000000000003, -1.30013575233345e-15, 233.299999999995, 7.9932328710461e-16, 3.23296944770846e-14, -2.20738956576398e-15, -113.4, 1.28457003962e-14, 9.45000000000003, 7.31185309849514e-17, 0, 0, 0, 0, 0, 0, 0, 0, 0, 0, 0, 0, 0, 0, 0, 0, 0, 0, 0, 0, 0, 0, 0, 0
0, 0, 0, 0, 1.00347447983757e-14, -113.4, 1.92315707240096e-15, -9.45000000000007, 7.9932328710461e-16, 233.299999999998, -9.96801130762629e-15, 1.36779476633819e-14, 1.09585152248821e-14, -113.4, 3.22898488613996e-16, 9.45000000000005, 0, 0, 0, 0, 0, 0, 0, 0, 0, 0, 0, 0, 0, 0, 0, 0, 0, 0, 0, 0, 0, 0, 0, 0
0, 0, 0, 0, 9.45000000000003, 6.05819139699957e-16, 0.525, -1.01690011087023e-16, 3.23296944770846e-14, -9.96801130762629e-15, 8.6000000000035, 4.45251868449288e-15, -9.45000000000008, 2.40266507081958e-15, 0.525000000000003, -3.51888720629366e-16, 0, 0, 0, 0, 0, 0, 0, 0, 0, 0, 0, 0, 0, 0, 0, 0, 0, 0, 0, 0, 0, 0, 0, 0
0, 0, 0, 0, -3.0754548704942e-16, 9.45000000000005, -1.4890150998461e-16, 0.525000000000003, -2.20738956576398e-15, 1.36779476633819e-14, 4.45251868449288e-15, 8.6000000000031, -5.80386446063055e-15, -9.45000000000004, -3.76320856597325e-16, 0.525000000000001, 0, 0, 0, 0, 0, 0, 0, 0, 0, 0, 0, 0, 0, 0, 0, 0, 0, 0, 0, 0, 0, 0, 0, 0
0, 0, 0, 0, 0, 0, 0, 0, -113.4, 1.09585152248821e-14, -9.45000000000008, -5.80386446063055e-15, 233.299999999996, 3.25717133682794e-14, 5.96855898038484e-14, 4.87075179011153e-15, -113.4, 1.65915844914239e-14, 9.45000000000002, -6.87998276242569e-16, 0, 0, 0, 0, 0, 0, 0, 0, 0, 0, 0, 0, 0, 0, 0, 0, 0, 0, 0, 0
0, 0, 0, 0, 0, 0, 0, 0, 1.28457003962e-14, -113.4, 2.40266507081958e-15, -9.45000000000004, 3.25717133682794e-14, 233.299999999996, -6.36558494751408e-16, 5.34683408659475e-14, 7.34008735360508e-15, -113.4, -9.87072375028262e-16, 9.45000000000003, 0, 0, 0, 0, 0, 0, 0, 0, 0, 0, 0, 0, 0, 0, 0, 0, 0, 0, 0, 0
0, 0, 0, 0, 0, 0, 0, 0, 9.45000000000003, 3.22898488613996e-16, 0.525000000000003, -3.76320856597325e-16, 5.96855898038484e-14, -6.36558494751408e-16, 8.60000000000366, -5.09024449652472e-16, -9.45000000000008, -4.08705573148817e-16, 0.525000000000003, 2.22731548645255e-16, 0, 0, 0, 0, 0, 0, 0, 0, 0, 0, 0, 0, 0, 0, 0, 0, 0, 0, 0, 0
0, 0, 0, 0, 0, 0, 0, 0, 7.31185309849514e-17, 9.45000000000005, -3.51888720629366e-16, 0.525000000000001, 4.87075179011153e-15, 5.34683408659475e-14, -5.09024449652472e-16, 8.60000000000322, -5.89585276809795e-15, -9.45000000000006, -9.15213805552351e-17, 0.525000000000003, 0, 0, 0, 0, 0, 0, 0, 0, 0, 0, 0, 0, 0, 0, 0, 0, 0, 0, 0, 0
0, 0, 0, 0, 0, 0, 0, 0, 0, 0, 0, 0, -113.4, 7.34008735360508e-15, -9.45000000000008, -5.89585276809795e-15, 238.338902210044, 0.923869985719652, -9.82325332188338e-14, 2.49380105138381e-15, -113.4, 1.24494239727609e-14, 9.45000000000002, 2.15379302663087e-16, 0, 0, 0, 0, 0, 0, 0, 0, 0, 0, 0, 0, 0, 0, 0, 0
0, 0, 0, 0, 0, 0, 0, 0, 0, 0, 0, 0, 1.65915844914239e-14, -113.4, -4.08705573148817e-16, -9.45000000000006, 0.923869985719652, 232.873571249318, -3.34364879500096e-15, -2.48689957516035e-15, 7.9726176772967e-15, -113.4, 7.04181370095455e-16, 9.45000000000002, 0, 0, 0, 0, 0, 0, 0, 0, 0, 0, 0, 0, 0, 0, 0, 0
0, 0, 0, 0, 0, 0, 0, 0, 0, 0, 0, 0, 9.45000000000002, -9.87072375028262e-16, 0.525000000000003, -9.15213805552351e-17, -9.82325332188338e-14, -3.34364879500096e-15, 8.60000000000358, 2.57274875723265e-15, -9.44999999999996, 2.49211122065404e-15, 0.524999999999996, -3.31058592269607e-16, 0, 0, 0, 0, 0, 0, 0, 0, 0, 0, 0, 0, 0, 0, 0, 0
0, 0, 0, 0, 0, 0, 0, 0, 0, 0, 0, 0, -6.87998276242569e-16, 9.45000000000003, 2.22731548645255e-16, 0.525000000000003, 2.49380105138381e-15, -2.48689957516035e-15, 2.57274875723265e-15, 8.6000000000033, -1.49897250153666e-15, -9.45000000000007, -3.95813202296014e-17, 0.525000000000001, 0, 0, 0, 0, 0, 0, 0, 0, 0, 0, 0, 0, 0, 0, 0, 0
0, 0, 0, 0, 0, 0, 0, 0, 0, 0, 0, 0, 0, 0, 0, 0, -113.4, 7.9726176772967e-15, -9.44999999999996, -1.49897250153666e-15, 245.946730377892, 5.60621578101498e-14, -7.70938868299709e-14, -9.98767782447476e-16, -113.4, 9.44376355832929e-15, 9.45000000000002, 5.29999103008856e-17, 0, 0, 0, 0, 0, 0, 0, 0, 0, 0, 0, 0
0, 0, 0, 0, 0, 0, 0, 0, 0, 0, 0, 0, 0, 0, 0, 0, 1.24494239727609e-14, -113.4, 2.49211122065404e-15, -9.45000000000007, 5.60621578101498e-14, 233.299999999998, 2.22601846725206e-15, 5.71986902286881e-14, 6.00718148472914e-15, -113.4, -8.26019648019697e-16, 9.45000000000005, 0, 0, 0, 0, 0, 0, 0, 0, 0, 0, 0, 0
0, 0, 0, 0, 0, 0, 0, 0, 0, 0, 0, 0, 0, 0, 0, 0, 9.45000000000002, 7.04181370095455e-16, 0.524999999999996, -3.95813202296014e-17, -7.70938868299709e-14, 2.22601846725206e-15, 8.60000000000362, 1.93664607208598e-15, -9.44999999999998, 4.57895952769426e-16, 0.524999999999996, 5.29999103008856e-17, 0, 0, 0, 0, 0, 0, 0, 0, 0, 0, 0, 0
0, 0, 0, 0, 0, 0, 0, 0, 0, 0, 0, 0, 0, 0, 0, 0, 2.15379302663087e-16, 9.45000000000002, -3.31058592269607e-16, 0.525000000000001, -9.98767782447476e-16, 5.71986902286881e-14, 1.93664607208598e-15, 8.6000000000033, -2.91797079917153e-15, -9.45, 4.18644445993662e-16, 0.525000000000001, 0, 0, 0, 0, 0, 0, 0, 0, 0, 0, 0, 0
0, 0, 0, 0, 0, 0, 0, 0, 0, 0, 0, 0, 0, 0, 0, 0, 0, 0, 0, 0, -113.4, 6.00718148472914e-15, -9.44999999999998, -2.91797079917153e-15, 240.949227328309, 3.52616469054114, -1.06936681731895e-13, 7.31030408699285e-15, -113.4, 7.8208182558413e-15, 9.45, -1.19266474138142e-16, 0, 0, 0, 0, 0, 0, 0, 0
0, 0, 0, 0, 0, 0, 0, 0, 0, 0, 0, 0, 0, 0, 0, 0, 0, 0, 0, 0, 9.44376355832929e-15, -113.4, 4.57895952769426e-16, -9.45, 3.52616469054114, 230.949223539635, -4.41541281805162e-15, -3.97903932025656e-14, 1.28886502605817e-14, -113.4, 2.61330840051633e-16, 9.45000000000001, 0, 0, 0, 0, 0, 0, 0, 0
0, 0, 0, 0, 0, 0, 0, 0, 0, 0, 0, 0, 0, 0, 0, 0, 0, 0, 0, 0, 9.45000000000002, -8.26019648019697e-16, 0.524999999999996, 4.18644445993662e-16, -1.06936681731895e-13, -4.41541281805162e-15, 8.60000000000386, 3.90705911261426e-15, -9.44999999999997, -9.22188063081806e-16, 0.524999999999996, 1.84310134157799e-16, 0, 0, 0, 0, 0, 0, 0, 0
0, 0, 0, 0, 0, 0, 0, 0, 0, 0, 0, 0, 0, 0, 0, 0, 0, 0, 0, 0, 5.29999103008856e-17, 9.45000000000005, 5.29999103008856e-17, 0.525000000000001, 7.31030408699285e-15, -3.97903932025656e-14, 3.90705911261426e-15, 8.60000000000358, -3.07947933578484e-15, -9.44999999999996, -1.48497581147888e-16, 0.524999999999993, 0, 0, 0, 0, 0, 0, 0, 0
0, 0, 0, 0, 0, 0, 0, 0, 0, 0, 0, 0, 0, 0, 0, 0, 0, 0, 0, 0, 0, 0, 0, 0, -113.4, 1.28886502605817e-14, -9.44999999999997, -3.07947933578484e-15, 243.299995069916, 3.12352870187165e-14, -6.96331881044898e-14, 9.06427426911364e-16, -113.4, 1.05807676471643e-14, 9.45000000000002, 1.62016226986066e-16, 0, 0, 0, 0
0, 0, 0, 0, 0, 0, 0, 0, 0, 0, 0, 0, 0, 0, 0, 0, 0, 0, 0, 0, 0, 0, 0, 0, 7.8208182558413e-15, -113.4, -9.22188063081806e-16, -9.44999999999996, 3.12352870187165e-14, 233.299999999996, -6.93136325161054e-15, -2.73558953267639e-14, 6.7329341370132e-15, -113.4, 2.424128885703e-16, 9.45000000000003, 0, 0, 0, 0
0, 0, 0, 0, 0, 0, 0, 0, 0, 0, 0, 0, 0, 0, 0, 0, 0, 0, 0, 0, 0, 0, 0, 0, 9.45, 2.61330840051633e-16, 0.524999999999996, -1.48497581147888e-16, -6.96331881044898e-14, -6.93136325161054e-15, 8.6000000000037, 1.91769106291321e-15, -9.44999999999997, 6.23454895057384e-16, 0.524999999999996, 1.01300905326878e-16, 0, 0, 0, 0
0, 0, 0, 0, 0, 0, 0, 0, 0, 0, 0, 0, 0, 0, 0, 0, 0, 0, 0, 0, 0, 0, 0, 0, -1.19266474138142e-16, 9.45000000000001, 1.84310134157799e-16, 0.524999999999993, 9.06427426911364e-16, -2.73558953267639e-14, 1.91769106291321e-15, 8.60000000000338, -2.73865604182017e-15, -9.44999999999997, 4.09380023133068e-16, 0.524999999999998, 0, 0, 0, 0
0, 0, 0, 0, 0, 0, 0, 0, 0, 0, 0, 0, 0, 0, 0, 0, 0, 0, 0, 0, 0, 0, 0, 0, 0, 0, 0, 0, -113.4, 6.7329341370132e-15, -9.44999999999997, -2.73865604182017e-15, 243.300000848628, 2.77981861374361e-14, -1.13153930669796e-13, 4.23267022424184e-15, -113.399999999989, 9.56829593042139e-15, 9.44999999999918, -3.33148646066957e-15
0, 0, 0, 0, 0, 0, 0, 0, 0, 0, 0, 0, 0, 0, 0, 0, 0, 0, 0, 0, 0, 0, 0, 0, 0, 0, 0, 0, 1.05807676471643e-14, -113.4, 6.23454895057384e-16, -9.44999999999997, 2.77981861374361e-14, 233.299999999999, -3.92714067560688e-15, -1.09423581307055e-13, -7.5078882862253e-15, -113.399999999989, -3.47601145729483e-15, 9.44999999999921
0, 0, 0, 0, 0, 0, 0, 0, 0, 0, 0, 0, 0, 0, 0, 0, 0, 0, 0, 0, 0, 0, 0, 0, 0, 0, 0, 0, 9.45000000000002, 2.424128885703e-16, 0.524999999999996, 4.09380023133068e-16, -1.13153930669796e-13, -3.92714067560688e-15, 8.60000000000131, 1.55476285600316e-15, -9.44999999999903, -1.69946572954735e-14, 0.524999999999973, -4.85455757895121e-16
0, 0, 0, 0, 0, 0, 0, 0, 0, 0, 0, 0, 0, 0, 0, 0, 0, 0, 0, 0, 0, 0, 0, 0, 0, 0, 0, 0, 1.62016226986066e-16, 9.45000000000003, 1.01300905326878e-16, 0.524999999999998, 4.23267022424184e-15, -1.09423581307055e-13, 1.55476285600316e-15, 8.60000000000091, -1.60459803945487e-14, -9.44999999999903, 4.5877422005661e-15, 0.524999999999957
0, 0, 0, 0, 0, 0, 0, 0, 0, 0, 0, 0, 0, 0, 0, 0, 0, 0, 0, 0, 0, 0, 0, 0, 0, 0, 0, 0, 0, 0, 0, 0, -113.399999999989, -7.5078882862253e-15, -9.44999999999903, -1.60459803945487e-14, 7313.39999998862, 1.76603060780071e-13, -9.4499999999988, -3.85631601572222e-14
0, 0, 0, 0, 0, 0, 0, 0, 0, 0, 0, 0, 0, 0, 0, 0, 0, 0, 0, 0, 0, 0, 0, 0, 0, 0, 0, 0, 0, 0, 0, 0, 9.56829593042139e-15, -113.399999999989, -1.69946572954735e-14, -9.44999999999903, 1.76603060780071e-13, 7313.39999998862, -6.93673661686969e-14, -9.44999999999832
0, 0, 0, 0, 0, 0, 0, 0, 0, 0, 0, 0, 0, 0, 0, 0, 0, 0, 0, 0, 0, 0, 0, 0, 0, 0, 0, 0, 0, 0, 0, 0, 9.44999999999918, -3.47601145729483e-15, 0.524999999999973, 4.5877422005661e-15, -9.4499999999988, -6.93673661686969e-14, 7201.0499999886, -6.71670657393058e-15
0, 0, 0, 0, 0, 0, 0, 0, 0, 0, 0, 0, 0, 0, 0, 0, 0, 0, 0, 0, 0, 0, 0, 0, 0, 0, 0, 0, 0, 0, 0, 0, -3.33148646066957e-15, 9.44999999999921, -4.85455757895121e-16, 0.524999999999957, -3.85631601572222e-14, -9.44999999999832, -6.71670657393058e-15, 7201.0499999886
5567.10999999926, -1.232384175058e-11, 15.5924999977413, 1.79344209957529e-09, -187.109999999988, -5.75854820194251e-13, 15.5925000000005, -5.61094339295355e-13, 0, 0, 0, 0, 0, 0, 0, 0, 0, 0, 0, 0, 0, 0, 0, 0, 0, 0, 0, 0, 0, 0, 0, 0, 0, 0, 0, 0, 0, 0, 0, 0
-1.232384175058e-11, 5567.10999999912, -3.11470024493842e-09, 15.5925000004491, 7.5247112731192e-12, -187.109999999992, -7.92130162559001e-13, 15.592499999999, 0, 0, 0, 0, 0, 0, 0, 0, 0, 0, 0, 0, 0, 0, 0, 0, 0, 0, 0, 0, 0, 0, 0, 0, 0, 0, 0, 0, 0, 0, 0, 0
15.5924999977413, -3.11470024493842e-09, 5381.73249999126, 1.26182549374989e-10, -15.5924999999988, -7.0064615415406e-12, 0.866250000000125, 6.6545035108201e-13, 0, 0, 0, 0, 0, 0, 0, 0, 0, 0, 0, 0, 0, 0, 0, 0, 0, 0, 0, 0, 0, 0, 0, 0, 0, 0, 0, 0, 0, 0, 0, 0
1.79344209957529e-09, 15.5925000004491, 1.26182549374989e-10, 5381.73249999207, -1.08482696479228e-12, -15.5924999999988, 6.86486181587142e-14, 0.86625000000057, 0, 0, 0, 0, 0, 0, 0, 0, 0, 0, 0, 0, 0, 0, 0, 0, 0, 0, 0, 0, 0, 0, 0, 0, 0, 0, 0, 0, 0, 0, 0, 0
-187.109999999988, 7.5247112731192e-12, -15.5924999999988, -1.08482696479228e-12, 378.445000000013, 1.34374017323215e-12, -1.90944149380812e-12, 4.77064663296455e-14, -187.110000000011, -3.87210269533263e-13, 15.5925000000009, 3.93093864557848e-14, 0, 0, 0, 0, 0, 0, 0, 0, 0, 0, 0, 0, 0, 0, 0, 0, 0, 0, 0, 0, 0, 0, 0, 0, 0, 0, 0, 0
-5.75854820194251e-13, -187.109999999992, -7.0064615415406e-12, -15.5924999999988, 1.34374017323215e-12, 378.44500000002, -1.38410631038182e-13, 6.08855188488633e-13, 3.07742238029739e-13, -187.110000000013, -1.22610127377933e-14, 15.5925000000011, 0, 0, 0, 0, 0, 0, 0, 0, 0, 0, 0, 0, 0, 0, 0, 0, 0, 0, 0, 0, 0, 0, 0, 0, 0, 0, 0, 0
15.5925000000005, -7.92130162559001e-13, 0.866250000000125, 6.86486181587142e-14, -1.90944149380812e-12, -1.38410631038182e-13, 7.69000000000224, -5.35288202168406e-14, -15.5925000000002, 1.01630306945536e-13, 0.866249999999993, 1.09531789476051e-15, 0, 0, 0, 0, 0, 0, 0, 0, 0, 0, 0, 0, 0, 0, 0, 0, 0, 0, 0, 0, 0, 0, 0, 0, 0, 0, 0, 0
-5.61094339295355e-13, 15.592499999999, 6.6545035108201e-13, 0.86625000000057, 4.77064663296455e-14, 6.08855188488633e-13, -5.35288202168406e-14, 7.69000000000103, -1.08296357853344e-13, -15.592500000001, 8.04744474900052e-15, 0.866250000000087, 0, 0, 0, 0, 0, 0, 0, 0, 0, 0, 0, 0, 0, 0, 0, 0, 0, 0, 0, 0, 0, 0, 0, 0, 0, 0, 0, 0
0, 0, 0, 0, -187.110000000011, 3.07742238029739e-13, -15.5925000000002, -1.08296357853344e-13, 388.444989927493, -9.88269166648944e-13, -9.33830790472712e-14, 2.48730838463535e-14, -187.110000000002, 6.49645301224651e-13, 15.5925000000001, -5.38512766416849e-14, 0, 0, 0, 0, 0, 0, 0, 0, 0, 0, 0, 0, 0, 0, 0, 0, 0, 0, 0, 0, 0, 0, 0, 0
0, 0, 0, 0, -3.87210269533263e-13, -187.110000000013, 1.01630306945536e-13, -15.592500000001, -9.88269166648944e-13, 378.445000000011, 1.68227036513604e-14, -9.85869164082942e-13, 3.420279691875e-13, -187.109999999999, -1.40958995713011e-14, 15.5925, 0, 0, 0, 0, 0, 0, 0, 0, 0, 0, 0, 0, 0, 0, 0, 0, 0, 0, 0, 0, 0, 0, 0, 0
0, 0, 0, 0, 15.5925000000009, -1.22610127377933e-14, 0.866249999999993, 8.04744474900052e-15, -9.33830790472712e-14, 1.68227036513604e-14, 7.69000000000265, 1.14606526385682e-14, -15.5925000000003, 9.62574410753061e-15, 0.866250000000015, -1.25036176184975e-15, 0, 0, 0, 0, 0, 0, 0, 0, 0, 0, 0, 0, 0, 0, 0, 0, 0, 0, 0, 0, 0, 0, 0, 0
0, 0, 0, 0, 3.93093864557848e-14, 15.5925000000011, 1.09531789476051e-15, 0.866250000000087, 2.48730838463535e-14, -9.85869164082942e-13, 1.14606526385682e-14, 7.69000000000248, -2.59068959167412e-14, -15.5925, 7.33543831204875e-16, 0.866250000000001, 0, 0, 0, 0, 0, 0, 0, 0, 0, 0, 0, 0, 0, 0, 0, 0, 0, 0, 0, 0, 0, 0, 0, 0
0, 0, 0, 0, 0, 0, 0, 0, -187.110000000002, 3.420279691875e-13, -15.5925000000003, -2.59068959167412e-14, 378.445000000003, 1.0830666732172e-12, 2.29043450872268e-13, -2.91134237944737e-14, -187.110000000005, -9.38354299344823e-13, 15.5925, 1.6765574703576e-13, 0, 0, 0, 0, 0, 0, 0, 0, 0, 0, 0, 0, 0, 0, 0, 0, 0, 0, 0, 0
0, 0, 0, 0, 0, 0, 0, 0, 6.49645301224651e-13, -187.109999999999, 9.62574410753061e-15, -15.5925, 1.0830666732172e-12, 378.444999999997, -1.22757350895016e-13, 3.4437341867033e-13, 3.92534157735528e-13, -187.109999999999, 3.76880466580758e-14, 15.5925000000004, 0, 0, 0, 0, 0, 0, 0, 0, 0, 0, 0, 0, 0, 0, 0, 0, 0, 0, 0, 0
0, 0, 0, 0, 0, 0, 0, 0, 15.5925000000001, -1.40958995713011e-14, 0.866250000000015, 7.33543831204875e-16, 2.29043450872268e-13, -1.22757350895016e-13, 7.69000000000259, -6.63896963345043e-14, -15.5925000000004, 1.19936680901232e-13, 0.866250000000014, -2.00673979470121e-15, 0, 0, 0, 0, 0, 0, 0, 0, 0, 0, 0, 0, 0, 0, 0, 0, 0, 0, 0, 0
0, 0, 0, 0, 0, 0, 0, 0, -5.38512766416849e-14, 15.5925, -1.25036176184975e-15, 0.866250000000001, -2.91134237944737e-14, 3.4437341867033e-13, -6.63896963345043e-14, 7.69000000000229, 4.83868612394731e-14, -15.5925000000001, -9.79695613762118e-16, 0.866250000000048, 0, 0, 0, 0, 0, 0, 0, 0, 0, 0, 0, 0, 0, 0, 0, 0, 0, 0, 0, 0
0, 0, 0, 0, 0, 0, 0, 0, 0, 0, 0, 0, -187.110000000005, 3.92534157735528e-13, -15.5925000000004, 4.83868612394731e-14, 381.720286436512, 0.600515490703221, -2.55075072175259e-12, -8.12971105141127e-13, -187.10999999997, 1.15807756473617e-11, 15.5924999999974, -9.4620963863626e-13, 0, 0, 0, 0, 0, 0, 0, 0, 0, 0, 0, 0, 0, 0, 0, 0
0, 0, 0, 0, 0, 0, 0, 0, 0, 0, 0, 0, -9.38354299344823e-13, -187.109999999999, 1.19936680901232e-13, -15.5925000000001, 0.600515490703221, 378.167821311942, -4.54853847903145e-13, -7.20367765438823e-12, 2.32220127704385e-12, -187.109999999904, -8.69094031418938e-14, 15.5924999999929, 0, 0, 0, 0, 0, 0, 0, 0, 0, 0, 0, 0, 0, 0, 0, 0
0, 0, 0, 0, 0, 0, 0, 0, 0, 0, 0, 0, 15.5925, 3.76880466580758e-14, 0.866250000000014, -9.79695613762118e-16, -2.55075072175259e-12, -4.54853847903145e-13, 7.69000000000119, -3.16443957737491e-13, -15.5924999999968, 3.19856115320045e-13, 0.866249999999769, -2.42569465223615e-14, 0, 0, 0, 0, 0, 0, 0, 0, 0, 0, 0, 0, 0, 0, 0, 0
0, 0, 0, 0, 0, 0, 0, 0, 0, 0, 0, 0, 1.6765574703576e-13, 15.5925000000004, -2.00673979470121e-15, 0.866250000000048, -8.12971105141127e-13, -7.20367765438823e-12, -3.16443957737491e-13, 7.69000000000163, 6.08337748328033e-13, -15.5924999999933, -3.81265923551211e-14, 0.866249999999573, 0, 0, 0, 0, 0, 0, 0, 0, 0, 0, 0, 0, 0, 0, 0, 0
0, 0, 0, 0, 0, 0, 0, 0, 0, 0, 0, 0, 0, 0, 0, 0, -187.10999999997, 2.32220127704385e-12, -15.5924999999968, 6.08337748328033e-13, 386.665374745568, -1.96772125297195e-11, 1.97919902689136e-12, 6.17345345368756e-13, -187.109999999988, 1.67776937766722e-11, 15.5924999999992, -1.2169381239614e-12, 0, 0, 0, 0, 0, 0, 0, 0, 0, 0, 0, 0
0, 0, 0, 0, 0, 0, 0, 0, 0, 0, 0, 0, 0, 0, 0, 0, 1.15807756473617e-11, -187.109999999904, 3.19856115320045e-13, -15.5924999999933, -1.96772125297195e-11, 378.444999999888, 1.01548021377535e-12, 4.07590405870906e-12, -2.91703061732245e-12, -187.109999999957, 2.35787589300729e-13, 15.5924999999959, 0, 0, 0, 0, 0, 0, 0, 0, 0, 0, 0, 0
0, 0, 0, 0, 0, 0, 0, 0, 0, 0, 0, 0, 0, 0, 0, 0, 15.5924999999974, -8.69094031418938e-14, 0.866249999999769, -3.81265923551211e-14, 1.97919902689136e-12, 1.01548021377535e-12, 7.69000000000112, 1.15151048928028e-13, -15.5925000000013, -1.19764071295225e-12, 0.866250000000032, 8.01693562494746e-14, 0, 0, 0, 0, 0, 0, 0, 0, 0, 0, 0, 0
0, 0, 0, 0, 0, 0, 0, 0, 0, 0, 0, 0, 0, 0, 0, 0, -9.4620963863626e-13, 15.5924999999929, -2.42569465223615e-14, 0.866249999999573, 6.17345345368756e-13, 4.07590405870906e-12, 1.15151048928028e-13, 7.69000000000111, -1.56772631447756e-12, -15.592499999998, 9.32853544513998e-14, 0.866249999999685, 0, 0, 0, 0, 0, 0, 0, 0, 0, 0, 0, 0
0, 0, 0, 0, 0, 0, 0, 0, 0, 0, 0, 0, 0, 0, 0, 0, 0, 0, 0, 0, -187.109999999988, -2.91703061732245e-12, -15.5925000000013, -1.56772631447756e-12, 383.416997763441, 2.29200704886625, 1.99959160340768e-12, 1.04973940933963e-12, -187.110000000037, -1.59904932892126e-11, 15.5925000000022, 1.09264214704465e-12, 0, 0, 0, 0, 0, 0, 0, 0
0, 0, 0, 0, 0, 0, 0, 0, 0, 0, 0, 0, 0, 0, 0, 0, 0, 0, 0, 0, 1.67776937766722e-11, -187.109999999957, -1.19764071295225e-12, -15.592499999998, 2.29200704886625, 376.916995300687, 3.40315287878367e-13, 4.82856421513134e-12, 1.61047596021534e-12, -187.109999999965, -8.90821077113067e-14, 15.5924999999978, 0, 0, 0, 0, 0, 0, 0, 0
0, 0, 0, 0, 0, 0, 0, 0, 0, 0, 0, 0, 0, 0, 0, 0, 0, 0, 0, 0, 15.5924999999992, 2.35787589300729e-13, 0.866250000000032, 9.32853544513998e-14, 1.99959160340768e-12, 3.40315287878367e-13, 7.69000000000342, 5.86765817552629e-14, -15.5925000000022, -7.03140996576011e-13, 0.866250000000082, 8.65424179370024e-14, 0, 0, 0, 0, 0, 0, 0, 0
0, 0, 0, 0, 0, 0, 0, 0, 0, 0, 0, 0, 0, 0, 0, 0, 0, 0, 0, 0, -1.2169381239614e-12, 15.5924999999959, 8.01693562494746e-14, 0.866249999999685, 1.04973940933963e-12, 4.82856421513134e-12, 5.86765817552629e-14, 7.6900000000029, -6.89305384079448e-14, -15.5925000000001, 6.4048132878161e-16, 0.866249999999984, 0, 0, 0, 0, 0, 0, 0, 0
0, 0, 0, 0, 0, 0, 0, 0, 0, 0, 0, 0, 0, 0, 0, 0, 0, 0, 0, 0, 0, 0, 0, 0, -187.110000000037, 1.61047596021534e-12, -15.5925000000022, -6.89305384079448e-14, 384.944996795508, -5.90316937999457e-12, -2.0347812323962e-12, -5.5979124972239e-13, -187.110000000009, 4.8214163763696e-12, 15.5925000000003, -5.37565073124656e-13, 0, 0, 0, 0
0, 0, 0, 0, 0, 0, 0, 0, 0, 0, 0, 0, 0, 0, 0, 0, 0, 0, 0, 0, 0, 0, 0, 0, -1.59904932892126e-11, -187.109999999965, -7.03140996576011e-13, -15.5925000000001, -5.90316937999457e-12, 378.444999999962, 1.20549212677415e-13, 1.84241955025755e-12, -2.04389344156136e-13, -187.110000000007, 3.06754893658709e-15, 15.5924999999996, 0, 0, 0, 0
0, 0, 0, 0, 0, 0, 0, 0, 0, 0, 0, 0, 0, 0, 0, 0, 0, 0, 0, 0, 0, 0, 0, 0, 15.5925000000022, -8.90821077113067e-14, 0.866250000000082, 6.4048132878161e-16, -2.0347812323962e-12, 1.20549212677415e-13, 7.69000000000293, 4.09987967351286e-14, -15.5924999999997, -4.59136147606519e-13, 0.866249999999977, 1.82801631866426e-14, 0, 0, 0, 0
0, 0, 0, 0, 0, 0, 0, 0, 0, 0, 0, 0, 0, 0, 0, 0, 0, 0, 0, 0, 0, 0, 0, 0, 1.09264214704465e-12, 15.5924999999978, 8.65424179370024e-14, 0.866249999999984, -5.5979124972239e-13, 1.84241955025755e-12, 4.09987967351286e-14, 7.69000000000191, 6.77530397272464e-15, -15.5925000000002, -1.26164064904788e-15, 0.866249999999986, 0, 0, 0, 0
0, 0, 0, 0, 0, 0, 0, 0, 0, 0, 0, 0, 0, 0, 0, 0, 0, 0, 0, 0, 0, 0, 0, 0, 0, 0, 0, 0, -187.110000000009, -2.04389344156136e-13, -15.5924999999997, 6.77530397272464e-15, 383.691942205914, 7.0436902562617, 6.00940630590685e-12, -1.07040670305683e-12, -187.110000000639, 2.60002304353854e-11, 15.5924999996706, 2.14568388599072e-10
0, 0, 0, 0, 0, 0, 0, 0, 0, 0, 0, 0, 0, 0, 0, 0, 0, 0, 0, 0, 0, 0, 0, 0, 0, 0, 0, 0, 4.8214163763696e-12, -187.110000000007, -4.59136147606519e-13, -15.5925000000002, 7.0436902562617, 384.002554824307, -5.43449289752309e-12, 3.2352076573261e-12, 2.84052475871047e-09, -187.110000000242, -4.38594710315667e-10, 15.5924999998637
0, 0, 0, 0, 0, 0, 0, 0, 0, 0, 0, 0, 0, 0, 0, 0, 0, 0, 0, 0, 0, 0, 0, 0, 0, 0, 0, 0, 15.5925000000003, 3.06754893658709e-15, 0.866249999999977, -1.26164064904788e-15, 6.00940630590685e-12, -5.43449289752309e-12, 7.69000000000109, -1.85329086684097e-13, -15.5925000002561, 1.20038879668742e-10, 0.866249999999192, 5.44504187064601e-11
0, 0, 0, 0, 0, 0, 0, 0, 0, 0, 0, 0, 0, 0, 0, 0, 0, 0, 0, 0, 0, 0, 0, 0, 0, 0, 0, 0, -5.37565073124656e-13, 15.5924999999996, 1.82801631866426e-14, 0.866249999999986, -1.07040670305683e-12, 3.2352076573261e-12, -1.85329086684097e-13, 7.69000000000162, 1.97734158948774e-12, -15.5925000001291, -2.46660769859544e-13, 0.866249999917268
0, 0, 0, 0, 0, 0, 0, 0, 0, 0, 0, 0, 0, 0, 0, 0, 0, 0, 0, 0, 0, 0, 0, 0, 0, 0, 0, 0, 0, 0, 0, 0, -187.110000000639, 2.84052475871047e-09, -15.5925000002561, 1.97734158948774e-12, 5567.11000000549, -1.43376089814565e-10, -15.5924999992478, -1.23256944738116e-11
0, 0, 0, 0, 0, 0, 0, 0, 0, 0, 0, 0, 0, 0, 0, 0, 0, 0, 0, 0, 0, 0, 0, 0, 0, 0, 0, 0, 0, 0, 0, 0, 2.60002304353854e-11, -187.110000000242, 1.20038879668742e-10, -15.5925000001291, -1.43376089814565e-10, 5567.10999999995, 7.95942565561838e-11, -15.5924999975467
0, 0, 0, 0, 0, 0, 0, 0, 0, 0, 0, 0, 0, 0, 0, 0, 0, 0, 0, 0, 0, 0, 0, 0, 0, 0, 0, 0, 0, 0, 0, 0, 15.5924999996706, -4.38594710315667e-10, 0.866249999999192, -2.46660769859544e-13, -15.5924999992478, 7.95942565561838e-11, 5381.73250000085, 4.94989430323068e-11
0, 0, 0, 0, 0, 0, 0, 0, 0, 0, 0, 0, 0, 0, 0, 0, 0, 0, 0, 0, 0, 0, 0, 0, 0, 0, 0, 0, 0, 0, 0, 0, 2.14568388599072e-10, 15.5924999998637, 5.44504187064601e-11, 0.866249999917268, -1.23256944738116e-11, -15.5924999975467, 4.94989430323068e-11, 5381.73250000948
4432.02149999931, -1.15540987011523e-11, 19.5851249986328, 5.43395157618441e-10, -235.021499999984, 2.44882010702451e-12, 19.585124999999, -5.10964138270404e-13, 0, 0, 0, 0, 0, 0, 0, 0, 0, 0, 0, 0, 0, 0, 0, 0, 0, 0, 0, 0, 0, 0, 0, 0, 0, 0, 0, 0, 0, 0, 0, 0
-1.15540987011523e-11, 4432.02149999933, -2.7039100291627e-09, 19.5851249997537, 7.26837413208376e-12, -235.021499999982, -6.3761091230801e-13, 19.5851249999979, 0, 0, 0, 0, 0, 0, 0, 0, 0, 0, 0, 0, 0, 0, 0, 0, 0, 0, 0, 0, 0, 0, 0, 0, 0, 0, 0, 0, 0, 0, 0, 0
19.5851249986328, -2.7039100291627e-09, 4199.17612499551, -8.55730239667979e-11, -19.5851250000016, -2.00662641585848e-12, 1.08806250000012, 2.42451024497808e-13, 0, 0, 0, 0, 0, 0, 0, 0, 0, 0, 0, 0, 0, 0, 0, 0, 0, 0, 0, 0, 0, 0, 0, 0, 0, 0, 0, 0, 0, 0, 0, 0
5.43395157618441e-10, 19.5851249997537, -8.55730239667979e-11, 4199.17612499466, -4.43489331580916e-13, -19.5851249999994, -1.17692651796196e-13, 1.08806250000006, 0, 0, 0, 0, 0, 0, 0, 0, 0, 0, 0, 0, 0, 0, 0, 0, 0, 0, 0, 0, 0, 0, 0, 0, 0, 0, 0, 0, 0, 0, 0, 0
-235.021499999984, 7.26837413208376e-12, -19.5851250000016, -4.43489331580916e-13, 472.789250000014, -3.28119619345842e-13, -8.23337842348337e-13, 5.07845010983602e-14, -235.02150000001, 5.15394568232118e-13, 19.5851250000007, -5.66383609824357e-14, 0, 0, 0, 0, 0, 0, 0, 0, 0, 0, 0, 0, 0, 0, 0, 0, 0, 0, 0, 0, 0, 0, 0, 0, 0, 0, 0, 0
2.44882010702451e-12, -235.021499999982, -2.00662641585848e-12, -19.5851249999994, -3.28119619345842e-13, 472.789250000006, -8.6577413074275e-14, 5.52430545752713e-13, 3.03232683644639e-13, -235.021500000003, 2.26175544898377e-14, 19.5851250000009, 0, 0, 0, 0, 0, 0, 0, 0, 0, 0, 0, 0, 0, 0, 0, 0, 0, 0, 0, 0, 0, 0, 0, 0, 0, 0, 0, 0
19.585124999999, -6.3761091230801e-13, 1.08806250000012, -1.17692651796196e-13, -8.23337842348337e-13, -8.6577413074275e-14, 7.09850000000111, -2.21252464616271e-14, -19.5851249999999, 9.5624326548407e-14, 1.08806250000001, -9.90350289785471e-15, 0, 0, 0, 0, 0, 0, 0, 0, 0, 0, 0, 0, 0, 0, 0, 0, 0, 0, 0, 0, 0, 0, 0, 0, 0, 0, 0, 0
-5.10964138270404e-13, 19.5851249999979, 2.42451024497808e-13, 1.08806250000006, 5.07845010983602e-14, 5.52430545752713e-13, -2.21252464616271e-14, 7.0985000000004, 6.42538619685282e-14, -19.5851249999998, -1.71969223110641e-15, 1.08806250000003, 0, 0, 0, 0, 0, 0, 0, 0, 0, 0, 0, 0, 0, 0, 0, 0, 0, 0, 0, 0, 0, 0, 0, 0, 0, 0, 0, 0
0, 0, 0, 0, -235.02150000001, 3.03232683644639e-13, -19.5851249999999, 6.42538619685282e-14, 487.457329659571, -3.85869183674833, 1.48200562932743e-13, 1.61668015840329e-13, -235.021500000005, -5.21200404796837e-13, 19.5851250000003, 3.77783289274387e-14, 0, 0, 0, 0, 0, 0, 0, 0, 0, 0, 0, 0, 0, 0, 0, 0, 0, 0, 0, 0, 0, 0, 0, 0
0, 0, 0, 0, 5.15394568232118e-13, -235.021500000003, 9.5624326548407e-14, -19.5851249999998, -3.85869183674833, 473.448695660677, 5.5387654996283e-14, -8.3479312351642e-13, -1.00560359953824e-14, -235.021499999998, -9.18685767284888e-16, 19.5851249999998, 0, 0, 0, 0, 0, 0, 0, 0, 0, 0, 0, 0, 0, 0, 0, 0, 0, 0, 0, 0, 0, 0, 0, 0
0, 0, 0, 0, 19.5851250000007, 2.26175544898377e-14, 1.08806250000001, -1.71969223110641e-15, 1.48200562932743e-13, 5.5387654996283e-14, 7.09850000000171, 3.91632551917873e-15, -19.585125000001, -3.89534787690849e-14, 1.08806250000005, 1.99815843571151e-15, 0, 0, 0, 0, 0, 0, 0, 0, 0, 0, 0, 0, 0, 0, 0, 0, 0, 0, 0, 0, 0, 0, 0, 0
0, 0, 0, 0, -5.66383609824357e-14, 19.5851250000009, -9.90350289785471e-15, 1.08806250000003, 1.61668015840329e-13, -8.3479312351642e-13, 3.91632551917873e-15, 7.09850000000175, -3.72712596740579e-14, -19.5851250000002, 1.91160435025237e-15, 1.08806249999999, 0, 0, 0, 0, 0, 0, 0, 0, 0, 0, 0, 0, 0, 0, 0, 0, 0, 0, 0, 0, 0, 0, 0, 0
0, 0, 0, 0, 0, 0, 0, 0, -235.021500000005, -1.00560359953824e-14, -19.585125000001, -3.72712596740579e-14, 472.789250000011, -7.44038552255004e-13, 6.21389162347441e-13, -6.03476168322703e-14, -235.021500000008, 9.21268791968682e-13, 19.5851250000001, -2.01121254828606e-14, 0, 0, 0, 0, 0, 0, 0, 0, 0, 0, 0, 0, 0, 0, 0, 0, 0, 0, 0, 0
0, 0, 0, 0, 0, 0, 0, 0, -5.21200404796837e-13, -235.021499999998, -3.89534787690849e-14, -19.5851250000002, -7.44038552255004e-13, 472.789249999996, -7.27418964942554e-14, 4.22794688148542e-13, 1.08267946827633e-12, -235.021499999999, -6.65903497793907e-14, 19.5851250000005, 0, 0, 0, 0, 0, 0, 0, 0, 0, 0, 0, 0, 0, 0, 0, 0, 0, 0, 0, 0
0, 0, 0, 0, 0, 0, 0, 0, 19.5851250000003, -9.18685767284888e-16, 1.08806250000005, 1.91160435025237e-15, 6.21389162347441e-13, -7.27418964942554e-14, 7.09850000000188, -4.15063912083622e-14, -19.5851250000011, 7.38485529878413e-14, 1.08806250000005, 4.64844062414931e-15, 0, 0, 0, 0, 0, 0, 0, 0, 0, 0, 0, 0, 0, 0, 0, 0, 0, 0, 0, 0
0, 0, 0, 0, 0, 0, 0, 0, 3.77783289274387e-14, 19.5851249999998, 1.99815843571151e-15, 1.08806249999999, -6.03476168322703e-14, 4.22794688148542e-13, -4.15063912083622e-14, 7.0985000000015, 1.11518273252304e-13, -19.5851249999998, -9.75083298050075e-15, 1.08806250000003, 0, 0, 0, 0, 0, 0, 0, 0, 0, 0, 0, 0, 0, 0, 0, 0, 0, 0, 0, 0
0, 0, 0, 0, 0, 0, 0, 0, 0, 0, 0, 0, -235.021500000008, 1.08267946827633e-12, -19.5851250000011, 1.11518273252304e-13, 474.918186183741, 0.390335068962941, -2.1653154824719e-12, -1.61240292702393e-13, -235.021499999985, 1.39500134568715e-12, 19.5851249999982, -2.08260755698448e-13, 0, 0, 0, 0, 0, 0, 0, 0, 0, 0, 0, 0, 0, 0, 0, 0
0, 0, 0, 0, 0, 0, 0, 0, 0, 0, 0, 0, 9.21268791968682e-13, -235.021499999999, 7.38485529878413e-14, -19.5851249999998, 0.390335068962941, 472.60908385276, 7.44651179860251e-14, -5.63735991221392e-12, -6.70336858457359e-13, -235.021499999936, 1.35741170986502e-13, 19.5851249999942, 0, 0, 0, 0, 0, 0, 0, 0, 0, 0, 0, 0, 0, 0, 0, 0
0, 0, 0, 0, 0, 0, 0, 0, 0, 0, 0, 0, 19.5851250000001, -6.65903497793907e-14, 1.08806250000005, -9.75083298050075e-15, -2.1653154824719e-12, 7.44651179860251e-14, 7.09850000000092, -1.92826159729607e-13, -19.5851249999978, -9.60601927969604e-14, 1.08806249999982, 1.79047632712617e-15, 0, 0, 0, 0, 0, 0, 0, 0, 0, 0, 0, 0, 0, 0, 0, 0
0, 0, 0, 0, 0, 0, 0, 0, 0, 0, 0, 0, -2.01121254828606e-14, 19.5851250000005, 4.64844062414931e-15, 1.08806250000003, -1.61240292702393e-13, -5.63735991221392e-12, -1.92826159729607e-13, 7.09850000000099, 1.29326004504969e-13, -19.585124999995, -6.87645989625256e-15, 1.08806249999962, 0, 0, 0, 0, 0, 0, 0, 0, 0, 0, 0, 0, 0, 0, 0, 0
0, 0, 0, 0, 0, 0, 0, 0, 0, 0, 0, 0, 0, 0, 0, 0, -235.021499999985, -6.70336858457359e-13, -19.5851249999978, 1.29326004504969e-13, 478.597869012346, -1.65775750720713, 4.19117807126668e-12, 2.41568892397363e-13, -235.021500000033, 1.15898111606177e-11, 19.5851250000017, -9.44636031101487e-13, 0, 0, 0, 0, 0, 0, 0, 0, 0, 0, 0, 0
0, 0, 0, 0, 0, 0, 0, 0, 0, 0, 0, 0, 0, 0, 0, 0, 1.39500134568715e-12, -235.021499999936, -9.60601927969604e-14, -19.585124999995, -1.65775750720713, 475.303871227442, 7.91945532049198e-13, 3.16661274979424e-12, -1.24744955479694e-11, -235.021499999943, 5.25772100889578e-13, 19.585124999995, 0, 0, 0, 0, 0, 0, 0, 0, 0, 0, 0, 0
0, 0, 0, 0, 0, 0, 0, 0, 0, 0, 0, 0, 0, 0, 0, 0, 19.5851249999982, 1.35741170986502e-13, 1.08806249999982, -6.87645989625256e-15, 4.19117807126668e-12, 7.91945532049198e-13, 7.09850000000078, 1.01164630823176e-13, -19.5851250000039, -8.09687183658808e-13, 1.08806250000021, 6.27434034265365e-14, 0, 0, 0, 0, 0, 0, 0, 0, 0, 0, 0, 0
0, 0, 0, 0, 0, 0, 0, 0, 0, 0, 0, 0, 0, 0, 0, 0, -2.08260755698448e-13, 19.5851249999942, 1.79047632712617e-15, 1.08806249999962, 2.41568892397363e-13, 3.16661274979424e-12, 1.01164630823176e-13, 7.09850000000152, -1.69638131856569e-12, -19.5851249999994, 7.73442309503265e-14, 1.08806249999976, 0, 0, 0, 0, 0, 0, 0, 0, 0, 0, 0, 0
0, 0, 0, 0, 0, 0, 0, 0, 0, 0, 0, 0, 0, 0, 0, 0, 0, 0, 0, 0, -235.021500000033, -1.24744955479694e-11, -19.5851250000039, -1.69638131856569e-12, 476.021048546234, 1.48980458177108, -4.64892924156857e-12, -8.28961547672557e-14, -235.021499999986, -9.61488623990106e-12, 19.5851249999998, 7.72488383523388e-13, 0, 0, 0, 0, 0, 0, 0, 0
0, 0, 0, 0, 0, 0, 0, 0, 0, 0, 0, 0, 0, 0, 0, 0, 0, 0, 0, 0, 1.15898111606177e-11, -235.021499999943, -8.09687183658808e-13, -19.5851249999994, 1.48980458177108, 471.796046945414, -4.56650057236635e-13, 5.14798159656493e-12, 5.56810311372207e-12, -235.021499999978, -3.19414587126034e-13, 19.5851249999989, 0, 0, 0, 0, 0, 0, 0, 0
0, 0, 0, 0, 0, 0, 0, 0, 0, 0, 0, 0, 0, 0, 0, 0, 0, 0, 0, 0, 19.5851250000017, 5.25772100889578e-13, 1.08806250000021, 7.73442309503265e-14, -4.64892924156857e-12, -4.56650057236635e-13, 7.09850000000149, 4.25258529775807e-14, -19.5851249999979, -2.02434891543613e-13, 1.08806249999991, 5.11443875651147e-14, 0, 0, 0, 0, 0, 0, 0, 0
0, 0, 0, 0, 0, 0, 0, 0, 0, 0, 0, 0, 0, 0, 0, 0, 0, 0, 0, 0, -9.44636031101487e-13, 19.585124999995, 6.27434034265365e-14, 1.08806249999976, -8.28961547672557e-14, 5.14798159656493e-12, 4.25258529775807e-14, 7.09850000000166, 2.9083791315661e-13, -19.585125, -1.32332876241478e-14, 1.08806250000004, 0, 0, 0, 0, 0, 0, 0, 0
0, 0, 0, 0, 0, 0, 0, 0, 0, 0, 0, 0, 0, 0, 0, 0, 0, 0, 0, 0, 0, 0, 0, 0, -235.021499999986, 5.56810311372207e-12, -19.5851249999979, 2.9083791315661e-13, 477.014247935367, 3.3172906710845e-07, -2.38319586287616e-13, -6.13953150846616e-13, -235.021500000011, 6.4789615440328e-12, 19.585125, -5.19215701246293e-13, 0, 0, 0, 0
0, 0, 0, 0, 0, 0, 0, 0, 0, 0, 0, 0, 0, 0, 0, 0, 0, 0, 0, 0, 0, 0, 0, 0, -9.61488623990106e-12, -235.021499999978, -2.02434891543613e-13, -19.585125, 3.3172906710845e-07, 482.789259909224, 3.0792890527231e-13, 7.59878382439183e-13, -1.81541274528025e-12, -235.021500000014, 3.8172078175612e-16, 19.5851250000006, 0, 0, 0, 0
0, 0, 0, 0, 0, 0, 0, 0, 0, 0, 0, 0, 0, 0, 0, 0, 0, 0, 0, 0, 0, 0, 0, 0, 19.5851249999998, -3.19414587126034e-13, 1.08806249999991, -1.32332876241478e-14, -2.38319586287616e-13, 3.0792890527231e-13, 7.09850000000155, 6.58887560163783e-15, -19.5851249999996, -3.51035386819537e-13, 1.08806249999994, 1.0416719816181e-14, 0, 0, 0, 0
0, 0, 0, 0, 0, 0, 0, 0, 0, 0, 0, 0, 0, 0, 0, 0, 0, 0, 0, 0, 0, 0, 0, 0, 7.72488383523388e-13, 19.5851249999989, 5.11443875651147e-14, 1.08806250000004, -6.13953150846616e-13, 7.59878382439183e-13, 6.58887560163783e-15, 7.09850000000124, 1.82858199092365e-13, -19.5851250000009, -4.02733284183907e-15, 1.08806250000006, 0, 0, 0, 0
