1, 0, 0, 0, 0, 0, 0, 0, 0, 0, 0, 0, 0, 0, 0, 0, 0, 0, 0, 0, 0, 0, 0, 0, 0, 0, 0, 0, 0, 0, 0, 0, 0, 0, 0, 0, 0, 0, 0, 0
0, 1, 0, 0, 0, 0, 0, 0, 0, 0, 0, 0, 0, 0, 0, 0, 0, 0, 0, 0, 0, 0, 0, 0, 0, 0, 0, 0, 0, 0, 0, 0, 0, 0, 0, 0, 0, 0, 0, 0
0, 0, 1, 0, 0, 0, 0, 0, 0, 0, 0, 0, 0, 0, 0, 0, 0, 0, 0, 0, 0, 0, 0, 0, 0, 0, 0, 0, 0, 0, 0, 0, 0, 0, 0, 0, 0, 0, 0, 0
0, 0, 0, 1, 0, 0, 0, 0, 0, 0, 0, 0, 0, 0, 0, 0, 0, 0, 0, 0, 0, 0, 0, 0, 0, 0, 0, 0, 0, 0, 0, 0, 0, 0, 0, 0, 0, 0, 0, 0
0, 0, 0, 0, 1, 0, 0, 0, 0, 0, 0, 0, 0, 0, 0, 0, 0, 0, 0, 0, 0, 0, 0, 0, 0, 0, 0, 0, 0, 0, 0, 0, 0, 0, 0, 0, 0, 0, 0, 0
0, 0, 0, 0, 0, 1, 0, 0, 0, 0, 0, 0, 0, 0, 0, 0, 0, 0, 0, 0, 0, 0, 0, 0, 0, 0, 0, 0, 0, 0, 0, 0, 0, 0, 0, 0, 0, 0, 0, 0
0, 0, 0, 0, 0, 0, 1, 0, 0, 0, 0, 0, 0, 0, 0, 0, 0, 0, 0, 0, 0, 0, 0, 0, 0, 0, 0, 0, 0, 0, 0, 0, 0, 0, 0, 0, 0, 0, 0, 0
0, 0, 0, 0, 0, 0, 0, 1, 0, 0, 0, 0, 0, 0, 0, 0, 0, 0, 0, 0, 0, 0, 0, 0, 0, 0, 0, 0, 0, 0, 0, 0, 0, 0, 0, 0, 0, 0, 0, 0
0, 0, 0, 0, 0, 0, 0, 0, 1, 0, 0, 0, 0, 0, 0, 0, 0, 0, 0, 0, 0, 0, 0, 0, 0, 0, 0, 0, 0, 0, 0, 0, 0, 0, 0, 0, 0, 0, 0, 0
0, 0, 0, 0, 0, 0, 0, 0, 0, 1, 0, 0, 0, 0, 0, 0, 0, 0, 0, 0, 0, 0, 0, 0, 0, 0, 0, 0, 0, 0, 0, 0, 0, 0, 0, 0, 0, 0, 0, 0
0, 0, 0, 0, 0, 0, 0, 0, 0, 0, 1, 0, 0, 0, 0, 0, 0, 0, 0, 0, 0, 0, 0, 0, 0, 0, 0, 0, 0, 0, 0, 0, 0, 0, 0, 0, 0, 0, 0, 0
0, 0, 0, 0, 0, 0, 0, 0, 0, 0, 0, 1, 0, 0, 0, 0, 0, 0, 0, 0, 0, 0, 0, 0, 0, 0, 0, 0, 0, 0, 0, 0, 0, 0, 0, 0, 0, 0, 0, 0
0, 0, 0, 0, 0, 0, 0, 0, 0, 0, 0, 0, 1, 0, 0, 0, 0, 0, 0, 0, 0, 0, 0, 0, 0, 0, 0, 0, 0, 0, 0, 0, 0, 0, 0, 0, 0, 0, 0, 0
0, 0, 0, 0, 0, 0, 0, 0, 0, 0, 0, 0, 0, 1, 0, 0, 0, 0, 0, 0, 0, 0, 0, 0, 0, 0, 0, 0, 0, 0, 0, 0, 0, 0, 0, 0, 0, 0, 0, 0
0, 0, 0, 0, 0, 0, 0, 0, 0, 0, 0, 0, 0, 0, 1, 0, 0, 0, 0, 0, 0, 0, 0, 0, 0, 0, 0, 0, 0, 0, 0, 0, 0, 0, 0, 0, 0, 0, 0, 0
0, 0, 0, 0, 0, 0, 0, 0, 0, 0, 0, 0, 0, 0, 0, 1, 0, 0, 0, 0, 0, 0, 0, 0, 0, 0, 0, 0, 0, 0, 0, 0, 0, 0, 0, 0, 0, 0, 0, 0
0, 0, 0, 0, 0, 0, 0, 0, 0, 0, 0, 0, 0, 0, 0, 0, 1, 0, 0, 0, 0, 0, 0, 0, 0, 0, 0, 0, 0, 0, 0, 0, 0, 0, 0, 0, 0, 0, 0, 0
0, 0, 0, 0, 0, 0, 0, 0, 0, 0, 0, 0, 0, 0, 0, 0, 0, 1, 0, 0, 0, 0, 0, 0, 0, 0, 0, 0, 0, 0, 0, 0, 0, 0, 0, 0, 0, 0, 0, 0
0, 0, 0, 0, 0, 0, 0, 0, 0, 0, 0, 0, 0, 0, 0, 0, 0, 0, 1, 0, 0, 0, 0, 0, 0, 0, 0, 0, 0, 0, 0, 0, 0, 0, 0, 0, 0, 0, 0, 0
0, 0, 0, 0, 0, 0, 0, 0, 0, 0, 0, 0, 0, 0, 0, 0, 0, 0, 0, 1, 0, 0, 0, 0, 0, 0, 0, 0, 0, 0, 0, 0, 0, 0, 0, 0, 0, 0, 0, 0
0, 0, 0, 0, 0, 0, 0, 0, 0, 0, 0, 0, 0, 0, 0, 0, 0, 0, 0, 0, 1, 0, 0, 0, 0, 0, 0, 0, 0, 0, 0, 0, 0, 0, 0, 0, 0, 0, 0, 0
0, 0, 0, 0, 0, 0, 0, 0, 0, 0, 0, 0, 0, 0, 0, 0, 0, 0, 0, 0, 0, 1, 0, 0, 0, 0, 0, 0, 0, 0, 0, 0, 0, 0, 0, 0, 0, 0, 0, 0
0, 0, 0, 0, 0, 0, 0, 0, 0, 0, 0, 0, 0, 0, 0, 0, 0, 0, 0, 0, 0, 0, 1, 0, 0, 0, 0, 0, 0, 0, 0, 0, 0, 0, 0, 0, 0, 0, 0, 0
0, 0, 0, 0, 0, 0, 0, 0, 0, 0, 0, 0, 0, 0, 0, 0, 0, 0, 0, 0, 0, 0, 0, 1, 0, 0, 0, 0, 0, 0, 0, 0, 0, 0, 0, 0, 0, 0, 0, 0
0, 0, 0, 0, 0, 0, 0, 0, 0, 0, 0, 0, 0, 0, 0, 0, 0, 0, 0, 0, 0, 0, 0, 0, 1, 0, 0, 0, 0, 0, 0, 0, 0, 0, 0, 0, 0, 0, 0, 0
0, 0, 0, 0, 0, 0, 0, 0, 0, 0, 0, 0, 0, 0, 0, 0, 0, 0, 0, 0, 0, 0, 0, 0, 0, 1, 0, 0, 0, 0, 0, 0, 0, 0, 0, 0, 0, 0, 0, 0
0, 0, 0, 0, 0, 0, 0, 0, 0, 0, 0, 0, 0, 0, 0, 0, 0, 0, 0, 0, 0, 0, 0, 0, 0, 0, 1, 0, 0, 0, 0, 0, 0, 0, 0, 0, 0, 0, 0, 0
0, 0, 0, 0, 0, 0, 0, 0, 0, 0, 0, 0, 0, 0, 0, 0, 0, 0, 0, 0, 0, 0, 0, 0, 0, 0, 0, 1, 0, 0, 0, 0, 0, 0, 0, 0, 0, 0, 0, 0
0, 0, 0, 0, 0, 0, 0, 0, 0, 0, 0, 0, 0, 0, 0, 0, 0, 0, 0, 0, 0, 0, 0, 0, 0, 0, 0, 0, 1, 0, 0, 0, 0, 0, 0, 0, 0, 0, 0, 0
0, 0, 0, 0, 0, 0, 0, 0, 0, 0, 0, 0, 0, 0, 0, 0, 0, 0, 0, 0, 0, 0, 0, 0, 0, 0, 0, 0, 0, 1, 0, 0, 0, 0, 0, 0, 0, 0, 0, 0
0, 0, 0, 0, 0, 0, 0, 0, 0, 0, 0, 0, 0, 0, 0, 0, 0, 0, 0, 0, 0, 0, 0, 0, 0, 0, 0, 0, 0, 0, 1, 0, 0, 0, 0, 0, 0, 0, 0, 0
0, 0, 0, 0, 0, 0, 0, 0, 0, 0, 0, 0, 0, 0, 0, 0, 0, 0, 0, 0, 0, 0, 0, 0, 0, 0, 0, 0, 0, 0, 0, 1, 0, 0, 0, 0, 0, 0, 0, 0
0, 0, 0, 0, 0, 0, 0, 0, 0, 0, 0, 0, 0, 0, 0, 0, 0, 0, 0, 0, 0, 0, 0, 0, 0, 0, 0, 0, 0, 0, 0, 0, 1, 0, 0, 0, 0, 0, 0, 0
0, 0, 0, 0, 0, 0, 0, 0, 0, 0, 0, 0, 0, 0, 0, 0, 0, 0, 0, 0, 0, 0, 0, 0, 0, 0, 0, 0, 0, 0, 0, 0, 0, 1, 0, 0, 0, 0, 0, 0
0, 0, 0, 0, 0, 0, 0, 0, 0, 0, 0, 0, 0, 0, 0, 0, 0, 0, 0, 0, 0, 0, 0, 0, 0, 0, 0, 0, 0, 0, 0, 0, 0, 0, 1, 0, 0, 0, 0, 0
0, 0, 0, 0, 0, 0, 0, 0, 0, 0, 0, 0, 0, 0, 0, 0, 0, 0, 0, 0, 0, 0, 0, 0, 0, 0, 0, 0, 0, 0, 0, 0, 0, 0, 0, 1, 0, 0, 0, 0
0, 0, 0, 0, 0, 0, 0, 0, 0, 0, 0, 0, 0, 0, 0, 0, 0, 0, 0, 0, 0, 0, 0, 0, 0, 0, 0, 0, 0, 0, 0, 0, 0, 0, 0, 0, 1, 0, 0, 0
0, 0, 0, 0, 0, 0, 0, 0, 0, 0, 0, 0, 0, 0, 0, 0, 0, 0, 0, 0, 0, 0, 0, 0, 0, 0, 0, 0, 0, 0, 0, 0, 0, 0, 0, 0, 0, 1, 0, 0
0, 0, 0, 0, 0, 0, 0, 0, 0, 0, 0, 0, 0, 0, 0, 0, 0, 0, 0, 0, 0, 0, 0, 0, 0, 0, 0, 0, 0, 0, 0, 0, 0, 0, 0, 0, 0, 0, 1, 0
0, 0, 0, 0, 0, 0, 0, 0, 0, 0, 0, 0, 0, 0, 0, 0, 0, 0, 0, 0, 0, 0, 0, 0, 0, 0, 0, 0, 0, 0, 0, 0, 0, 0, 0, 0, 0, 0, 0, 1
0.311240014291823, 3.86096705710759e-06, -0.00184296394182539, 3.2167764200758e-07, 0.0547163845183221, 4.85712047953823e-05, -0.00648313380451974, -2.63745399857039e-08, 0.00951890655794919, 2.57520866334874e-06, -0.00113319743445765, -1.38324512502073e-06, 0.00163583470178278, -1.57826548726481e-05, -0.000197210893648895, -2.21118560653693e-07, 0.000281024288536901, -7.77105534917356e-06, -3.38627074482003e-05, 2.8200780697704e-07, 4.94704753350737e-05, -2.66907184436225e-06, -5.79337140797893e-06, 1.54576678312435e-07, 9.61423802992954e-06, -5.62404303583566e-07, -1.01799034755776e-06, 5.4387096572873e-08, 1.78694997988829e-06, -1.30102314798697e-07, -1.97666492733006e-07, 1.12782481991022e-08, 3.61752565730961e-07, -3.46741137181209e-08, -3.04769673296628e-08, 2.0430163079933e-09, 0, 0, 0, 0
3.86096705710759e-06, 0.311150122330436, 3.21678352866026e-07, -0.00185045411016482, 4.85715010963984e-05, 0.0535852078293242, -2.28196394811793e-08, -0.00648648189695958, 2.74108602286008e-06, 0.00927419484800688, -1.37379381224299e-06, -0.00110927234483295, -1.53424869599608e-05, 0.00161761797869027, -2.20096074303376e-07, -0.000191864703179507, -7.55756863098061e-06, 0.000286337643017091, 2.7344825364394e-07, -3.34346079613866e-05, -2.62727025096522e-06, 5.14567184898073e-05, 1.49446472885208e-07, -5.91246476132769e-06, -5.88076785737038e-07, 9.409415764794e-06, 5.33455376173802e-08, -1.06236115896791e-06, -1.3700212581729e-07, 1.70295926403842e-06, 1.18284096319357e-08, -1.93320956734129e-07, -3.48062465155749e-08, 3.56687238225593e-07, 2.18820403208512e-09, -2.87812936341196e-08, 0, 0, 0, 0
-0.00184296394182539, 3.21678352866026e-07, 0.33312416922335, 2.68007216211261e-08, 0.00455907417773946, 4.04673029724335e-06, -0.00034102988663427, -2.2371468067209e-09, 0.000796049917481578, 2.12699878863108e-07, -9.46471713405254e-05, -1.15362092375069e-07, 0.000136803808899107, -1.32035780802821e-06, -1.64925476478227e-05, -1.84369070313656e-08, 2.35018838096764e-05, -6.49970608449643e-07, -2.83191661599051e-06, 2.35937327608874e-08, 4.13718498929238e-06, -2.23227547279282e-07, -4.84495991099862e-07, 1.29288464624139e-08, 8.04032750689331e-07, -4.70362141952901e-08, -8.51338974699722e-08, 4.54866316277827e-09, 1.49441524088127e-07, -1.08808624073296e-08, -1.6530725851841e-08, 9.43248197082376e-10, 3.02531458643435e-08, -2.89987638517926e-09, -2.54876992777781e-09, 1.70864412094145e-10, 0, 0, 0, 0
3.2167764200758e-07, -0.00185045411016482, 2.68007216211261e-08, 0.333123545111623, 4.04674604097436e-06, 0.00446481985298457, -1.94096433716632e-09, -0.000341309170343892, 2.26519563207113e-07, 0.000775645262858526, -1.14573751912701e-07, -9.26535268369323e-05, -1.28365207273836e-06, 0.000135290896656268, -1.83512935651654e-08, -1.60466993536164e-05, -6.3216457464665e-07, 2.39481021115564e-05, 2.28798079823186e-08, -2.79633279481455e-06, -2.19748256628444e-07, 4.30362854340436e-06, 1.2500750351545e-08, -4.94494219739039e-07, -4.91870783720513e-08, 7.86964900774137e-07, 4.46189313091764e-09, -8.8851522808231e-08, -1.14588060515926e-08, 1.42428528853616e-07, 9.89336171483864e-10, -1.61685709920147e-08, -2.91115482648652e-09, 2.98318599301964e-08, 1.83021114493191e-10, -2.40714932011933e-09, 0, 0, 0, 0
0.0547163845183221, 4.85715010963984e-05, 0.00455907417773946, 4.04674604097436e-06, 0.688486394936016, 0.000611031112554886, 0.00143651766287431, -3.48359419538949e-07, 0.120990276536183, 3.16233293969904e-05, -0.0143534310976626, -1.74499126183765e-05, 0.0207930405203764, -0.000200806407694064, -0.00250671062797392, -2.78766532260576e-06, 0.00357209141693268, -9.88118989629105e-05, -0.000430427777962295, 3.5885934925169e-06, 0.000628817903783273, -3.39326430836727e-05, -7.36393718186275e-05, 1.96552670038645e-06, 0.000122206334632564, -7.14982878866316e-06, -1.29396483021089e-05, 6.91439745582746e-07, 2.2713878978876e-05, -1.65393006870947e-06, -2.51253372129417e-06, 1.43380579867793e-07, 4.59822916315639e-06, -4.40784211010653e-07, -3.87391993967893e-07, 2.59721578673602e-08, 0, 0, 0, 0
4.85712047953823e-05, 0.0535852078293242, 4.04673029724335e-06, 0.00446481985298457, 0.000611031112554886, 0.674251955723335, -3.03636526909544e-07, 0.00139425824615434, 3.37098942060364e-05, 0.117904942116747, -1.73306387676725e-05, -0.0140523192720035, -0.000195255308007242, 0.0205658819055365, -2.77462535538704e-06, -0.00243927648307365, -9.61181685801984e-05, 0.00364040701924297, 3.48058741365052e-06, -0.000425077029920939, -3.34082027166028e-05, 0.000654204738485332, 1.90070850862639e-06, -7.51692225850295e-05, -7.47777267084502e-06, 0.000119628398743442, 6.78340107487485e-07, -1.35065297624262e-05, -1.74201550472569e-06, 2.16509002113967e-05, 1.50406311340887e-07, -2.45782275586771e-06, -4.42558889831645e-07, 4.53481270970901e-06, 2.78237806126955e-08, -3.65916494791418e-07, 0, 0, 0, 0
-0.00648313380451974, -2.28196394811793e-08, -0.00034102988663427, -1.94096433716633e-09, 0.00143651766287431, -3.03636526909544e-07, 0.995782083614732, -1.98572958268102e-07, 0.0148341035624928, -9.29119872367189e-06, -0.00116487050798088, -5.73673265259707e-07, 0.00255797518653843, -2.70023449169905e-05, -0.000308015381970055, -7.02367315058016e-08, 0.000439453509633223, -1.25628869237947e-05, -5.29518890970041e-05, 4.88989116389013e-07, 7.73616342741713e-05, -4.24756131046965e-06, -9.05941232578365e-06, 2.50203952248e-07, 1.50347993520072e-05, -8.92952499340678e-07, -1.59192620351233e-06, 8.65715041708312e-08, 2.79448217363877e-06, -2.05888565790725e-07, -3.09111593283802e-07, 1.79135849529069e-08, 5.65728896561422e-07, -5.47326919128821e-08, -4.76605176822644e-08, 3.23602771008498e-09, 0, 0, 0, 0
-2.63745399857039e-08, -0.00648648189695958, -2.2371468067209e-09, -0.000341309170343892, -3.48359419538949e-07, 0.00139425824615435, -1.98572958268102e-07, 0.995780424345518, -9.29452321537277e-06, 0.0147536402705825, -5.69229724987512e-07, -0.00116344167030705, -2.68402638655845e-05, 0.00258220149064507, -6.81198339554346e-08, -0.000305907480293233, -1.24677137012189e-05, 0.000457092964128981, 4.85131959018885e-07, -5.33719703790045e-05, -4.26495865183488e-06, 8.21443800339343e-05, 2.46880992971692e-07, -9.43831089123196e-06, -9.52554768270483e-07, 1.50210922872252e-05, 8.66174685336423e-08, -1.69592908962721e-06, -2.21262979771344e-07, 2.71862690478192e-06, 1.91655743894738e-08, -3.08615143300759e-07, -5.6080800055645e-08, 5.69430929679377e-07, 3.53680174857032e-09, -4.59466176696173e-08, 0, 0, 0, 0
0.00951890655794919, 2.74108602286008e-06, 0.000796049917481579, 2.26519563207113e-07, 0.120990276536183, 3.37098942060364e-05, 0.0148341035624928, -9.29452321537277e-06, 0.699555479701294, -0.000431139038965699, 9.05896727699968e-06, -2.82292072817598e-05, 0.121425303972968, -0.00128005331587092, -0.0145882300531243, -3.53946151564723e-06, 0.0208610252529851, -0.000596053883901558, -0.00251362706010242, 2.31761524164938e-05, 0.00367238508952109, -0.000201577482469467, -0.000430053778437217, 1.18708520354713e-05, 0.000713707343159735, -4.23785812419329e-05, -7.55693202410261e-05, 4.10842875959609e-06, 0.000132655045674568, -9.77176103356266e-06, -1.46736390095001e-05, 8.50154839395153e-07, 2.68553407963885e-05, -2.59779500416713e-06, -2.2624615968846e-06, 1.5358423668331e-07, 0, 0, 0, 0
2.57520866334874e-06, 0.00927419484800688, 2.12699878863107e-07, 0.000775645262858526, 3.16233293969903e-05, 0.117904942116747, -9.29119872367189e-06, 0.0147536402705825, -0.000431139038965699, 0.695571996788145, -2.80130258336642e-05, 9.94731159292497e-05, -0.00127207871140788, 0.122546760217395, -3.43965653449875e-06, -0.0144847807707385, -0.0005914100106798, 0.0216933187311327, 2.29879684917736e-05, -0.00253297784288501, -0.000202359400355936, 0.00389851491075123, 1.17106357360354e-05, -0.000447935793645434, -4.51973739313542e-05, 0.000712890470938506, 4.10972298599983e-06, -8.04876110173058e-05, -1.04990903221971e-05, 0.000129024089877501, 9.09374843356448e-07, -1.46466578505963e-05, -2.66117213251824e-06, 2.70247770368554e-05, 1.67821792961238e-07, -2.18059380219235e-06, 0, 0, 0, 0
-0.00113319743445765, -1.37379381224299e-06, -9.46471713405253e-05, -1.14573751912701e-07, -0.0143534310976626, -1.73306387676725e-05, -0.00116487050798088, -5.69229724987512e-07, 9.05896727700051e-06, -2.80130258336642e-05, 0.995943095209375, -2.80401539705295e-06, 0.0144089181434084, -0.000147838258417996, -0.00113597376851576, -9.06032829095306e-07, 0.00248406453589044, -7.01638663895744e-05, -0.000298957284699165, 2.66487154198794e-06, 0.000437297574317653, -2.38574565145099e-05, -5.12098607738304e-05, 1.39676856280447e-06, 8.49861021194706e-05, -5.01966860323404e-06, -8.99859029444106e-06, 4.86209404239279e-07, 1.57960811013896e-05, -1.15877436708738e-06, -1.74729309912682e-06, 1.00686391513081e-07, 3.19781635998339e-06, -3.08329847643404e-07, -2.69406132590483e-07, 1.82069020754022e-08, 0, 0, 0, 0
-1.38324512502073e-06, -0.00110927234483295, -1.15362092375069e-07, -9.26535268369323e-05, -1.74499126183765e-05, -0.0140523192720035, -5.73673265259706e-07, -0.00116344167030705, -2.82292072817598e-05, 9.94731159292481e-05, -2.80401539705295e-06, 0.995941610284951, -0.000147957466530996, 0.0146410713577128, -9.00406010877335e-07, -0.00113540464122946, -7.01184959596686e-05, 0.00260062726702648, 2.66175178982081e-06, -0.000303299696014285, -2.41219623844983e-05, 0.000467361648758952, 1.3877946208251e-06, -5.3699632011182e-05, -5.39168180836654e-06, 8.54625107482593e-05, 4.8985664796948e-07, -9.649015637061e-06, -1.25369891524809e-06, 1.54675464850901e-05, 1.08469313284604e-07, -1.75586678999779e-06, -3.18024946638075e-07, 3.23973864140535e-06, 2.00343156201103e-08, -2.61412360845667e-07, 0, 0, 0, 0
0.00163583470178278, -1.53424869599608e-05, 0.000136803808899107, -1.28365207273836e-06, 0.0207930405203764, -0.000195255308007242, 0.00255797518653843, -2.68402638655845e-05, 0.121425303972968, -0.00127207871140788, 0.0144089181434084, -0.000147957466530996, 0.691148193070996, -0.00708133708539634, -3.19448424170713e-05, -4.52428760675904e-05, 0.119939807981276, -0.00337763797377202, -0.014402026680269, 0.00012748873156683, 0.0211147807728427, -0.00115011878120952, -0.00247263847073281, 6.72318471193378e-05, 0.00410352572834958, -0.000242038451742087, -0.000434494251626589, 2.34386643133208e-05, 0.000762707543860969, -5.58905435586358e-05, -8.43674766245523e-05, 4.85473427106742e-06, 0.000154405048925033, -1.48749503929331e-05, -1.30081741181959e-05, 8.78091520756228e-07, 0, 0, 0, 0
-1.57826548726481e-05, 0.00161761797869027, -1.32035780802821e-06, 0.000135290896656268, -0.000200806407694064, 0.0205658819055365, -2.70023449169905e-05, 0.00258220149064507, -0.00128005331587092, 0.122546760217395, -0.000147838258417996, 0.0146410713577128, -0.00708133708539634, 0.701725975838025, -4.49679932974001e-05, 6.24950505741428e-05, -0.0033728342187114, 0.12545600568937, 0.000127234395525669, -0.0145986339554584, -0.00116196057649632, 0.0225462909580216, 6.67474996527547e-05, -0.002590543684595, -0.000259768967464932, 0.00412284912055986, 2.35960426498489e-05, -0.000465484356241692, -6.04183506121524e-05, 0.000746178358098105, 5.22585767879262e-06, -8.47058507187579e-05, -1.5329477889639e-05, 0.000156289742091456, 9.65428136877e-07, -1.26109419184695e-05, 0, 0, 0, 0
-0.000197210893648895, -2.20096074303376e-07, -1.64925476478227e-05, -1.83512935651654e-08, -0.00250671062797392, -2.77462535538704e-06, -0.000308015381970055, -6.81198339554347e-08, -0.0145882300531243, -3.43965653449875e-06, -0.00113597376851576, -9.00406010877336e-07, -3.1944842417071e-05, -4.49679932974001e-05, 0.995947837211631, -5.54757052702591e-06, 0.0143964119745493, -0.000261609324981247, -0.00113384173808069, -1.45020230735646e-06, 0.00254257591138919, -0.000112447458184804, -0.000297468435245812, 5.09908438107991e-06, 0.000494100288036986, -2.43847226052954e-05, -5.23212096173553e-05, 2.28464701584822e-06, 9.18225835673909e-05, -5.86931540913152e-06, -1.01587134216255e-05, 4.86771562327393e-07, 1.85852794214746e-05, -1.61109364329151e-06, -1.5661332070697e-06, 9.11837416615373e-08, 0, 0, 0, 0
-2.21118560653693e-07, -0.000191864703179506, -1.84369070313656e-08, -1.60466993536164e-05, -2.78766532260576e-06, -0.00243927648307365, -7.02367315058016e-08, -0.000305907480293233, -3.53946151564723e-06, -0.0144847807707385, -9.06032829095306e-07, -0.00113540464122946, -4.52428760675904e-05, 6.2495050574143e-05, -5.54757052702591e-06, 0.995955330955143, -0.000261710446433521, 0.014848503780508, -1.46827197006101e-06, -0.00113298220136584, -0.00011356476296397, 0.00267686714823228, 5.0643133156362e-06, -0.000307285103931369, -2.61033574708934e-05, 0.000489464776436771, 2.29954978156801e-06, -5.52666054087876e-05, -6.29335216255856e-06, 8.857232041581e-05, 5.23026492216783e-07, -1.0056418263249e-05, -1.64207462377758e-06, 1.85481204254648e-05, 9.96108580734483e-08, -1.49701189052745e-06, 0, 0, 0, 0
0.000281024288536901, -7.55756863098061e-06, 2.35018838096764e-05, -6.3216457464665e-07, 0.00357209141693269, -9.61181685801984e-05, 0.000439453509633223, -1.24677137012189e-05, 0.0208610252529851, -0.0005914100106798, 0.00248406453589044, -7.01184959596686e-05, 0.119939807981276, -0.0033728342187114, 0.0143964119745493, -0.000261710446433521, 0.690635526005925, -0.0127709618351839, 6.10233272257628e-05, -4.47430686737861e-05, 0.122781817904061, -0.0054547105526846, -0.0143320140842867, 0.000249070682029458, 0.0238608363616583, -0.00118204409237229, -0.00252664485653128, 0.000110833910145099, 0.00443426237834158, -0.000284246068727024, -0.000490579248126725, 2.35987602341839e-05, 0.000897516839008486, -7.79711492210133e-05, -7.56310571204712e-05, 4.41706050987646e-06, 0, 0, 0, 0
-7.77105534917356e-06, 0.000286337643017091, -6.49970608449643e-07, 2.39481021115564e-05, -9.88118989629105e-05, 0.00364040701924297, -1.25628869237947e-05, 0.000457092964128981, -0.000596053883901558, 0.0216933187311327, -7.01638663895744e-05, 0.00260062726702648, -0.00337763797377202, 0.12545600568937, -0.000261609324981247, 0.014848503780508, -0.0127709618351839, 0.712504009370263, -4.57719162011694e-05, 8.20140085066558e-05, -0.00550746356297329, 0.129273112652521, 0.000247285558785197, -0.0148068070660514, -0.00126509576558708, 0.0236381087132795, 0.000111527076067896, -0.00266900978418451, -0.000304759076904089, 0.00427750646858682, 2.53507526264718e-05, -0.000485662436563493, -7.94696852732646e-05, 0.000895765306108436, 4.82473307001342e-06, -7.22965321616903e-05, 0, 0, 0, 0
-3.38627074482003e-05, 2.7344825364394e-07, -2.83191661599051e-06, 2.28798079823186e-08, -0.000430427777962295, 3.48058741365052e-06, -5.29518890970042e-05, 4.85131959018885e-07, -0.00251362706010242, 2.29879684917736e-05, -0.000298957284699165, 2.66175178982081e-06, -0.014402026680269, 0.000127234395525669, -0.00113384173808069, -1.46827197006101e-06, 6.10233272257636e-05, -4.57719162011694e-05, 0.995951659464484, -1.10289693394557e-05, 0.0147608112770752, -0.000385903442148384, -0.00112862823499427, -1.0082267290555e-06, 0.0028778700719431, -9.28505304633271e-05, -0.000304428310805058, 7.75174151624079e-06, 0.000534677815116845, -2.52944378206661e-05, -5.91708587561184e-05, 1.82472015614796e-06, 0.000108183955830234, -7.52389320998106e-06, -9.12028567303613e-06, 3.8077830929208e-07, 0, 0, 0, 0
2.8200780697704e-07, -3.34346079613866e-05, 2.35937327608874e-08, -2.79633279481455e-06, 3.5885934925169e-06, -0.000425077029920939, 4.88989116389013e-07, -5.33719703790045e-05, 2.31761524164938e-05, -0.00253297784288501, 2.66487154198794e-06, -0.000303299696014285, 0.00012748873156683, -0.0145986339554584, -1.45020230735646e-06, -0.00113298220136584, -4.47430686737862e-05, 8.20140085066559e-05, -1.10289693394557e-05, 0.995962501114433, -0.000385655173154967, 0.0150683778458944, -1.13550325183762e-06, -0.00113153000478868, -9.77433254916917e-05, 0.00276408177975243, 7.72444420858367e-06, -0.000311784722870613, -2.63169614572824e-05, 0.000500040002154624, 1.93240017434161e-06, -5.67919591378917e-05, -7.40823282917954e-06, 0.000104675958428511, 4.05177749334379e-07, -8.45227276615701e-06, 0, 0, 0, 0
4.94704753350737e-05, -2.62727025096522e-06, 4.13718498929238e-06, -2.19748256628444e-07, 0.000628817903783274, -3.34082027166028e-05, 7.73616342741713e-05, -4.26495865183488e-06, 0.00367238508952109, -0.000202359400355936, 0.000437297574317653, -2.41219623844983e-05, 0.0211147807728427, -0.00116196057649631, 0.00254257591138919, -0.00011356476296397, 0.122781817904061, -0.00550746356297329, 0.0147608112770753, -0.000385655173154968, 0.707858015754504, -0.0191054705169958, 0.000346412028910821, 2.01795579289045e-05, 0.138900367655495, -0.00456892417646723, -0.0146603869568839, 0.000384029254285257, 0.0258069889261226, -0.0012366627122103, -0.00285591529039688, 8.9867777916686e-05, 0.0052217195390184, -0.000366453503841304, -0.000440202255225988, 1.86457922451082e-05, 0, 0, 0, 0
-2.66907184436225e-06, 5.14567184898073e-05, -2.23227547279282e-07, 4.30362854340436e-06, -3.39326430836727e-05, 0.000654204738485332, -4.24756131046965e-06, 8.21443800339343e-05, -0.000201577482469467, 0.00389851491075122, -2.38574565145099e-05, 0.000467361648758952, -0.00115011878120952, 0.0225462909580216, -0.000112447458184804, 0.00267686714823227, -0.0054547105526846, 0.129273112652521, -0.000385903442148384, 0.0150683778458944, -0.0191054705169958, 0.723588988796493, 1.37731526977788e-05, 9.23424707215979e-05, -0.00481423377130423, 0.133570245040181, 0.000382913410769408, -0.0150337284797148, -0.0012886218336243, 0.024164474881208, 9.52499813443544e-05, -0.00274442330619921, -0.000361409989566466, 0.00505854521127158, 1.98677799601294e-05, -0.000408455325654212, 0, 0, 0, 0
-5.79337140797894e-06, 1.49446472885208e-07, -4.84495991099863e-07, 1.2500750351545e-08, -7.36393718186276e-05, 1.90070850862639e-06, -9.05941232578366e-06, 2.46880992971691e-07, -0.000430053778437217, 1.17106357360354e-05, -5.12098607738304e-05, 1.3877946208251e-06, -0.00247263847073281, 6.67474996527547e-05, -0.000297468435245812, 5.0643133156362e-06, -0.0143320140842868, 0.000247285558785197, -0.00112862823499427, -1.13550325183762e-06, 0.000346412028910822, 1.37731526977788e-05, 0.995984367177602, -7.90246091331141e-06, 0.0163523366665358, -0.000120451692041687, -0.00113114426351273, -1.79961199219957e-06, 0.00304624159062339, -7.0261654971829e-05, -0.000336900440926663, 2.0010633242273e-06, 0.000616058523407586, -2.7423278371749e-05, -5.19681469846883e-05, 9.207898419363e-07, 0, 0, 0, 0
1.54576678312435e-07, -5.91246476132769e-06, 1.29288464624139e-08, -4.94494219739039e-07, 1.96552670038645e-06, -7.51692225850295e-05, 2.50203952248e-07, -9.43831089123195e-06, 1.18708520354714e-05, -0.000447935793645434, 1.39676856280447e-06, -5.36996320111821e-05, 6.72318471193379e-05, -0.002590543684595, 5.09908438107992e-06, -0.000307285103931369, 0.000249070682029457, -0.0148068070660514, -1.0082267290555e-06, -0.00113153000478868, 2.01795579289045e-05, 9.23424707215989e-05, -7.90246091331141e-06, 0.995972732408771, -0.000118663843727965, 0.0153361916792948, -1.87783726535847e-06, -0.00113136839371751, -6.74933619490789e-05, 0.00278227329165334, 2.0091535205866e-06, -0.000315789992190772, -2.52641993293042e-05, 0.000582104130556158, 9.07651330302829e-07, -4.70365218887295e-05, 0, 0, 0, 0
9.61423802992954e-06, -5.88076785737037e-07, 8.04032750689332e-07, -4.91870783720513e-08, 0.000122206334632564, -7.47777267084502e-06, 1.50347993520072e-05, -9.52554768270482e-07, 0.000713707343159735, -4.51973739313542e-05, 8.49861021194705e-05, -5.39168180836654e-06, 0.00410352572834957, -0.000259768967464932, 0.000494100288036986, -2.61033574708934e-05, 0.0238608363616583, -0.00126509576558708, 0.0028778700719431, -9.77433254916917e-05, 0.138900367655495, -0.00481423377130423, 0.0163523366665358, -0.000118663843727964, 0.784641181191573, -0.00678855331215506, 0.000174462811233231, 2.6810648493777e-05, 0.147022279132384, -0.00356728029788687, -0.0162269187876068, 0.000116610913821071, 0.0297344329426694, -0.00136040232263601, -0.00250817636950303, 4.7419566166655e-05, 0, 0, 0, 0
-5.62404303583566e-07, 9.409415764794e-06, -4.70362141952901e-08, 7.86964900774137e-07, -7.14982878866316e-06, 0.000119628398743442, -8.92952499340678e-07, 1.50210922872252e-05, -4.23785812419329e-05, 0.000712890470938506, -5.01966860323404e-06, 8.54625107482593e-05, -0.000242038451742087, 0.00412284912055986, -2.43847226052954e-05, 0.000489464776436771, -0.00118204409237229, 0.0236381087132795, -9.28505304633271e-05, 0.00276408177975243, -0.00456892417646723, 0.133570245040181, -0.000120451692041687, 0.0153361916792948, -0.00678855331215506, 0.737138762154015, 2.38637362357356e-05, 2.11966654012091e-05, -0.00345902375312927, 0.134561543071288, 0.000118746148735675, -0.0152397352266037, -0.00126125901322417, 0.0281542065777784, 4.72206155876209e-05, -0.00227487856528788, 0, 0, 0, 0
-1.01799034755776e-06, 5.33455376173802e-08, -8.51338974699723e-08, 4.46189313091764e-09, -1.29396483021089e-05, 6.78340107487484e-07, -1.59192620351233e-06, 8.66174685336423e-08, -7.5569320241026e-05, 4.10972298599983e-06, -8.99859029444106e-06, 4.89856647969481e-07, -0.000434494251626589, 2.35960426498489e-05, -5.23212096173554e-05, 2.29954978156801e-06, -0.00252664485653128, 0.000111527076067896, -0.000304428310805058, 7.72444420858367e-06, -0.0146603869568839, 0.000382913410769408, -0.00113114426351273, -1.87783726535847e-06, 0.000174462811233231, 2.38637362357356e-05, 0.995974900956418, -1.34453107758915e-05, 0.0155838520085538, -0.000242751061905611, -0.00112504668607479, -2.99622380070034e-06, 0.00316130718713344, -0.000116097411517242, -0.000266364274288546, 2.73302835174096e-06, 0, 0, 0, 0
5.4387096572873e-08, -1.06236115896791e-06, 4.54866316277827e-09, -8.88515228082311e-08, 6.91439745582746e-07, -1.35065297624262e-05, 8.65715041708312e-08, -1.69592908962721e-06, 4.10842875959609e-06, -8.04876110173058e-05, 4.86209404239279e-07, -9.64901563706101e-06, 2.34386643133208e-05, -0.000465484356241692, 2.28464701584822e-06, -5.52666054087876e-05, 0.000110833910145099, -0.00266900978418451, 7.75174151624079e-06, -0.000311784722870613, 0.000384029254285257, -0.0150337284797148, -1.79961199219957e-06, -0.00113136839371751, 2.6810648493777e-05, 2.1196665401208e-05, -1.34453107758915e-05, 0.995973688455224, -0.000241629918736706, 0.0151543054099762, -2.97905531959286e-06, -0.00112134729989448, -0.000112348781829632, 0.00318058362354418, 2.78963127165189e-06, -0.000256696372171083, 0, 0, 0, 0
1.78694997988829e-06, -1.3700212581729e-07, 1.49441524088127e-07, -1.14588060515926e-08, 2.2713878978876e-05, -1.74201550472569e-06, 2.79448217363877e-06, -2.21262979771344e-07, 0.000132655045674568, -1.04990903221971e-05, 1.57960811013896e-05, -1.25369891524809e-06, 0.000762707543860969, -6.04183506121524e-05, 9.1822583567391e-05, -6.29335216255856e-06, 0.00443426237834158, -0.000304759076904089, 0.000534677815116845, -2.63169614572824e-05, 0.0258069889261226, -0.0012886218336243, 0.00304624159062339, -6.74933619490789e-05, 0.147022279132384, -0.00345902375312927, 0.0155838520085538, -0.000241629918736706, 0.750849036392526, -0.0125342939411709, 0.000130518644660244, -4.99551116000064e-05, 0.153243488691976, -0.00578797381816793, -0.0128788151777975, 0.000145445935139981, 0, 0, 0, 0
-1.30102314798697e-07, 1.70295926403841e-06, -1.08808624073296e-08, 1.42428528853615e-07, -1.65393006870946e-06, 2.16509002113967e-05, -2.05888565790724e-07, 2.71862690478192e-06, -9.77176103356266e-06, 0.000129024089877501, -1.15877436708738e-06, 1.54675464850901e-05, -5.58905435586357e-05, 0.000746178358098104, -5.86931540913152e-06, 8.85723204158099e-05, -0.000284246068727024, 0.00427750646858682, -2.52944378206661e-05, 0.000500040002154624, -0.0012366627122103, 0.024164474881208, -7.0261654971829e-05, 0.00278227329165334, -0.00356728029788687, 0.134561543071288, -0.000242751061905611, 0.0151543054099762, -0.0125342939411709, 0.729227771030532, -4.37738858940771e-05, 0.000414852895084775, -0.00560856541806096, 0.154011166830905, 0.000149304863576041, -0.0123966641466497, 0, 0, 0, 0
-1.97666492733006e-07, 1.18284096319357e-08, -1.6530725851841e-08, 9.89336171483864e-10, -2.51253372129417e-06, 1.50406311340887e-07, -3.09111593283802e-07, 1.91655743894738e-08, -1.46736390095001e-05, 9.09374843356448e-07, -1.74729309912682e-06, 1.08469313284604e-07, -8.43674766245523e-05, 5.22585767879262e-06, -1.01587134216255e-05, 5.23026492216783e-07, -0.000490579248126725, 2.53507526264718e-05, -5.91708587561184e-05, 1.93240017434161e-06, -0.00285591529039688, 9.52499813443544e-05, -0.000336900440926663, 2.0091535205866e-06, -0.0162269187876068, 0.000118746148735675, -0.00112504668607479, -2.97905531959286e-06, 0.000130518644660244, -4.37738858940771e-05, 0.996038049187885, -1.02246974948655e-05, 0.0169713438027102, -0.000357384586714094, -0.000829575811245854, -6.74620522870413e-06, 0, 0, 0, 0
1.12782481991022e-08, -1.93320956734129e-07, 9.43248197082376e-10, -1.61685709920147e-08, 1.43380579867793e-07, -2.45782275586771e-06, 1.79135849529068e-08, -3.08615143300759e-07, 8.50154839395152e-07, -1.46466578505963e-05, 1.00686391513081e-07, -1.75586678999779e-06, 4.85473427106741e-06, -8.47058507187579e-05, 4.86771562327393e-07, -1.0056418263249e-05, 2.35987602341839e-05, -0.000485662436563493, 1.82472015614796e-06, -5.67919591378917e-05, 8.9867777916686e-05, -0.00274442330619921, 2.0010633242273e-06, -0.000315789992190771, 0.000116610913821071, -0.0152397352266037, -2.99622380070034e-06, -0.00112134729989448, -4.99551116000064e-05, 0.000414852895084776, -1.02246974948656e-05, 0.996030788451785, -0.00035951592672235, 0.017621446210791, -6.65892843426349e-06, -0.000821684655814638, 0, 0, 0, 0
3.61752565730961e-07, -3.48062465155749e-08, 3.02531458643435e-08, -2.91115482648652e-09, 4.59822916315639e-06, -4.42558889831645e-07, 5.65728896561422e-07, -5.6080800055645e-08, 2.68553407963885e-05, -2.66117213251823e-06, 3.19781635998339e-06, -3.18024946638075e-07, 0.000154405048925033, -1.5329477889639e-05, 1.85852794214746e-05, -1.64207462377758e-06, 0.000897516839008486, -7.94696852732646e-05, 0.000108183955830234, -7.40823282917953e-06, 0.0052217195390184, -0.000361409989566466, 0.000616058523407586, -2.52641993293042e-05, 0.0297344329426694, -0.00126125901322416, 0.00316130718713343, -0.000112348781829632, 0.153243488691976, -0.00560856541806096, 0.0169713438027102, -0.00035951592672235, 0.820110536355105, -0.0180048019175303, 0.0143509554194964, -0.000266713847427402, 0, 0, 0, 0
-3.46741137181209e-08, 3.56687238225593e-07, -2.89987638517926e-09, 2.98318599301964e-08, -4.40784211010653e-07, 4.534812709709e-06, -5.47326919128821e-08, 5.69430929679377e-07, -2.59779500416712e-06, 2.70247770368554e-05, -3.08329847643403e-07, 3.23973864140535e-06, -1.48749503929331e-05, 0.000156289742091456, -1.61109364329151e-06, 1.85481204254647e-05, -7.79711492210133e-05, 0.000895765306108435, -7.52389320998106e-06, 0.000104675958428511, -0.000366453503841304, 0.00505854521127158, -2.7423278371749e-05, 0.000582104130556158, -0.00136040232263601, 0.0281542065777783, -0.000116097411517242, 0.00318058362354418, -0.00578797381816793, 0.154011166830905, -0.000357384586714095, 0.017621446210791, -0.0180048019175303, 0.848803562358863, -0.000262850070280549, 0.0149519804529102, 0, 0, 0, 0
-3.04769673296628e-08, 2.18820403208512e-09, -2.54876992777781e-09, 1.83021114493191e-10, -3.87391993967893e-07, 2.78237806126955e-08, -4.76605176822644e-08, 3.53680174857032e-09, -2.2624615968846e-06, 1.67821792961238e-07, -2.69406132590483e-07, 2.00343156201103e-08, -1.30081741181959e-05, 9.65428136877e-07, -1.5661332070697e-06, 9.96108580734483e-08, -7.56310571204712e-05, 4.82473307001342e-06, -9.12028567303613e-06, 4.05177749334379e-07, -0.000440202255225988, 1.98677799601294e-05, -5.19681469846883e-05, 9.0765133030283e-07, -0.00250817636950303, 4.7220615587621e-05, -0.000266364274288546, 2.78963127165189e-06, -0.0128788151777975, 0.000149304863576041, -0.000829575811245854, -6.65892843426349e-06, 0.0143509554194964, -0.000262850070280549, 0.99829308444172, -8.8741453229511e-06, 0, 0, 0, 0
2.0430163079933e-09, -2.87812936341196e-08, 1.70864412094145e-10, -2.40714932011933e-09, 2.59721578673602e-08, -3.65916494791418e-07, 3.23602771008497e-09, -4.59466176696172e-08, 1.5358423668331e-07, -2.18059380219235e-06, 1.82069020754022e-08, -2.61412360845667e-07, 8.78091520756228e-07, -1.26109419184695e-05, 9.11837416615374e-08, -1.49701189052745e-06, 4.41706050987646e-06, -7.22965321616903e-05, 3.8077830929208e-07, -8.45227276615702e-06, 1.86457922451082e-05, -0.000408455325654212, 9.207898419363e-07, -4.70365218887295e-05, 4.7419566166655e-05, -0.00227487856528788, 2.73302835174096e-06, -0.000256696372171083, 0.000145445935139981, -0.0123966641466497, -6.74620522870414e-06, -0.000821684655814638, -0.000266713847427402, 0.0149519804529102, -8.8741453229511e-06, 0.9982956367804, 0, 0, 0, 0
0, 0, 0, 0, 0, 0, 0, 0, 0, 0, 0, 0, 0, 0, 0, 0, 0, 0, 0, 0, 0, 0, 0, 0, 0, 0, 0, 0, 0, 0, 0, 0, 0, 0, 0, 0, 0.333344444814827, -1.21096397511066e-17, -1.40144160118756e-18, -6.90851493543163e-19
0, 0, 0, 0, 0, 0, 0, 0, 0, 0, 0, 0, 0, 0, 0, 0, 0, 0, 0, 0, 0, 0, 0, 0, 0, 0, 0, 0, 0, 0, 0, 0, 0, 0, 0, 0, -1.21096397511066e-17, 0.333344444814826, -9.29688724168083e-18, -4.53988124328363e-19
0, 0, 0, 0, 0, 0, 0, 0, 0, 0, 0, 0, 0, 0, 0, 0, 0, 0, 0, 0, 0, 0, 0, 0, 0, 0, 0, 0, 0, 0, 0, 0, 0, 0, 0, 0, -1.40144160118756e-18, -9.29688724168083e-18, 0.333344444814827, -1.18036912325375e-17
0, 0, 0, 0, 0, 0, 0, 0, 0, 0, 0, 0, 0, 0, 0, 0, 0, 0, 0, 0, 0, 0, 0, 0, 0, 0, 0, 0, 0, 0, 0, 0, 0, 0, 0, 0, -6.90851493543163e-19, -4.53988124328363e-19, -1.18036912325375e-17, 0.333344444814827
0.186068396677771, 4.23235887170764e-06, -0.00116378960399087, 3.52470162248378e-07, 0.0508358774457832, 4.50326294966208e-05, -0.00736882762487058, -5.90878113655815e-07, 0.0137059165148892, -9.808378632773e-06, -0.0020012431830497, -4.55994803144144e-06, 0.0036336370976258, -6.16371571580936e-05, -0.000540275253368931, -1.53213511368056e-06, 0.000962242924353635, -4.57694349906476e-05, -0.000142858169944647, 1.68334789605828e-06, 0.000263400816132482, -2.22981043432749e-05, -3.72361436080707e-05, 1.61194499528059e-06, 8.36494505294121e-05, -7.96423500565539e-06, -1.01471679508566e-05, 8.19468702201044e-07, 2.40456691866935e-05, -3.04432173948051e-06, -3.21537084940825e-06, 2.84190420717275e-07, 7.91436644127724e-06, -1.27386863064689e-06, -6.859656465918e-07, 7.54506714808757e-08, 0, 0, 0, 0
4.23235887170764e-06, 0.185906451245971, 3.52479142963699e-07, -0.00117728637537395, 4.50357492142706e-05, 0.049109297844478, -5.53450483011655e-07, -0.0073878189525426, -8.92696951929959e-06, 0.013103333070922, -4.43681040654335e-06, -0.00193139906149809, -5.87514097266012e-05, 0.00353950495963424, -1.4744621286561e-06, -0.000513958200584737, -4.3538273575596e-05, 0.000978741468618374, 1.59825383409815e-06, -0.00013828858615025, -2.1403862196688e-05, 0.00027745981372492, 1.49809398964759e-06, -3.80987444950185e-05, -8.40045456524551e-06, 8.0210158020094e-05, 7.77912687618654e-07, -1.07842855590594e-05, -3.12630144307068e-06, 2.31779397550666e-05, 3.04681049866294e-07, -3.05953506514237e-06, -1.23330438743901e-06, 8.08353376915138e-06, 8.06711173860819e-08, -6.41751309242812e-07, 0, 0, 0, 0
-0.00116378960399087, 3.52479142963699e-07, 0.199870957728813, 2.93543055034412e-08, 0.00423631389858992, 3.75037075040571e-06, -0.000375885734346584, -4.96282590456185e-08, 0.00114757580468345, -8.26715396623194e-07, -0.000167273924402185, -3.81003427382879e-07, 0.00030424542466878, -5.16236979191231e-06, -4.52370437465858e-05, -1.28072034294833e-07, 8.05688817408828e-05, -3.83269484436293e-06, -1.19615539459613e-05, 1.41004759361797e-07, 2.2054631401352e-05, -1.86714190974384e-06, -3.11779312784339e-06, 1.34984459047292e-07, 7.00399490502862e-06, -6.66880975494371e-07, -8.49625476088494e-07, 6.86188291269556e-08, 2.01335176964511e-06, -2.54911543700845e-07, -2.6922400888336e-07, 2.37966156629403e-08, 6.62672583658522e-07, -1.0666473511058e-07, -5.74361250880476e-08, 6.31777259514631e-09, 0, 0, 0, 0
3.52470162248378e-07, -0.00117728637537395, 2.93543055034412e-08, 0.199869832887419, 3.75053500415873e-06, 0.00409241801790719, -4.65100382240118e-08, -0.000377470750068036, -7.53290228893393e-07, 0.00109730305514546, -3.70725429682057e-07, -0.000161452471471121, -4.92159962699544e-06, 0.00029641280814923, -1.23252522800475e-07, -4.30406380111836e-05, -3.64647613512221e-06, 8.19638851840788e-05, 1.33903888012256e-07, -1.15808595041635e-05, -1.79255779634583e-06, 2.32356437875507e-05, 1.25472104193387e-07, -3.19054740323388e-06, -7.03523707330664e-07, 6.71713431320253e-06, 6.51498573618022e-08, -9.03121100439261e-07, -2.61819450305273e-07, 1.94101798445536e-06, 2.55165925591427e-08, -2.56218262390097e-07, -1.03285315511392e-07, 6.7694914376032e-07, 6.75601929434459e-09, -5.37429452584778e-08, 0, 0, 0, 0
0.0508358774457831, 4.50357492142706e-05, 0.00423631389858992, 3.75053500415873e-06, 0.541839194584022, 0.000479171769234921, 0.00419789050122582, -6.43289710657564e-06, 0.147968156376029, -0.000107792351530387, -0.0215055335529884, -4.8953014945178e-05, 0.0392307425063137, -0.000665980587366221, -0.00583298672170533, -1.6467413885783e-05, 0.010388910024201, -0.000494293550167748, -0.00154237544330386, 1.81943512114273e-05, 0.00284382314825979, -0.000240782726842656, -0.000402022098685157, 1.74089550347787e-05, 0.00090312668094147, -8.59978619002257e-05, -0.000109554517540057, 8.84899452914848e-06, 0.000259610719194902, -3.28715239204765e-05, -3.47149558591498e-05, 3.06871857633468e-06, 8.54480305134975e-05, -1.37545553991633e-05, -7.40607399438522e-06, 8.14699759618525e-07, 0, 0, 0, 0
4.50326294966208e-05, 0.049109297844478, 3.75037075040571e-06, 0.00409241801790719, 0.000479171769234921, 0.52343121827289, -6.03422864586736e-06, 0.00399463289874632, -9.84066003647194e-05, 0.141525462310102, -4.76347909070436e-05, -0.0207607033142028, -0.000635121222101271, 0.0382314940962984, -1.58480319863615e-05, -0.00555132956749949, -0.000470412105993687, 0.0105717533254354, 1.72839930246127e-05, -0.00149370599701724, -0.000231229093234191, 0.00299694876107201, 1.61868508005505e-05, -0.000411518790196365, -9.0748500948428e-05, 0.000866380581063653, 8.403989005451e-06, -0.000116485154792538, -3.37718105057287e-05, 0.000250353895674757, 3.29143724405622e-06, -3.30472050619188e-05, -1.332251932313e-05, 8.73134067371816e-05, 8.71457649453876e-07, -6.93180292900496e-06, 0, 0, 0, 0
