1, 0, 0, 0, 0, 0, 0, 0, 0, 0, 0, 0, 0, 0, 0, 0, 0, 0, 0, 0, 0, 0, 0, 0, 0, 0, 0, 0, 0, 0, 0, 0, 0, 0, 0, 0, 0, 0, 0, 0
0, 1, 0, 0, 0, 0, 0, 0, 0, 0, 0, 0, 0, 0, 0, 0, 0, 0, 0, 0, 0, 0, 0, 0, 0, 0, 0, 0, 0, 0, 0, 0, 0, 0, 0, 0, 0, 0, 0, 0
0, 0, 1, 0, 0, 0, 0, 0, 0, 0, 0, 0, 0, 0, 0, 0, 0, 0, 0, 0, 0, 0, 0, 0, 0, 0, 0, 0, 0, 0, 0, 0, 0, 0, 0, 0, 0, 0, 0, 0
0, 0, 0, 1, 0, 0, 0, 0, 0, 0, 0, 0, 0, 0, 0, 0, 0, 0, 0, 0, 0, 0, 0, 0, 0, 0, 0, 0, 0, 0, 0, 0, 0, 0, 0, 0, 0, 0, 0, 0
0, 0, 0, 0, 1, 0, 0, 0, 0, 0, 0, 0, 0, 0, 0, 0, 0, 0, 0, 0, 0, 0, 0, 0, 0, 0, 0, 0, 0, 0, 0, 0, 0, 0, 0, 0, 0, 0, 0, 0
0, 0, 0, 0, 0, 1, 0, 0, 0, 0, 0, 0, 0, 0, 0, 0, 0, 0, 0, 0, 0, 0, 0, 0, 0, 0, 0, 0, 0, 0, 0, 0, 0, 0, 0, 0, 0, 0, 0, 0
0, 0, 0, 0, 0, 0, 1, 0, 0, 0, 0, 0, 0, 0, 0, 0, 0, 0, 0, 0, 0, 0, 0, 0, 0, 0, 0, 0, 0, 0, 0, 0, 0, 0, 0, 0, 0, 0, 0, 0
0, 0, 0, 0, 0, 0, 0, 1, 0, 0, 0, 0, 0, 0, 0, 0, 0, 0, 0, 0, 0, 0, 0, 0, 0, 0, 0, 0, 0, 0, 0, 0, 0, 0, 0, 0, 0, 0, 0, 0
0, 0, 0, 0, 0, 0, 0, 0, 1, 0, 0, 0, 0, 0, 0, 0, 0, 0, 0, 0, 0, 0, 0, 0, 0, 0, 0, 0, 0, 0, 0, 0, 0, 0, 0, 0, 0, 0, 0, 0
0, 0, 0, 0, 0, 0, 0, 0, 0, 1, 0, 0, 0, 0, 0, 0, 0, 0, 0, 0, 0, 0, 0, 0, 0, 0, 0, 0, 0, 0, 0, 0, 0, 0, 0, 0, 0, 0, 0, 0
0, 0, 0, 0, 0, 0, 0, 0, 0, 0, 1, 0, 0, 0, 0, 0, 0, 0, 0, 0, 0, 0, 0, 0, 0, 0, 0, 0, 0, 0, 0, 0, 0, 0, 0, 0, 0, 0, 0, 0
0, 0, 0, 0, 0, 0, 0, 0, 0, 0, 0, 1, 0, 0, 0, 0, 0, 0, 0, 0, 0, 0, 0, 0, 0, 0, 0, 0, 0, 0, 0, 0, 0, 0, 0, 0, 0, 0, 0, 0
0, 0, 0, 0, 0, 0, 0, 0, 0, 0, 0, 0, 1, 0, 0, 0, 0, 0, 0, 0, 0, 0, 0, 0, 0, 0, 0, 0, 0, 0, 0, 0, 0, 0, 0, 0, 0, 0, 0, 0
0, 0, 0, 0, 0, 0, 0, 0, 0, 0, 0, 0, 0, 1, 0, 0, 0, 0, 0, 0, 0, 0, 0, 0, 0, 0, 0, 0, 0, 0, 0, 0, 0, 0, 0, 0, 0, 0, 0, 0
0, 0, 0, 0, 0, 0, 0, 0, 0, 0, 0, 0, 0, 0, 1, 0, 0, 0, 0, 0, 0, 0, 0, 0, 0, 0, 0, 0, 0, 0, 0, 0, 0, 0, 0, 0, 0, 0, 0, 0
0, 0, 0, 0, 0, 0, 0, 0, 0, 0, 0, 0, 0, 0, 0, 1, 0, 0, 0, 0, 0, 0, 0, 0, 0, 0, 0, 0, 0, 0, 0, 0, 0, 0, 0, 0, 0, 0, 0, 0
0, 0, 0, 0, 0, 0, 0, 0, 0, 0, 0, 0, 0, 0, 0, 0, 1, 0, 0, 0, 0, 0, 0, 0, 0, 0, 0, 0, 0, 0, 0, 0, 0, 0, 0, 0, 0, 0, 0, 0
0, 0, 0, 0, 0, 0, 0, 0, 0, 0, 0, 0, 0, 0, 0, 0, 0, 1, 0, 0, 0, 0, 0, 0, 0, 0, 0, 0, 0, 0, 0, 0, 0, 0, 0, 0, 0, 0, 0, 0
0, 0, 0, 0, 0, 0, 0, 0, 0, 0, 0, 0, 0, 0, 0, 0, 0, 0, 1, 0, 0, 0, 0, 0, 0, 0, 0, 0, 0, 0, 0, 0, 0, 0, 0, 0, 0, 0, 0, 0
0, 0, 0, 0, 0, 0, 0, 0, 0, 0, 0, 0, 0, 0, 0, 0, 0, 0, 0, 1, 0, 0, 0, 0, 0, 0, 0, 0, 0, 0, 0, 0, 0, 0, 0, 0, 0, 0, 0, 0
0, 0, 0, 0, 0, 0, 0, 0, 0, 0, 0, 0, 0, 0, 0, 0, 0, 0, 0, 0, 1, 0, 0, 0, 0, 0, 0, 0, 0, 0, 0, 0, 0, 0, 0, 0, 0, 0, 0, 0
0, 0, 0, 0, 0, 0, 0, 0, 0, 0, 0, 0, 0, 0, 0, 0, 0, 0, 0, 0, 0, 1, 0, 0, 0, 0, 0, 0, 0, 0, 0, 0, 0, 0, 0, 0, 0, 0, 0, 0
0, 0, 0, 0, 0, 0, 0, 0, 0, 0, 0, 0, 0, 0, 0, 0, 0, 0, 0, 0, 0, 0, 1, 0, 0, 0, 0, 0, 0, 0, 0, 0, 0, 0, 0, 0, 0, 0, 0, 0
0, 0, 0, 0, 0, 0, 0, 0, 0, 0, 0, 0, 0, 0, 0, 0, 0, 0, 0, 0, 0, 0, 0, 1, 0, 0, 0, 0, 0, 0, 0, 0, 0, 0, 0, 0, 0, 0, 0, 0
0, 0, 0, 0, 0, 0, 0, 0, 0, 0, 0, 0, 0, 0, 0, 0, 0, 0, 0, 0, 0, 0, 0, 0, 1, 0, 0, 0, 0, 0, 0, 0, 0, 0, 0, 0, 0, 0, 0, 0
0, 0, 0, 0, 0, 0, 0, 0, 0, 0, 0, 0, 0, 0, 0, 0, 0, 0, 0, 0, 0, 0, 0, 0, 0, 1, 0, 0, 0, 0, 0, 0, 0, 0, 0, 0, 0, 0, 0, 0
0, 0, 0, 0, 0, 0, 0, 0, 0, 0, 0, 0, 0, 0, 0, 0, 0, 0, 0, 0, 0, 0, 0, 0, 0, 0, 1, 0, 0, 0, 0, 0, 0, 0, 0, 0, 0, 0, 0, 0
0, 0, 0, 0, 0, 0, 0, 0, 0, 0, 0, 0, 0, 0, 0, 0, 0, 0, 0, 0, 0, 0, 0, 0, 0, 0, 0, 1, 0, 0, 0, 0, 0, 0, 0, 0, 0, 0, 0, 0
0, 0, 0, 0, 0, 0, 0, 0, 0, 0, 0, 0, 0, 0, 0, 0, 0, 0, 0, 0, 0, 0, 0, 0, 0, 0, 0, 0, 1, 0, 0, 0, 0, 0, 0, 0, 0, 0, 0, 0
0, 0, 0, 0, 0, 0, 0, 0, 0, 0, 0, 0, 0, 0, 0, 0, 0, 0, 0, 0, 0, 0, 0, 0, 0, 0, 0, 0, 0, 1, 0, 0, 0, 0, 0, 0, 0, 0, 0, 0
0, 0, 0, 0, 0, 0, 0, 0, 0, 0, 0, 0, 0, 0, 0, 0, 0, 0, 0, 0, 0, 0, 0, 0, 0, 0, 0, 0, 0, 0, 1, 0, 0, 0, 0, 0, 0, 0, 0, 0
0, 0, 0, 0, 0, 0, 0, 0, 0, 0, 0, 0, 0, 0, 0, 0, 0, 0, 0, 0, 0, 0, 0, 0, 0, 0, 0, 0, 0, 0, 0, 1, 0, 0, 0, 0, 0, 0, 0, 0
0, 0, 0, 0, 0, 0, 0, 0, 0, 0, 0, 0, 0, 0, 0, 0, 0, 0, 0, 0, 0, 0, 0, 0, 0, 0, 0, 0, 0, 0, 0, 0, 1, 0, 0, 0, 0, 0, 0, 0
0, 0, 0, 0, 0, 0, 0, 0, 0, 0, 0, 0, 0, 0, 0, 0, 0, 0, 0, 0, 0, 0, 0, 0, 0, 0, 0, 0, 0, 0, 0, 0, 0, 1, 0, 0, 0, 0, 0, 0
0, 0, 0, 0, 0, 0, 0, 0, 0, 0, 0, 0, 0, 0, 0, 0, 0, 0, 0, 0, 0, 0, 0, 0, 0, 0, 0, 0, 0, 0, 0, 0, 0, 0, 1, 0, 0, 0, 0, 0
0, 0, 0, 0, 0, 0, 0, 0, 0, 0, 0, 0, 0, 0, 0, 0, 0, 0, 0, 0, 0, 0, 0, 0, 0, 0, 0, 0, 0, 0, 0, 0, 0, 0, 0, 1, 0, 0, 0, 0
0, 0, 0, 0, 0, 0, 0, 0, 0, 0, 0, 0, 0, 0, 0, 0, 0, 0, 0, 0, 0, 0, 0, 0, 0, 0, 0, 0, 0, 0, 0, 0, 0, 0, 0, 0, 1, 0, 0, 0
0, 0, 0, 0, 0, 0, 0, 0, 0, 0, 0, 0, 0, 0, 0, 0, 0, 0, 0, 0, 0, 0, 0, 0, 0, 0, 0, 0, 0, 0, 0, 0, 0, 0, 0, 0, 0, 1, 0, 0
0, 0, 0, 0, 0, 0, 0, 0, 0, 0, 0, 0, 0, 0, 0, 0, 0, 0, 0, 0, 0, 0, 0, 0, 0, 0, 0, 0, 0, 0, 0, 0, 0, 0, 0, 0, 0, 0, 1, 0
0, 0, 0, 0, 0, 0, 0, 0, 0, 0, 0, 0, 0, 0, 0, 0, 0, 0, 0, 0, 0, 0, 0, 0, 0, 0, 0, 0, 0, 0, 0, 0, 0, 0, 0, 0, 0, 0, 0, 1
0.311242896711461, -3.95770969549563e-08, -0.00184272372025448, -3.31001468914741e-09, 0.0547526755068635, -5.03149615030511e-07, -0.0064827939160384, -6.29244077149856e-08, 0.00953757197725146, -2.98630895026438e-06, -0.00113391529232279, -3.5440298549255e-07, 0.00163871144037646, -1.70052672623757e-05, -0.000197980783460517, -2.51293640932013e-07, 0.000263831691279484, -1.46825956826157e-05, -3.39989028538315e-05, 2.16842673515885e-07, 4.59935094360943e-05, -6.91725548280334e-06, -5.36055909538042e-06, 2.83977272059354e-07, 1.25507833692434e-05, -1.45394446225627e-06, -9.29336923203825e-07, 1.38908261258199e-07, 2.45417057392491e-06, -4.38714351476438e-07, -2.60201471258401e-07, 2.88213533971633e-08, 3.9329435566759e-07, -1.05121978232904e-07, -5.17835100620749e-08, 9.21831938722021e-09, 3.09188140185627e-08, -8.29478494536047e-09, -2.58640758336756e-09, 6.92937212052844e-10
-3.95770969549563e-08, 0.311168030342646, -3.30979946542646e-09, -0.00184896171504239, -5.03059908297176e-07, 0.0538106516454726, -6.18481421784102e-08, -0.00648468565596269, -2.93589502616894e-06, 0.00937548359031395, -3.48055889425463e-07, -0.00111381437212618, -1.67093887344621e-05, 0.00163178793674148, -2.42277307476452e-07, -0.000193778038544966, -1.42130791898992e-05, 0.000298366782260783, 2.05416626932456e-07, -3.36254010566311e-05, -7.153677055885e-06, 5.66333432458124e-05, 2.6001662266059e-07, -6.13760971252115e-06, -2.09941227931045e-06, 1.0949921345527e-05, 1.41670441082208e-07, -1.16436360960085e-06, -5.47220287095258e-07, 2.12075761892782e-06, 4.26284194750404e-08, -2.25499433082806e-07, -1.08087586085825e-07, 3.93898077140689e-07, 1.15298314831878e-08, -4.46548727729378e-08, -8.51519863160411e-09, 3.10140312886803e-08, 7.11763571672165e-10, -2.59291527931113e-09
-0.00184272372025448, -3.30979946542646e-09, 0.333124189243484, -2.76813755973839e-10, 0.0045620986840994, -4.20779809052881e-08, -0.000341001484226048, -5.2623155171276e-09, 0.000797609034653109, -2.49742516416068e-07, -9.47069868892368e-05, -2.9638424857582e-08, 0.000137044064559557, -1.42213625896425e-06, -1.65568944768042e-05, -2.10154775396532e-08, 2.20640242402209e-05, -1.22789321776064e-06, -2.84329983836141e-06, 1.81343707315064e-08, 3.84639882455303e-06, -5.78484303433262e-07, -4.48299085151904e-07, 2.37487821437119e-08, 1.04961154281005e-06, -1.21592162065048e-07, -7.77196715983943e-08, 1.16167819662398e-08, 2.05240237726412e-07, -3.66893151493141e-08, -2.17604319710154e-08, 2.41030573295298e-09, 3.2890878861294e-08, -8.79126332950952e-09, -4.33061174653904e-09, 7.70920358554725e-10, 2.58571462255791e-09, -6.93685944103909e-10, -2.16299108503763e-10, 5.79497608814891e-11
-3.31001468914742e-09, -0.00184896171504239, -2.76813755973839e-10, 0.33312366948302, -4.20732144125431e-08, 0.00448360763561568, -5.17264465669452e-09, -0.000341159082729564, -2.45542407340978e-07, 0.000784104699887829, -2.91095152306256e-08, -9.30319989477492e-05, -1.39748304986226e-06, 0.00013647393128758, -2.02627666097954e-08, -1.62064761724664e-05, -1.18870523635448e-06, 2.4953787588228e-05, 1.71799370380408e-08, -2.81224704749517e-06, -5.98294944001265e-07, 4.73650721848195e-06, 2.17463870076626e-08, -5.13316555952101e-07, -1.75583513556255e-07, 9.15792332258794e-07, 1.18485511642754e-08, -9.73810890500104e-08, -4.57665517647275e-08, 1.77368722993394e-07, 3.56521096030182e-09, -1.88595557200709e-08, -9.03986241391793e-09, 3.2943509577295e-08, 9.64292885071045e-10, -3.73469258744152e-09, -7.12165261938629e-10, 2.59384621576612e-09, 5.95280641577012e-11, -2.16857441795987e-10
0.0547526755068635, -5.03059908297176e-07, 0.0045620986840994, -4.20732144125431e-08, 0.688943317808372, -6.39547664334228e-06, 0.00144082870070139, -7.99824878758478e-07, 0.121226756819827, -3.79586281509634e-05, -0.0143624647130026, -4.50477541559003e-06, 0.0208294715384403, -0.000216151988108053, -0.00251648059792711, -3.19416478417504e-06, 0.00335353451521908, -0.000186628793649504, -0.000432156155454975, 2.75626199266397e-06, 0.000584618249137119, -8.79244441536583e-05, -6.81374548504526e-05, 3.60960260536226e-06, 0.000159531574965679, -1.84809219622483e-05, -1.18126955643445e-05, 1.76564703835251e-06, 3.11946820647889e-05, -5.57644802052563e-06, -3.30739120397284e-06, 3.66344930378835e-07, 4.99911966696503e-06, -1.3361934620798e-06, -6.5821428622314e-07, 1.17173004999359e-07, 3.93005516127892e-07, -1.05434064310468e-07, -3.28755315973133e-08, 8.80784578017456e-09
-5.03149615030511e-07, 0.0538106516454726, -4.20779809052881e-08, 0.00448360763561568, -6.39547664334228e-06, 0.677090079756435, -7.86284778827397e-07, 0.00141703565644541, -3.73244771793013e-05, 0.119187720044157, -4.42488712531474e-06, -0.0141094798182399, -0.000212428984355082, 0.0207451663467578, -3.08010836465091e-06, -0.00246349920914962, -0.000180693039568318, 0.00379318240459447, 2.61149242687683e-06, -0.000427484833359821, -9.09457867473224e-05, 0.000719988329648906, 3.30563090164995e-06, -7.8028368297624e-05, -2.66901483047951e-05, 0.000139208020000678, 1.8010779100746e-06, -1.48027321421796e-05, -6.95689493032963e-06, 2.69615150366522e-05, 5.41941594244635e-07, -2.86680868294384e-06, -1.37413396053412e-06, 5.00768632597732e-06, 1.4658050529913e-07, -5.67704207676791e-07, -1.08255018399532e-07, 3.94286109556672e-07, 9.04875879950306e-09, -3.29641273775017e-08
-0.0064827939160384, -6.18481421784102e-08, -0.000341001484226048, -5.17264465669452e-09, 0.00144082870070139, -7.86284778827398e-07, 0.995782503844532, -9.83335821422229e-08, 0.0148539898838236, -4.66678141522399e-06, -0.0011649006242714, -5.53834616907753e-07, 0.00256085257584932, -2.65745666483881e-05, -0.000309026420640745, -3.92707063971546e-07, 0.00041230085056636, -2.29450570016195e-05, -5.31312928934623e-05, 3.3886337199454e-07, 7.18759888220522e-05, -1.0809875910637e-05, -8.37717079832192e-06, 4.43782141062824e-07, 1.96136362536273e-05, -2.2721381932764e-06, -1.4523138406475e-06, 2.17077573328913e-07, 3.83523539720984e-06, -6.85596982229761e-07, -4.06627766709894e-07, 4.50403006327573e-08, 6.14617598967362e-07, -1.64278464088454e-07, -8.09242653705927e-08, 1.44058472777646e-08, 4.83181285465339e-08, -1.29626035859418e-08, -4.04188770031146e-09, 1.08288164744394e-09
-6.29244077149856e-08, -0.00648468565596269, -5.26231551712759e-09, -0.000341159082729564, -7.99824878758478e-07, 0.00141703565644541, -9.83335821422229e-08, 0.995782578689155, -4.66783745774678e-06, 0.0148556391081448, -5.53380931772842e-07, -0.00116366932935611, -2.65665873367976e-05, 0.00259440812637278, -3.85205535290768e-07, -0.000307728227053628, -2.25978442223418e-05, 0.000474384138558554, 3.26593591244454e-07, -5.34620225450718e-05, -1.13738824667037e-05, 9.00434035486331e-05, 4.13408927554435e-07, -9.75840791934906e-06, -3.3379295004357e-06, 1.74096765088773e-05, 2.25246808109538e-07, -1.85126387404467e-06, -8.7004494218381e-07, 3.37186931647842e-06, 6.77764240908848e-08, -3.58529715524046e-07, -1.71852302314428e-07, 6.26272809131342e-07, 1.83316879796165e-08, -7.0998398872894e-08, -1.35386175574027e-08, 4.93103308282922e-08, 1.13165825040009e-09, -4.12256984734981e-09
0.00953757197725146, -2.93589502616894e-06, 0.000797609034653109, -2.45542407340978e-07, 0.121226756819827, -3.73244771793013e-05, 0.0148539898838236, -4.66783745774678e-06, 0.700499104359662, -0.000221529376052923, 6.94361724307373e-06, -2.62902045833626e-05, 0.121561830041236, -0.00126147911988708, -0.0146362154352683, -1.86419438676253e-05, 0.0195720726041023, -0.00108920561298449, -0.00252214203885906, 1.60854429858341e-05, 0.00341197977106656, -0.000513147919828493, -0.000397667393010629, 2.10664050326103e-05, 0.000931066564536131, -0.000107859069041577, -6.89418751796223e-05, 1.03047344334086e-05, 0.000182060040089399, -3.25455095172807e-05, -1.93027704389389e-05, 2.13807619782415e-06, 2.91761239843496e-05, -7.79835341550231e-06, -3.84150475074169e-06, 6.83850207649283e-07, 2.29367937292749e-06, -6.15339111459271e-07, -1.91869899046006e-07, 5.14047525957265e-08
-2.98630895026438e-06, 0.00937548359031395, -2.49742516416068e-07, 0.000784104699887829, -3.79586281509634e-05, 0.119187720044157, -4.66678141522399e-06, 0.0148556391081448, -0.000221529376052923, 0.700417277762928, -2.62627254434721e-05, 8.43471127418179e-05, -0.00126081503775276, 0.123126829982389, -1.8281713873222e-05, -0.0145712803630751, -0.00107248094171428, 0.0225140886540387, 1.54994838936023e-05, -0.00253726708796954, -0.000539799408741781, 0.00427342553390023, 1.96201461521059e-05, -0.000463130307202732, -0.000158416665997847, 0.000826256594607256, 1.0690113151228e-05, -8.78602763050018e-05, -4.12919631189142e-05, 0.00016002762685119, 3.2166391937226e-06, -1.70156833166745e-05, -8.15603865265534e-06, 2.97226673839161e-05, 8.70014117941188e-07, -3.36955682931109e-06, -6.42537148413284e-07, 2.34024939332317e-06, 5.3708029027778e-08, -1.95655584186001e-07
-0.00113391529232279, -3.48055889425463e-07, -9.47069868892369e-05, -2.91095152306256e-08, -0.0143624647130026, -4.42488712531474e-06, -0.0011649006242714, -5.53380931772842e-07, 6.94361724307309e-06, -2.62627254434721e-05, 0.995943215030304, -3.11675733024414e-06, 0.014405271621035, -0.000149551284623954, -0.00113929615659556, -2.21669929258362e-06, 0.00232738526988004, -0.000129437443609977, -0.000299558173203778, 1.90331304859394e-06, 0.000405734669259739, -6.10048677380863e-05, -4.72884604941998e-05, 2.50335330292439e-06, 0.000110717496111448, -1.28229479450237e-05, -8.19820586179729e-06, 1.22505604710572e-06, 2.16495747268246e-05, -3.8695502974545e-06, -2.29538330841398e-06, 2.54185189176463e-07, 3.46945770198319e-06, -9.27230549459732e-07, -4.56810538956769e-07, 8.13074350499926e-08, 2.72751220152097e-07, -7.31643389763771e-08, -2.28160701331656e-08, 6.11206782279598e-09
-3.5440298549255e-07, -0.00111381437212618, -2.96384248575819e-08, -9.30319989477492e-05, -4.50477541559003e-06, -0.0141094798182399, -5.53834616907752e-07, -0.00116366932935611, -2.62902045833626e-05, 8.4347112741818e-05, -3.11675733024414e-06, 0.995942084729981, -0.000149628951546859, 0.0146060790847217, -2.17626099445173e-06, -0.00113337726471799, -0.00012758774504678, 0.0026799198962596, 1.83554659362351e-06, -0.000301659741522927, -6.42417801543627e-05, 0.000508683303467115, 2.33396054805803e-06, -5.51282077927549e-05, -1.88535091802805e-05, 9.83526693211763e-05, 1.27223014174822e-06, -1.04583688842503e-05, -4.9144765775754e-06, 1.90486922361254e-05, 3.828176554021e-07, -2.02544602641899e-06, -9.70739223081371e-07, 3.53799456715775e-06, 1.03547102424899e-07, -4.01091068768166e-07, -7.64753808727412e-08, 2.78568184416895e-07, 6.39237999826679e-09, -2.32895781849516e-08
0.00163871144037646, -1.67093887344621e-05, 0.000137044064559557, -1.39748304986226e-06, 0.0208294715384403, -0.000212428984355082, 0.00256085257584932, -2.65665873367976e-05, 0.121561830041236, -0.00126081503775276, 0.014405271621035, -0.000149628951546859, 0.691005979894682, -0.00717967533764792, -0.000197366875220725, -0.00010702808933446, 0.112380058483573, -0.00624236261776268, -0.0144317433804724, 9.104030665223e-05, 0.0195916510913764, -0.00294427600981114, -0.00228340628369568, 0.000120719245816542, 0.00534619625698945, -0.000618898562362959, -0.000395865673816759, 5.91241306424729e-05, 0.00104538562024804, -0.000186794585773088, -0.000110836793530859, 1.22680064575398e-05, 0.000167527984076519, -4.47631465823988e-05, -2.20578549035741e-05, 3.92494683235491e-06, 1.31702024818747e-05, -3.53209637246677e-06, -1.10170824253406e-06, 2.9506736446581e-07
-1.70052672623757e-05, 0.00163178793674148, -1.42213625896425e-06, 0.00013647393128758, -0.000216151988108053, 0.0207451663467578, -2.65745666483881e-05, 0.00259440812637278, -0.00126147911988708, 0.123126829982389, -0.000149551284623954, 0.0146060790847217, -0.00717967533764792, 0.700282238248913, -0.000105032673657214, 0.000133172429016635, -0.00615039225909622, 0.129325726430809, 8.77207983575736e-05, -0.0145245592073498, -0.00309902528257542, 0.0245481048951123, 0.000112495240081845, -0.00266037644368775, -0.000909518231428227, 0.00474631320215422, 6.13719411403486e-05, -0.00050470143084662, -0.000237101924133712, 0.000919249693391196, 1.84674921114744e-05, -9.77442109562397e-05, -4.68362646087729e-05, 0.000170735543092667, 4.99569127776073e-06, -1.93558091489791e-05, -3.68978889426445e-06, 1.34430643465106e-05, 3.08419893381762e-07, -1.12390186521606e-06
-0.000197980783460517, -2.42277307476452e-07, -1.65568944768042e-05, -2.02627666097954e-08, -0.00251648059792711, -3.08010836465091e-06, -0.000309026420640745, -3.85205535290768e-07, -0.0146362154352683, -1.8281713873222e-05, -0.00113929615659556, -2.17626099445173e-06, -0.000197366875220725, -0.000105032673657214, 0.995928780538993, -1.2686452125756e-05, 0.0134618133727163, -0.000608764114579798, -0.00113435824255315, -4.7749094351957e-06, 0.00235336333376385, -0.0003271927922104, -0.000274198199646336, 1.15972427866726e-05, 0.000642127020862842, -6.92322220482385e-05, -4.75534369129255e-05, 6.55745186155749e-06, 0.000125495211867111, -2.14598960200672e-05, -1.33129391476107e-05, 1.3683175502664e-06, 2.01014807875374e-05, -5.19710016648153e-06, -2.64798310538587e-06, 4.50873049514833e-07, 1.58026818254908e-06, -4.10116135254899e-07, -1.32192190167965e-07, 3.42596700579812e-08
-2.51293640932013e-07, -0.000193778038544966, -2.10154775396532e-08, -1.62064761724664e-05, -3.19416478417504e-06, -0.00246349920914962, -3.92707063971546e-07, -0.000307728227053628, -1.86419438676253e-05, -0.0145712803630751, -2.21669929258362e-06, -0.00113337726471799, -0.00010702808933446, 0.000133172429016634, -1.2686452125756e-05, 0.995967932599184, -0.000609148566863805, 0.0153484751899308, -5.17047234981667e-06, -0.00112925811920195, -0.000347626608198607, 0.00292095894694561, 1.08910874543745e-05, -0.000316414974618448, -0.000102467005531389, 0.000564711213099277, 6.87560515811732e-06, -6.00559644672125e-05, -2.70949661436739e-05, 0.000109297766369113, 2.07805090063421e-06, -1.16300255844844e-05, -5.39508484110003e-06, 2.02891976384297e-05, 5.70850711081834e-07, -2.30139321841782e-06, -4.25058512308012e-07, 1.59748553129509e-06, 3.55286106813472e-08, -1.33557375895815e-07
0.000263831691279484, -1.42130791898992e-05, 2.20640242402209e-05, -1.18870523635448e-06, 0.00335353451521908, -0.000180693039568318, 0.000412300850566361, -2.25978442223418e-05, 0.0195720726041023, -0.00107248094171428, 0.00232738526988004, -0.00012758774504678, 0.112380058483573, -0.00615039225909622, 0.0134618133727163, -0.000609148566863805, 0.645864232580259, -0.0294249729083291, 2.8247994060514e-05, -0.000207630047300633, 0.11370765778841, -0.0158107730150022, -0.0132156589128053, 0.00056055206301362, 0.0310264627950258, -0.00334544747226103, -0.00229767938191451, 0.000316873138368883, 0.0060637144813662, -0.00103695593791181, -0.000643258106040093, 6.61202252643266e-05, 0.000971269756776482, -0.000251124237913703, -0.000127946024501022, 2.17864773252513e-05, 7.63559022589058e-05, -1.98168381698246e-05, -6.3873044093456e-06, 1.65542952459029e-06
-1.46825956826157e-05, 0.000298366782260783, -1.22789321776064e-06, 2.4953787588228e-05, -0.000186628793649504, 0.00379318240459447, -2.29450570016195e-05, 0.000474384138558555, -0.00108920561298449, 0.0225140886540387, -0.000129437443609977, 0.0026799198962596, -0.00624236261776268, 0.129325726430809, -0.000608764114579798, 0.0153484751899308, -0.0294249729083291, 0.736594239038562, -0.000226618940655083, 0.000251934255483012, -0.0167878835825601, 0.141049829735593, 0.000526094811686202, -0.0152465711070147, -0.00494840039699961, 0.0272698058708925, 0.000332043060306504, -0.00290007192538518, -0.00130846682074617, 0.0052779740391167, 0.000100354659341005, -0.000561611900787638, -0.000260536560959545, 0.000979763103114907, 2.75674551572418e-05, -0.00011113396015693, -2.05266975025717e-05, 7.71423995019553e-05, 1.71572864286776e-06, -6.44947088760328e-06
-3.39989028538315e-05, 2.05416626932456e-07, -2.84329983836141e-06, 1.71799370380408e-08, -0.000432156155454975, 2.61149242687683e-06, -5.31312928934623e-05, 3.26593591244454e-07, -0.00252214203885906, 1.54994838936023e-05, -0.000299558173203778, 1.83554659362351e-06, -0.0144317433804724, 8.77207983575735e-05, -0.00113435824255315, -5.17047234981668e-06, 2.82479940605141e-05, -0.000226618940655083, 0.995948017343381, -3.0989213586638e-05, 0.0145630184491154, -0.00135408156722881, -0.00110411624191268, -1.55303278641819e-06, 0.00398556643528091, -0.000299090400116869, -0.000294961860018768, 2.67796437023726e-05, 0.00077726423251522, -0.000108220218002564, -8.26423561751283e-05, 5.80062904730958e-06, 0.000124251143190507, -2.76665760314342e-05, -1.64006899817422e-05, 2.27251997548765e-06, 9.76772488821937e-06, -2.1840844694306e-06, -8.17093897129302e-07, 1.82425072034337e-07
2.16842673515885e-07, -3.36254010566311e-05, 1.81343707315064e-08, -2.81224704749517e-06, 2.75626199266397e-06, -0.000427484833359821, 3.3886337199454e-07, -5.34620225450718e-05, 1.60854429858341e-05, -0.00253726708796954, 1.90331304859394e-06, -0.000301659741522927, 9.104030665223e-05, -0.0145245592073498, -4.7749094351957e-06, -0.00112925811920195, -0.000207630047300633, 0.000251934255483013, -3.0989213586638e-05, 0.995978644225514, -0.00135089563429018, 0.0158937139967572, -4.35295210932375e-06, -0.00112836868952394, -0.000410353267695017, 0.00308107113643874, 2.64804000194657e-05, -0.000327495064384854, -0.00011897255692194, 0.000594431836002444, 8.25342843967883e-06, -6.34675478413015e-05, -2.48438790898859e-05, 0.000110059125815242, 2.50563375171739e-06, -1.25166967080246e-05, -1.95817156409321e-06, 8.66537269413736e-06, 1.63649376163294e-07, -7.24472914554248e-07
4.59935094360943e-05, -7.153677055885e-06, 3.84639882455303e-06, -5.98294944001265e-07, 0.000584618249137119, -9.09457867473224e-05, 7.18759888220522e-05, -1.13738824667037e-05, 0.00341197977106656, -0.000539799408741781, 0.000405734669259739, -6.42417801543627e-05, 0.0195916510913764, -0.00309902528257542, 0.00235336333376384, -0.000347626608198607, 0.11370765778841, -0.0167878835825601, 0.0145630184491154, -0.00135089563429018, 0.69719857439294, -0.0659510678586701, 0.00168405957235372, 4.82300479530391e-05, 0.192061041488134, -0.0145470765794908, -0.0141809888072074, 0.00130481404085504, 0.0374579460652446, -0.00524073018395763, -0.00398249063632329, 0.000282292390984787, 0.00598817168094319, -0.00133795601487001, -0.000790382460518771, 0.000110051770304231, 0.000470746908556125, -0.000105621344870637, -3.93791147223587e-05, 8.82202536309534e-06
-6.91725548280334e-06, 5.66333432458124e-05, -5.78484303433261e-07, 4.73650721848195e-06, -8.79244441536583e-05, 0.000719988329648906, -1.0809875910637e-05, 9.00434035486331e-05, -0.000513147919828493, 0.00427342553390023, -6.10048677380863e-05, 0.000508683303467115, -0.00294427600981114, 0.0245481048951123, -0.0003271927922104, 0.00292095894694561, -0.0158107730150022, 0.141049829735593, -0.00135408156722881, 0.0158937139967572, -0.0659510678586701, 0.763998305493454, -9.02683249170014e-05, 0.000170608038054268, -0.0200128910649079, 0.148990475910886, 0.00129311170567213, -0.0158036627024354, -0.00578606049685139, 0.0287474669868353, 0.000402625263650632, -0.00306910354308248, -0.00120661478995569, 0.0053229244103026, 0.000121859251972111, -0.00060532286224987, -9.51031621948251e-05, 0.00041909428980209, 7.94804651675979e-06, -3.50385848076843e-05
-5.36055909538042e-06, 2.6001662266059e-07, -4.48299085151904e-07, 2.17463870076625e-08, -6.81374548504526e-05, 3.30563090164995e-06, -8.37717079832192e-06, 4.13408927554435e-07, -0.00039766739301063, 1.96201461521059e-05, -4.72884604941998e-05, 2.33396054805803e-06, -0.00228340628369568, 0.000112495240081845, -0.000274198199646336, 1.08910874543745e-05, -0.0132156589128053, 0.000526094811686202, -0.00110411624191268, -4.35295210932375e-06, 0.00168405957235372, -9.02683249170013e-05, 0.996109907149929, -1.61261039015962e-05, 0.0233095892007518, -0.000224534588400976, -0.00112784566340316, -5.39575784705879e-06, 0.00453611412469495, -0.000342003348654315, -0.000484143523489161, 2.4939340801947e-06, 0.000722215426559497, -0.000108433746691915, -9.57172307543562e-05, 7.16459996719585e-06, 5.67727784921924e-05, -8.57163480100984e-06, -4.74925907515854e-06, 7.15592744523497e-07
2.83977272059354e-07, -6.13760971252115e-06, 2.37487821437119e-08, -5.13316555952101e-07, 3.60960260536226e-06, -7.8028368297624e-05, 4.43782141062824e-07, -9.75840791934906e-06, 2.10664050326103e-05, -0.000463130307202732, 2.50335330292439e-06, -5.51282077927549e-05, 0.000120719245816542, -0.00266037644368775, 1.15972427866726e-05, -0.000316414974618448, 0.00056055206301362, -0.0152465711070147, -1.55303278641819e-06, -0.00112836868952394, 4.82300479530392e-05, 0.000170608038054268, -1.61261039015962e-05, 0.996000820949902, -0.000189970619446565, 0.016203408560715, -6.27475988385601e-06, -0.00112600426790804, -0.000244386059879016, 0.00311055882257296, 2.57887568304358e-06, -0.000334633522557487, -7.00806033962157e-05, 0.00057210732332784, 5.13138316181396e-06, -6.55012438039195e-05, -5.53651886072474e-06, 4.50412845025459e-05, 4.62310417404129e-07, -3.76578787798075e-06
1.25507833692434e-05, -2.09941227931045e-06, 1.04961154281005e-06, -1.75583513556255e-07, 0.000159531574965679, -2.66901483047951e-05, 1.96136362536273e-05, -3.3379295004357e-06, 0.000931066564536131, -0.000158416665997847, 0.000110717496111448, -1.88535091802805e-05, 0.00534619625698945, -0.000909518231428227, 0.000642127020862842, -0.00010246700553139, 0.0310264627950258, -0.00494840039699961, 0.00398556643528091, -0.000410353267695017, 0.192061041488134, -0.0200128910649079, 0.0233095892007518, -0.000189970619446565, 1.11549850799667, -0.0138038832042569, 0.000557688864622672, 6.45638686827363e-05, 0.218005692757035, -0.0170102189557133, -0.0232308682658129, 0.000181969530323849, 0.0347158984732916, -0.00531638534597396, -0.00460020473337003, 0.000356408316768369, 0.00272899431897261, -0.000420223641897084, -0.000228290605220412, 3.50829040495413e-05
-1.45394446225627e-06, 1.0949921345527e-05, -1.21592162065048e-07, 9.15792332258794e-07, -1.84809219622483e-05, 0.000139208020000677, -2.2721381932764e-06, 1.74096765088773e-05, -0.000107859069041577, 0.000826256594607255, -1.28229479450237e-05, 9.83526693211762e-05, -0.000618898562362959, 0.00474631320215422, -6.92322220482385e-05, 0.000564711213099277, -0.00334544747226103, 0.0272698058708925, -0.000299090400116869, 0.00308107113643874, -0.0145470765794907, 0.148990475910886, -0.000224534588400976, 0.0162034085607151, -0.0138038832042569, 0.78112678439443, 3.88313628986421e-05, 4.07248284268201e-05, -0.0127411142436605, 0.150885333632994, 0.000220298046448631, -0.0161928321631785, -0.00353993936404629, 0.027760932498517, 0.00026761837177095, -0.00317733033357923, -0.000279607062790518, 0.00218559000009563, 2.33494439799483e-05, -0.000182731439751392
-9.29336923203826e-07, 1.41670441082208e-07, -7.77196715983943e-08, 1.18485511642754e-08, -1.18126955643445e-05, 1.8010779100746e-06, -1.4523138406475e-06, 2.25246808109538e-07, -6.89418751796224e-05, 1.0690113151228e-05, -8.1982058617973e-06, 1.27223014174822e-06, -0.000395865673816759, 6.13719411403486e-05, -4.75534369129255e-05, 6.87560515811732e-06, -0.00229767938191451, 0.000332043060306505, -0.000294961860018768, 2.64804000194657e-05, -0.0141809888072074, 0.00129311170567213, -0.00112784566340316, -6.27475988385601e-06, 0.000557688864622674, 3.8831362898642e-05, 0.995980371981984, -5.07482406024272e-05, 0.0163167938286293, -0.00106821044159933, -0.00114517547843078, -8.55944661867605e-06, 0.00260419986713595, -0.000360878951247064, -0.000345004620574753, 2.23592674658934e-05, 0.000204714983369848, -2.85371454756959e-05, -1.7125160025533e-05, 2.38209102478181e-06
1.38908261258199e-07, -1.16436360960085e-06, 1.16167819662398e-08, -9.73810890500104e-08, 1.7656470383525e-06, -1.48027321421796e-05, 2.17077573328913e-07, -1.85126387404467e-06, 1.03047344334086e-05, -8.78602763050018e-05, 1.22505604710572e-06, -1.04583688842503e-05, 5.91241306424729e-05, -0.00050470143084662, 6.55745186155749e-06, -6.00559644672125e-05, 0.000316873138368883, -0.00290007192538518, 2.67796437023726e-05, -0.000327495064384854, 0.00130481404085504, -0.0158036627024354, -5.39575784705879e-06, -0.00112600426790804, 6.45638686827362e-05, 4.07248284268199e-05, -5.07482406024272e-05, 0.99600890993901, -0.0010564524218317, 0.0160226666545433, -8.43612613027486e-06, -0.00112658041393531, -0.000329421382989946, 0.00295413353518318, 2.21603130663386e-05, -0.000338101650061291, -2.60379874771612e-05, 0.000232575988235096, 2.17382971968041e-06, -1.9445065794226e-05
2.45417057392492e-06, -5.47220287095259e-07, 2.05240237726412e-07, -4.57665517647275e-08, 3.11946820647889e-05, -6.95689493032964e-06, 3.83523539720984e-06, -8.7004494218381e-07, 0.000182060040089399, -4.12919631189142e-05, 2.16495747268246e-05, -4.9144765775754e-06, 0.00104538562024804, -0.000237101924133713, 0.000125495211867111, -2.70949661436739e-05, 0.0060637144813662, -0.00130846682074617, 0.00077726423251522, -0.00011897255692194, 0.0374579460652446, -0.00578606049685139, 0.00453611412469496, -0.000244386059879016, 0.218005692757035, -0.0127411142436605, 0.0163167938286293, -0.0010564524218317, 0.796559881605628, -0.0549458446327645, -0.00193690741782279, -0.000116938207969145, 0.12787987587718, -0.0181751469074346, -0.0169057620939524, 0.00115037909606827, 0.0100528166959503, -0.00143707118843934, -0.000840947794624721, 0.000119962022654303
-4.38714351476438e-07, 2.12075761892782e-06, -3.66893151493141e-08, 1.77368722993394e-07, -5.57644802052563e-06, 2.69615150366522e-05, -6.85596982229761e-07, 3.37186931647842e-06, -3.25455095172807e-05, 0.000160027626851189, -3.86955029745449e-06, 1.90486922361254e-05, -0.000186794585773088, 0.000919249693391196, -2.14598960200672e-05, 0.000109297766369113, -0.00103695593791181, 0.00527797403911669, -0.000108220218002564, 0.000594431836002444, -0.00524073018395763, 0.0287474669868353, -0.000342003348654315, 0.00311055882257296, -0.0170102189557134, 0.150885333632994, -0.00106821044159933, 0.0160226666545433, -0.0549458446327645, 0.774188151985543, 9.13549916984715e-06, -0.000155885362325209, -0.0165805826959267, 0.143613545322965, 0.00115296643779332, -0.0163998366282898, -0.00131030649556091, 0.0113067949678988, 0.000109400928022698, -0.000945323919566821
-2.60201471258401e-07, 4.26284194750404e-08, -2.17604319710154e-08, 3.56521096030182e-09, -3.30739120397284e-06, 5.41941594244635e-07, -4.06627766709894e-07, 6.77764240908848e-08, -1.93027704389389e-05, 3.2166391937226e-06, -2.29538330841398e-06, 3.828176554021e-07, -0.000110836793530859, 1.84674921114744e-05, -1.33129391476107e-05, 2.07805090063421e-06, -0.000643258106040093, 0.000100354659341005, -8.26423561751283e-05, 8.25342843967884e-06, -0.00398249063632329, 0.000402625263650632, -0.000484143523489161, 2.57887568304358e-06, -0.0232308682658129, 0.00022029804644863, -0.00114517547843078, -8.43612613027486e-06, -0.00193690741782279, 9.13549916984724e-06, 0.996102810772668, -2.2248033764693e-05, 0.0129621213461095, -0.000815100387865776, -0.00112599759483609, -1.56942203362948e-06, 0.00102286356819701, -6.48004999091668e-05, -8.54467477897297e-05, 5.39864799863539e-06
2.88213533971633e-08, -2.25499433082806e-07, 2.41030573295297e-09, -1.8859555720071e-08, 3.66344930378835e-07, -2.86680868294384e-06, 4.50403006327573e-08, -3.58529715524046e-07, 2.13807619782416e-06, -1.70156833166744e-05, 2.54185189176464e-07, -2.02544602641899e-06, 1.22680064575398e-05, -9.77442109562397e-05, 1.3683175502664e-06, -1.16300255844844e-05, 6.61202252643266e-05, -0.000561611900787638, 5.80062904730957e-06, -6.34675478413014e-05, 0.000282292390984786, -0.00306910354308248, 2.49393408019469e-06, -0.000334633522557486, 0.000181969530323849, -0.0161928321631785, -8.55944661867605e-06, -0.00112658041393531, -0.000116938207969145, -0.000155885362325209, -2.2248033764693e-05, 0.996002012343524, -0.000853288795747608, 0.015310766772453, 1.07584682802283e-06, -0.0011601400310957, -6.78184664755099e-05, 0.00120932477140138, 5.65062388704776e-06, -0.000100988901570595
3.93294355667589e-07, -1.08087586085825e-07, 3.2890878861294e-08, -9.03986241391793e-09, 4.99911966696503e-06, -1.37413396053412e-06, 6.14617598967362e-07, -1.71852302314428e-07, 2.91761239843496e-05, -8.15603865265534e-06, 3.46945770198319e-06, -9.70739223081371e-07, 0.000167527984076519, -4.68362646087729e-05, 2.01014807875374e-05, -5.39508484110003e-06, 0.000971269756776482, -0.000260536560959545, 0.000124251143190507, -2.48438790898859e-05, 0.00598817168094319, -0.00120661478995569, 0.000722215426559498, -7.00806033962157e-05, 0.0347158984732916, -0.00353993936404629, 0.00260419986713595, -0.000329421382989946, 0.12787987587718, -0.0165805826959267, 0.0129621213461095, -0.000853288795747607, 0.637686458191845, -0.0432322817035457, -0.00167022196354296, 0.000283303511683549, 0.0506768880356333, -0.00343453895374512, -0.00422256351764242, 0.000286210997962118
-1.05121978232904e-07, 3.93898077140689e-07, -8.79126332950952e-09, 3.29435095772951e-08, -1.3361934620798e-06, 5.00768632597732e-06, -1.64278464088454e-07, 6.26272809131343e-07, -7.79835341550231e-06, 2.97226673839161e-05, -9.27230549459732e-07, 3.53799456715775e-06, -4.47631465823988e-05, 0.000170735543092667, -5.19710016648153e-06, 2.02891976384297e-05, -0.000251124237913703, 0.000979763103114908, -2.76665760314342e-05, 0.000110059125815242, -0.00133795601487001, 0.0053229244103026, -0.000108433746691915, 0.000572107323327841, -0.00531638534597396, 0.027760932498517, -0.000360878951247064, 0.00295413353518318, -0.0181751469074346, 0.143613545322965, -0.000815100387865777, 0.015310766772453, -0.0432322817035457, 0.739986373295482, 0.00031754425557612, -0.00183567942619963, -0.00343431209979525, 0.0588073324913004, 0.000286198944254175, -0.00489999815676608
-5.17835100620749e-08, 1.15298314831878e-08, -4.33061174653905e-09, 9.64292885071045e-10, -6.5821428622314e-07, 1.4658050529913e-07, -8.09242653705927e-08, 1.83316879796165e-08, -3.84150475074169e-06, 8.70014117941188e-07, -4.56810538956769e-07, 1.03547102424899e-07, -2.20578549035741e-05, 4.99569127776073e-06, -2.64798310538587e-06, 5.70850711081835e-07, -0.000127946024501022, 2.75674551572418e-05, -1.64006899817422e-05, 2.50563375171739e-06, -0.000790382460518771, 0.000121859251972111, -9.57172307543562e-05, 5.13138316181396e-06, -0.00460020473337003, 0.00026761837177095, -0.000345004620574753, 2.21603130663386e-05, -0.0169057620939524, 0.00115296643779332, -0.00112599759483609, 1.07584682802282e-06, -0.00167022196354296, 0.00031754425557612, 0.995826180753987, -2.42471613362198e-05, 0.00646484944356432, 2.50800811608749e-05, -0.000339497676618345, -2.09443745587253e-06
9.21831938722021e-09, -4.46548727729378e-08, 7.70920358554725e-10, -3.73469258744152e-09, 1.17173004999359e-07, -5.67704207676791e-07, 1.44058472777646e-08, -7.0998398872894e-08, 6.83850207649283e-07, -3.36955682931109e-06, 8.13074350499926e-08, -4.01091068768166e-07, 3.92494683235492e-06, -1.93558091489791e-05, 4.50873049514833e-07, -2.30139321841782e-06, 2.17864773252513e-05, -0.00011113396015693, 2.27251997548765e-06, -1.25166967080246e-05, 0.000110051770304231, -0.00060532286224987, 7.16459996719585e-06, -6.55012438039195e-05, 0.000356408316768369, -0.00317733033357923, 2.23592674658934e-05, -0.000338101650061291, 0.00115037909606827, -0.0163998366282898, -1.56942203362948e-06, -0.0011601400310957, 0.000283303511683549, -0.00183567942619963, -2.42471613362198e-05, 0.995815059017769, 2.23583780124767e-05, 0.00645162399763805, -1.86767421433304e-06, -0.000338398000488436
3.09188140185627e-08, -8.51519863160412e-09, 2.58571462255791e-09, -7.12165261938629e-10, 3.93005516127892e-07, -1.08255018399532e-07, 4.83181285465339e-08, -1.35386175574028e-08, 2.29367937292749e-06, -6.42537148413284e-07, 2.72751220152097e-07, -7.64753808727412e-08, 1.31702024818747e-05, -3.68978889426445e-06, 1.58026818254909e-06, -4.25058512308013e-07, 7.63559022589059e-05, -2.05266975025717e-05, 9.76772488821937e-06, -1.95817156409321e-06, 0.000470746908556125, -9.51031621948251e-05, 5.67727784921924e-05, -5.53651886072474e-06, 0.00272899431897261, -0.000279607062790518, 0.000204714983369848, -2.60379874771612e-05, 0.0100528166959503, -0.00131030649556091, 0.00102286356819701, -6.78184664755099e-05, 0.0506768880356333, -0.00343431209979525, 0.00646484944356432, 2.23583780124767e-05, 0.310918804618078, -0.000272835952324335, 0.00186972240577173, 2.27362537826854e-05
-8.29478494536048e-09, 3.10140312886803e-08, -6.93685944103908e-10, 2.59384621576612e-09, -1.05434064310468e-07, 3.94286109556672e-07, -1.29626035859418e-08, 4.93103308282921e-08, -6.15339111459271e-07, 2.34024939332317e-06, -7.31643389763771e-08, 2.78568184416895e-07, -3.53209637246677e-06, 1.34430643465106e-05, -4.10116135254899e-07, 1.59748553129509e-06, -1.98168381698246e-05, 7.71423995019553e-05, -2.1840844694306e-06, 8.66537269413736e-06, -0.000105621344870637, 0.00041909428980209, -8.57163480100984e-06, 4.50412845025459e-05, -0.000420223641897084, 0.00218559000009563, -2.85371454756959e-05, 0.000232575988235096, -0.00143707118843934, 0.0113067949678988, -6.48004999091668e-05, 0.00120932477140138, -0.00343453895374512, 0.0588073324913004, 2.50800811608749e-05, 0.00645162399763805, -0.000272835952324335, 0.311564983804419, 2.27367980326022e-05, 0.0018158822634534
-2.58640758336757e-09, 7.11763571672165e-10, -2.16299108503763e-10, 5.95280641577012e-11, -3.28755315973133e-08, 9.04875879950306e-09, -4.04188770031146e-09, 1.13165825040009e-09, -1.91869899046006e-07, 5.3708029027778e-08, -2.28160701331656e-08, 6.39237999826679e-09, -1.10170824253406e-06, 3.08419893381762e-07, -1.32192190167965e-07, 3.55286106813472e-08, -6.3873044093456e-06, 1.71572864286776e-06, -8.17093897129302e-07, 1.63649376163294e-07, -3.93791147223587e-05, 7.94804651675979e-06, -4.74925907515854e-06, 4.62310417404129e-07, -0.000228290605220412, 2.33494439799483e-05, -1.7125160025533e-05, 2.17382971968041e-06, -0.000840947794624721, 0.000109400928022698, -8.54467477897298e-05, 5.65062388704776e-06, -0.00422256351764242, 0.000286198944254175, -0.000339497676618345, -1.86767421433304e-06, 0.00186972240577173, 2.27367980326022e-05, 0.333121940103639, -1.89472775849471e-06
6.92937212052844e-10, -2.59291527931113e-09, 5.7949760881489e-11, -2.16857441795987e-10, 8.80784578017456e-09, -3.29641273775017e-08, 1.08288164744394e-09, -4.12256984734981e-09, 5.14047525957265e-08, -1.95655584186001e-07, 6.11206782279598e-09, -2.32895781849517e-08, 2.9506736446581e-07, -1.12390186521607e-06, 3.42596700579812e-08, -1.33557375895815e-07, 1.65542952459029e-06, -6.44947088760329e-06, 1.82425072034337e-07, -7.24472914554248e-07, 8.82202536309534e-06, -3.50385848076843e-05, 7.15592744523497e-07, -3.76578787798075e-06, 3.50829040495413e-05, -0.000182731439751392, 2.38209102478181e-06, -1.9445065794226e-05, 0.000119962022654303, -0.000945323919566821, 5.39864799863539e-06, -0.000100988901570595, 0.000286210997962118, -0.00489999815676608, -2.09443745587253e-06, -0.000338398000488436, 2.27362537826854e-05, 0.0018158822634534, -1.89472775849471e-06, 0.333126426104878
