10000, 0, 0, 0, 0, 0, 0, 0, 0, 0, 0, 0, 0, 0, 0, 0, 0, 0, 0, 0, 0, 0, 0, 0, 0, 0, 0, 0, 0, 0, 0, 0, 0, 0, 0, 0, 0, 0, 0, 0
0, 10000, 0, 0, 0, 0, 0, 0, 0, 0, 0, 0, 0, 0, 0, 0, 0, 0, 0, 0, 0, 0, 0, 0, 0, 0, 0, 0, 0, 0, 0, 0, 0, 0, 0, 0, 0, 0, 0, 0
0, 0, 10000, 0, 0, 0, 0, 0, 0, 0, 0, 0, 0, 0, 0, 0, 0, 0, 0, 0, 0, 0, 0, 0, 0, 0, 0, 0, 0, 0, 0, 0, 0, 0, 0, 0, 0, 0, 0, 0
0, 0, 0, 10000, 0, 0, 0, 0, 0, 0, 0, 0, 0, 0, 0, 0, 0, 0, 0, 0, 0, 0, 0, 0, 0, 0, 0, 0, 0, 0, 0, 0, 0, 0, 0, 0, 0, 0, 0, 0
0, 0, 0, 0, 20, 0, 0, 0, 0, 0, 0, 0, 0, 0, 0, 0, 0, 0, 0, 0, 0, 0, 0, 0, 0, 0, 0, 0, 0, 0, 0, 0, 0, 0, 0, 0, 0, 0, 0, 0
0, 0, 0, 0, 0, 20, 0, 0, 0, 0, 0, 0, 0, 0, 0, 0, 0, 0, 0, 0, 0, 0, 0, 0, 0, 0, 0, 0, 0, 0, 0, 0, 0, 0, 0, 0, 0, 0, 0, 0
0, 0, 0, 0, 0, 0, 20, 0, 0, 0, 0, 0, 0, 0, 0, 0, 0, 0, 0, 0, 0, 0, 0, 0, 0, 0, 0, 0, 0, 0, 0, 0, 0, 0, 0, 0, 0, 0, 0, 0
0, 0, 0, 0, 0, 0, 0, 20, 0, 0, 0, 0, 0, 0, 0, 0, 0, 0, 0, 0, 0, 0, 0, 0, 0, 0, 0, 0, 0, 0, 0, 0, 0, 0, 0, 0, 0, 0, 0, 0
0, 0, 0, 0, 0, 0, 0, 0, 20, 0, 0, 0, 0, 0, 0, 0, 0, 0, 0, 0, 0, 0, 0, 0, 0, 0, 0, 0, 0, 0, 0, 0, 0, 0, 0, 0, 0, 0, 0, 0
0, 0, 0, 0, 0, 0, 0, 0, 0, 20, 0, 0, 0, 0, 0, 0, 0, 0, 0, 0, 0, 0, 0, 0, 0, 0, 0, 0, 0, 0, 0, 0, 0, 0, 0, 0, 0, 0, 0, 0
0, 0, 0, 0, 0, 0, 0, 0, 0, 0, 20, 0, 0, 0, 0, 0, 0, 0, 0, 0, 0, 0, 0, 0, 0, 0, 0, 0, 0, 0, 0, 0, 0, 0, 0, 0, 0, 0, 0, 0
0, 0, 0, 0, 0, 0, 0, 0, 0, 0, 0, 20, 0, 0, 0, 0, 0, 0, 0, 0, 0, 0, 0, 0, 0, 0, 0, 0, 0, 0, 0, 0, 0, 0, 0, 0, 0, 0, 0, 0
0, 0, 0, 0, 0, 0, 0, 0, 0, 0, 0, 0, 20, 0, 0, 0, 0, 0, 0, 0, 0, 0, 0, 0, 0, 0, 0, 0, 0, 0, 0, 0, 0, 0, 0, 0, 0, 0, 0, 0
0, 0, 0, 0, 0, 0, 0, 0, 0, 0, 0, 0, 0, 20, 0, 0, 0, 0, 0, 0, 0, 0, 0, 0, 0, 0, 0, 0, 0, 0, 0, 0, 0, 0, 0, 0, 0, 0, 0, 0
0, 0, 0, 0, 0, 0, 0, 0, 0, 0, 0, 0, 0, 0, 20, 0, 0, 0, 0, 0, 0, 0, 0, 0, 0, 0, 0, 0, 0, 0, 0, 0, 0, 0, 0, 0, 0, 0, 0, 0
0, 0, 0, 0, 0, 0, 0, 0, 0, 0, 0, 0, 0, 0, 0, 20, 0, 0, 0, 0, 0, 0, 0, 0, 0, 0, 0, 0, 0, 0, 0, 0, 0, 0, 0, 0, 0, 0, 0, 0
0, 0, 0, 0, 0, 0, 0, 0, 0, 0, 0, 0, 0, 0, 0, 0, 20, 0, 0, 0, 0, 0, 0, 0, 0, 0, 0, 0, 0, 0, 0, 0, 0, 0, 0, 0, 0, 0, 0, 0
0, 0, 0, 0, 0, 0, 0, 0, 0, 0, 0, 0, 0, 0, 0, 0, 0, 20, 0, 0, 0, 0, 0, 0, 0, 0, 0, 0, 0, 0, 0, 0, 0, 0, 0, 0, 0, 0, 0, 0
0, 0, 0, 0, 0, 0, 0, 0, 0, 0, 0, 0, 0, 0, 0, 0, 0, 0, 20, 0, 0, 0, 0, 0, 0, 0, 0, 0, 0, 0, 0, 0, 0, 0, 0, 0, 0, 0, 0, 0
0, 0, 0, 0, 0, 0, 0, 0, 0, 0, 0, 0, 0, 0, 0, 0, 0, 0, 0, 20, 0, 0, 0, 0, 0, 0, 0, 0, 0, 0, 0, 0, 0, 0, 0, 0, 0, 0, 0, 0
0, 0, 0, 0, 0, 0, 0, 0, 0, 0, 0, 0, 0, 0, 0, 0, 0, 0, 0, 0, 20, 0, 0, 0, 0, 0, 0, 0, 0, 0, 0, 0, 0, 0, 0, 0, 0, 0, 0, 0
0, 0, 0, 0, 0, 0, 0, 0, 0, 0, 0, 0, 0, 0, 0, 0, 0, 0, 0, 0, 0, 20, 0, 0, 0, 0, 0, 0, 0, 0, 0, 0, 0, 0, 0, 0, 0, 0, 0, 0
0, 0, 0, 0, 0, 0, 0, 0, 0, 0, 0, 0, 0, 0, 0, 0, 0, 0, 0, 0, 0, 0, 20, 0, 0, 0, 0, 0, 0, 0, 0, 0, 0, 0, 0, 0, 0, 0, 0, 0
0, 0, 0, 0, 0, 0, 0, 0, 0, 0, 0, 0, 0, 0, 0, 0, 0, 0, 0, 0, 0, 0, 0, 20, 0, 0, 0, 0, 0, 0, 0, 0, 0, 0, 0, 0, 0, 0, 0, 0
0, 0, 0, 0, 0, 0, 0, 0, 0, 0, 0, 0, 0, 0, 0, 0, 0, 0, 0, 0, 0, 0, 0, 0, 20, 0, 0, 0, 0, 0, 0, 0, 0, 0, 0, 0, 0, 0, 0, 0
0, 0, 0, 0, 0, 0, 0, 0, 0, 0, 0, 0, 0, 0, 0, 0, 0, 0, 0, 0, 0, 0, 0, 0, 0, 20, 0, 0, 0, 0, 0, 0, 0, 0, 0, 0, 0, 0, 0, 0
0, 0, 0, 0, 0, 0, 0, 0, 0, 0, 0, 0, 0, 0, 0, 0, 0, 0, 0, 0, 0, 0, 0, 0, 0, 0, 20, 0, 0, 0, 0, 0, 0, 0, 0, 0, 0, 0, 0, 0
0, 0, 0, 0, 0, 0, 0, 0, 0, 0, 0, 0, 0, 0, 0, 0, 0, 0, 0, 0, 0, 0, 0, 0, 0, 0, 0, 20, 0, 0, 0, 0, 0, 0, 0, 0, 0, 0, 0, 0
0, 0, 0, 0, 0, 0, 0, 0, 0, 0, 0, 0, 0, 0, 0, 0, 0, 0, 0, 0, 0, 0, 0, 0, 0, 0, 0, 0, 20, 0, 0, 0, 0, 0, 0, 0, 0, 0, 0, 0
0, 0, 0, 0, 0, 0, 0, 0, 0, 0, 0, 0, 0, 0, 0, 0, 0, 0, 0, 0, 0, 0, 0, 0, 0, 0, 0, 0, 0, 20, 0, 0, 0, 0, 0, 0, 0, 0, 0, 0
0, 0, 0, 0, 0, 0, 0, 0, 0, 0, 0, 0, 0, 0, 0, 0, 0, 0, 0, 0, 0, 0, 0, 0, 0, 0, 0, 0, 0, 0, 20, 0, 0, 0, 0, 0, 0, 0, 0, 0
0, 0, 0, 0, 0, 0, 0, 0, 0, 0, 0, 0, 0, 0, 0, 0, 0, 0, 0, 0, 0, 0, 0, 0, 0, 0, 0, 0, 0, 0, 0, 20, 0, 0, 0, 0, 0, 0, 0, 0
0, 0, 0, 0, 0, 0, 0, 0, 0, 0, 0, 0, 0, 0, 0, 0, 0, 0, 0, 0, 0, 0, 0, 0, 0, 0, 0, 0, 0, 0, 0, 0, 20, 0, 0, 0, 0, 0, 0, 0
0, 0, 0, 0, 0, 0, 0, 0, 0, 0, 0, 0, 0, 0, 0, 0, 0, 0, 0, 0, 0, 0, 0, 0, 0, 0, 0, 0, 0, 0, 0, 0, 0, 20, 0, 0, 0, 0, 0, 0
0, 0, 0, 0, 0, 0, 0, 0, 0, 0, 0, 0, 0, 0, 0, 0, 0, 0, 0, 0, 0, 0, 0, 0, 0, 0, 0, 0, 0, 0, 0, 0, 0, 0, 20, 0, 0, 0, 0, 0
0, 0, 0, 0, 0, 0, 0, 0, 0, 0, 0, 0, 0, 0, 0, 0, 0, 0, 0, 0, 0, 0, 0, 0, 0, 0, 0, 0, 0, 0, 0, 0, 0, 0, 0, 20, 0, 0, 0, 0
0, 0, 0, 0, 0, 0, 0, 0, 0, 0, 0, 0, 0, 0, 0, 0, 0, 0, 0, 0, 0, 0, 0, 0, 0, 0, 0, 0, 0, 0, 0, 0, 0, 0, 0, 0, 10000, 0, 0, 0
0, 0, 0, 0, 0, 0, 0, 0, 0, 0, 0, 0, 0, 0, 0, 0, 0, 0, 0, 0, 0, 0, 0, 0, 0, 0, 0, 0, 0, 0, 0, 0, 0, 0, 0, 0, 0, 10000, 0, 0
0, 0, 0, 0, 0, 0, 0, 0, 0, 0, 0, 0, 0, 0, 0, 0, 0, 0, 0, 0, 0, 0, 0, 0, 0, 0, 0, 0, 0, 0, 0, 0, 0, 0, 0, 0, 0, 0, 10000, 0
0, 0, 0, 0, 0, 0, 0, 0, 0, 0, 0, 0, 0, 0, 0, 0, 0, 0, 0, 0, 0, 0, 0, 0, 0, 0, 0, 0, 0, 0, 0, 0, 0, 0, 0, 0, 0, 0, 0, 10000
13328.0499999988, 3.22481324887473e-12, 36.4499999999714, -3.25181242406846e-13, -328.050000000002, -5.1679597694353e-14, 36.4500000000001, 2.33781093442187e-15, 0, 0, 0, 0, 0, 0, 0, 0, 0, 0, 0, 0, 0, 0, 0, 0, 0, 0, 0, 0, 0, 0, 0, 0, 0, 0, 0, 0, 0, 0, 0, 0
3.22481324887473e-12, 13328.0499999999, 9.22935040262166e-12, 36.4499999999953, -3.74494441804808e-14, -328.050000000001, -9.21148330139052e-15, 36.45, 0, 0, 0, 0, 0, 0, 0, 0, 0, 0, 0, 0, 0, 0, 0, 0, 0, 0, 0, 0, 0, 0, 0, 0, 0, 0, 0, 0, 0, 0, 0, 0
36.4499999999714, 9.22935040262166e-12, 13005.4000000008, -1.32156992106372e-12, -36.4499999999997, 6.21648067901772e-14, 2.69999999999988, -1.28325491509027e-15, 0, 0, 0, 0, 0, 0, 0, 0, 0, 0, 0, 0, 0, 0, 0, 0, 0, 0, 0, 0, 0, 0, 0, 0, 0, 0, 0, 0, 0, 0, 0, 0
-3.25181242406846e-13, 36.4499999999953, -1.32156992106372e-12, 13005.3999999911, -1.04937853044151e-13, -36.4499999999995, -4.73914933988781e-15, 2.69999999999995, 0, 0, 0, 0, 0, 0, 0, 0, 0, 0, 0, 0, 0, 0, 0, 0, 0, 0, 0, 0, 0, 0, 0, 0, 0, 0, 0, 0, 0, 0, 0, 0
-328.050000000002, -3.74494441804808e-14, -36.4499999999997, -1.04937853044151e-13, 670.100000000004, -6.64793512191006e-14, -4.09272615797818e-13, 2.86235218063509e-14, -328.050000000001, 3.85623184182308e-15, 36.4500000000001, 1.58178320702057e-15, 0, 0, 0, 0, 0, 0, 0, 0, 0, 0, 0, 0, 0, 0, 0, 0, 0, 0, 0, 0, 0, 0, 0, 0, 0, 0, 0, 0
-5.1679597694353e-14, -328.050000000001, 6.21648067901772e-14, -36.4499999999995, -6.64793512191006e-14, 670.099999999999, -1.27323536235719e-14, 6.82121026329696e-14, -4.20173107529395e-14, -328.050000000001, -1.30980939798669e-15, 36.4500000000001, 0, 0, 0, 0, 0, 0, 0, 0, 0, 0, 0, 0, 0, 0, 0, 0, 0, 0, 0, 0, 0, 0, 0, 0, 0, 0, 0, 0
36.4500000000001, -9.21148330139052e-15, 2.69999999999988, -4.73914933988781e-15, -4.09272615797818e-13, -1.27323536235719e-14, 24.7999999999966, 9.17870312633177e-16, -36.4500000000003, 1.02979301111862e-14, 2.70000000000002, 3.18793555193365e-16, 0, 0, 0, 0, 0, 0, 0, 0, 0, 0, 0, 0, 0, 0, 0, 0, 0, 0, 0, 0, 0, 0, 0, 0, 0, 0, 0, 0
2.33781093442187e-15, 36.45, -1.28325491509027e-15, 2.69999999999995, 2.86235218063509e-14, 6.82121026329696e-14, 9.17870312633177e-16, 24.7999999999969, 2.07005534946531e-15, -36.45, -1.28795594794753e-15, 2.70000000000001, 0, 0, 0, 0, 0, 0, 0, 0, 0, 0, 0, 0, 0, 0, 0, 0, 0, 0, 0, 0, 0, 0, 0, 0, 0, 0, 0, 0
0, 0, 0, 0, -328.050000000001, -4.20173107529395e-14, -36.4500000000003, 2.07005534946531e-15, 670.100000000008, -2.7632836306407e-14, -3.28270743921166e-13, 1.09495949091563e-15, -328.049999999999, -9.73886295500999e-15, 36.45, -2.26518632952429e-15, 0, 0, 0, 0, 0, 0, 0, 0, 0, 0, 0, 0, 0, 0, 0, 0, 0, 0, 0, 0, 0, 0, 0, 0
0, 0, 0, 0, 3.85623184182308e-15, -328.050000000001, 1.02979301111862e-14, -36.45, -2.7632836306407e-14, 670.100000000006, 2.50162287125611e-14, -1.53477230924182e-13, -2.3372163172929e-14, -328.049999999999, 3.57735894943381e-16, 36.4500000000001, 0, 0, 0, 0, 0, 0, 0, 0, 0, 0, 0, 0, 0, 0, 0, 0, 0, 0, 0, 0, 0, 0, 0, 0
0, 0, 0, 0, 36.4500000000001, -1.30980939798669e-15, 2.70000000000002, -1.28795594794753e-15, -3.28270743921166e-13, 2.50162287125611e-14, 24.7999999999971, 8.75958698886561e-15, -36.45, -2.70261108414535e-15, 2.69999999999999, 5.05017983811959e-16, 0, 0, 0, 0, 0, 0, 0, 0, 0, 0, 0, 0, 0, 0, 0, 0, 0, 0, 0, 0, 0, 0, 0, 0
0, 0, 0, 0, 1.58178320702057e-15, 36.4500000000001, 3.18793555193365e-16, 2.70000000000001, 1.09495949091563e-15, -1.53477230924182e-13, 8.75958698886561e-15, 24.7999999999974, 1.1036398845591e-14, -36.4499999999999, -1.15081284345758e-15, 2.69999999999998, 0, 0, 0, 0, 0, 0, 0, 0, 0, 0, 0, 0, 0, 0, 0, 0, 0, 0, 0, 0, 0, 0, 0, 0
0, 0, 0, 0, 0, 0, 0, 0, -328.049999999999, -2.3372163172929e-14, -36.45, 1.1036398845591e-14, 667.316783414969, 0.83818706663208, -3.96482846554136e-13, 2.30414137476851e-15, -328.049999999999, 1.24577370717426e-15, 36.4499999999999, -4.68337222031111e-16, 0, 0, 0, 0, 0, 0, 0, 0, 0, 0, 0, 0, 0, 0, 0, 0, 0, 0, 0, 0
0, 0, 0, 0, 0, 0, 0, 0, -9.73886295500999e-15, -328.049999999999, -2.70261108414535e-15, -36.4499999999999, 0.83818706663208, 681.920158857045, 1.6764975841496e-14, -1.19371179607697e-13, -4.82649961257341e-14, -328.049999999998, -1.80349408096438e-15, 36.4499999999999, 0, 0, 0, 0, 0, 0, 0, 0, 0, 0, 0, 0, 0, 0, 0, 0, 0, 0, 0, 0
0, 0, 0, 0, 0, 0, 0, 0, 36.45, 3.57735894943381e-16, 2.69999999999999, -1.15081284345758e-15, -3.96482846554136e-13, 1.6764975841496e-14, 24.7999999999978, 8.15471652606658e-15, -36.4500000000001, -4.19560829763473e-16, 2.69999999999998, 7.8066368067219e-16, 0, 0, 0, 0, 0, 0, 0, 0, 0, 0, 0, 0, 0, 0, 0, 0, 0, 0, 0, 0
0, 0, 0, 0, 0, 0, 0, 0, -2.26518632952429e-15, 36.4500000000001, 5.05017983811959e-16, 2.69999999999998, 2.30414137476851e-15, -1.19371179607697e-13, 8.15471652606658e-15, 24.799999999999, 3.77670815357011e-15, -36.4499999999999, -3.9836806542317e-16, 2.7, 0, 0, 0, 0, 0, 0, 0, 0, 0, 0, 0, 0, 0, 0, 0, 0, 0, 0, 0, 0
0, 0, 0, 0, 0, 0, 0, 0, 0, 0, 0, 0, -328.049999999999, -4.82649961257341e-14, -36.4500000000001, 3.77670815357011e-15, 670.100000000001, -8.70931261883075e-14, -3.66640051652212e-13, 2.204809821044e-14, -328.05, 5.36503469010822e-15, 36.45, 1.7325974232792e-15, 0, 0, 0, 0, 0, 0, 0, 0, 0, 0, 0, 0, 0, 0, 0, 0
0, 0, 0, 0, 0, 0, 0, 0, 0, 0, 0, 0, 1.24577370717426e-15, -328.049999999998, -4.19560829763473e-16, -36.4499999999999, -8.70931261883075e-14, 682.100014730401, 3.31541612807779e-14, -1.06581410364015e-13, -2.87251276435388e-14, -328.049999999998, 3.6760806394363e-16, 36.45, 0, 0, 0, 0, 0, 0, 0, 0, 0, 0, 0, 0, 0, 0, 0, 0
0, 0, 0, 0, 0, 0, 0, 0, 0, 0, 0, 0, 36.4499999999999, -1.80349408096438e-15, 2.69999999999998, -3.9836806542317e-16, -3.66640051652212e-13, 3.31541612807779e-14, 24.7999999999977, 2.00144568073771e-15, -36.4500000000001, 3.69970015317049e-15, 2.69999999999998, 4.83596520575898e-16, 0, 0, 0, 0, 0, 0, 0, 0, 0, 0, 0, 0, 0, 0, 0, 0
0, 0, 0, 0, 0, 0, 0, 0, 0, 0, 0, 0, -4.68337222031111e-16, 36.4499999999999, 7.8066368067219e-16, 2.7, 2.204809821044e-14, -1.06581410364015e-13, 2.00144568073771e-15, 24.7999999999989, -2.6001920953281e-15, -36.4499999999999, 4.71691472502239e-16, 2.69999999999998, 0, 0, 0, 0, 0, 0, 0, 0, 0, 0, 0, 0, 0, 0, 0, 0
0, 0, 0, 0, 0, 0, 0, 0, 0, 0, 0, 0, 0, 0, 0, 0, -328.05, -2.87251276435388e-14, -36.4500000000001, -2.6001920953281e-15, 670.100000000013, 1.80108588159205e-13, -3.62376795237651e-13, 1.07298279758265e-14, -328.05, -2.48121784755676e-15, 36.4500000000001, -2.54651138229586e-15, 0, 0, 0, 0, 0, 0, 0, 0, 0, 0, 0, 0
0, 0, 0, 0, 0, 0, 0, 0, 0, 0, 0, 0, 0, 0, 0, 0, 5.36503469010822e-15, -328.049999999998, 3.69970015317049e-15, -36.4499999999999, 1.80108588159205e-13, 682.099982790374, 7.51735811457561e-15, -1.36424205265939e-13, -1.32831240920298e-14, -328.049999999998, -4.04246897593588e-15, 36.4499999999999, 0, 0, 0, 0, 0, 0, 0, 0, 0, 0, 0, 0
0, 0, 0, 0, 0, 0, 0, 0, 0, 0, 0, 0, 0, 0, 0, 0, 36.45, 3.6760806394363e-16, 2.69999999999998, 4.71691472502239e-16, -3.62376795237651e-13, 7.51735811457561e-15, 24.7999999999986, 3.38323170341734e-15, -36.4500000000001, -2.48121784755676e-15, 2.7, 1.8249917771657e-15, 0, 0, 0, 0, 0, 0, 0, 0, 0, 0, 0, 0
0, 0, 0, 0, 0, 0, 0, 0, 0, 0, 0, 0, 0, 0, 0, 0, 1.7325974232792e-15, 36.45, 4.83596520575898e-16, 2.69999999999998, 1.07298279758265e-14, -1.36424205265939e-13, 3.38323170341734e-15, 24.799999999999, 1.37785621332084e-14, -36.4499999999999, 8.49451226318711e-16, 2.69999999999997, 0, 0, 0, 0, 0, 0, 0, 0, 0, 0, 0, 0
0, 0, 0, 0, 0, 0, 0, 0, 0, 0, 0, 0, 0, 0, 0, 0, 0, 0, 0, 0, -328.05, -1.32831240920298e-14, -36.4500000000001, 1.37785621332084e-14, 670.099999999998, -1.79021290081297e-13, 5.32907051820075e-13, 1.44109781074521e-14, -328.049999999998, 2.09818531364363e-16, 36.4499999999999, -1.76746129938819e-16, 0, 0, 0, 0, 0, 0, 0, 0
0, 0, 0, 0, 0, 0, 0, 0, 0, 0, 0, 0, 0, 0, 0, 0, 0, 0, 0, 0, -2.48121784755676e-15, -328.049999999998, -2.48121784755676e-15, -36.4499999999999, -1.79021290081297e-13, 682.099962852416, 2.89373983352855e-15, -1.27897692436818e-13, -4.02428487262423e-14, -328.049999999998, 6.0714474626241e-16, 36.4499999999999, 0, 0, 0, 0, 0, 0, 0, 0
0, 0, 0, 0, 0, 0, 0, 0, 0, 0, 0, 0, 0, 0, 0, 0, 0, 0, 0, 0, 36.4500000000001, -4.04246897593588e-15, 2.7, 8.49451226318711e-16, 5.32907051820075e-13, 2.89373983352855e-15, 24.7999999999995, 2.42565672138161e-15, -36.4500000000008, -1.06148559587309e-14, 2.70000000000007, 6.55921138530049e-16, 0, 0, 0, 0, 0, 0, 0, 0
0, 0, 0, 0, 0, 0, 0, 0, 0, 0, 0, 0, 0, 0, 0, 0, 0, 0, 0, 0, -2.54651138229586e-15, 36.4499999999999, 1.8249917771657e-15, 2.69999999999997, 1.44109781074521e-14, -1.27897692436818e-13, 2.42565672138161e-15, 24.8000000000007, -5.89532390190151e-15, -36.4499999999999, -1.21439113647849e-16, 2.69999999999999, 0, 0, 0, 0, 0, 0, 0, 0
0, 0, 0, 0, 0, 0, 0, 0, 0, 0, 0, 0, 0, 0, 0, 0, 0, 0, 0, 0, 0, 0, 0, 0, -328.049999999998, -4.02428487262423e-14, -36.4500000000008, -5.89532390190151e-15, 670.100000000003, -1.54958977168439e-13, -3.15480974677484e-13, 2.8173023098189e-14, -328.049999999999, 4.70819875599514e-15, 36.4499999999999, -2.07245668787078e-15, 0, 0, 0, 0
0, 0, 0, 0, 0, 0, 0, 0, 0, 0, 0, 0, 0, 0, 0, 0, 0, 0, 0, 0, 0, 0, 0, 0, 2.09818531364363e-16, -328.049999999998, -1.06148559587309e-14, -36.4499999999999, -1.54958977168439e-13, 682.099998334912, 2.91911016436471e-14, -1.70530256582424e-13, -3.84132321491846e-14, -328.049999999998, 4.34477079964621e-16, 36.4499999999999, 0, 0, 0, 0
0, 0, 0, 0, 0, 0, 0, 0, 0, 0, 0, 0, 0, 0, 0, 0, 0, 0, 0, 0, 0, 0, 0, 0, 36.4499999999999, 6.0714474626241e-16, 2.70000000000007, -1.21439113647849e-16, -3.15480974677484e-13, 2.91911016436471e-14, 24.7999999999996, -7.45412286989834e-15, -36.45, 3.0428642190574e-15, 2.69999999999999, -1.23978941940191e-15, 0, 0, 0, 0
0, 0, 0, 0, 0, 0, 0, 0, 0, 0, 0, 0, 0, 0, 0, 0, 0, 0, 0, 0, 0, 0, 0, 0, -1.76746129938819e-16, 36.4499999999999, 6.55921138530049e-16, 2.69999999999999, 2.8173023098189e-14, -1.70530256582424e-13, -7.45412286989834e-15, 24.800000000001, 6.34263353101704e-15, -36.4499999999999, -1.37981667107726e-16, 2.69999999999999, 0, 0, 0, 0
0, 0, 0, 0, 0, 0, 0, 0, 0, 0, 0, 0, 0, 0, 0, 0, 0, 0, 0, 0, 0, 0, 0, 0, 0, 0, 0, 0, -328.049999999999, -3.84132321491846e-14, -36.45, 6.34263353101704e-15, 670.100000000004, -2.88761832641874e-14, 5.84066128794802e-13, 2.4230152491356e-14, -328.049999999969, -6.87494291638953e-14, 36.4500000000002, 8.90019869327456e-15
0, 0, 0, 0, 0, 0, 0, 0, 0, 0, 0, 0, 0, 0, 0, 0, 0, 0, 0, 0, 0, 0, 0, 0, 0, 0, 0, 0, 4.70819875599514e-15, -328.049999999998, 3.0428642190574e-15, -36.4499999999999, -2.88761832641874e-14, 682.099998334918, 1.50130660670194e-14, -5.24380538990954e-13, -1.42339651621349e-13, -328.04999999997, -1.27054942088145e-15, 36.4499999999981
0, 0, 0, 0, 0, 0, 0, 0, 0, 0, 0, 0, 0, 0, 0, 0, 0, 0, 0, 0, 0, 0, 0, 0, 0, 0, 0, 0, 36.4499999999999, 4.34477079964621e-16, 2.69999999999999, -1.37981667107726e-16, 5.84066128794802e-13, 1.50130660670194e-14, 24.7999999999984, 4.80153331645309e-16, -36.4499999999973, -1.99603314020476e-14, 2.70000000000005, -8.98913715273626e-15
0, 0, 0, 0, 0, 0, 0, 0, 0, 0, 0, 0, 0, 0, 0, 0, 0, 0, 0, 0, 0, 0, 0, 0, 0, 0, 0, 0, -2.07245668787078e-15, 36.4499999999999, -1.23978941940191e-15, 2.69999999999999, 2.4230152491356e-14, -5.24380538990954e-13, 4.80153331645309e-16, 24.7999999999982, 2.02906742514768e-14, -36.4499999999969, 3.60836035530332e-15, 2.69999999999991
0, 0, 0, 0, 0, 0, 0, 0, 0, 0, 0, 0, 0, 0, 0, 0, 0, 0, 0, 0, 0, 0, 0, 0, 0, 0, 0, 0, 0, 0, 0, 0, -328.049999999969, -1.42339651621349e-13, -36.4499999999973, 2.02906742514768e-14, 13328.0499999827, -5.87629107157671e-14, -36.4499999999984, -2.66021284997054e-14
0, 0, 0, 0, 0, 0, 0, 0, 0, 0, 0, 0, 0, 0, 0, 0, 0, 0, 0, 0, 0, 0, 0, 0, 0, 0, 0, 0, 0, 0, 0, 0, -6.87494291638953e-14, -328.04999999997, -1.99603314020476e-14, -36.4499999999969, -5.87629107157671e-14, 13328.0499999828, -2.48154183765908e-13, -36.4499999999965
0, 0, 0, 0, 0, 0, 0, 0, 0, 0, 0, 0, 0, 0, 0, 0, 0, 0, 0, 0, 0, 0, 0, 0, 0, 0, 0, 0, 0, 0, 0, 0, 36.4500000000002, -1.27054942088145e-15, 2.70000000000005, 3.60836035530332e-15, -36.4499999999984, -2.48154183765908e-13, 13005.4000000018, -1.4492204331929e-14
0, 0, 0, 0, 0, 0, 0, 0, 0, 0, 0, 0, 0, 0, 0, 0, 0, 0, 0, 0, 0, 0, 0, 0, 0, 0, 0, 0, 0, 0, 0, 0, 8.90019869327456e-15, 36.4499999999981, -8.98913715273626e-15, 2.69999999999991, -2.66021284997054e-14, -36.4499999999965, -1.4492204331929e-14, 13005.3999999921
14026.9404999989, -1.9762510256382e-12, 44.1044999999405, 9.53069494195231e-11, -396.940500000003, 1.52603488373808e-13, 44.1045000000001, -5.49707535602057e-14, 0, 0, 0, 0, 0, 0, 0, 0, 0, 0, 0, 0, 0, 0, 0, 0, 0, 0, 0, 0, 0, 0, 0, 0, 0, 0, 0, 0, 0, 0, 0, 0
-1.9762510256382e-12, 14026.9404999999, 5.2364675279456e-11, 44.1044999999582, -1.79991499141231e-13, -396.940500000001, 1.27311868956856e-14, 44.1045, 0, 0, 0, 0, 0, 0, 0, 0, 0, 0, 0, 0, 0, 0, 0, 0, 0, 0, 0, 0, 0, 0, 0, 0, 0, 0, 0, 0, 0, 0, 0, 0
44.1044999999405, 5.2364675279456e-11, 13636.5340000004, -9.26766777501269e-11, -44.104499999999, 2.77125909671548e-13, 3.26699999999983, -2.59521963515336e-14, 0, 0, 0, 0, 0, 0, 0, 0, 0, 0, 0, 0, 0, 0, 0, 0, 0, 0, 0, 0, 0, 0, 0, 0, 0, 0, 0, 0, 0, 0, 0, 0
9.53069494195231e-11, 44.1044999999582, -9.26766777501269e-11, 13636.5339999919, -4.00686302610584e-13, -44.1044999999989, 2.21930924034854e-14, 3.26699999999998, 0, 0, 0, 0, 0, 0, 0, 0, 0, 0, 0, 0, 0, 0, 0, 0, 0, 0, 0, 0, 0, 0, 0, 0, 0, 0, 0, 0, 0, 0, 0, 0
-396.940500000003, -1.79991499141231e-13, -44.104499999999, -4.00686302610584e-13, 806.621000000004, 1.24575490686691e-14, -5.39984057468246e-13, 2.58931821231769e-14, -396.940499999999, -7.11802695261614e-14, 44.1045, 1.24383191866335e-14, 0, 0, 0, 0, 0, 0, 0, 0, 0, 0, 0, 0, 0, 0, 0, 0, 0, 0, 0, 0, 0, 0, 0, 0, 0, 0, 0, 0
1.52603488373808e-13, -396.940500000001, 2.77125909671548e-13, -44.1044999999989, 1.24575490686691e-14, 806.620999999999, -2.30869421113073e-14, -1.18262732939911e-13, 9.07816154538572e-14, -396.9405, -1.58444634140008e-14, 44.1045000000001, 0, 0, 0, 0, 0, 0, 0, 0, 0, 0, 0, 0, 0, 0, 0, 0, 0, 0, 0, 0, 0, 0, 0, 0, 0, 0, 0, 0
44.1045000000001, 1.27311868956856e-14, 3.26699999999983, 2.21930924034854e-14, -5.39984057468246e-13, -2.30869421113073e-14, 25.8079999999969, -2.4730384975206e-15, -44.1045000000004, 1.83124851801824e-14, 3.26700000000004, -1.20509769938427e-17, 0, 0, 0, 0, 0, 0, 0, 0, 0, 0, 0, 0, 0, 0, 0, 0, 0, 0, 0, 0, 0, 0, 0, 0, 0, 0, 0, 0
-5.49707535602057e-14, 44.1045, -2.59521963515336e-14, 3.26699999999998, 2.58931821231769e-14, -1.18262732939911e-13, -2.4730384975206e-15, 25.8079999999972, 5.90201162597187e-15, -44.1045000000002, -1.35837102949607e-15, 3.26700000000004, 0, 0, 0, 0, 0, 0, 0, 0, 0, 0, 0, 0, 0, 0, 0, 0, 0, 0, 0, 0, 0, 0, 0, 0, 0, 0, 0, 0
0, 0, 0, 0, -396.940499999999, 9.07816154538572e-14, -44.1045000000004, 5.90201162597187e-15, 806.621000000007, 3.98208646495581e-13, -3.14074100060679e-13, 5.87763790055099e-14, -396.9405, -5.8934405686127e-13, 44.1045000000001, 5.48302372622356e-14, 0, 0, 0, 0, 0, 0, 0, 0, 0, 0, 0, 0, 0, 0, 0, 0, 0, 0, 0, 0, 0, 0, 0, 0
0, 0, 0, 0, -7.11802695261614e-14, -396.9405, 1.83124851801824e-14, -44.1045000000002, 3.98208646495581e-13, 806.621000000004, 6.40836923000616e-14, -2.04892103283782e-13, -2.93168981504037e-13, -396.940499999997, 1.66731292463723e-14, 44.1044999999999, 0, 0, 0, 0, 0, 0, 0, 0, 0, 0, 0, 0, 0, 0, 0, 0, 0, 0, 0, 0, 0, 0, 0, 0
0, 0, 0, 0, 44.1045, -1.58444634140008e-14, 3.26700000000004, -1.35837102949607e-15, -3.14074100060679e-13, 6.40836923000616e-14, 25.8079999999975, 1.42568919141729e-14, -44.1045000000004, -6.77006284536125e-14, 3.26700000000002, 7.80303005307251e-15, 0, 0, 0, 0, 0, 0, 0, 0, 0, 0, 0, 0, 0, 0, 0, 0, 0, 0, 0, 0, 0, 0, 0, 0
0, 0, 0, 0, 1.24383191866335e-14, 44.1045000000001, -1.20509769938427e-17, 3.26700000000004, 5.87763790055099e-14, -2.04892103283782e-13, 1.42568919141729e-14, 25.8079999999976, -2.48015882372466e-14, -44.1044999999999, -1.78514610197189e-15, 3.26699999999999, 0, 0, 0, 0, 0, 0, 0, 0, 0, 0, 0, 0, 0, 0, 0, 0, 0, 0, 0, 0, 0, 0, 0, 0
0, 0, 0, 0, 0, 0, 0, 0, -396.9405, -2.93168981504037e-13, -44.1045000000004, -2.48015882372466e-14, 804.08827290829, 0.762750345736604, -2.32901697927446e-13, -4.94352101104957e-15, -396.940500000002, -2.69147540242435e-13, 44.1045000000003, 1.67422399196789e-14, 0, 0, 0, 0, 0, 0, 0, 0, 0, 0, 0, 0, 0, 0, 0, 0, 0, 0, 0, 0
0, 0, 0, 0, 0, 0, 0, 0, -5.8934405686127e-13, -396.940499999997, -6.77006284536125e-14, -44.1044999999999, 0.762750345736604, 820.977366213016, -1.14067299347078e-14, -2.88963519778918e-13, 1.49358794336391e-15, -396.940499999996, -4.91087471988112e-15, 44.1044999999997, 0, 0, 0, 0, 0, 0, 0, 0, 0, 0, 0, 0, 0, 0, 0, 0, 0, 0, 0, 0
0, 0, 0, 0, 0, 0, 0, 0, 44.1045000000001, 1.66731292463723e-14, 3.26700000000002, -1.78514610197189e-15, -2.32901697927446e-13, -1.14067299347078e-14, 25.807999999998, 9.72851117259784e-15, -44.1045000000003, 3.23993246978387e-15, 3.26700000000001, -7.15409659553322e-16, 0, 0, 0, 0, 0, 0, 0, 0, 0, 0, 0, 0, 0, 0, 0, 0, 0, 0, 0, 0
0, 0, 0, 0, 0, 0, 0, 0, 5.48302372622356e-14, 44.1044999999999, 7.80303005307251e-15, 3.26699999999999, -4.94352101104957e-15, -2.88963519778918e-13, 9.72851117259784e-15, 25.8079999999991, 9.39574740370096e-15, -44.1044999999997, -5.39818784060328e-16, 3.26699999999997, 0, 0, 0, 0, 0, 0, 0, 0, 0, 0, 0, 0, 0, 0, 0, 0, 0, 0, 0, 0
0, 0, 0, 0, 0, 0, 0, 0, 0, 0, 0, 0, -396.940500000002, 1.49358794336391e-15, -44.1045000000003, 9.39574740370096e-15, 806.62138609878, 0.0225272526368139, -9.37319555305294e-13, 6.30561664964597e-14, -396.940499999997, -2.2418153609747e-13, 44.1044999999996, 5.14909830329959e-16, 0, 0, 0, 0, 0, 0, 0, 0, 0, 0, 0, 0, 0, 0, 0, 0
0, 0, 0, 0, 0, 0, 0, 0, 0, 0, 0, 0, -2.69147540242435e-13, -396.940499999996, 3.23993246978387e-15, -44.1044999999997, 0.0225272526368139, 795.01980829374, -4.66697239148486e-14, 2.35544916904473e-13, 4.84628773161622e-14, -396.940499999999, -1.58298727905158e-16, 44.1045000000002, 0, 0, 0, 0, 0, 0, 0, 0, 0, 0, 0, 0, 0, 0, 0, 0
0, 0, 0, 0, 0, 0, 0, 0, 0, 0, 0, 0, 44.1045000000003, -4.91087471988112e-15, 3.26700000000001, -5.39818784060328e-16, -9.37319555305294e-13, -4.66697239148486e-14, 25.8079999999979, -8.34994155882097e-15, -44.1044999999999, 1.19862456446979e-13, 3.26699999999995, -1.47110233885457e-14, 0, 0, 0, 0, 0, 0, 0, 0, 0, 0, 0, 0, 0, 0, 0, 0
0, 0, 0, 0, 0, 0, 0, 0, 0, 0, 0, 0, 1.67422399196789e-14, 44.1044999999997, -7.15409659553322e-16, 3.26699999999997, 6.30561664964597e-14, 2.35544916904473e-13, -8.34994155882097e-15, 25.807999999999, 2.23387939546292e-14, -44.1045000000001, -1.95617743778038e-15, 3.26700000000001, 0, 0, 0, 0, 0, 0, 0, 0, 0, 0, 0, 0, 0, 0, 0, 0
0, 0, 0, 0, 0, 0, 0, 0, 0, 0, 0, 0, 0, 0, 0, 0, -396.940499999997, 4.84628773161622e-14, -44.1044999999999, 2.23387939546292e-14, 806.620999999278, -2.93716709998481e-07, 1.63922209139855e-13, -1.41821967188839e-13, -396.940500000001, 1.60750295238995e-12, 44.1045000000001, -1.81758874500389e-13, 0, 0, 0, 0, 0, 0, 0, 0, 0, 0, 0, 0
0, 0, 0, 0, 0, 0, 0, 0, 0, 0, 0, 0, 0, 0, 0, 0, -2.2418153609747e-13, -396.940499999999, 1.19862456446979e-13, -44.1045000000001, -2.93716709998481e-07, 821.140926821517, -1.2201412408825e-13, -6.79222011967795e-13, 1.46096548624278e-12, -396.940499999994, -1.53717361866737e-13, 44.1044999999995, 0, 0, 0, 0, 0, 0, 0, 0, 0, 0, 0, 0
0, 0, 0, 0, 0, 0, 0, 0, 0, 0, 0, 0, 0, 0, 0, 0, 44.1044999999996, -1.58298727905158e-16, 3.26699999999995, -1.95617743778038e-15, 1.63922209139855e-13, -1.2201412408825e-13, 25.8079999999988, -6.47417197901462e-15, -44.1045000000004, 2.67630897142075e-14, 3.26700000000002, -8.99073857630494e-15, 0, 0, 0, 0, 0, 0, 0, 0, 0, 0, 0, 0
0, 0, 0, 0, 0, 0, 0, 0, 0, 0, 0, 0, 0, 0, 0, 0, 5.14909830329959e-16, 44.1045000000002, -1.47110233885457e-14, 3.26700000000001, -1.41821967188839e-13, -6.79222011967795e-13, -6.47417197901462e-15, 25.8079999999992, 4.49454693345149e-14, -44.1044999999996, -3.97149868757503e-15, 3.26699999999994, 0, 0, 0, 0, 0, 0, 0, 0, 0, 0, 0, 0
0, 0, 0, 0, 0, 0, 0, 0, 0, 0, 0, 0, 0, 0, 0, 0, 0, 0, 0, 0, -396.940500000001, 1.46096548624278e-12, -44.1045000000004, 4.49454693345149e-14, 806.621000000056, 1.55457779634844e-07, 5.30988586433523e-13, -5.61530845690099e-14, -396.940500000004, 4.98238837043046e-13, 44.1045000000002, -2.41189847885175e-14, 0, 0, 0, 0, 0, 0, 0, 0
0, 0, 0, 0, 0, 0, 0, 0, 0, 0, 0, 0, 0, 0, 0, 0, 0, 0, 0, 0, 1.60750295238995e-12, -396.940499999994, 2.67630897142075e-14, -44.1044999999996, 1.55457779634844e-07, 821.141209995246, -1.33263744753065e-14, 1.13828946268768e-13, 3.51061946547435e-13, -396.940499999999, -3.69726788452106e-14, 44.1045, 0, 0, 0, 0, 0, 0, 0, 0
0, 0, 0, 0, 0, 0, 0, 0, 0, 0, 0, 0, 0, 0, 0, 0, 0, 0, 0, 0, 44.1045000000001, -1.53717361866737e-13, 3.26700000000002, -3.97149868757503e-15, 5.30988586433523e-13, -1.33263744753065e-14, 25.8079999999994, -5.77561258125232e-15, -44.1045000000011, 4.36556858652857e-14, 3.26700000000009, -2.55639041139189e-15, 0, 0, 0, 0, 0, 0, 0, 0
0, 0, 0, 0, 0, 0, 0, 0, 0, 0, 0, 0, 0, 0, 0, 0, 0, 0, 0, 0, -1.81758874500389e-13, 44.1044999999995, -8.99073857630494e-15, 3.26699999999994, -5.61530845690099e-14, 1.13828946268768e-13, -5.77561258125232e-15, 25.8080000000005, 7.61526104938366e-14, -44.1044999999998, -3.88396733847223e-15, 3.26699999999998, 0, 0, 0, 0, 0, 0, 0, 0
0, 0, 0, 0, 0, 0, 0, 0, 0, 0, 0, 0, 0, 0, 0, 0, 0, 0, 0, 0, 0, 0, 0, 0, -396.940500000004, 3.51061946547435e-13, -44.1045000000011, 7.61526104938366e-14, 806.620999999997, -4.21316319575105e-09, -5.4799897952762e-13, 4.28727046766822e-14, -396.9405, 5.65936989653675e-14, 44.1044999999999, 2.42372676925244e-14, 0, 0, 0, 0
0, 0, 0, 0, 0, 0, 0, 0, 0, 0, 0, 0, 0, 0, 0, 0, 0, 0, 0, 0, 0, 0, 0, 0, 4.98238837043046e-13, -396.940499999999, 4.36556858652857e-14, -44.1044999999998, -4.21316319575105e-09, 821.140983307846, 8.76159627196488e-14, -6.30961949354969e-13, 6.37296200233012e-13, -396.940499999996, -2.7445343048157e-14, 44.1044999999993, 0, 0, 0, 0
0, 0, 0, 0, 0, 0, 0, 0, 0, 0, 0, 0, 0, 0, 0, 0, 0, 0, 0, 0, 0, 0, 0, 0, 44.1045000000002, -3.69726788452106e-14, 3.26700000000009, -3.88396733847223e-15, -5.4799897952762e-13, 8.76159627196488e-14, 25.8079999999996, -1.63802708226849e-15, -44.1045000000004, -1.04379682458871e-13, 3.26700000000001, 4.16991750725697e-15, 0, 0, 0, 0
0, 0, 0, 0, 0, 0, 0, 0, 0, 0, 0, 0, 0, 0, 0, 0, 0, 0, 0, 0, 0, 0, 0, 0, -2.41189847885175e-14, 44.1045, -2.55639041139189e-15, 3.26699999999998, 4.28727046766822e-14, -6.30961949354969e-13, -1.63802708226849e-15, 25.8080000000008, 3.17253364271631e-14, -44.1044999999998, -2.06439674014113e-15, 3.26699999999995, 0, 0, 0, 0
0, 0, 0, 0, 0, 0, 0, 0, 0, 0, 0, 0, 0, 0, 0, 0, 0, 0, 0, 0, 0, 0, 0, 0, 0, 0, 0, 0, -396.9405, 6.37296200233012e-13, -44.1045000000004, 3.17253364271631e-14, 806.621000000045, -8.32611076283875e-13, 1.10959774701769e-12, 7.00225715685578e-14, -396.940500000007, 1.04315274537694e-11, 44.1044999999904, 5.47526919256952e-12
0, 0, 0, 0, 0, 0, 0, 0, 0, 0, 0, 0, 0, 0, 0, 0, 0, 0, 0, 0, 0, 0, 0, 0, 0, 0, 0, 0, 5.65936989653675e-14, -396.940499999996, -1.04379682458871e-13, -44.1044999999998, -8.32611076283875e-13, 821.141000201407, 1.86585890794079e-14, 1.13701048576331e-13, -2.98009493095555e-11, -396.940499999949, 2.02011148949492e-12, 44.1044999999988
0, 0, 0, 0, 0, 0, 0, 0, 0, 0, 0, 0, 0, 0, 0, 0, 0, 0, 0, 0, 0, 0, 0, 0, 0, 0, 0, 0, 44.1044999999999, -2.7445343048157e-14, 3.26700000000001, -2.06439674014113e-15, 1.10959774701769e-12, 1.86585890794079e-14, 25.8079999999985, 1.20953442797198e-15, -44.104499999999, 1.87417845804952e-12, 3.26700000000036, 9.48849835125036e-13
0, 0, 0, 0, 0, 0, 0, 0, 0, 0, 0, 0, 0, 0, 0, 0, 0, 0, 0, 0, 0, 0, 0, 0, 0, 0, 0, 0, 2.42372676925244e-14, 44.1044999999993, 4.16991750725697e-15, 3.26699999999995, 7.00225715685578e-14, 1.13701048576331e-13, 1.20953442797198e-15, 25.8079999999983, -1.06060228902531e-12, -44.1044999999987, 3.37462217989225e-14, 3.26700000000058
0, 0, 0, 0, 0, 0, 0, 0, 0, 0, 0, 0, 0, 0, 0, 0, 0, 0, 0, 0, 0, 0, 0, 0, 0, 0, 0, 0, 0, 0, 0, 0, -396.940500000007, -2.98009493095555e-11, -44.104499999999, -1.06060228902531e-12, 14026.9404999836, -1.61914507459881e-11, -44.1045000000581, -8.94929615425002e-11
0, 0, 0, 0, 0, 0, 0, 0, 0, 0, 0, 0, 0, 0, 0, 0, 0, 0, 0, 0, 0, 0, 0, 0, 0, 0, 0, 0, 0, 0, 0, 0, 1.04315274537694e-11, -396.940499999949, 1.87417845804952e-12, -44.1044999999987, -1.61914507459881e-11, 14026.9404999848, -4.95227795032235e-11, -44.1044999999801
0, 0, 0, 0, 0, 0, 0, 0, 0, 0, 0, 0, 0, 0, 0, 0, 0, 0, 0, 0, 0, 0, 0, 0, 0, 0, 0, 0, 0, 0, 0, 0, 44.1044999999904, 2.02011148949492e-12, 3.26700000000036, 3.37462217989225e-14, -44.1045000000581, -4.95227795032235e-11, 13636.5340000018, -2.78811220119978e-11
0, 0, 0, 0, 0, 0, 0, 0, 0, 0, 0, 0, 0, 0, 0, 0, 0, 0, 0, 0, 0, 0, 0, 0, 0, 0, 0, 0, 0, 0, 0, 0, 5.47526919256952e-12, 44.1044999999988, 9.48849835125036e-13, 3.26700000000058, -8.94929615425002e-11, -44.1044999999801, -2.78811220119978e-11, 13636.5339999927
16146.9083499992, 3.08324564616842e-11, 67.323150000003, 2.88107314771567e-10, -605.908350000003, -8.81070406550712e-13, 67.3231499999998, 1.20598264594711e-14, 0, 0, 0, 0, 0, 0, 0, 0, 0, 0, 0, 0, 0, 0, 0, 0, 0, 0, 0, 0, 0, 0, 0, 0, 0, 0, 0, 0, 0, 0, 0, 0
3.08324564616842e-11, 16146.9083499999, 2.19519273974376e-10, 67.3231500002568, -6.66516877778562e-13, -605.908349999999, -3.01658535340893e-14, 67.3231499999997, 0, 0, 0, 0, 0, 0, 0, 0, 0, 0, 0, 0, 0, 0, 0, 0, 0, 0, 0, 0, 0, 0, 0, 0, 0, 0, 0, 0, 0, 0, 0, 0
67.323150000003, 2.19519273974376e-10, 15550.9738000003, 7.5231812051641e-11, -67.3231499999986, -1.24028367249433e-13, 4.98689999999979, -2.44910859774127e-14, 0, 0, 0, 0, 0, 0, 0, 0, 0, 0, 0, 0, 0, 0, 0, 0, 0, 0, 0, 0, 0, 0, 0, 0, 0, 0, 0, 0, 0, 0, 0, 0
2.88107314771567e-10, 67.3231500002568, 7.5231812051641e-11, 15550.9737999931, -1.17465057692237e-12, -67.3231499999909, 2.44126707055183e-14, 4.98690000000107, 0, 0, 0, 0, 0, 0, 0, 0, 0, 0, 0, 0, 0, 0, 0, 0, 0, 0, 0, 0, 0, 0, 0, 0, 0, 0, 0, 0, 0, 0, 0, 0
-605.908350000003, -6.66516877778562e-13, -67.3231499999986, -1.17465057692237e-12, 1220.7347, 1.39713024642621e-12, -1.26456711768697e-13, 1.13250426512662e-13, -605.908350000002, -1.20790230683334e-12, 67.3231499999996, 1.38211678751812e-13, 0, 0, 0, 0, 0, 0, 0, 0, 0, 0, 0, 0, 0, 0, 0, 0, 0, 0, 0, 0, 0, 0, 0, 0, 0, 0, 0, 0
-8.81070406550712e-13, -605.908349999999, -1.24028367249433e-13, -67.3231499999909, 1.39713024642621e-12, 1220.7347, -5.24341562067761e-15, -5.60268631488725e-13, -4.28425909433479e-13, -605.908350000003, 2.15099722316404e-14, 67.3231500000005, 0, 0, 0, 0, 0, 0, 0, 0, 0, 0, 0, 0, 0, 0, 0, 0, 0, 0, 0, 0, 0, 0, 0, 0, 0, 0, 0, 0
67.3231499999998, -3.01658535340893e-14, 4.98689999999979, 2.44126707055183e-14, -1.26456711768697e-13, -5.24341562067761e-15, 28.8655999999978, -1.28031831768769e-15, -67.3231500000005, 2.45370504077931e-15, 4.98690000000001, -1.82486602559121e-15, 0, 0, 0, 0, 0, 0, 0, 0, 0, 0, 0, 0, 0, 0, 0, 0, 0, 0, 0, 0, 0, 0, 0, 0, 0, 0, 0, 0
1.20598264594711e-14, 67.3231499999997, -2.44910859774127e-14, 4.98690000000107, 1.13250426512662e-13, -5.60268631488725e-13, -1.28031831768769e-15, 28.8655999999981, -1.9911898696259e-14, -67.3231500000001, -4.48989366119933e-15, 4.98690000000003, 0, 0, 0, 0, 0, 0, 0, 0, 0, 0, 0, 0, 0, 0, 0, 0, 0, 0, 0, 0, 0, 0, 0, 0, 0, 0, 0, 0
0, 0, 0, 0, -605.908350000002, -4.28425909433479e-13, -67.3231500000005, -1.9911898696259e-14, 1220.7347, -1.44983710344089e-12, -3.2217002399193e-13, 3.18722077353017e-14, -605.908349999995, 6.42329364142423e-13, 67.3231499999993, -7.54953837122327e-14, 0, 0, 0, 0, 0, 0, 0, 0, 0, 0, 0, 0, 0, 0, 0, 0, 0, 0, 0, 0, 0, 0, 0, 0
0, 0, 0, 0, -1.20790230683334e-12, -605.908350000003, 2.45370504077931e-15, -67.3231500000001, -1.44983710344089e-12, 1220.73470000001, -2.01034203665903e-13, -5.74013370169268e-13, 1.39221665727227e-12, -605.908350000002, -1.62765136252548e-13, 67.3231500000003, 0, 0, 0, 0, 0, 0, 0, 0, 0, 0, 0, 0, 0, 0, 0, 0, 0, 0, 0, 0, 0, 0, 0, 0
0, 0, 0, 0, 67.3231499999996, 2.15099722316404e-14, 4.98690000000001, -4.48989366119933e-15, -3.2217002399193e-13, -2.01034203665903e-13, 28.865599999998, 1.32788365685294e-14, -67.3231500000001, 1.21916850444026e-13, 4.98689999999998, -1.25118076426075e-14, 0, 0, 0, 0, 0, 0, 0, 0, 0, 0, 0, 0, 0, 0, 0, 0, 0, 0, 0, 0, 0, 0, 0, 0
0, 0, 0, 0, 1.38211678751812e-13, 67.3231500000005, -1.82486602559121e-15, 4.98690000000003, 3.18722077353017e-14, -5.74013370169268e-13, 1.32788365685294e-14, 28.8655999999983, -1.00470082019227e-13, -67.3231499999994, 4.90941262073249e-15, 4.98689999999994, 0, 0, 0, 0, 0, 0, 0, 0, 0, 0, 0, 0, 0, 0, 0, 0, 0, 0, 0, 0, 0, 0, 0, 0
0, 0, 0, 0, 0, 0, 0, 0, -605.908349999995, 1.39221665727227e-12, -67.3231500000001, -1.00470082019227e-13, 1218.96179103401, 0.533925160850646, 1.02215409469864e-12, 2.0709261835811e-13, -605.908350000006, -7.3184950029677e-13, 67.323150000001, 2.71031861315127e-14, 0, 0, 0, 0, 0, 0, 0, 0, 0, 0, 0, 0, 0, 0, 0, 0, 0, 0, 0, 0
0, 0, 0, 0, 0, 0, 0, 0, 6.42329364142423e-13, -605.908350000002, 1.21916850444026e-13, -67.3231499999994, 0.533925160850646, 1242.7841924492, 1.51231030360302e-13, 4.37213998338848e-13, -6.49191424864715e-13, -605.908350000003, 2.08046385083183e-14, 67.3231500000005, 0, 0, 0, 0, 0, 0, 0, 0, 0, 0, 0, 0, 0, 0, 0, 0, 0, 0, 0, 0
0, 0, 0, 0, 0, 0, 0, 0, 67.3231499999993, -1.62765136252548e-13, 4.98689999999998, 4.90941262073249e-15, 1.02215409469864e-12, 1.51231030360302e-13, 28.8655999999985, 1.47593677312176e-14, -67.3231500000008, -1.01768300889399e-13, 4.98690000000007, 2.97545195991844e-15, 0, 0, 0, 0, 0, 0, 0, 0, 0, 0, 0, 0, 0, 0, 0, 0, 0, 0, 0, 0
0, 0, 0, 0, 0, 0, 0, 0, -7.54953837122327e-14, 67.3231500000003, -1.25118076426075e-14, 4.98689999999994, 2.0709261835811e-13, 4.37213998338848e-13, 1.47593677312176e-14, 28.8655999999994, -1.4166937100773e-13, -67.3231500000002, 1.14828487044242e-14, 4.98690000000003, 0, 0, 0, 0, 0, 0, 0, 0, 0, 0, 0, 0, 0, 0, 0, 0, 0, 0, 0, 0
0, 0, 0, 0, 0, 0, 0, 0, 0, 0, 0, 0, -605.908350000006, -6.49191424864715e-13, -67.3231500000008, -1.4166937100773e-13, 1220.73497026905, 0.0157690163755726, 9.29807697502838e-13, 1.81423376066481e-14, -605.908350000021, -5.041811614021e-13, 67.323150000002, -1.84957131511482e-13, 0, 0, 0, 0, 0, 0, 0, 0, 0, 0, 0, 0, 0, 0, 0, 0
0, 0, 0, 0, 0, 0, 0, 0, 0, 0, 0, 0, -7.3184950029677e-13, -605.908350000003, -1.01768300889399e-13, -67.3231500000002, 0.0157690163755726, 1224.61383870507, 3.46478790141367e-13, -8.32720559174049e-13, -9.78651522858779e-13, -605.90834999999, 3.80652952177975e-14, 67.3231499999991, 0, 0, 0, 0, 0, 0, 0, 0, 0, 0, 0, 0, 0, 0, 0, 0
0, 0, 0, 0, 0, 0, 0, 0, 0, 0, 0, 0, 67.323150000001, 2.08046385083183e-14, 4.98690000000007, 1.14828487044242e-14, 9.29807697502838e-13, 3.46478790141367e-13, 28.865599999999, 5.23060176177268e-14, -67.3231500000027, -3.66664790341909e-13, 4.98690000000022, 3.70099797927858e-14, 0, 0, 0, 0, 0, 0, 0, 0, 0, 0, 0, 0, 0, 0, 0, 0
0, 0, 0, 0, 0, 0, 0, 0, 0, 0, 0, 0, 2.71031861315127e-14, 67.3231500000005, 2.97545195991844e-15, 4.98690000000003, 1.81423376066481e-14, -8.32720559174049e-13, 5.23060176177268e-14, 28.8655999999995, -7.16393673285519e-14, -67.3231499999993, 3.53397871617185e-15, 4.98689999999995, 0, 0, 0, 0, 0, 0, 0, 0, 0, 0, 0, 0, 0, 0, 0, 0
0, 0, 0, 0, 0, 0, 0, 0, 0, 0, 0, 0, 0, 0, 0, 0, -605.908350000021, -9.78651522858779e-13, -67.3231500000027, -7.16393673285519e-14, 1220.73470000255, 7.84845650114158e-07, -1.18128440362852e-12, -5.2895578463171e-13, -605.908350000013, 2.46085507125296e-12, 67.3231500000011, -3.52872602682251e-13, 0, 0, 0, 0, 0, 0, 0, 0, 0, 0, 0, 0
0, 0, 0, 0, 0, 0, 0, 0, 0, 0, 0, 0, 0, 0, 0, 0, -5.041811614021e-13, -605.90834999999, -3.66664790341909e-13, -67.3231499999993, 7.84845650114158e-07, 1242.89875128327, -2.99094959476692e-13, 8.12048028819845e-13, -4.80373744024703e-13, -605.908349999995, 4.69722877519873e-15, 67.3231499999988, 0, 0, 0, 0, 0, 0, 0, 0, 0, 0, 0, 0
0, 0, 0, 0, 0, 0, 0, 0, 0, 0, 0, 0, 0, 0, 0, 0, 67.323150000002, 3.80652952177975e-14, 4.98690000000022, 3.53397871617185e-15, -1.18128440362852e-12, -2.99094959476692e-13, 28.8655999999997, -8.93747075848556e-14, -67.3231500000018, 2.66173419814573e-13, 4.98690000000013, -2.57096966237269e-14, 0, 0, 0, 0, 0, 0, 0, 0, 0, 0, 0, 0
0, 0, 0, 0, 0, 0, 0, 0, 0, 0, 0, 0, 0, 0, 0, 0, -1.84957131511482e-13, 67.3231499999991, 3.70099797927858e-14, 4.98689999999995, -5.2895578463171e-13, 8.12048028819845e-13, -8.93747075848556e-14, 28.8655999999995, 2.52249439184113e-13, -67.3231499999996, -3.20017795253185e-14, 4.98689999999988, 0, 0, 0, 0, 0, 0, 0, 0, 0, 0, 0, 0
0, 0, 0, 0, 0, 0, 0, 0, 0, 0, 0, 0, 0, 0, 0, 0, 0, 0, 0, 0, -605.908350000013, -4.80373744024703e-13, -67.3231500000018, 2.52249439184113e-13, 1220.73470000004, -4.49919167168108e-08, -3.34586758299338e-12, -4.55940769529943e-13, -605.908349999991, 8.56051744647616e-15, 67.3231499999987, 1.46512013519574e-15, 0, 0, 0, 0, 0, 0, 0, 0
0, 0, 0, 0, 0, 0, 0, 0, 0, 0, 0, 0, 0, 0, 0, 0, 0, 0, 0, 0, 2.46085507125296e-12, -605.908349999995, 2.66173419814573e-13, -67.3231499999996, -4.49919167168108e-08, 1242.8980985079, -1.86990896428655e-13, -1.42098599553719e-12, -3.06372085133571e-13, -605.90834999998, 1.80775542863723e-14, 67.3231499999997, 0, 0, 0, 0, 0, 0, 0, 0
0, 0, 0, 0, 0, 0, 0, 0, 0, 0, 0, 0, 0, 0, 0, 0, 0, 0, 0, 0, 67.3231500000011, 4.69722877519873e-15, 4.98690000000013, -3.20017795253185e-14, -3.34586758299338e-12, -1.86990896428655e-13, 28.8655999999986, -7.45104017666732e-14, -67.3231499999983, 1.94981886459772e-13, 4.98689999999987, 6.67421585032507e-16, 0, 0, 0, 0, 0, 0, 0, 0
0, 0, 0, 0, 0, 0, 0, 0, 0, 0, 0, 0, 0, 0, 0, 0, 0, 0, 0, 0, -3.52872602682251e-13, 67.3231499999988, -2.57096966237269e-14, 4.98689999999988, -4.55940769529943e-13, -1.42098599553719e-12, -7.45104017666732e-14, 28.8656, 5.70767439910132e-13, -67.3231499999981, -3.47054868132e-14, 4.98689999999999, 0, 0, 0, 0, 0, 0, 0, 0
0, 0, 0, 0, 0, 0, 0, 0, 0, 0, 0, 0, 0, 0, 0, 0, 0, 0, 0, 0, 0, 0, 0, 0, -605.908349999991, -3.06372085133571e-13, -67.3231499999983, 5.70767439910132e-13, 1220.73470000013, 7.64969167760585e-09, 2.92468769202969e-12, -8.73602142272414e-14, -605.908350000026, -1.88710440289783e-12, 67.3231500000015, 5.90637361224658e-14, 0, 0, 0, 0
0, 0, 0, 0, 0, 0, 0, 0, 0, 0, 0, 0, 0, 0, 0, 0, 0, 0, 0, 0, 0, 0, 0, 0, 8.56051744647616e-15, -605.90834999998, 1.94981886459772e-13, -67.3231499999981, 7.64969167760585e-09, 1242.89867058579, 2.51056791227069e-13, 3.42765815730672e-13, -3.50030344780647e-12, -605.908350000008, 1.83239192977777e-13, 67.3231500000013, 0, 0, 0, 0
0, 0, 0, 0, 0, 0, 0, 0, 0, 0, 0, 0, 0, 0, 0, 0, 0, 0, 0, 0, 0, 0, 0, 0, 67.3231499999987, 1.80775542863723e-14, 4.98689999999987, -3.47054868132e-14, 2.92468769202969e-12, 2.51056791227069e-13, 28.8655999999998, 3.44176220533861e-14, -67.3231500000032, -5.60165402356169e-14, 4.98690000000015, -4.87544663909331e-15, 0, 0, 0, 0
