1, 0, 0, 0, 0, 0, 0, 0, 0, 0, 0, 0, 0, 0, 0, 0, 0, 0, 0, 0, 0, 0, 0, 0, 0, 0, 0, 0, 0, 0, 0, 0, 0, 0, 0, 0, 0, 0, 0, 0
0, 1, 0, 0, 0, 0, 0, 0, 0, 0, 0, 0, 0, 0, 0, 0, 0, 0, 0, 0, 0, 0, 0, 0, 0, 0, 0, 0, 0, 0, 0, 0, 0, 0, 0, 0, 0, 0, 0, 0
0, 0, 1, 0, 0, 0, 0, 0, 0, 0, 0, 0, 0, 0, 0, 0, 0, 0, 0, 0, 0, 0, 0, 0, 0, 0, 0, 0, 0, 0, 0, 0, 0, 0, 0, 0, 0, 0, 0, 0
0, 0, 0, 1, 0, 0, 0, 0, 0, 0, 0, 0, 0, 0, 0, 0, 0, 0, 0, 0, 0, 0, 0, 0, 0, 0, 0, 0, 0, 0, 0, 0, 0, 0, 0, 0, 0, 0, 0, 0
0, 0, 0, 0, 1, 0, 0, 0, 0, 0, 0, 0, 0, 0, 0, 0, 0, 0, 0, 0, 0, 0, 0, 0, 0, 0, 0, 0, 0, 0, 0, 0, 0, 0, 0, 0, 0, 0, 0, 0
0, 0, 0, 0, 0, 1, 0, 0, 0, 0, 0, 0, 0, 0, 0, 0, 0, 0, 0, 0, 0, 0, 0, 0, 0, 0, 0, 0, 0, 0, 0, 0, 0, 0, 0, 0, 0, 0, 0, 0
0, 0, 0, 0, 0, 0, 1, 0, 0, 0, 0, 0, 0, 0, 0, 0, 0, 0, 0, 0, 0, 0, 0, 0, 0, 0, 0, 0, 0, 0, 0, 0, 0, 0, 0, 0, 0, 0, 0, 0
0, 0, 0, 0, 0, 0, 0, 1, 0, 0, 0, 0, 0, 0, 0, 0, 0, 0, 0, 0, 0, 0, 0, 0, 0, 0, 0, 0, 0, 0, 0, 0, 0, 0, 0, 0, 0, 0, 0, 0
0, 0, 0, 0, 0, 0, 0, 0, 1, 0, 0, 0, 0, 0, 0, 0, 0, 0, 0, 0, 0, 0, 0, 0, 0, 0, 0, 0, 0, 0, 0, 0, 0, 0, 0, 0, 0, 0, 0, 0
0, 0, 0, 0, 0, 0, 0, 0, 0, 1, 0, 0, 0, 0, 0, 0, 0, 0, 0, 0, 0, 0, 0, 0, 0, 0, 0, 0, 0, 0, 0, 0, 0, 0, 0, 0, 0, 0, 0, 0
0, 0, 0, 0, 0, 0, 0, 0, 0, 0, 1, 0, 0, 0, 0, 0, 0, 0, 0, 0, 0, 0, 0, 0, 0, 0, 0, 0, 0, 0, 0, 0, 0, 0, 0, 0, 0, 0, 0, 0
0, 0, 0, 0, 0, 0, 0, 0, 0, 0, 0, 1, 0, 0, 0, 0, 0, 0, 0, 0, 0, 0, 0, 0, 0, 0, 0, 0, 0, 0, 0, 0, 0, 0, 0, 0, 0, 0, 0, 0
0, 0, 0, 0, 0, 0, 0, 0, 0, 0, 0, 0, 1, 0, 0, 0, 0, 0, 0, 0, 0, 0, 0, 0, 0, 0, 0, 0, 0, 0, 0, 0, 0, 0, 0, 0, 0, 0, 0, 0
0, 0, 0, 0, 0, 0, 0, 0, 0, 0, 0, 0, 0, 1, 0, 0, 0, 0, 0, 0, 0, 0, 0, 0, 0, 0, 0, 0, 0, 0, 0, 0, 0, 0, 0, 0, 0, 0, 0, 0
0, 0, 0, 0, 0, 0, 0, 0, 0, 0, 0, 0, 0, 0, 1, 0, 0, 0, 0, 0, 0, 0, 0, 0, 0, 0, 0, 0, 0, 0, 0, 0, 0, 0, 0, 0, 0, 0, 0, 0
0, 0, 0, 0, 0, 0, 0, 0, 0, 0, 0, 0, 0, 0, 0, 1, 0, 0, 0, 0, 0, 0, 0, 0, 0, 0, 0, 0, 0, 0, 0, 0, 0, 0, 0, 0, 0, 0, 0, 0
0, 0, 0, 0, 0, 0, 0, 0, 0, 0, 0, 0, 0, 0, 0, 0, 1, 0, 0, 0, 0, 0, 0, 0, 0, 0, 0, 0, 0, 0, 0, 0, 0, 0, 0, 0, 0, 0, 0, 0
0, 0, 0, 0, 0, 0, 0, 0, 0, 0, 0, 0, 0, 0, 0, 0, 0, 1, 0, 0, 0, 0, 0, 0, 0, 0, 0, 0, 0, 0, 0, 0, 0, 0, 0, 0, 0, 0, 0, 0
0, 0, 0, 0, 0, 0, 0, 0, 0, 0, 0, 0, 0, 0, 0, 0, 0, 0, 1, 0, 0, 0, 0, 0, 0, 0, 0, 0, 0, 0, 0, 0, 0, 0, 0, 0, 0, 0, 0, 0
0, 0, 0, 0, 0, 0, 0, 0, 0, 0, 0, 0, 0, 0, 0, 0, 0, 0, 0, 1, 0, 0, 0, 0, 0, 0, 0, 0, 0, 0, 0, 0, 0, 0, 0, 0, 0, 0, 0, 0
0, 0, 0, 0, 0, 0, 0, 0, 0, 0, 0, 0, 0, 0, 0, 0, 0, 0, 0, 0, 1, 0, 0, 0, 0, 0, 0, 0, 0, 0, 0, 0, 0, 0, 0, 0, 0, 0, 0, 0
0, 0, 0, 0, 0, 0, 0, 0, 0, 0, 0, 0, 0, 0, 0, 0, 0, 0, 0, 0, 0, 1, 0, 0, 0, 0, 0, 0, 0, 0, 0, 0, 0, 0, 0, 0, 0, 0, 0, 0
0, 0, 0, 0, 0, 0, 0, 0, 0, 0, 0, 0, 0, 0, 0, 0, 0, 0, 0, 0, 0, 0, 1, 0, 0, 0, 0, 0, 0, 0, 0, 0, 0, 0, 0, 0, 0, 0, 0, 0
0, 0, 0, 0, 0, 0, 0, 0, 0, 0, 0, 0, 0, 0, 0, 0, 0, 0, 0, 0, 0, 0, 0, 1, 0, 0, 0, 0, 0, 0, 0, 0, 0, 0, 0, 0, 0, 0, 0, 0
0, 0, 0, 0, 0, 0, 0, 0, 0, 0, 0, 0, 0, 0, 0, 0, 0, 0, 0, 0, 0, 0, 0, 0, 1, 0, 0, 0, 0, 0, 0, 0, 0, 0, 0, 0, 0, 0, 0, 0
0, 0, 0, 0, 0, 0, 0, 0, 0, 0, 0, 0, 0, 0, 0, 0, 0, 0, 0, 0, 0, 0, 0, 0, 0, 1, 0, 0, 0, 0, 0, 0, 0, 0, 0, 0, 0, 0, 0, 0
0, 0, 0, 0, 0, 0, 0, 0, 0, 0, 0, 0, 0, 0, 0, 0, 0, 0, 0, 0, 0, 0, 0, 0, 0, 0, 1, 0, 0, 0, 0, 0, 0, 0, 0, 0, 0, 0, 0, 0
0, 0, 0, 0, 0, 0, 0, 0, 0, 0, 0, 0, 0, 0, 0, 0, 0, 0, 0, 0, 0, 0, 0, 0, 0, 0, 0, 1, 0, 0, 0, 0, 0, 0, 0, 0, 0, 0, 0, 0
0, 0, 0, 0, 0, 0, 0, 0, 0, 0, 0, 0, 0, 0, 0, 0, 0, 0, 0, 0, 0, 0, 0, 0, 0, 0, 0, 0, 1, 0, 0, 0, 0, 0, 0, 0, 0, 0, 0, 0
0, 0, 0, 0, 0, 0, 0, 0, 0, 0, 0, 0, 0, 0, 0, 0, 0, 0, 0, 0, 0, 0, 0, 0, 0, 0, 0, 0, 0, 1, 0, 0, 0, 0, 0, 0, 0, 0, 0, 0
0, 0, 0, 0, 0, 0, 0, 0, 0, 0, 0, 0, 0, 0, 0, 0, 0, 0, 0, 0, 0, 0, 0, 0, 0, 0, 0, 0, 0, 0, 1, 0, 0, 0, 0, 0, 0, 0, 0, 0
0, 0, 0, 0, 0, 0, 0, 0, 0, 0, 0, 0, 0, 0, 0, 0, 0, 0, 0, 0, 0, 0, 0, 0, 0, 0, 0, 0, 0, 0, 0, 1, 0, 0, 0, 0, 0, 0, 0, 0
0, 0, 0, 0, 0, 0, 0, 0, 0, 0, 0, 0, 0, 0, 0, 0, 0, 0, 0, 0, 0, 0, 0, 0, 0, 0, 0, 0, 0, 0, 0, 0, 1, 0, 0, 0, 0, 0, 0, 0
0, 0, 0, 0, 0, 0, 0, 0, 0, 0, 0, 0, 0, 0, 0, 0, 0, 0, 0, 0, 0, 0, 0, 0, 0, 0, 0, 0, 0, 0, 0, 0, 0, 1, 0, 0, 0, 0, 0, 0
0, 0, 0, 0, 0, 0, 0, 0, 0, 0, 0, 0, 0, 0, 0, 0, 0, 0, 0, 0, 0, 0, 0, 0, 0, 0, 0, 0, 0, 0, 0, 0, 0, 0, 1, 0, 0, 0, 0, 0
0, 0, 0, 0, 0, 0, 0, 0, 0, 0, 0, 0, 0, 0, 0, 0, 0, 0, 0, 0, 0, 0, 0, 0, 0, 0, 0, 0, 0, 0, 0, 0, 0, 0, 0, 1, 0, 0, 0, 0
0, 0, 0, 0, 0, 0, 0, 0, 0, 0, 0, 0, 0, 0, 0, 0, 0, 0, 0, 0, 0, 0, 0, 0, 0, 0, 0, 0, 0, 0, 0, 0, 0, 0, 0, 0, 1, 0, 0, 0
0, 0, 0, 0, 0, 0, 0, 0, 0, 0, 0, 0, 0, 0, 0, 0, 0, 0, 0, 0, 0, 0, 0, 0, 0, 0, 0, 0, 0, 0, 0, 0, 0, 0, 0, 0, 0, 1, 0, 0
0, 0, 0, 0, 0, 0, 0, 0, 0, 0, 0, 0, 0, 0, 0, 0, 0, 0, 0, 0, 0, 0, 0, 0, 0, 0, 0, 0, 0, 0, 0, 0, 0, 0, 0, 0, 0, 0, 1, 0
0, 0, 0, 0, 0, 0, 0, 0, 0, 0, 0, 0, 0, 0, 0, 0, 0, 0, 0, 0, 0, 0, 0, 0, 0, 0, 0, 0, 0, 0, 0, 0, 0, 0, 0, 0, 0, 0, 0, 1
3.25909999999997, 4.74088793233236e-16, 0.0216000000000003, -1.10398107220958e-17, -0.259200000000005, 2.02067226110094e-16, 0.0216000000000002, -4.70478507425136e-18, 0, 0, 0, 0, 0, 0, 0, 0, 0, 0, 0, 0, 0, 0, 0, 0, 0, 0, 0, 0, 0, 0, 0, 0, 0, 0, 0, 0, 0, 0, 0, 0
4.74088793233236e-16, 3.25909999999997, 1.59663643519112e-17, 0.0216000000000003, -1.32733172070352e-16, -0.259200000000003, -1.03438730578078e-17, 0.0216000000000002, 0, 0, 0, 0, 0, 0, 0, 0, 0, 0, 0, 0, 0, 0, 0, 0, 0, 0, 0, 0, 0, 0, 0, 0, 0, 0, 0, 0, 0, 0, 0, 0
0.0216000000000003, 1.59663643519112e-17, 3.00229999999994, 1.55093962682813e-16, -0.0216000000000003, 3.36685977349503e-17, 0.00120000000000009, 9.5393763316894e-18, 0, 0, 0, 0, 0, 0, 0, 0, 0, 0, 0, 0, 0, 0, 0, 0, 0, 0, 0, 0, 0, 0, 0, 0, 0, 0, 0, 0, 0, 0, 0, 0
-1.10398107220958e-17, 0.0216000000000003, 1.55093962682813e-16, 3.00229999999995, -1.50675725842357e-17, -0.0216000000000002, 1.09927052796641e-17, 0.00120000000000009, 0, 0, 0, 0, 0, 0, 0, 0, 0, 0, 0, 0, 0, 0, 0, 0, 0, 0, 0, 0, 0, 0, 0, 0, 0, 0, 0, 0, 0, 0, 0, 0
-0.259200000000005, -1.32733172070352e-16, -0.0216000000000003, -1.50675725842357e-17, 1.51920576186937, -0.00134444248496009, 1.25055521493778e-16, -3.12725022450521e-18, -0.259200000000005, 1.93745875168639e-16, 0.0216000000000003, -7.11461580888542e-18, 0, 0, 0, 0, 0, 0, 0, 0, 0, 0, 0, 0, 0, 0, 0, 0, 0, 0, 0, 0, 0, 0, 0, 0, 0, 0, 0, 0
2.02067226110094e-16, -0.259200000000003, 3.36685977349503e-17, -0.0216000000000002, -0.00134444248496009, 1.54964480221106, 2.45602140537165e-17, 9.37916411203332e-17, -1.29869074569727e-16, -0.259200000000003, -7.67289517677512e-18, 0.0216000000000002, 0, 0, 0, 0, 0, 0, 0, 0, 0, 0, 0, 0, 0, 0, 0, 0, 0, 0, 0, 0, 0, 0, 0, 0, 0, 0, 0, 0
0.0216000000000002, -1.03438730578078e-17, 0.00120000000000009, 1.09927052796641e-17, 1.25055521493778e-16, 2.45602140537165e-17, 1.00469999999988, 2.91910243088773e-17, -0.0216000000000003, 3.87930422177183e-17, 0.00120000000000008, 8.50193037789233e-18, 0, 0, 0, 0, 0, 0, 0, 0, 0, 0, 0, 0, 0, 0, 0, 0, 0, 0, 0, 0, 0, 0, 0, 0, 0, 0, 0, 0
-4.70478507425136e-18, 0.0216000000000002, 9.5393763316894e-18, 0.00120000000000009, -3.12725022450521e-18, 9.37916411203332e-17, 2.91910243088773e-17, 1.00469999999989, -9.65551324209533e-18, -0.0216000000000002, 1.09750352452804e-17, 0.00120000000000009, 0, 0, 0, 0, 0, 0, 0, 0, 0, 0, 0, 0, 0, 0, 0, 0, 0, 0, 0, 0, 0, 0, 0, 0, 0, 0, 0, 0
0, 0, 0, 0, -0.259200000000005, -1.29869074569727e-16, -0.0216000000000003, -9.65551324209533e-18, 1.52020801582346, 0.000479847659455461, 1.53477230924182e-16, -1.98983875054205e-18, -0.259200000000005, 2.05341241989465e-16, 0.0216000000000002, -6.34826725369009e-18, 0, 0, 0, 0, 0, 0, 0, 0, 0, 0, 0, 0, 0, 0, 0, 0, 0, 0, 0, 0, 0, 0, 0, 0
0, 0, 0, 0, 1.93745875168639e-16, -0.259200000000003, 3.87930422177183e-17, -0.0216000000000002, 0.000479847659455461, 1.52817658406152, -1.03039284213243e-18, 1.02318153949454e-16, -1.28156914845766e-16, -0.259200000000003, -7.03471203047923e-18, 0.0216000000000002, 0, 0, 0, 0, 0, 0, 0, 0, 0, 0, 0, 0, 0, 0, 0, 0, 0, 0, 0, 0, 0, 0, 0, 0
0, 0, 0, 0, 0.0216000000000003, -7.67289517677512e-18, 0.00120000000000008, 1.09750352452804e-17, 1.53477230924182e-16, -1.03039284213243e-18, 1.00469999999988, 3.69835574293983e-17, -0.0216000000000003, 4.04065094511518e-17, 0.00120000000000009, 1.05521027386664e-17, 0, 0, 0, 0, 0, 0, 0, 0, 0, 0, 0, 0, 0, 0, 0, 0, 0, 0, 0, 0, 0, 0, 0, 0
0, 0, 0, 0, -7.11461580888542e-18, 0.0216000000000002, 8.50193037789233e-18, 0.00120000000000009, -1.98983875054205e-18, 1.02318153949454e-16, 3.69835574293983e-17, 1.00469999999989, -1.60440454304987e-17, -0.0216000000000001, 1.41008176331564e-17, 0.00120000000000008, 0, 0, 0, 0, 0, 0, 0, 0, 0, 0, 0, 0, 0, 0, 0, 0, 0, 0, 0, 0, 0, 0, 0, 0
0, 0, 0, 0, 0, 0, 0, 0, -0.259200000000005, -1.28156914845766e-16, -0.0216000000000003, -1.60440454304987e-17, 1.53842818340169, 0.0137976344947037, 1.73372427525464e-16, -5.25030211003626e-18, -0.259200000000005, 2.18858626330226e-16, 0.0216000000000002, -9.2598999475158e-18, 0, 0, 0, 0, 0, 0, 0, 0, 0, 0, 0, 0, 0, 0, 0, 0, 0, 0, 0, 0
0, 0, 0, 0, 0, 0, 0, 0, 2.05341241989465e-16, -0.259200000000003, 4.04065094511518e-17, -0.0216000000000001, 0.0137976344947037, 1.51770297370959, 6.09636955222725e-18, 1.62003743753303e-16, -1.53928440659593e-16, -0.259200000000003, -1.15338818426798e-17, 0.0216000000000002, 0, 0, 0, 0, 0, 0, 0, 0, 0, 0, 0, 0, 0, 0, 0, 0, 0, 0, 0, 0
0, 0, 0, 0, 0, 0, 0, 0, 0.0216000000000002, -7.03471203047923e-18, 0.00120000000000009, 1.41008176331564e-17, 1.73372427525464e-16, 6.09636955222725e-18, 1.00469999999988, 3.44853668110833e-17, -0.0216000000000003, 4.63189960153635e-17, 0.00120000000000008, 7.8769752392546e-18, 0, 0, 0, 0, 0, 0, 0, 0, 0, 0, 0, 0, 0, 0, 0, 0, 0, 0, 0, 0
0, 0, 0, 0, 0, 0, 0, 0, -6.34826725369009e-18, 0.0216000000000002, 1.05521027386664e-17, 0.00120000000000008, -5.25030211003626e-18, 1.62003743753303e-16, 3.44853668110833e-17, 1.00469999999989, -1.93058191572415e-18, -0.0216000000000002, 1.20927049554291e-17, 0.00120000000000009, 0, 0, 0, 0, 0, 0, 0, 0, 0, 0, 0, 0, 0, 0, 0, 0, 0, 0, 0, 0
0, 0, 0, 0, 0, 0, 0, 0, 0, 0, 0, 0, -0.259200000000005, -1.53928440659593e-16, -0.0216000000000003, -1.93058191572415e-18, 1.54038572976418, 0.0243622445490634, 1.96109795069788e-16, 2.05701494253197e-17, -0.259200000000005, 1.57091112082078e-16, 0.0216000000000002, 7.5818049472397e-19, 0, 0, 0, 0, 0, 0, 0, 0, 0, 0, 0, 0, 0, 0, 0, 0
0, 0, 0, 0, 0, 0, 0, 0, 0, 0, 0, 0, 2.18858626330226e-16, -0.259200000000003, 4.63189960153635e-17, -0.0216000000000002, 0.0243622445490634, 1.49750381394611, -7.62569703386658e-18, 1.10844666778576e-16, -1.39779298891529e-16, -0.259200000000003, -6.52764297226737e-18, 0.0216000000000002, 0, 0, 0, 0, 0, 0, 0, 0, 0, 0, 0, 0, 0, 0, 0, 0
0, 0, 0, 0, 0, 0, 0, 0, 0, 0, 0, 0, 0.0216000000000002, -1.15338818426798e-17, 0.00120000000000008, 1.20927049554291e-17, 1.96109795069788e-16, -7.62569703386658e-18, 1.00469999999988, 2.9179605891158e-17, -0.0216000000000003, 4.35375011234172e-17, 0.00120000000000008, 7.11975842582612e-18, 0, 0, 0, 0, 0, 0, 0, 0, 0, 0, 0, 0, 0, 0, 0, 0
0, 0, 0, 0, 0, 0, 0, 0, 0, 0, 0, 0, -9.2598999475158e-18, 0.0216000000000002, 7.8769752392546e-18, 0.00120000000000009, 2.05701494253197e-17, 1.10844666778576e-16, 2.9179605891158e-17, 1.00469999999989, -1.52812139605794e-18, -0.0216000000000002, 1.1175730161762e-17, 0.00120000000000009, 0, 0, 0, 0, 0, 0, 0, 0, 0, 0, 0, 0, 0, 0, 0, 0
0, 0, 0, 0, 0, 0, 0, 0, 0, 0, 0, 0, 0, 0, 0, 0, -0.259200000000005, -1.39779298891529e-16, -0.0216000000000003, -1.52812139605794e-18, 1.51040846323601, 0.0361790297468696, 1.4210854715202e-16, 1.22078147093463e-17, -0.259200000000005, 1.76933137376605e-16, 0.0216000000000002, 1.96826738828236e-18, 0, 0, 0, 0, 0, 0, 0, 0, 0, 0, 0, 0
0, 0, 0, 0, 0, 0, 0, 0, 0, 0, 0, 0, 0, 0, 0, 0, 1.57091112082078e-16, -0.259200000000003, 4.35375011234172e-17, -0.0216000000000002, 0.0361790297468696, 1.47800814793428, 1.63215642050642e-17, 5.6843418860808e-17, -1.30980331460268e-16, -0.259200000000002, -4.82250846810308e-18, 0.0216000000000002, 0, 0, 0, 0, 0, 0, 0, 0, 0, 0, 0, 0
0, 0, 0, 0, 0, 0, 0, 0, 0, 0, 0, 0, 0, 0, 0, 0, 0.0216000000000002, -6.52764297226737e-18, 0.00120000000000008, 1.1175730161762e-17, 1.4210854715202e-16, 1.63215642050642e-17, 1.00469999999988, 3.53460144927845e-17, -0.0216000000000003, 4.03535008872183e-17, 0.00120000000000008, 5.94841693156355e-18, 0, 0, 0, 0, 0, 0, 0, 0, 0, 0, 0, 0
0, 0, 0, 0, 0, 0, 0, 0, 0, 0, 0, 0, 0, 0, 0, 0, 7.5818049472397e-19, 0.0216000000000002, 7.11975842582612e-18, 0.00120000000000009, 1.22078147093463e-17, 5.6843418860808e-17, 3.53460144927845e-17, 1.00469999999989, -1.57514669196743e-18, -0.0216000000000001, 1.175827234241e-17, 0.00120000000000008, 0, 0, 0, 0, 0, 0, 0, 0, 0, 0, 0, 0
0, 0, 0, 0, 0, 0, 0, 0, 0, 0, 0, 0, 0, 0, 0, 0, 0, 0, 0, 0, -0.259200000000005, -1.30980331460268e-16, -0.0216000000000003, -1.57514669196743e-18, 1.36990170859542, 0.00978600010589709, 1.08002495835535e-16, 1.4909294833777e-17, -0.259200000000005, 1.8572356936803e-16, 0.0216000000000003, 4.72670590840845e-18, 0, 0, 0, 0, 0, 0, 0, 0
0, 0, 0, 0, 0, 0, 0, 0, 0, 0, 0, 0, 0, 0, 0, 0, 0, 0, 0, 0, 1.76933137376605e-16, -0.259200000000002, 4.03535008872183e-17, -0.0216000000000001, 0.00978600010589709, 1.45186589992331, 3.284788320251e-17, 9.37916411203332e-17, -1.52057597126843e-16, -0.259200000000003, 2.36394762096404e-18, 0.0216000000000002, 0, 0, 0, 0, 0, 0, 0, 0
0, 0, 0, 0, 0, 0, 0, 0, 0, 0, 0, 0, 0, 0, 0, 0, 0, 0, 0, 0, 0.0216000000000002, -4.82250846810308e-18, 0.00120000000000008, 1.175827234241e-17, 1.08002495835535e-16, 3.284788320251e-17, 1.00469999999988, 3.58587129901973e-17, -0.0216000000000003, 2.6895063465155e-17, 0.00120000000000009, 7.98521048568329e-18, 0, 0, 0, 0, 0, 0, 0, 0
0, 0, 0, 0, 0, 0, 0, 0, 0, 0, 0, 0, 0, 0, 0, 0, 0, 0, 0, 0, 1.96826738828236e-18, 0.0216000000000002, 5.94841693156355e-18, 0.00120000000000008, 1.4909294833777e-17, 9.37916411203332e-17, 3.58587129901973e-17, 1.00469999999989, -1.40887940778942e-17, -0.0216000000000001, 1.39380226526813e-17, 0.00120000000000008, 0, 0, 0, 0, 0, 0, 0, 0
0, 0, 0, 0, 0, 0, 0, 0, 0, 0, 0, 0, 0, 0, 0, 0, 0, 0, 0, 0, 0, 0, 0, 0, -0.259200000000005, -1.52057597126843e-16, -0.0216000000000003, -1.40887940778942e-17, 1.43665653507066, 0.0214207800444034, 2.30215846386272e-16, 4.70947909261703e-18, -0.259200000000006, 1.82295365466718e-16, 0.0216000000000003, -8.10389438908915e-18, 0, 0, 0, 0
0, 0, 0, 0, 0, 0, 0, 0, 0, 0, 0, 0, 0, 0, 0, 0, 0, 0, 0, 0, 0, 0, 0, 0, 1.8572356936803e-16, -0.259200000000003, 2.6895063465155e-17, -0.0216000000000001, 0.0214207800444034, 1.4750694973979, 4.11675700001715e-18, 1.19371179607697e-16, -1.53140386028165e-16, -0.259200000000002, -1.03980009949718e-17, 0.0216000000000003, 0, 0, 0, 0
0, 0, 0, 0, 0, 0, 0, 0, 0, 0, 0, 0, 0, 0, 0, 0, 0, 0, 0, 0, 0, 0, 0, 0, 0.0216000000000003, 2.36394762096404e-18, 0.00120000000000009, 1.39380226526813e-17, 2.30215846386272e-16, 4.11675700001715e-18, 1.00469999999988, 3.34122524633282e-17, -0.0216000000000004, 4.90463980512064e-17, 0.00120000000000009, 1.1275048505743e-17, 0, 0, 0, 0
0, 0, 0, 0, 0, 0, 0, 0, 0, 0, 0, 0, 0, 0, 0, 0, 0, 0, 0, 0, 0, 0, 0, 0, 4.72670590840845e-18, 0.0216000000000002, 7.98521048568329e-18, 0.00120000000000008, 4.70947909261703e-18, 1.19371179607697e-16, 3.34122524633282e-17, 1.00469999999989, -1.50751310364184e-18, -0.0216, 1.2972540618083e-17, 0.00120000000000008, 0, 0, 0, 0
0, 0, 0, 0, 0, 0, 0, 0, 0, 0, 0, 0, 0, 0, 0, 0, 0, 0, 0, 0, 0, 0, 0, 0, 0, 0, 0, 0, -0.259200000000006, -1.53140386028165e-16, -0.0216000000000004, -1.50751310364184e-18, 1.26915803918973, 0.0251380886716529, -0.0216000000000001, -1.45959964736504e-18, 0, 0, 0, 0
0, 0, 0, 0, 0, 0, 0, 0, 0, 0, 0, 0, 0, 0, 0, 0, 0, 0, 0, 0, 0, 0, 0, 0, 0, 0, 0, 0, 1.82295365466718e-16, -0.259200000000002, 4.90463980512064e-17, -0.0216, 0.0251380886716529, 1.22652158041423, 9.12072834006876e-18, -0.0216000000000001, 0, 0, 0, 0
0, 0, 0, 0, 0, 0, 0, 0, 0, 0, 0, 0, 0, 0, 0, 0, 0, 0, 0, 0, 0, 0, 0, 0, 0, 0, 0, 0, 0.0216000000000003, -1.03980009949718e-17, 0.00120000000000009, 1.2972540618083e-17, -0.0216000000000001, 9.12072834006876e-18, 1.00229999999994, 1.20118568292544e-17, 0, 0, 0, 0
0, 0, 0, 0, 0, 0, 0, 0, 0, 0, 0, 0, 0, 0, 0, 0, 0, 0, 0, 0, 0, 0, 0, 0, 0, 0, 0, 0, -8.10389438908915e-18, 0.0216000000000003, 1.1275048505743e-17, 0.00120000000000008, -1.45959964736504e-18, -0.0216000000000001, 1.20118568292544e-17, 1.00229999999994, 0, 0, 0, 0
0, 0, 0, 0, 0, 0, 0, 0, 0, 0, 0, 0, 0, 0, 0, 0, 0, 0, 0, 0, 0, 0, 0, 0, 0, 0, 0, 0, 0, 0, 0, 0, 0, 0, 0, 0, 2.99990000000001, 1.08979492097205e-16, 1.26121335597418e-17, 6.21724893790088e-18
0, 0, 0, 0, 0, 0, 0, 0, 0, 0, 0, 0, 0, 0, 0, 0, 0, 0, 0, 0, 0, 0, 0, 0, 0, 0, 0, 0, 0, 0, 0, 0, 0, 0, 0, 0, 1.08979492097205e-16, 2.99990000000001, 8.36664071357518e-17, 4.08562073062058e-18
0, 0, 0, 0, 0, 0, 0, 0, 0, 0, 0, 0, 0, 0, 0, 0, 0, 0, 0, 0, 0, 0, 0, 0, 0, 0, 0, 0, 0, 0, 0, 0, 0, 0, 0, 0, 1.26121335597418e-17, 8.36664071357518e-17, 2.9999, 1.06226138996135e-16
0, 0, 0, 0, 0, 0, 0, 0, 0, 0, 0, 0, 0, 0, 0, 0, 0, 0, 0, 0, 0, 0, 0, 0, 0, 0, 0, 0, 0, 0, 0, 0, 0, 0, 0, 0, 6.21724893790088e-18, 4.08562073062058e-18, 1.06226138996135e-16, 2.9999
5.51797409, 9.50737333217745e-16, 0.0431978400000017, 5.07287026066105e-16, -0.518374080000007, 2.03872175001489e-16, 0.0431978400000004, -2.08310311626226e-18, 0, 0, 0, 0, 0, 0, 0, 0, 0, 0, 0, 0, 0, 0, 0, 0, 0, 0, 0, 0, 0, 0, 0, 0, 0, 0, 0, 0, 0, 0, 0, 0
9.50737333217745e-16, 5.51797408999999, 1.32317841465086e-15, 0.0431978400000009, -1.60810438351535e-16, -0.518374080000006, -4.35180257189129e-18, 0.0431978400000006, 0, 0, 0, 0, 0, 0, 0, 0, 0, 0, 0, 0, 0, 0, 0, 0, 0, 0, 0, 0, 0, 0, 0, 0, 0, 0, 0, 0, 0, 0, 0, 0
0.0431978400000017, 1.32317841465086e-15, 5.00439976999997, 7.64337467914605e-16, -0.0431978400000006, -3.33705945757449e-17, 0.0023998800000001, 7.51288136535854e-20, 0, 0, 0, 0, 0, 0, 0, 0, 0, 0, 0, 0, 0, 0, 0, 0, 0, 0, 0, 0, 0, 0, 0, 0, 0, 0, 0, 0, 0, 0, 0, 0
5.07287026066105e-16, 0.0431978400000009, 7.64337467914605e-16, 5.00439976999996, -3.80655450119051e-17, -0.0431978400000005, 1.02637161247272e-17, 0.00239988000000011, 0, 0, 0, 0, 0, 0, 0, 0, 0, 0, 0, 0, 0, 0, 0, 0, 0, 0, 0, 0, 0, 0, 0, 0, 0, 0, 0, 0, 0, 0, 0, 0
-0.518374080000007, -1.60810438351535e-16, -0.0431978400000006, -3.80655450119051e-17, 2.03781450026152, -0.00191412185505836, 2.67151563093648e-16, 1.52323410701622e-17, -0.51837408000001, 2.29989329520704e-16, 0.0431978400000006, 7.56516346905279e-18, 0, 0, 0, 0, 0, 0, 0, 0, 0, 0, 0, 0, 0, 0, 0, 0, 0, 0, 0, 0, 0, 0, 0, 0, 0, 0, 0, 0
2.03872175001489e-16, -0.518374080000006, -3.33705945757449e-17, -0.0431978400000005, -0.00191412185505836, 2.10131646406632, 3.00340139124738e-17, 5.39918687536556e-17, -2.66848399202063e-16, -0.518374080000007, -9.91613502079301e-18, 0.0431978400000006, 0, 0, 0, 0, 0, 0, 0, 0, 0, 0, 0, 0, 0, 0, 0, 0, 0, 0, 0, 0, 0, 0, 0, 0, 0, 0, 0, 0
0.0431978400000004, -4.35180257189129e-18, 0.0023998800000001, 1.02637161247272e-17, 2.67151563093648e-16, 3.00340139124738e-17, 1.00939952999988, 6.05076047192471e-17, -0.0431978400000008, 4.66357721558786e-17, 0.00239988000000011, 9.09515969973463e-18, 0, 0, 0, 0, 0, 0, 0, 0, 0, 0, 0, 0, 0, 0, 0, 0, 0, 0, 0, 0, 0, 0, 0, 0, 0, 0, 0, 0
-2.08310311626226e-18, 0.0431978400000006, 7.51288136535854e-20, 0.00239988000000011, 1.52323410701622e-17, 5.39918687536556e-17, 6.05076047192471e-17, 1.00939952999988, -2.69207968278416e-17, -0.0431978400000004, 8.83098652332399e-18, 0.00239988000000011, 0, 0, 0, 0, 0, 0, 0, 0, 0, 0, 0, 0, 0, 0, 0, 0, 0, 0, 0, 0, 0, 0, 0, 0, 0, 0, 0, 0
0, 0, 0, 0, -0.51837408000001, -2.66848399202063e-16, -0.0431978400000008, -2.69207968278416e-17, 2.03858049743231, 0.000849271610286647, 8.24076096250792e-17, 1.87795105218129e-17, -0.51837408000001, 1.21183572028254e-16, 0.0431978400000008, -2.80939190458927e-18, 0, 0, 0, 0, 0, 0, 0, 0, 0, 0, 0, 0, 0, 0, 0, 0, 0, 0, 0, 0, 0, 0, 0, 0
0, 0, 0, 0, 2.29989329520704e-16, -0.518374080000007, 4.66357721558786e-17, -0.0431978400000004, 0.000849271610286647, 2.06015112453067, -9.69574481189033e-19, 2.95575546260807e-16, -1.38316773158216e-16, -0.518374080000008, -1.22429354626813e-17, 0.0431978400000007, 0, 0, 0, 0, 0, 0, 0, 0, 0, 0, 0, 0, 0, 0, 0, 0, 0, 0, 0, 0, 0, 0, 0, 0
0, 0, 0, 0, 0.0431978400000006, -9.91613502079301e-18, 0.00239988000000011, 8.83098652332399e-18, 8.24076096250792e-17, -9.69574481189033e-19, 1.00939952999988, 3.02043544371417e-17, -0.0431978400000008, 4.11311194625285e-17, 0.00239988000000012, 1.18060569039877e-17, 0, 0, 0, 0, 0, 0, 0, 0, 0, 0, 0, 0, 0, 0, 0, 0, 0, 0, 0, 0, 0, 0, 0, 0
0, 0, 0, 0, 7.56516346905279e-18, 0.0431978400000006, 9.09515969973463e-18, 0.00239988000000011, 1.87795105218129e-17, 2.95575546260807e-16, 3.02043544371417e-17, 1.00939952999989, -3.23914645036851e-17, -0.0431978400000006, 1.66237578057917e-17, 0.00239988000000011, 0, 0, 0, 0, 0, 0, 0, 0, 0, 0, 0, 0, 0, 0, 0, 0, 0, 0, 0, 0, 0, 0, 0, 0
0, 0, 0, 0, 0, 0, 0, 0, -0.51837408000001, -1.38316773158216e-16, -0.0431978400000008, -3.23914645036851e-17, 2.07091568190873, 0.0266172509858697, 3.63780543466419e-16, 1.72233677864693e-18, -0.518374080000011, 1.19566262762188e-16, 0.0431978400000007, -1.84942205773306e-17, 0, 0, 0, 0, 0, 0, 0, 0, 0, 0, 0, 0, 0, 0, 0, 0, 0, 0, 0, 0
0, 0, 0, 0, 0, 0, 0, 0, 1.21183572028254e-16, -0.518374080000008, 4.11311194625285e-17, -0.0431978400000006, 0.0266172509858697, 2.0409316607581, 2.35579201053236e-17, -8.54271320349653e-18, -8.23522584268248e-17, -0.518374080000007, -2.10201405465862e-17, 0.0431978400000006, 0, 0, 0, 0, 0, 0, 0, 0, 0, 0, 0, 0, 0, 0, 0, 0, 0, 0, 0, 0
0, 0, 0, 0, 0, 0, 0, 0, 0.0431978400000008, -1.22429354626813e-17, 0.00239988000000012, 1.66237578057917e-17, 3.63780543466419e-16, 2.35579201053236e-17, 1.00939952999989, 9.56482731442722e-18, -0.0431978400000006, 5.47410934774077e-17, 0.00239988000000011, 7.85963135198639e-18, 0, 0, 0, 0, 0, 0, 0, 0, 0, 0, 0, 0, 0, 0, 0, 0, 0, 0, 0, 0
0, 0, 0, 0, 0, 0, 0, 0, -2.80939190458927e-18, 0.0431978400000007, 1.18060569039877e-17, 0.00239988000000011, 1.72233677864693e-18, -8.54271320349653e-18, 9.56482731442722e-18, 1.00939952999989, -1.44924764431077e-17, -0.0431978400000007, 1.35707791121893e-17, 0.00239988000000012, 0, 0, 0, 0, 0, 0, 0, 0, 0, 0, 0, 0, 0, 0, 0, 0, 0, 0, 0, 0
0, 0, 0, 0, 0, 0, 0, 0, 0, 0, 0, 0, -0.518374080000011, -8.23522584268248e-17, -0.0431978400000006, -1.44924764431077e-17, 2.07918121520221, 0.0499060669061979, 2.47249261065008e-16, 1.18930872517123e-17, -0.518374080000009, 2.91676140732643e-16, 0.0431978400000005, -2.04802102623801e-17, 0, 0, 0, 0, 0, 0, 0, 0, 0, 0, 0, 0, 0, 0, 0, 0
0, 0, 0, 0, 0, 0, 0, 0, 0, 0, 0, 0, 1.19566262762188e-16, -0.518374080000007, 5.47410934774077e-17, -0.0431978400000007, 0.0499060669061979, 2.00280910636903, -1.75531038618737e-17, 4.8305821565009e-17, -8.99953917232237e-17, -0.518374080000006, 6.24633681693192e-18, 0.0431978400000006, 0, 0, 0, 0, 0, 0, 0, 0, 0, 0, 0, 0, 0, 0, 0, 0
0, 0, 0, 0, 0, 0, 0, 0, 0, 0, 0, 0, 0.0431978400000007, -2.10201405465862e-17, 0.00239988000000011, 1.35707791121893e-17, 2.47249261065008e-16, -1.75531038618737e-17, 1.00939952999988, 4.00497612056439e-17, -0.0431978400000006, 1.43860594510098e-17, 0.0023998800000001, 8.97976981544842e-18, 0, 0, 0, 0, 0, 0, 0, 0, 0, 0, 0, 0, 0, 0, 0, 0
0, 0, 0, 0, 0, 0, 0, 0, 0, 0, 0, 0, -1.84942205773306e-17, 0.0431978400000006, 7.85963135198639e-18, 0.00239988000000012, 1.18930872517123e-17, 4.8305821565009e-17, 4.00497612056439e-17, 1.00939952999988, 1.51979642778604e-17, -0.0431978400000004, 9.84534977040119e-18, 0.0023998800000001, 0, 0, 0, 0, 0, 0, 0, 0, 0, 0, 0, 0, 0, 0, 0, 0
0, 0, 0, 0, 0, 0, 0, 0, 0, 0, 0, 0, 0, 0, 0, 0, -0.518374080000009, -8.99953917232237e-17, -0.0431978400000006, 1.51979642778604e-17, 2.04168594790223, 0.060591517745676, 3.75152353626618e-16, 2.2286031212691e-17, -0.518374080000011, 1.96739110132161e-16, 0.0431978400000008, -1.08654933594471e-17, 0, 0, 0, 0, 0, 0, 0, 0, 0, 0, 0, 0
0, 0, 0, 0, 0, 0, 0, 0, 0, 0, 0, 0, 0, 0, 0, 0, 2.91676140732643e-16, -0.518374080000006, 1.43860594510098e-17, -0.0431978400000004, 0.060591517745676, 1.96324667716796, 9.73620495099378e-17, 1.47787204696215e-16, -2.10847443159211e-17, -0.518374080000008, -5.71125148472383e-18, 0.0431978400000006, 0, 0, 0, 0, 0, 0, 0, 0, 0, 0, 0, 0
0, 0, 0, 0, 0, 0, 0, 0, 0, 0, 0, 0, 0, 0, 0, 0, 0.0431978400000005, 6.24633681693192e-18, 0.0023998800000001, 9.84534977040119e-18, 3.75152353626618e-16, 9.73620495099378e-17, 1.00939952999989, 4.30583564401324e-17, -0.0431978400000009, 8.49106046731417e-18, 0.00239988000000011, 1.04156893886363e-17, 0, 0, 0, 0, 0, 0, 0, 0, 0, 0, 0, 0
0, 0, 0, 0, 0, 0, 0, 0, 0, 0, 0, 0, 0, 0, 0, 0, -2.04802102623801e-17, 0.0431978400000006, 8.97976981544842e-18, 0.0023998800000001, 2.2286031212691e-17, 1.47787204696215e-16, 4.30583564401324e-17, 1.00939952999989, 2.76743143689184e-17, -0.0431978400000006, -1.93817831353659e-17, 0.00239988000000011, 0, 0, 0, 0, 0, 0, 0, 0, 0, 0, 0, 0
0, 0, 0, 0, 0, 0, 0, 0, 0, 0, 0, 0, 0, 0, 0, 0, 0, 0, 0, 0, -0.518374080000011, -2.10847443159211e-17, -0.0431978400000009, 2.76743143689184e-17, 1.76631168720234, 0.0270984745856983, 1.27886892187234e-16, 9.0455705172474e-17, -0.518374080000011, 1.8824442343192e-16, 0.0431978400000008, 6.84807885801376e-17, 0, 0, 0, 0, 0, 0, 0, 0
0, 0, 0, 0, 0, 0, 0, 0, 0, 0, 0, 0, 0, 0, 0, 0, 0, 0, 0, 0, 1.96739110132161e-16, -0.518374080000008, 8.49106046731417e-18, -0.0431978400000006, 0.0270984745856983, 1.9268985877899, 6.81108327914078e-17, 2.38732980051282e-16, -2.94401453193838e-16, -0.518374080000008, 3.14224138105425e-18, 0.0431978400000006, 0, 0, 0, 0, 0, 0, 0, 0
0, 0, 0, 0, 0, 0, 0, 0, 0, 0, 0, 0, 0, 0, 0, 0, 0, 0, 0, 0, 0.0431978400000008, -5.71125148472383e-18, 0.00239988000000011, -1.93817831353659e-17, 1.27886892187234e-16, 6.81108327914078e-17, 1.00939952999989, 1.09975805422362e-17, -0.0431978400000008, 4.08871713987332e-17, 0.00239988000000013, 1.11350237176313e-17, 0, 0, 0, 0, 0, 0, 0, 0
0, 0, 0, 0, 0, 0, 0, 0, 0, 0, 0, 0, 0, 0, 0, 0, 0, 0, 0, 0, -1.08654933594471e-17, 0.0431978400000006, 1.04156893886363e-17, 0.00239988000000011, 9.0455705172474e-17, 2.38732980051282e-16, 1.09975805422362e-17, 1.0093995299999, -4.42162788986727e-17, -0.0431978400000005, 2.32176095075224e-17, 0.00239988000000011, 0, 0, 0, 0, 0, 0, 0, 0
0, 0, 0, 0, 0, 0, 0, 0, 0, 0, 0, 0, 0, 0, 0, 0, 0, 0, 0, 0, 0, 0, 0, 0, -0.518374080000011, -2.94401453193838e-16, -0.0431978400000008, -4.42162788986727e-17, 1.96334044755089, 0.0506612098650092, -5.68664404454467e-17, -1.6602386413971e-16, -0.518374080000008, 1.73632691421993e-16, 0.0431978400000005, -3.53604607415976e-17, 0, 0, 0, 0
0, 0, 0, 0, 0, 0, 0, 0, 0, 0, 0, 0, 0, 0, 0, 0, 0, 0, 0, 0, 0, 0, 0, 0, 1.8824442343192e-16, -0.518374080000008, 4.08871713987332e-17, -0.0431978400000005, 0.0506612098650092, 1.96261653855154, 1.80846921187761e-18, 2.13150883610069e-16, -2.05569015582494e-17, -0.518374080000008, -8.6787123905732e-18, 0.0431978400000008, 0, 0, 0, 0
0, 0, 0, 0, 0, 0, 0, 0, 0, 0, 0, 0, 0, 0, 0, 0, 0, 0, 0, 0, 0, 0, 0, 0, 0.0431978400000008, 3.14224138105425e-18, 0.00239988000000013, 2.32176095075224e-17, -5.68664404454467e-17, 1.80846921187761e-18, 1.00939952999988, 3.82055951215054e-17, -0.0431978400000007, -2.10041846333784e-17, 0.00239988000000012, 1.34697430010765e-17, 0, 0, 0, 0
0, 0, 0, 0, 0, 0, 0, 0, 0, 0, 0, 0, 0, 0, 0, 0, 0, 0, 0, 0, 0, 0, 0, 0, 6.84807885801376e-17, 0.0431978400000006, 1.11350237176313e-17, 0.00239988000000011, -1.6602386413971e-16, 2.13150883610069e-16, 3.82055951215054e-17, 1.00939952999989, 5.50791884491238e-17, -0.0431978400000005, 2.26311042060926e-17, 0.0023998800000001, 0, 0, 0, 0
0, 0, 0, 0, 0, 0, 0, 0, 0, 0, 0, 0, 0, 0, 0, 0, 0, 0, 0, 0, 0, 0, 0, 0, 0, 0, 0, 0, -0.518374080000008, -2.05569015582494e-17, -0.0431978400000007, 5.50791884491238e-17, 1.56001814361761, 0.0395903545476013, -0.0431978400000005, 2.98061022403976e-17, 0, 0, 0, 0
0, 0, 0, 0, 0, 0, 0, 0, 0, 0, 0, 0, 0, 0, 0, 0, 0, 0, 0, 0, 0, 0, 0, 0, 0, 0, 0, 0, 1.73632691421993e-16, -0.518374080000008, -2.10041846333784e-17, -0.0431978400000005, 0.0395903545476013, 1.47259638150147, 7.95470253562106e-18, -0.0431978400000005, 0, 0, 0, 0
0, 0, 0, 0, 0, 0, 0, 0, 0, 0, 0, 0, 0, 0, 0, 0, 0, 0, 0, 0, 0, 0, 0, 0, 0, 0, 0, 0, 0.0431978400000005, -8.6787123905732e-18, 0.00239988000000012, 2.26311042060926e-17, -0.0431978400000005, 7.95470253562106e-18, 1.00459976999994, 1.26561568126716e-17, 0, 0, 0, 0
0, 0, 0, 0, 0, 0, 0, 0, 0, 0, 0, 0, 0, 0, 0, 0, 0, 0, 0, 0, 0, 0, 0, 0, 0, 0, 0, 0, -3.53604607415976e-17, 0.0431978400000008, 1.34697430010765e-17, 0.0023998800000001, 2.98061022403976e-17, -0.0431978400000005, 1.26561568126716e-17, 1.00459976999994, 0, 0, 0, 0
0, 0, 0, 0, 0, 0, 0, 0, 0, 0, 0, 0, 0, 0, 0, 0, 0, 0, 0, 0, 0, 0, 0, 0, 0, 0, 0, 0, 0, 0, 0, 0, 0, 0, 0, 0, 4.99960001000004, 5.57853103469553e-16, 6.61271184084454e-17, 5.45689750713946e-17
0, 0, 0, 0, 0, 0, 0, 0, 0, 0, 0, 0, 0, 0, 0, 0, 0, 0, 0, 0, 0, 0, 0, 0, 0, 0, 0, 0, 0, 0, 0, 0, 0, 0, 0, 0, 5.57853103469553e-16, 4.99960001000003, 4.00194936060433e-16, 8.91163149158702e-17
0, 0, 0, 0, 0, 0, 0, 0, 0, 0, 0, 0, 0, 0, 0, 0, 0, 0, 0, 0, 0, 0, 0, 0, 0, 0, 0, 0, 0, 0, 0, 0, 0, 0, 0, 0, 6.61271184084454e-17, 4.00194936060433e-16, 4.99960001000002, 4.11075959783806e-16
0, 0, 0, 0, 0, 0, 0, 0, 0, 0, 0, 0, 0, 0, 0, 0, 0, 0, 0, 0, 0, 0, 0, 0, 0, 0, 0, 0, 0, 0, 0, 0, 0, 0, 0, 0, 5.45689750713946e-17, 8.91163149158702e-17, 4.11075959783806e-16, 4.99960001000002
7.77662229259104, 5.52025660157116e-16, 0.0647935202160025, -7.62133221438467e-17, -0.777522242592012, 2.39748468780066e-16, 0.0647935202160008, -4.21843513087524e-18, 0, 0, 0, 0, 0, 0, 0, 0, 0, 0, 0, 0, 0, 0, 0, 0, 0, 0, 0, 0, 0, 0, 0, 0, 0, 0, 0, 0, 0, 0, 0, 0
5.52025660157116e-16, 7.77662229259101, 9.36865078806251e-16, 0.0647935202160012, -4.77732458918552e-17, -0.777522242592007, -1.06968703061223e-18, 0.0647935202160009, 0, 0, 0, 0, 0, 0, 0, 0, 0, 0, 0, 0, 0, 0, 0, 0, 0, 0, 0, 0, 0, 0, 0, 0, 0, 0, 0, 0, 0, 0, 0, 0
0.0647935202160025, 9.36865078806251e-16, 7.006299330023, 1.06514551135382e-15, -0.064793520216001, -6.48120428872588e-17, 0.00359964001200013, 2.2975495873255e-18, 0, 0, 0, 0, 0, 0, 0, 0, 0, 0, 0, 0, 0, 0, 0, 0, 0, 0, 0, 0, 0, 0, 0, 0, 0, 0, 0, 0, 0, 0, 0, 0
-7.62133221438467e-17, 0.0647935202160012, 1.06514551135382e-15, 7.00629933002298, -2.26345257417581e-17, -0.0647935202160007, 1.37985468146616e-17, 0.00359964001200013, 0, 0, 0, 0, 0, 0, 0, 0, 0, 0, 0, 0, 0, 0, 0, 0, 0, 0, 0, 0, 0, 0, 0, 0, 0, 0, 0, 0, 0, 0, 0, 0
-0.777522242592012, -4.77732458918552e-17, -0.064793520216001, -2.26345257417581e-17, 2.55642037683031, -0.00258378637556506, 1.27858471728359e-16, 1.72037222574482e-17, -0.777522242592012, 2.66148710584041e-16, 0.0647935202160008, 2.99199531432432e-18, 0, 0, 0, 0, 0, 0, 0, 0, 0, 0, 0, 0, 0, 0, 0, 0, 0, 0, 0, 0, 0, 0, 0, 0, 0, 0, 0, 0
2.39748468780066e-16, -0.777522242592007, -6.48120428872588e-17, -0.0647935202160007, -0.00258378637556506, 2.65235512027915, -3.00140075266638e-17, -1.05175103243482e-16, -2.99291260547481e-16, -0.777522242592008, -1.34978473209941e-17, 0.0647935202160008, 0, 0, 0, 0, 0, 0, 0, 0, 0, 0, 0, 0, 0, 0, 0, 0, 0, 0, 0, 0, 0, 0, 0, 0, 0, 0, 0, 0
0.0647935202160008, -1.06968703061223e-18, 0.00359964001200013, 1.37985468146616e-17, 1.27858471728359e-16, -3.00140075266638e-17, 1.01409859004688, 3.90004997037673e-17, -0.0647935202160009, 6.97877505991295e-17, 0.00359964001200013, 5.39244645555134e-18, 0, 0, 0, 0, 0, 0, 0, 0, 0, 0, 0, 0, 0, 0, 0, 0, 0, 0, 0, 0, 0, 0, 0, 0, 0, 0, 0, 0
-4.21843513087524e-18, 0.0647935202160009, 2.2975495873255e-18, 0.00359964001200013, 1.72037222574482e-17, -1.05175103243482e-16, 3.90004997037673e-17, 1.01409859004688, -2.58651715452005e-17, -0.0647935202160006, 8.12471023540025e-18, 0.00359964001200012, 0, 0, 0, 0, 0, 0, 0, 0, 0, 0, 0, 0, 0, 0, 0, 0, 0, 0, 0, 0, 0, 0, 0, 0, 0, 0, 0, 0
0, 0, 0, 0, -0.777522242592012, -2.99291260547481e-16, -0.0647935202160009, -2.58651715452005e-17, 2.55742395847213, 0.000421561696179583, 5.3430454880754e-16, 2.29045397201096e-17, -0.777522242592011, 2.13148294228958e-16, 0.0647935202160009, -7.66341548366357e-18, 0, 0, 0, 0, 0, 0, 0, 0, 0, 0, 0, 0, 0, 0, 0, 0, 0, 0, 0, 0, 0, 0, 0, 0
0, 0, 0, 0, 2.66148710584041e-16, -0.777522242592008, 6.97877505991295e-17, -0.0647935202160006, 0.000421561696179583, 2.5841355102004, 5.57396737400265e-17, 5.28604006035494e-16, -9.90023336398857e-17, -0.777522242592013, -8.02429183272097e-18, 0.0647935202160009, 0, 0, 0, 0, 0, 0, 0, 0, 0, 0, 0, 0, 0, 0, 0, 0, 0, 0, 0, 0, 0, 0, 0, 0
0, 0, 0, 0, 0.0647935202160008, -1.34978473209941e-17, 0.00359964001200013, 8.12471023540025e-18, 5.3430454880754e-16, 5.57396737400265e-17, 1.01409859004689, 3.94507494713456e-17, -0.0647935202160013, 4.27612121961824e-17, 0.00359964001200015, 1.21843697853935e-17, 0, 0, 0, 0, 0, 0, 0, 0, 0, 0, 0, 0, 0, 0, 0, 0, 0, 0, 0, 0, 0, 0, 0, 0
0, 0, 0, 0, 2.99199531432432e-18, 0.0647935202160008, 5.39244645555134e-18, 0.00359964001200012, 2.29045397201096e-17, 5.28604006035494e-16, 3.94507494713456e-17, 1.01409859004689, -3.5298441433981e-17, -0.0647935202160011, 1.67014333498694e-17, 0.00359964001200012, 0, 0, 0, 0, 0, 0, 0, 0, 0, 0, 0, 0, 0, 0, 0, 0, 0, 0, 0, 0, 0, 0, 0, 0
0, 0, 0, 0, 0, 0, 0, 0, -0.777522242592011, -9.90023336398857e-17, -0.0647935202160013, -3.5298441433981e-17, 2.60271923983488, 0.0325943529365033, 2.813212080639e-16, -2.5944940173385e-17, -0.777522242592013, 2.04960113817922e-16, 0.0647935202160008, -3.13555701855347e-17, 0, 0, 0, 0, 0, 0, 0, 0, 0, 0, 0, 0, 0, 0, 0, 0, 0, 0, 0, 0
0, 0, 0, 0, 0, 0, 0, 0, 2.13148294228958e-16, -0.777522242592013, 4.27612121961824e-17, -0.0647935202160011, 0.0325943529365033, 2.56005130813627, 1.46611166349371e-17, 1.36408859162884e-16, -2.77215395773411e-17, -0.777522242592013, -1.80037190444851e-17, 0.064793520216001, 0, 0, 0, 0, 0, 0, 0, 0, 0, 0, 0, 0, 0, 0, 0, 0, 0, 0, 0, 0
0, 0, 0, 0, 0, 0, 0, 0, 0.0647935202160009, -8.02429183272097e-18, 0.00359964001200015, 1.67014333498694e-17, 2.813212080639e-16, 1.46611166349371e-17, 1.01409859004689, 1.33270064681323e-17, -0.0647935202160009, 5.00854977099628e-17, 0.00359964001200011, 9.03572849844027e-18, 0, 0, 0, 0, 0, 0, 0, 0, 0, 0, 0, 0, 0, 0, 0, 0, 0, 0, 0, 0
0, 0, 0, 0, 0, 0, 0, 0, -7.66341548366357e-18, 0.0647935202160009, 1.21843697853935e-17, 0.00359964001200012, -2.5944940173385e-17, 1.36408859162884e-16, 1.33270064681323e-17, 1.01409859004689, 1.67471408305936e-18, -0.064793520216001, 1.05394593839387e-17, 0.00359964001200014, 0, 0, 0, 0, 0, 0, 0, 0, 0, 0, 0, 0, 0, 0, 0, 0, 0, 0, 0, 0
0, 0, 0, 0, 0, 0, 0, 0, 0, 0, 0, 0, -0.777522242592013, -2.77215395773411e-17, -0.0647935202160009, 1.67471408305936e-18, 2.63179153772205, 0.0626817006956963, 3.26805322544033e-16, -1.05623627300566e-17, -0.777522242592012, 4.67551913452476e-16, 0.064793520216001, -4.40070620625668e-17, 0, 0, 0, 0, 0, 0, 0, 0, 0, 0, 0, 0, 0, 0, 0, 0
0, 0, 0, 0, 0, 0, 0, 0, 0, 0, 0, 0, 2.04960113817922e-16, -0.777522242592013, 5.00854977099628e-17, -0.064793520216001, 0.0626817006956963, 2.51048785226057, -9.74707529791294e-17, 2.47252956995681e-16, -1.06339531858832e-16, -0.777522242592012, -2.82786159937477e-17, 0.0647935202160009, 0, 0, 0, 0, 0, 0, 0, 0, 0, 0, 0, 0, 0, 0, 0, 0
0, 0, 0, 0, 0, 0, 0, 0, 0, 0, 0, 0, 0.0647935202160008, -1.80037190444851e-17, 0.00359964001200011, 1.05394593839387e-17, 3.26805322544033e-16, -9.74707529791294e-17, 1.01409859004687, 4.78606854887988e-17, -0.0647935202160008, 3.81399683516648e-17, 0.00359964001200011, 7.35687690757051e-18, 0, 0, 0, 0, 0, 0, 0, 0, 0, 0, 0, 0, 0, 0, 0, 0
0, 0, 0, 0, 0, 0, 0, 0, 0, 0, 0, 0, -3.13555701855347e-17, 0.064793520216001, 9.03572849844027e-18, 0.00359964001200014, -1.05623627300566e-17, 2.47252956995681e-16, 4.78606854887988e-17, 1.01409859004689, 2.15023139039147e-17, -0.0647935202160009, 5.18824934433766e-18, 0.00359964001200012, 0, 0, 0, 0, 0, 0, 0, 0, 0, 0, 0, 0, 0, 0, 0, 0
0, 0, 0, 0, 0, 0, 0, 0, 0, 0, 0, 0, 0, 0, 0, 0, -0.777522242592012, -1.06339531858832e-16, -0.0647935202160008, 2.15023139039147e-17, 2.58554337091017, 0.0782356747428252, 5.20065556486316e-16, 1.82092841091954e-17, -0.777522242592015, 4.60789261410454e-16, 0.0647935202160012, -2.07594709463555e-17, 0, 0, 0, 0, 0, 0, 0, 0, 0, 0, 0, 0
0, 0, 0, 0, 0, 0, 0, 0, 0, 0, 0, 0, 0, 0, 0, 0, 4.67551913452476e-16, -0.777522242592012, 3.81399683516648e-17, -0.0647935202160009, 0.0782356747428252, 2.45373260649893, 4.29180784076153e-17, 1.16508545602301e-16, 8.6221647208125e-17, -0.777522242592015, -4.89882890291035e-17, 0.064793520216001, 0, 0, 0, 0, 0, 0, 0, 0, 0, 0, 0, 0
0, 0, 0, 0, 0, 0, 0, 0, 0, 0, 0, 0, 0, 0, 0, 0, 0.064793520216001, -2.82786159937477e-17, 0.00359964001200011, 5.18824934433766e-18, 5.20065556486316e-16, 4.29180784076153e-17, 1.01409859004689, 6.29700638874829e-17, -0.0647935202160011, 3.31205586409395e-17, 0.00359964001200014, 1.01659551817847e-17, 0, 0, 0, 0, 0, 0, 0, 0, 0, 0, 0, 0
0, 0, 0, 0, 0, 0, 0, 0, 0, 0, 0, 0, 0, 0, 0, 0, -4.40070620625668e-17, 0.0647935202160009, 7.35687690757051e-18, 0.00359964001200012, 1.82092841091954e-17, 1.16508545602301e-16, 6.29700638874829e-17, 1.01409859004689, 3.11877811955503e-17, -0.0647935202160013, -2.45072177623926e-17, 0.00359964001200014, 0, 0, 0, 0, 0, 0, 0, 0, 0, 0, 0, 0
0, 0, 0, 0, 0, 0, 0, 0, 0, 0, 0, 0, 0, 0, 0, 0, 0, 0, 0, 0, -0.777522242592015, 8.6221647208125e-17, -0.0647935202160011, 3.11877811955503e-17, 2.15750873806158, 0.0753559300631765, 2.81351334422197e-16, 1.39296472685464e-16, -0.777522242592018, 3.80211745828068e-16, 0.0647935202160014, 1.28091941343466e-16, 0, 0, 0, 0, 0, 0, 0, 0
0, 0, 0, 0, 0, 0, 0, 0, 0, 0, 0, 0, 0, 0, 0, 0, 0, 0, 0, 0, 4.60789261410454e-16, -0.777522242592015, 3.31205586409395e-17, -0.0647935202160013, 0.0753559300631765, 2.37670018136739, 2.85441281008749e-16, 1.9607654260767e-16, -5.05414554300049e-16, -0.777522242592013, -3.38553074746645e-18, 0.064793520216001, 0, 0, 0, 0, 0, 0, 0, 0
0, 0, 0, 0, 0, 0, 0, 0, 0, 0, 0, 0, 0, 0, 0, 0, 0, 0, 0, 0, 0.0647935202160012, -4.89882890291035e-17, 0.00359964001200014, -2.45072177623926e-17, 2.81351334422197e-16, 2.85441281008749e-16, 1.0140985900469, 2.54918301494442e-17, -0.0647935202160015, -3.94252973131611e-17, 0.00359964001200018, 1.77183840638764e-17, 0, 0, 0, 0, 0, 0, 0, 0
0, 0, 0, 0, 0, 0, 0, 0, 0, 0, 0, 0, 0, 0, 0, 0, 0, 0, 0, 0, -2.07594709463555e-17, 0.064793520216001, 1.01659551817847e-17, 0.00359964001200014, 1.39296472685464e-16, 1.9607654260767e-16, 2.54918301494442e-17, 1.0140985900469, -9.78162476612615e-17, -0.0647935202160012, 3.38186638805818e-17, 0.00359964001200014, 0, 0, 0, 0, 0, 0, 0, 0
0, 0, 0, 0, 0, 0, 0, 0, 0, 0, 0, 0, 0, 0, 0, 0, 0, 0, 0, 0, 0, 0, 0, 0, -0.777522242592018, -5.05414554300049e-16, -0.0647935202160015, -9.78162476612615e-17, 2.50737451156209, 0.0664054749070794, -3.01287454902877e-16, -2.29700756676042e-16, -0.777522242592014, 1.96338938190735e-16, 0.064793520216001, -7.04548484802671e-17, 0, 0, 0, 0
0, 0, 0, 0, 0, 0, 0, 0, 0, 0, 0, 0, 0, 0, 0, 0, 0, 0, 0, 0, 0, 0, 0, 0, 3.80211745828068e-16, -0.777522242592013, -3.94252973131611e-17, -0.0647935202160012, 0.0664054749070794, 2.46464871683427, -8.56246894143955e-19, 1.33548782116577e-16, -5.17012604627532e-17, -0.777522242592017, 5.91514542942995e-18, 0.0647935202160013, 0, 0, 0, 0
0, 0, 0, 0, 0, 0, 0, 0, 0, 0, 0, 0, 0, 0, 0, 0, 0, 0, 0, 0, 0, 0, 0, 0, 0.0647935202160014, -3.38553074746645e-18, 0.00359964001200018, 3.38186638805818e-17, -3.01287454902877e-16, -8.56246894143955e-19, 1.01409859004688, 8.85871648664348e-17, -0.0647935202160008, -3.42342203308051e-17, 0.00359964001200013, -2.98761794678461e-18, 0, 0, 0, 0
0, 0, 0, 0, 0, 0, 0, 0, 0, 0, 0, 0, 0, 0, 0, 0, 0, 0, 0, 0, 0, 0, 0, 0, 1.28091941343466e-16, 0.064793520216001, 1.77183840638764e-17, 0.00359964001200014, -2.29700756676042e-16, 1.33548782116577e-16, 8.85871648664348e-17, 1.0140985900469, 6.60982809338693e-17, -0.0647935202160013, 2.08804305418651e-17, 0.00359964001200013, 0, 0, 0, 0
