1, 0, 0, 0, 0, 0, 0, 0, 0, 0, 0, 0, 0, 0, 0, 0, 0, 0, 0, 0, 0, 0, 0, 0, 0, 0, 0, 0, 0, 0, 0, 0, 0, 0, 0, 0, 0, 0, 0, 0
0, 1, 0, 0, 0, 0, 0, 0, 0, 0, 0, 0, 0, 0, 0, 0, 0, 0, 0, 0, 0, 0, 0, 0, 0, 0, 0, 0, 0, 0, 0, 0, 0, 0, 0, 0, 0, 0, 0, 0
0, 0, 1, 0, 0, 0, 0, 0, 0, 0, 0, 0, 0, 0, 0, 0, 0, 0, 0, 0, 0, 0, 0, 0, 0, 0, 0, 0, 0, 0, 0, 0, 0, 0, 0, 0, 0, 0, 0, 0
0, 0, 0, 1, 0, 0, 0, 0, 0, 0, 0, 0, 0, 0, 0, 0, 0, 0, 0, 0, 0, 0, 0, 0, 0, 0, 0, 0, 0, 0, 0, 0, 0, 0, 0, 0, 0, 0, 0, 0
0, 0, 0, 0, 1, 0, 0, 0, 0, 0, 0, 0, 0, 0, 0, 0, 0, 0, 0, 0, 0, 0, 0, 0, 0, 0, 0, 0, 0, 0, 0, 0, 0, 0, 0, 0, 0, 0, 0, 0
0, 0, 0, 0, 0, 1, 0, 0, 0, 0, 0, 0, 0, 0, 0, 0, 0, 0, 0, 0, 0, 0, 0, 0, 0, 0, 0, 0, 0, 0, 0, 0, 0, 0, 0, 0, 0, 0, 0, 0
0, 0, 0, 0, 0, 0, 1, 0, 0, 0, 0, 0, 0, 0, 0, 0, 0, 0, 0, 0, 0, 0, 0, 0, 0, 0, 0, 0, 0, 0, 0, 0, 0, 0, 0, 0, 0, 0, 0, 0
0, 0, 0, 0, 0, 0, 0, 1, 0, 0, 0, 0, 0, 0, 0, 0, 0, 0, 0, 0, 0, 0, 0, 0, 0, 0, 0, 0, 0, 0, 0, 0, 0, 0, 0, 0, 0, 0, 0, 0
0, 0, 0, 0, 0, 0, 0, 0, 1, 0, 0, 0, 0, 0, 0, 0, 0, 0, 0, 0, 0, 0, 0, 0, 0, 0, 0, 0, 0, 0, 0, 0, 0, 0, 0, 0, 0, 0, 0, 0
0, 0, 0, 0, 0, 0, 0, 0, 0, 1, 0, 0, 0, 0, 0, 0, 0, 0, 0, 0, 0, 0, 0, 0, 0, 0, 0, 0, 0, 0, 0, 0, 0, 0, 0, 0, 0, 0, 0, 0
0, 0, 0, 0, 0, 0, 0, 0, 0, 0, 1, 0, 0, 0, 0, 0, 0, 0, 0, 0, 0, 0, 0, 0, 0, 0, 0, 0, 0, 0, 0, 0, 0, 0, 0, 0, 0, 0, 0, 0
0, 0, 0, 0, 0, 0, 0, 0, 0, 0, 0, 1, 0, 0, 0, 0, 0, 0, 0, 0, 0, 0, 0, 0, 0, 0, 0, 0, 0, 0, 0, 0, 0, 0, 0, 0, 0, 0, 0, 0
0, 0, 0, 0, 0, 0, 0, 0, 0, 0, 0, 0, 1, 0, 0, 0, 0, 0, 0, 0, 0, 0, 0, 0, 0, 0, 0, 0, 0, 0, 0, 0, 0, 0, 0, 0, 0, 0, 0, 0
0, 0, 0, 0, 0, 0, 0, 0, 0, 0, 0, 0, 0, 1, 0, 0, 0, 0, 0, 0, 0, 0, 0, 0, 0, 0, 0, 0, 0, 0, 0, 0, 0, 0, 0, 0, 0, 0, 0, 0
0, 0, 0, 0, 0, 0, 0, 0, 0, 0, 0, 0, 0, 0, 1, 0, 0, 0, 0, 0, 0, 0, 0, 0, 0, 0, 0, 0, 0, 0, 0, 0, 0, 0, 0, 0, 0, 0, 0, 0
0, 0, 0, 0, 0, 0, 0, 0, 0, 0, 0, 0, 0, 0, 0, 1, 0, 0, 0, 0, 0, 0, 0, 0, 0, 0, 0, 0, 0, 0, 0, 0, 0, 0, 0, 0, 0, 0, 0, 0
0, 0, 0, 0, 0, 0, 0, 0, 0, 0, 0, 0, 0, 0, 0, 0, 1, 0, 0, 0, 0, 0, 0, 0, 0, 0, 0, 0, 0, 0, 0, 0, 0, 0, 0, 0, 0, 0, 0, 0
0, 0, 0, 0, 0, 0, 0, 0, 0, 0, 0, 0, 0, 0, 0, 0, 0, 1, 0, 0, 0, 0, 0, 0, 0, 0, 0, 0, 0, 0, 0, 0, 0, 0, 0, 0, 0, 0, 0, 0
0, 0, 0, 0, 0, 0, 0, 0, 0, 0, 0, 0, 0, 0, 0, 0, 0, 0, 1, 0, 0, 0, 0, 0, 0, 0, 0, 0, 0, 0, 0, 0, 0, 0, 0, 0, 0, 0, 0, 0
0, 0, 0, 0, 0, 0, 0, 0, 0, 0, 0, 0, 0, 0, 0, 0, 0, 0, 0, 1, 0, 0, 0, 0, 0, 0, 0, 0, 0, 0, 0, 0, 0, 0, 0, 0, 0, 0, 0, 0
0, 0, 0, 0, 0, 0, 0, 0, 0, 0, 0, 0, 0, 0, 0, 0, 0, 0, 0, 0, 1, 0, 0, 0, 0, 0, 0, 0, 0, 0, 0, 0, 0, 0, 0, 0, 0, 0, 0, 0
0, 0, 0, 0, 0, 0, 0, 0, 0, 0, 0, 0, 0, 0, 0, 0, 0, 0, 0, 0, 0, 1, 0, 0, 0, 0, 0, 0, 0, 0, 0, 0, 0, 0, 0, 0, 0, 0, 0, 0
0, 0, 0, 0, 0, 0, 0, 0, 0, 0, 0, 0, 0, 0, 0, 0, 0, 0, 0, 0, 0, 0, 1, 0, 0, 0, 0, 0, 0, 0, 0, 0, 0, 0, 0, 0, 0, 0, 0, 0
0, 0, 0, 0, 0, 0, 0, 0, 0, 0, 0, 0, 0, 0, 0, 0, 0, 0, 0, 0, 0, 0, 0, 1, 0, 0, 0, 0, 0, 0, 0, 0, 0, 0, 0, 0, 0, 0, 0, 0
0, 0, 0, 0, 0, 0, 0, 0, 0, 0, 0, 0, 0, 0, 0, 0, 0, 0, 0, 0, 0, 0, 0, 0, 1, 0, 0, 0, 0, 0, 0, 0, 0, 0, 0, 0, 0, 0, 0, 0
0, 0, 0, 0, 0, 0, 0, 0, 0, 0, 0, 0, 0, 0, 0, 0, 0, 0, 0, 0, 0, 0, 0, 0, 0, 1, 0, 0, 0, 0, 0, 0, 0, 0, 0, 0, 0, 0, 0, 0
0, 0, 0, 0, 0, 0, 0, 0, 0, 0, 0, 0, 0, 0, 0, 0, 0, 0, 0, 0, 0, 0, 0, 0, 0, 0, 1, 0, 0, 0, 0, 0, 0, 0, 0, 0, 0, 0, 0, 0
0, 0, 0, 0, 0, 0, 0, 0, 0, 0, 0, 0, 0, 0, 0, 0, 0, 0, 0, 0, 0, 0, 0, 0, 0, 0, 0, 1, 0, 0, 0, 0, 0, 0, 0, 0, 0, 0, 0, 0
0, 0, 0, 0, 0, 0, 0, 0, 0, 0, 0, 0, 0, 0, 0, 0, 0, 0, 0, 0, 0, 0, 0, 0, 0, 0, 0, 0, 1, 0, 0, 0, 0, 0, 0, 0, 0, 0, 0, 0
0, 0, 0, 0, 0, 0, 0, 0, 0, 0, 0, 0, 0, 0, 0, 0, 0, 0, 0, 0, 0, 0, 0, 0, 0, 0, 0, 0, 0, 1, 0, 0, 0, 0, 0, 0, 0, 0, 0, 0
0, 0, 0, 0, 0, 0, 0, 0, 0, 0, 0, 0, 0, 0, 0, 0, 0, 0, 0, 0, 0, 0, 0, 0, 0, 0, 0, 0, 0, 0, 1, 0, 0, 0, 0, 0, 0, 0, 0, 0
0, 0, 0, 0, 0, 0, 0, 0, 0, 0, 0, 0, 0, 0, 0, 0, 0, 0, 0, 0, 0, 0, 0, 0, 0, 0, 0, 0, 0, 0, 0, 1, 0, 0, 0, 0, 0, 0, 0, 0
0, 0, 0, 0, 0, 0, 0, 0, 0, 0, 0, 0, 0, 0, 0, 0, 0, 0, 0, 0, 0, 0, 0, 0, 0, 0, 0, 0, 0, 0, 0, 0, 1, 0, 0, 0, 0, 0, 0, 0
0, 0, 0, 0, 0, 0, 0, 0, 0, 0, 0, 0, 0, 0, 0, 0, 0, 0, 0, 0, 0, 0, 0, 0, 0, 0, 0, 0, 0, 0, 0, 0, 0, 1, 0, 0, 0, 0, 0, 0
0, 0, 0, 0, 0, 0, 0, 0, 0, 0, 0, 0, 0, 0, 0, 0, 0, 0, 0, 0, 0, 0, 0, 0, 0, 0, 0, 0, 0, 0, 0, 0, 0, 0, 1, 0, 0, 0, 0, 0
0, 0, 0, 0, 0, 0, 0, 0, 0, 0, 0, 0, 0, 0, 0, 0, 0, 0, 0, 0, 0, 0, 0, 0, 0, 0, 0, 0, 0, 0, 0, 0, 0, 0, 0, 1, 0, 0, 0, 0
0, 0, 0, 0, 0, 0, 0, 0, 0, 0, 0, 0, 0, 0, 0, 0, 0, 0, 0, 0, 0, 0, 0, 0, 0, 0, 0, 0, 0, 0, 0, 0, 0, 0, 0, 0, 1, 0, 0, 0
0, 0, 0, 0, 0, 0, 0, 0, 0, 0, 0, 0, 0, 0, 0, 0, 0, 0, 0, 0, 0, 0, 0, 0, 0, 0, 0, 0, 0, 0, 0, 0, 0, 0, 0, 0, 0, 1, 0, 0
0, 0, 0, 0, 0, 0, 0, 0, 0, 0, 0, 0, 0, 0, 0, 0, 0, 0, 0, 0, 0, 0, 0, 0, 0, 0, 0, 0, 0, 0, 0, 0, 0, 0, 0, 0, 0, 0, 1, 0
0, 0, 0, 0, 0, 0, 0, 0, 0, 0, 0, 0, 0, 0, 0, 0, 0, 0, 0, 0, 0, 0, 0, 0, 0, 0, 0, 0, 0, 0, 0, 0, 0, 0, 0, 0, 0, 0, 0, 1
3.2591, -1.75322375974701e-17, 0.0215999999999999, -2.00669016993393e-18, -0.259200000000001, 4.12890750235706e-18, 0.0215999999999999, -9.70924729504219e-19, 0, 0, 0, 0, 0, 0, 0, 0, 0, 0, 0, 0, 0, 0, 0, 0, 0, 0, 0, 0, 0, 0, 0, 0, 0, 0, 0, 0, 0, 0, 0, 0
-1.75322375974701e-17, 3.25910000000001, -6.16922799737823e-17, 0.0215999999999999, -1.34466168668496e-17, -0.259200000000001, 3.37528399327325e-19, 0.0215999999999999, 0, 0, 0, 0, 0, 0, 0, 0, 0, 0, 0, 0, 0, 0, 0, 0, 0, 0, 0, 0, 0, 0, 0, 0, 0, 0, 0, 0, 0, 0, 0, 0
0.0215999999999999, -6.16922799737823e-17, 3.00230000000001, -2.94145675698576e-18, -0.0215999999999999, -2.45424882673595e-18, 0.00120000000000001, 7.08948958566546e-19, 0, 0, 0, 0, 0, 0, 0, 0, 0, 0, 0, 0, 0, 0, 0, 0, 0, 0, 0, 0, 0, 0, 0, 0, 0, 0, 0, 0, 0, 0, 0, 0
-2.00669016993393e-18, 0.0215999999999999, -2.94145675698576e-18, 3.00230000000001, 1.22485734662531e-17, -0.0215999999999999, -2.8624563656876e-19, 0.0012, 0, 0, 0, 0, 0, 0, 0, 0, 0, 0, 0, 0, 0, 0, 0, 0, 0, 0, 0, 0, 0, 0, 0, 0, 0, 0, 0, 0, 0, 0, 0, 0
-0.259200000000001, -1.34466168668496e-17, -0.0215999999999999, 1.22485734662531e-17, 1.51830000000001, 2.2301442376832e-17, -1.4210854715202e-17, 2.2543111041079e-18, -0.259200000000001, 4.95567671100761e-18, 0.0215999999999999, -2.60381993744119e-19, 0, 0, 0, 0, 0, 0, 0, 0, 0, 0, 0, 0, 0, 0, 0, 0, 0, 0, 0, 0, 0, 0, 0, 0, 0, 0, 0, 0
4.12890750235706e-18, -0.259200000000001, -2.45424882673595e-18, -0.0215999999999999, 2.2301442376832e-17, 1.54372781389288, 3.86395668065809e-17, 2.8421709430404e-17, -6.87409656106863e-18, -0.259200000000001, 2.43584991586887e-18, 0.0215999999999999, 0, 0, 0, 0, 0, 0, 0, 0, 0, 0, 0, 0, 0, 0, 0, 0, 0, 0, 0, 0, 0, 0, 0, 0, 0, 0, 0, 0
0.0215999999999999, 3.37528399327325e-19, 0.00120000000000001, -2.8624563656876e-19, -1.4210854715202e-17, 3.86395668065809e-17, 1.00470000000001, -5.8405266300382e-18, -0.0215999999999998, 7.88678475825699e-18, 0.0012, -1.07064964532944e-19, 0, 0, 0, 0, 0, 0, 0, 0, 0, 0, 0, 0, 0, 0, 0, 0, 0, 0, 0, 0, 0, 0, 0, 0, 0, 0, 0, 0
-9.70924729504219e-19, 0.0215999999999999, 7.08948958566546e-19, 0.0012, 2.2543111041079e-18, 2.8421709430404e-17, -5.8405266300382e-18, 1.00470000000001, 1.28702983600432e-17, -0.0215999999999999, -6.35965889325685e-19, 0.0012, 0, 0, 0, 0, 0, 0, 0, 0, 0, 0, 0, 0, 0, 0, 0, 0, 0, 0, 0, 0, 0, 0, 0, 0, 0, 0, 0, 0
0, 0, 0, 0, -0.259200000000001, -6.87409656106863e-18, -0.0215999999999998, 1.28702983600432e-17, 1.51830000000001, 1.21143329742668e-19, 3.69482222595252e-17, 7.61961023790225e-18, -0.259200000000001, 7.32136790429494e-18, 0.0215999999999999, -2.98399542922323e-19, 0, 0, 0, 0, 0, 0, 0, 0, 0, 0, 0, 0, 0, 0, 0, 0, 0, 0, 0, 0, 0, 0, 0, 0
0, 0, 0, 0, 4.95567671100761e-18, -0.259200000000001, 7.88678475825699e-18, -0.0215999999999999, 1.21143329742668e-19, 1.51830000000001, 6.94215193143555e-18, 0, -8.58708720449797e-18, -0.259200000000001, -2.7411883526951e-19, 0.0215999999999999, 0, 0, 0, 0, 0, 0, 0, 0, 0, 0, 0, 0, 0, 0, 0, 0, 0, 0, 0, 0, 0, 0, 0, 0
0, 0, 0, 0, 0.0215999999999999, 2.43584991586887e-18, 0.0012, -6.35965889325685e-19, 3.69482222595252e-17, 6.94215193143555e-18, 1.00470000000001, -5.29847433289321e-18, -0.0215999999999998, -8.63318748087205e-18, 0.0012, 4.12121508794328e-19, 0, 0, 0, 0, 0, 0, 0, 0, 0, 0, 0, 0, 0, 0, 0, 0, 0, 0, 0, 0, 0, 0, 0, 0
0, 0, 0, 0, -2.60381993744119e-19, 0.0215999999999999, -1.07064964532944e-19, 0.0012, 7.61961023790225e-18, 0, -5.29847433289321e-18, 1.00470000000001, 1.43026324291029e-17, -0.0215999999999999, -3.21335839881254e-19, 0.0012, 0, 0, 0, 0, 0, 0, 0, 0, 0, 0, 0, 0, 0, 0, 0, 0, 0, 0, 0, 0, 0, 0, 0, 0
0, 0, 0, 0, 0, 0, 0, 0, -0.259200000000001, -8.58708720449797e-18, -0.0215999999999998, 1.43026324291029e-17, 1.535954767634, 0.0129967232201377, 1.05160324892495e-16, -1.2244990178073e-17, -0.259200000000001, -7.96954191008281e-18, 0.0216, -1.22173321806529e-19, 0, 0, 0, 0, 0, 0, 0, 0, 0, 0, 0, 0, 0, 0, 0, 0, 0, 0, 0, 0
0, 0, 0, 0, 0, 0, 0, 0, 7.32136790429494e-18, -0.259200000000001, -8.63318748087205e-18, -0.0215999999999999, 0.0129967232201377, 1.52246933940315, 9.44390507635895e-18, 3.12638803734444e-17, -2.96740767808529e-17, -0.259200000000002, -7.05712615081677e-19, 0.0215999999999999, 0, 0, 0, 0, 0, 0, 0, 0, 0, 0, 0, 0, 0, 0, 0, 0, 0, 0, 0, 0
0, 0, 0, 0, 0, 0, 0, 0, 0.0215999999999999, -2.7411883526951e-19, 0.0012, -3.21335839881254e-19, 1.05160324892495e-16, 9.44390507635895e-18, 1.00470000000001, 4.7534675848282e-19, -0.0215999999999998, 5.77654243882897e-18, 0.0012, -7.3490475857585e-19, 0, 0, 0, 0, 0, 0, 0, 0, 0, 0, 0, 0, 0, 0, 0, 0, 0, 0, 0, 0
0, 0, 0, 0, 0, 0, 0, 0, -2.98399542922323e-19, 0.0215999999999999, 4.12121508794328e-19, 0.0012, -1.2244990178073e-17, 3.12638803734444e-17, 4.7534675848282e-19, 1.00470000000001, 1.30895565653849e-17, -0.0215999999999999, 7.02199800042824e-19, 0.0012, 0, 0, 0, 0, 0, 0, 0, 0, 0, 0, 0, 0, 0, 0, 0, 0, 0, 0, 0, 0
0, 0, 0, 0, 0, 0, 0, 0, 0, 0, 0, 0, -0.259200000000001, -2.96740767808529e-17, -0.0215999999999998, 1.30895565653849e-17, 1.64255801275892, 0.0574784189367554, -5.11590769747272e-17, -9.63129315884048e-19, -0.259200000000001, 8.0423189809109e-18, 0.0215999999999999, -9.60391705398522e-19, 0, 0, 0, 0, 0, 0, 0, 0, 0, 0, 0, 0, 0, 0, 0, 0
0, 0, 0, 0, 0, 0, 0, 0, 0, 0, 0, 0, -7.96954191008281e-18, -0.259200000000002, 5.77654243882897e-18, -0.0215999999999999, 0.0574784189367554, 1.45593522354745, 1.47172096558179e-17, 3.97903932025656e-17, -8.77513122929385e-18, -0.259200000000002, 2.0886179070978e-18, 0.0215999999999999, 0, 0, 0, 0, 0, 0, 0, 0, 0, 0, 0, 0, 0, 0, 0, 0
0, 0, 0, 0, 0, 0, 0, 0, 0, 0, 0, 0, 0.0216, -7.05712615081677e-19, 0.0012, 7.02199800042824e-19, -5.11590769747272e-17, 1.47172096558179e-17, 1.00470000000001, -7.07552506168385e-18, -0.0215999999999998, 4.4896053021104e-18, 0.0012, 8.60374054986734e-19, 0, 0, 0, 0, 0, 0, 0, 0, 0, 0, 0, 0, 0, 0, 0, 0
0, 0, 0, 0, 0, 0, 0, 0, 0, 0, 0, 0, -1.22173321806529e-19, 0.0215999999999999, -7.3490475857585e-19, 0.0012, -9.63129315884048e-19, 3.97903932025656e-17, -7.07552506168385e-18, 1.00470000000001, 9.51398248377755e-18, -0.0215999999999999, -8.5493678109172e-19, 0.0012, 0, 0, 0, 0, 0, 0, 0, 0, 0, 0, 0, 0, 0, 0, 0, 0
0, 0, 0, 0, 0, 0, 0, 0, 0, 0, 0, 0, 0, 0, 0, 0, -0.259200000000001, -8.77513122929385e-18, -0.0215999999999998, 9.51398248377755e-18, 1.56046439924746, 0.122476214552811, -9.37916411203332e-17, 1.41075302481641e-18, -0.259200000000001, 5.22754040575835e-18, 0.0215999999999999, -3.4837042105218e-19, 0, 0, 0, 0, 0, 0, 0, 0, 0, 0, 0, 0
0, 0, 0, 0, 0, 0, 0, 0, 0, 0, 0, 0, 0, 0, 0, 0, 8.0423189809109e-18, -0.259200000000002, 4.4896053021104e-18, -0.0215999999999999, 0.122476214552811, 1.41877349714436, 1.45784805668375e-17, 5.11590769747272e-17, -1.185732827029e-17, -0.259200000000001, 9.89513375751483e-19, 0.0215999999999999, 0, 0, 0, 0, 0, 0, 0, 0, 0, 0, 0, 0
0, 0, 0, 0, 0, 0, 0, 0, 0, 0, 0, 0, 0, 0, 0, 0, 0.0215999999999999, 2.0886179070978e-18, 0.0012, -8.5493678109172e-19, -9.37916411203332e-17, 1.45784805668375e-17, 1.00470000000001, -2.08500751386342e-18, -0.0215999999999999, 1.58856814421599e-17, 0.0012, -3.4837042105218e-19, 0, 0, 0, 0, 0, 0, 0, 0, 0, 0, 0, 0
0, 0, 0, 0, 0, 0, 0, 0, 0, 0, 0, 0, 0, 0, 0, 0, -9.60391705398522e-19, 0.0215999999999999, 8.60374054986734e-19, 0.0012, 1.41075302481641e-18, 5.11590769747272e-17, -2.08500751386342e-18, 1.00470000000001, 2.16196364196536e-17, -0.0215999999999999, -1.44334414212133e-19, 0.00120000000000001, 0, 0, 0, 0, 0, 0, 0, 0, 0, 0, 0, 0
0, 0, 0, 0, 0, 0, 0, 0, 0, 0, 0, 0, 0, 0, 0, 0, 0, 0, 0, 0, -0.259200000000001, -1.185732827029e-17, -0.0215999999999999, 2.16196364196536e-17, 0.992750389163152, 0.00847634866579073, -5.96855898038484e-17, 1.23920513607489e-18, -0.259200000000001, 4.79195676195143e-18, 0.0215999999999999, -1.78889563752505e-18, 0, 0, 0, 0, 0, 0, 0, 0
0, 0, 0, 0, 0, 0, 0, 0, 0, 0, 0, 0, 0, 0, 0, 0, 0, 0, 0, 0, 5.22754040575835e-18, -0.259200000000001, 1.58856814421599e-17, -0.0215999999999999, 0.00847634866579073, 1.38075482329867, 9.78101605784987e-18, 5.6843418860808e-17, -1.58873348504729e-17, -0.259200000000001, 1.75198397456278e-18, 0.0215999999999999, 0, 0, 0, 0, 0, 0, 0, 0
0, 0, 0, 0, 0, 0, 0, 0, 0, 0, 0, 0, 0, 0, 0, 0, 0, 0, 0, 0, 0.0215999999999999, 9.89513375751483e-19, 0.0012, -1.44334414212133e-19, -5.96855898038484e-17, 9.78101605784987e-18, 1.00470000000001, -1.70977598398792e-18, -0.0215999999999999, 1.47395550625928e-17, 0.0012, 5.64777174680287e-19, 0, 0, 0, 0, 0, 0, 0, 0
0, 0, 0, 0, 0, 0, 0, 0, 0, 0, 0, 0, 0, 0, 0, 0, 0, 0, 0, 0, -3.4837042105218e-19, 0.0215999999999999, -3.4837042105218e-19, 0.00120000000000001, 1.23920513607489e-18, 5.6843418860808e-17, -1.70977598398792e-18, 1.00470000000001, 1.1468560476291e-17, -0.0215999999999999, 2.8648958205757e-19, 0.00120000000000001, 0, 0, 0, 0, 0, 0, 0, 0
0, 0, 0, 0, 0, 0, 0, 0, 0, 0, 0, 0, 0, 0, 0, 0, 0, 0, 0, 0, 0, 0, 0, 0, -0.259200000000001, -1.58873348504729e-17, -0.0215999999999999, 1.1468560476291e-17, 1.37480061650018, 0.0862643889541144, 9.37916411203332e-17, -6.09163869520757e-18, -0.259200000000001, -2.95347513806776e-18, 0.0215999999999999, -7.06428188515518e-19, 0, 0, 0, 0
0, 0, 0, 0, 0, 0, 0, 0, 0, 0, 0, 0, 0, 0, 0, 0, 0, 0, 0, 0, 0, 0, 0, 0, 4.79195676195143e-18, -0.259200000000001, 1.47395550625928e-17, -0.0215999999999999, 0.0862643889541144, 1.39730155057876, 2.36296876163222e-17, 2.27373675443232e-17, -1.15080904874998e-17, -0.259200000000001, 1.88176297460929e-18, 0.0215999999999999, 0, 0, 0, 0
0, 0, 0, 0, 0, 0, 0, 0, 0, 0, 0, 0, 0, 0, 0, 0, 0, 0, 0, 0, 0, 0, 0, 0, 0.0215999999999999, 1.75198397456278e-18, 0.0012, 2.8648958205757e-19, 9.37916411203332e-17, 2.36296876163222e-17, 1.00470000000001, -7.53001719137891e-18, -0.0215999999999998, 1.62311787274549e-17, 0.0012, 9.2932389214595e-20, 0, 0, 0, 0
0, 0, 0, 0, 0, 0, 0, 0, 0, 0, 0, 0, 0, 0, 0, 0, 0, 0, 0, 0, 0, 0, 0, 0, -1.78889563752505e-18, 0.0215999999999999, 5.64777174680287e-19, 0.00120000000000001, -6.09163869520757e-18, 2.27373675443232e-17, -7.53001719137891e-18, 1.00470000000001, 1.63807118910841e-17, -0.0215999999999999, 8.60357791954147e-19, 0.00120000000000001, 0, 0, 0, 0
0, 0, 0, 0, 0, 0, 0, 0, 0, 0, 0, 0, 0, 0, 0, 0, 0, 0, 0, 0, 0, 0, 0, 0, 0, 0, 0, 0, -0.259200000000001, -1.15080904874998e-17, -0.0215999999999998, 1.63807118910841e-17, 1.64733819772728, 0.0886411311775838, 8.24229573481716e-17, -2.13007779817365e-19, -0.259200000000001, -5.79564608110816e-18, 0.0215999999999999, 4.11454724458249e-21
0, 0, 0, 0, 0, 0, 0, 0, 0, 0, 0, 0, 0, 0, 0, 0, 0, 0, 0, 0, 0, 0, 0, 0, 0, 0, 0, 0, -2.95347513806776e-18, -0.259200000000001, 1.62311787274549e-17, -0.0215999999999999, 0.0886411311775838, 1.42804819188685, 2.26700602734553e-17, 5.6843418860808e-18, -1.15080904874998e-17, -0.259200000000001, 1.88176297460929e-18, 0.0215999999999999
0, 0, 0, 0, 0, 0, 0, 0, 0, 0, 0, 0, 0, 0, 0, 0, 0, 0, 0, 0, 0, 0, 0, 0, 0, 0, 0, 0, 0.0215999999999999, 1.88176297460929e-18, 0.0012, 8.60357791954147e-19, 8.24229573481716e-17, 2.26700602734553e-17, 1.00470000000001, -7.42523989342991e-18, -0.0215999999999997, 1.19679223128943e-17, 0.00119999999999999, 3.14976994139626e-19
0, 0, 0, 0, 0, 0, 0, 0, 0, 0, 0, 0, 0, 0, 0, 0, 0, 0, 0, 0, 0, 0, 0, 0, 0, 0, 0, 0, -7.06428188515518e-19, 0.0215999999999999, 9.2932389214595e-20, 0.00120000000000001, -2.13007779817365e-19, 5.6843418860808e-18, -7.42523989342991e-18, 1.00470000000001, 1.92228828341245e-17, -0.0215999999999999, 1.49815056194047e-19, 0.0012
0, 0, 0, 0, 0, 0, 0, 0, 0, 0, 0, 0, 0, 0, 0, 0, 0, 0, 0, 0, 0, 0, 0, 0, 0, 0, 0, 0, 0, 0, 0, 0, -0.259200000000001, -1.15080904874998e-17, -0.0215999999999997, 1.92228828341245e-17, 3.25910000000001, 2.76400842318114e-16, -0.0215999999999999, 1.04034619460847e-19
0, 0, 0, 0, 0, 0, 0, 0, 0, 0, 0, 0, 0, 0, 0, 0, 0, 0, 0, 0, 0, 0, 0, 0, 0, 0, 0, 0, 0, 0, 0, 0, -5.79564608110816e-18, -0.259200000000001, 1.19679223128943e-17, -0.0215999999999999, 2.76400842318114e-16, 3.25910000000001, 4.43033847455365e-17, -0.0215999999999999
0, 0, 0, 0, 0, 0, 0, 0, 0, 0, 0, 0, 0, 0, 0, 0, 0, 0, 0, 0, 0, 0, 0, 0, 0, 0, 0, 0, 0, 0, 0, 0, 0.0215999999999999, 1.88176297460929e-18, 0.00119999999999999, 1.49815056194047e-19, -0.0215999999999999, 4.43033847455365e-17, 3.00230000000001, -1.80405820490726e-19
0, 0, 0, 0, 0, 0, 0, 0, 0, 0, 0, 0, 0, 0, 0, 0, 0, 0, 0, 0, 0, 0, 0, 0, 0, 0, 0, 0, 0, 0, 0, 0, 4.11454724458249e-21, 0.0215999999999999, 3.14976994139626e-19, 0.0012, 1.04034619460847e-19, -0.0215999999999999, -1.80405820490726e-19, 3.00230000000001
5.51797409, 4.9197762680853e-16, 0.0431978400000003, -7.87023698257118e-16, -0.518374080000001, -2.60201001400701e-17, 0.0431978399999999, 2.1947091735503e-17, 0, 0, 0, 0, 0, 0, 0, 0, 0, 0, 0, 0, 0, 0, 0, 0, 0, 0, 0, 0, 0, 0, 0, 0, 0, 0, 0, 0, 0, 0, 0, 0
4.9197762680853e-16, 5.51797409, -1.09596866839644e-15, 0.0431978399999996, -7.99790553583177e-17, -0.518374080000001, 8.36797105368077e-18, 0.0431978399999999, 0, 0, 0, 0, 0, 0, 0, 0, 0, 0, 0, 0, 0, 0, 0, 0, 0, 0, 0, 0, 0, 0, 0, 0, 0, 0, 0, 0, 0, 0, 0, 0
0.0431978400000003, -1.09596866839644e-15, 5.00439977, 2.70953871985177e-16, -0.0431978399999999, -2.76350817469946e-17, 0.00239988000000001, 2.65463025222597e-18, 0, 0, 0, 0, 0, 0, 0, 0, 0, 0, 0, 0, 0, 0, 0, 0, 0, 0, 0, 0, 0, 0, 0, 0, 0, 0, 0, 0, 0, 0, 0, 0
-7.87023698257118e-16, 0.0431978399999996, 2.70953871985177e-16, 5.00439977000001, 5.108296680235e-17, -0.0431978399999998, -3.43021462666653e-18, 0.00239988, 0, 0, 0, 0, 0, 0, 0, 0, 0, 0, 0, 0, 0, 0, 0, 0, 0, 0, 0, 0, 0, 0, 0, 0, 0, 0, 0, 0, 0, 0, 0, 0
-0.518374080000001, -7.99790553583177e-17, -0.0431978399999999, 5.108296680235e-17, 2.04489909913284, -0.0126358385157089, -9.09480490918213e-17, -1.25188614462891e-16, -0.518374080000001, 1.32550124185861e-17, 0.0431978399999999, 4.73110403803282e-17, 0, 0, 0, 0, 0, 0, 0, 0, 0, 0, 0, 0, 0, 0, 0, 0, 0, 0, 0, 0, 0, 0, 0, 0, 0, 0, 0, 0
-2.60201001400701e-17, -0.518374080000001, -2.76350817469946e-17, -0.0431978399999998, -0.0126358385157089, 2.07047080153811, -1.88749765324286e-17, 5.11562348037842e-17, 2.87590795003201e-17, -0.518374080000002, -2.88451639817575e-18, 0.0431978399999999, 0, 0, 0, 0, 0, 0, 0, 0, 0, 0, 0, 0, 0, 0, 0, 0, 0, 0, 0, 0, 0, 0, 0, 0, 0, 0, 0, 0
0.0431978399999999, 8.36797105368077e-18, 0.00239988000000001, -3.43021462666653e-18, -9.09480490918213e-17, -1.88749765324286e-17, 1.00939953000001, -6.59451055258825e-17, -0.0431978399999998, 3.09426562945991e-17, 0.00239988, -2.59356545330297e-17, 0, 0, 0, 0, 0, 0, 0, 0, 0, 0, 0, 0, 0, 0, 0, 0, 0, 0, 0, 0, 0, 0, 0, 0, 0, 0, 0, 0
2.1947091735503e-17, 0.0431978399999999, 2.65463025222597e-18, 0.00239988, -1.25188614462891e-16, 5.11562348037842e-17, -6.59451055258825e-17, 1.00939953000001, 6.03852620666838e-17, -0.0431978399999999, -4.47231045025681e-18, 0.00239987999999999, 0, 0, 0, 0, 0, 0, 0, 0, 0, 0, 0, 0, 0, 0, 0, 0, 0, 0, 0, 0, 0, 0, 0, 0, 0, 0, 0, 0
0, 0, 0, 0, -0.518374080000001, 2.87590795003201e-17, -0.0431978399999998, 6.03852620666838e-17, 2.14518940702429, 1.11671553961033e-16, 1.07998801013309e-16, 1.03552574357874e-16, -0.518374080000001, -5.43670139320978e-17, 0.0431978399999999, 4.53430911312966e-18, 0, 0, 0, 0, 0, 0, 0, 0, 0, 0, 0, 0, 0, 0, 0, 0, 0, 0, 0, 0, 0, 0, 0, 0
0, 0, 0, 0, 1.32550124185861e-17, -0.518374080000002, 3.09426562945991e-17, -0.0431978399999999, 1.11671553961033e-16, 2.03654817000001, 1.2857138154747e-17, -8.5265128291212e-17, 3.04478338396946e-17, -0.518374080000002, 3.73931768959288e-17, 0.0431978399999998, 0, 0, 0, 0, 0, 0, 0, 0, 0, 0, 0, 0, 0, 0, 0, 0, 0, 0, 0, 0, 0, 0, 0, 0
0, 0, 0, 0, 0.0431978399999999, -2.88451639817575e-18, 0.00239988, -4.47231045025681e-18, 1.07998801013309e-16, 1.2857138154747e-17, 1.00939953, -2.22649790124345e-16, -0.0431978399999998, -1.11960724563946e-18, 0.00239987999999997, 3.01055039201998e-19, 0, 0, 0, 0, 0, 0, 0, 0, 0, 0, 0, 0, 0, 0, 0, 0, 0, 0, 0, 0, 0, 0, 0, 0
0, 0, 0, 0, 4.73110403803282e-17, 0.0431978399999999, -2.59356545330297e-17, 0.00239987999999999, 1.03552574357874e-16, -8.5265128291212e-17, -2.22649790124345e-16, 1.00939953, 6.2183278817535e-18, -0.0431978399999999, -2.18319195047012e-17, 0.00239987999999999, 0, 0, 0, 0, 0, 0, 0, 0, 0, 0, 0, 0, 0, 0, 0, 0, 0, 0, 0, 0, 0, 0, 0, 0
0, 0, 0, 0, 0, 0, 0, 0, -0.518374080000001, 3.04478338396946e-17, -0.0431978399999998, 6.2183278817535e-18, 2.07904087590654, 0.0148156092730418, -1.56329917899711e-16, -2.18037433309677e-16, -0.518374080000002, -1.02798954331764e-16, 0.0431978400000002, -1.7718668214832e-17, 0, 0, 0, 0, 0, 0, 0, 0, 0, 0, 0, 0, 0, 0, 0, 0, 0, 0, 0, 0
0, 0, 0, 0, 0, 0, 0, 0, -5.43670139320978e-17, -0.518374080000002, -1.11960724563946e-18, -0.0431978399999999, 0.0148156092730418, 2.03950328253468, -1.46653934973611e-16, 1.67684959251346e-16, -2.42023882486047e-16, -0.518374080000004, 3.41205957183232e-17, 0.04319784, 0, 0, 0, 0, 0, 0, 0, 0, 0, 0, 0, 0, 0, 0, 0, 0, 0, 0, 0, 0
0, 0, 0, 0, 0, 0, 0, 0, 0.0431978399999999, 3.73931768959288e-17, 0.00239987999999997, -2.18319195047012e-17, -1.56329917899711e-16, -1.46653934973611e-16, 1.00939953000001, -1.10164424250888e-16, -0.0431978399999999, 6.69555848215913e-17, 0.00239988000000001, -5.85885178779106e-17, 0, 0, 0, 0, 0, 0, 0, 0, 0, 0, 0, 0, 0, 0, 0, 0, 0, 0, 0, 0
0, 0, 0, 0, 0, 0, 0, 0, 4.53430911312966e-18, 0.0431978399999998, 3.01055039201998e-19, 0.00239987999999999, -2.18037433309677e-16, 1.67684959251346e-16, -1.10164424250888e-16, 1.00939953000001, -6.48326009240904e-17, -0.04319784, 2.94088694847004e-17, 0.00239987999999991, 0, 0, 0, 0, 0, 0, 0, 0, 0, 0, 0, 0, 0, 0, 0, 0, 0, 0, 0, 0
0, 0, 0, 0, 0, 0, 0, 0, 0, 0, 0, 0, -0.518374080000002, -2.42023882486047e-16, -0.0431978399999999, -6.48326009240904e-17, 2.16454298086672, 0.0574726710948632, 2.38747475123091e-16, -2.2445647897512e-16, -0.518374080000001, -5.9263166543881e-16, 0.0431978399999998, 1.35252849656527e-17, 0, 0, 0, 0, 0, 0, 0, 0, 0, 0, 0, 0, 0, 0, 0, 0
0, 0, 0, 0, 0, 0, 0, 0, 0, 0, 0, 0, -1.02798954331764e-16, -0.518374080000004, 6.69555848215913e-17, -0.04319784, 0.0574726710948632, 1.9741896300251, 2.70397324948464e-16, 2.18843183574791e-16, -1.68767083256818e-16, -0.518374080000002, 9.60786035940911e-18, 0.0431978399999999, 0, 0, 0, 0, 0, 0, 0, 0, 0, 0, 0, 0, 0, 0, 0, 0
0, 0, 0, 0, 0, 0, 0, 0, 0, 0, 0, 0, 0.0431978400000002, 3.41205957183232e-17, 0.00239988000000001, 2.94088694847004e-17, 2.38747475123091e-16, 2.70397324948464e-16, 1.00939953000001, -1.48915523356507e-16, -0.0431978399999999, -9.55739471192261e-17, 0.00239987999999997, -3.92416420553778e-18, 0, 0, 0, 0, 0, 0, 0, 0, 0, 0, 0, 0, 0, 0, 0, 0
0, 0, 0, 0, 0, 0, 0, 0, 0, 0, 0, 0, -1.7718668214832e-17, 0.04319784, -5.85885178779106e-17, 0.00239987999999991, -2.2445647897512e-16, 2.18843183574791e-16, -1.48915523356507e-16, 1.00939953000001, 9.06113607552615e-17, -0.0431978399999999, -6.90966930124793e-18, 0.00239988, 0, 0, 0, 0, 0, 0, 0, 0, 0, 0, 0, 0, 0, 0, 0, 0
0, 0, 0, 0, 0, 0, 0, 0, 0, 0, 0, 0, 0, 0, 0, 0, -0.518374080000001, -1.68767083256818e-16, -0.0431978399999999, 9.06113607552615e-17, 1.98776870642708, 0.221643161827661, -6.76427305279503e-16, -1.33914472522046e-16, -0.518374079999999, -3.60107927008455e-16, 0.0431978399999998, 8.12327943155187e-18, 0, 0, 0, 0, 0, 0, 0, 0, 0, 0, 0, 0
0, 0, 0, 0, 0, 0, 0, 0, 0, 0, 0, 0, 0, 0, 0, 0, -5.9263166543881e-16, -0.518374080000002, -9.55739471192261e-17, -0.0431978399999999, 0.221643161827661, 1.99313235585127, -7.21036399288283e-17, 7.24748474567605e-16, -3.38549994483157e-16, -0.518374079999999, -8.98087052537084e-17, 0.0431978399999999, 0, 0, 0, 0, 0, 0, 0, 0, 0, 0, 0, 0
0, 0, 0, 0, 0, 0, 0, 0, 0, 0, 0, 0, 0, 0, 0, 0, 0.0431978399999998, 9.60786035940911e-18, 0.00239987999999997, -6.90966930124793e-18, -6.76427305279503e-16, -7.21036399288283e-17, 1.00939953000001, 4.55208432046696e-16, -0.0431978399999999, -1.54410156129806e-17, 0.00239987999999996, 6.02532446077134e-17, 0, 0, 0, 0, 0, 0, 0, 0, 0, 0, 0, 0
0, 0, 0, 0, 0, 0, 0, 0, 0, 0, 0, 0, 0, 0, 0, 0, 1.35252849656527e-17, 0.0431978399999999, -3.92416420553778e-18, 0.00239988, -1.33914472522046e-16, 7.24748474567605e-16, 4.55208432046696e-16, 1.00939953, 3.76089859097557e-17, -0.0431978399999999, -1.94461022648811e-17, 0.00239988000000006, 0, 0, 0, 0, 0, 0, 0, 0, 0, 0, 0, 0
0, 0, 0, 0, 0, 0, 0, 0, 0, 0, 0, 0, 0, 0, 0, 0, 0, 0, 0, 0, -0.518374079999999, -3.38549994483157e-16, -0.0431978399999999, 3.76089859097557e-17, 1.50324875924624, 0.0232593100030458, -6.82061340739892e-17, -1.16955771163314e-15, -0.518374080000001, 1.88719808664266e-16, 0.0431978399999998, -3.33826417825453e-17, 0, 0, 0, 0, 0, 0, 0, 0
0, 0, 0, 0, 0, 0, 0, 0, 0, 0, 0, 0, 0, 0, 0, 0, 0, 0, 0, 0, -3.60107927008455e-16, -0.518374079999999, -1.54410156129806e-17, -0.0431978399999999, 0.0232593100030458, 2.07596820663022, -3.16847575888477e-16, -5.08754283146118e-16, 6.59595993935406e-17, -0.518374080000002, -5.51306365751933e-18, 0.04319784, 0, 0, 0, 0, 0, 0, 0, 0
0, 0, 0, 0, 0, 0, 0, 0, 0, 0, 0, 0, 0, 0, 0, 0, 0, 0, 0, 0, 0.0431978399999998, -8.98087052537084e-17, 0.00239987999999996, -1.94461022648811e-17, -6.82061340739892e-17, -3.16847575888477e-16, 1.00939953, 2.44354675056407e-16, -0.0431978399999998, -2.77592561038688e-17, 0.00239988, -1.79448415748154e-17, 0, 0, 0, 0, 0, 0, 0, 0
0, 0, 0, 0, 0, 0, 0, 0, 0, 0, 0, 0, 0, 0, 0, 0, 0, 0, 0, 0, 8.12327943155187e-18, 0.0431978399999999, 6.02532446077134e-17, 0.00239988000000006, -1.16955771163314e-15, -5.08754283146118e-16, 2.44354675056407e-16, 1.00939953, 2.74086384930134e-16, -0.0431978399999998, -1.46591246503981e-17, 0.00239987999999999, 0, 0, 0, 0, 0, 0, 0, 0
0, 0, 0, 0, 0, 0, 0, 0, 0, 0, 0, 0, 0, 0, 0, 0, 0, 0, 0, 0, 0, 0, 0, 0, -0.518374080000001, 6.59595993935406e-17, -0.0431978399999998, 2.74086384930134e-16, 1.88213794542076, 0.108018309058059, -2.27467467084352e-17, -1.10187005260612e-15, -0.518374080000002, 2.23318677929315e-16, 0.0431978399999998, 3.89660318525028e-17, 0, 0, 0, 0
0, 0, 0, 0, 0, 0, 0, 0, 0, 0, 0, 0, 0, 0, 0, 0, 0, 0, 0, 0, 0, 0, 0, 0, 1.88719808664266e-16, -0.518374080000002, -2.77592561038688e-17, -0.0431978399999998, 0.108018309058059, 2.08986015666222, -9.52393486774658e-18, 1.87581008503912e-16, -3.22486253940761e-16, -0.518374079999999, 7.61630818672536e-17, 0.0431978399999997, 0, 0, 0, 0
0, 0, 0, 0, 0, 0, 0, 0, 0, 0, 0, 0, 0, 0, 0, 0, 0, 0, 0, 0, 0, 0, 0, 0, 0.0431978399999998, -5.51306365751933e-18, 0.00239988, -1.46591246503981e-17, -2.27467467084352e-17, -9.52393486774658e-18, 1.00939953, 4.86481817852063e-16, -0.0431978399999999, 3.44063290540942e-16, 0.00239988000000001, -1.56507898710827e-17, 0, 0, 0, 0
0, 0, 0, 0, 0, 0, 0, 0, 0, 0, 0, 0, 0, 0, 0, 0, 0, 0, 0, 0, 0, 0, 0, 0, -3.33826417825453e-17, 0.04319784, -1.79448415748154e-17, 0.00239987999999999, -1.10187005260612e-15, 1.87581008503912e-16, 4.86481817852063e-16, 1.00939953000001, 3.87013987168941e-16, -0.04319784, 3.41411879080455e-17, 0.00239988000000006, 0, 0, 0, 0
0, 0, 0, 0, 0, 0, 0, 0, 0, 0, 0, 0, 0, 0, 0, 0, 0, 0, 0, 0, 0, 0, 0, 0, 0, 0, 0, 0, -0.518374080000002, -3.22486253940761e-16, -0.0431978399999999, 3.87013987168941e-16, 2.15566757315518, 0.102914360597026, -3.38226584517543e-16, 1.87507543083314e-16, -0.518374080000001, -2.11259609913359e-16, 0.0431978399999996, -8.29909801232007e-16
0, 0, 0, 0, 0, 0, 0, 0, 0, 0, 0, 0, 0, 0, 0, 0, 0, 0, 0, 0, 0, 0, 0, 0, 0, 0, 0, 0, 2.23318677929315e-16, -0.518374079999999, 3.44063290540942e-16, -0.04319784, 0.102914360597026, 2.03453247775673, 3.41513551539898e-16, -1.44951286529249e-16, 3.70997165833173e-16, -0.518374080000001, 4.39559660397441e-16, 0.0431978399999997
0, 0, 0, 0, 0, 0, 0, 0, 0, 0, 0, 0, 0, 0, 0, 0, 0, 0, 0, 0, 0, 0, 0, 0, 0, 0, 0, 0, 0.0431978399999998, 7.61630818672536e-17, 0.00239988000000001, 3.41411879080455e-17, -3.38226584517543e-16, 3.41513551539898e-16, 1.00939953000001, 1.137593029068e-16, -0.0431978400000003, -1.4977209960822e-17, 0.00239988000000023, -9.09662695768511e-17
0, 0, 0, 0, 0, 0, 0, 0, 0, 0, 0, 0, 0, 0, 0, 0, 0, 0, 0, 0, 0, 0, 0, 0, 0, 0, 0, 0, 3.89660318525028e-17, 0.0431978399999997, -1.56507898710827e-17, 0.00239988000000006, 1.87507543083314e-16, -1.44951286529249e-16, 1.137593029068e-16, 1.00939953, 3.72223367985329e-17, -0.04319784, 5.90748356180472e-18, 0.0023998799999998
0, 0, 0, 0, 0, 0, 0, 0, 0, 0, 0, 0, 0, 0, 0, 0, 0, 0, 0, 0, 0, 0, 0, 0, 0, 0, 0, 0, 0, 0, 0, 0, -0.518374080000001, 3.70997165833173e-16, -0.0431978400000003, 3.72223367985329e-17, 5.51797409000001, -2.96757885165512e-15, -0.0431978399999998, 7.26930441552126e-16
0, 0, 0, 0, 0, 0, 0, 0, 0, 0, 0, 0, 0, 0, 0, 0, 0, 0, 0, 0, 0, 0, 0, 0, 0, 0, 0, 0, 0, 0, 0, 0, -2.11259609913359e-16, -0.518374080000001, -1.4977209960822e-17, -0.04319784, -2.96757885165512e-15, 5.51797409000001, 2.35165457959351e-15, -0.0431978399999994
0, 0, 0, 0, 0, 0, 0, 0, 0, 0, 0, 0, 0, 0, 0, 0, 0, 0, 0, 0, 0, 0, 0, 0, 0, 0, 0, 0, 0, 0, 0, 0, 0.0431978399999996, 4.39559660397441e-16, 0.00239988000000023, 5.90748356180472e-18, -0.0431978399999998, 2.35165457959351e-15, 5.00439977000001, -2.93211796343808e-16
0, 0, 0, 0, 0, 0, 0, 0, 0, 0, 0, 0, 0, 0, 0, 0, 0, 0, 0, 0, 0, 0, 0, 0, 0, 0, 0, 0, 0, 0, 0, 0, -8.29909801232007e-16, 0.0431978399999997, -9.09662695768511e-17, 0.0023998799999998, 7.26930441552126e-16, -0.0431978399999994, -2.93211796343808e-16, 5.00439977000002
7.77662229259101, 4.48320678255426e-16, 0.0647935202160012, -4.60249084134429e-16, -0.777522242592002, -1.58801458059175e-17, 0.064793520216, 1.50296033278261e-17, 0, 0, 0, 0, 0, 0, 0, 0, 0, 0, 0, 0, 0, 0, 0, 0, 0, 0, 0, 0, 0, 0, 0, 0, 0, 0, 0, 0, 0, 0, 0, 0
4.48320678255426e-16, 7.776622292591, -3.60192862953989e-16, 0.0647935202160023, -6.02094596018727e-17, -0.777522242592002, 1.67309394132403e-17, 0.0647935202159999, 0, 0, 0, 0, 0, 0, 0, 0, 0, 0, 0, 0, 0, 0, 0, 0, 0, 0, 0, 0, 0, 0, 0, 0, 0, 0, 0, 0, 0, 0, 0, 0
0.0647935202160012, -3.60192862953989e-16, 7.006299330023, 2.07141426896211e-16, -0.064793520216, -1.20120587766334e-16, 0.00359964001200001, 1.18494342382856e-17, 0, 0, 0, 0, 0, 0, 0, 0, 0, 0, 0, 0, 0, 0, 0, 0, 0, 0, 0, 0, 0, 0, 0, 0, 0, 0, 0, 0, 0, 0, 0, 0
-4.60249084134429e-16, 0.0647935202160023, 2.07141426896211e-16, 7.006299330023, 6.99537558563611e-17, -0.0647935202159999, -8.63368685459548e-18, 0.003599640012, 0, 0, 0, 0, 0, 0, 0, 0, 0, 0, 0, 0, 0, 0, 0, 0, 0, 0, 0, 0, 0, 0, 0, 0, 0, 0, 0, 0, 0, 0, 0, 0
-0.777522242592002, -6.02094596018727e-17, -0.064793520216, 6.99537558563611e-17, 2.56309550811461, -0.012613378608683, -1.07991979945155e-16, -1.52379042426057e-16, -0.777522242592001, 4.80820440463084e-17, 0.0647935202159999, 5.51753038962854e-17, 0, 0, 0, 0, 0, 0, 0, 0, 0, 0, 0, 0, 0, 0, 0, 0, 0, 0, 0, 0, 0, 0, 0, 0, 0, 0, 0, 0
-1.58801458059175e-17, -0.777522242592002, -1.20120587766334e-16, -0.0647935202159999, -0.012613378608683, 2.58880224876017, -5.06897115614955e-17, -9.66417698577971e-17, 8.67041772538031e-17, -0.777522242592001, -1.03180953166736e-17, 0.0647935202159998, 0, 0, 0, 0, 0, 0, 0, 0, 0, 0, 0, 0, 0, 0, 0, 0, 0, 0, 0, 0, 0, 0, 0, 0, 0, 0, 0, 0
0.064793520216, 1.67309394132403e-17, 0.00359964001200001, -8.63368685459548e-18, -1.07991979945155e-16, -5.06897115614955e-17, 1.014098590047, -6.32153161585285e-17, -0.0647935202159997, 5.616943406098e-17, 0.003599640012, -3.24542920867134e-17, 0, 0, 0, 0, 0, 0, 0, 0, 0, 0, 0, 0, 0, 0, 0, 0, 0, 0, 0, 0, 0, 0, 0, 0, 0, 0, 0, 0
1.50296033278261e-17, 0.0647935202159999, 1.18494342382856e-17, 0.003599640012, -1.52379042426057e-16, -9.66417698577971e-17, -6.32153161585285e-17, 1.01409859004701, 7.4459851044899e-17, -0.0647935202159999, -5.16537374680992e-18, 0.00359964001199999, 0, 0, 0, 0, 0, 0, 0, 0, 0, 0, 0, 0, 0, 0, 0, 0, 0, 0, 0, 0, 0, 0, 0, 0, 0, 0, 0, 0
0, 0, 0, 0, -0.777522242592001, 8.67041772538031e-17, -0.0647935202159997, 7.4459851044899e-17, 2.67102161897933, -0.00925435045097363, 1.16514513962329e-16, 1.24150733995043e-16, -0.777522242592, 4.25734671019255e-17, 0.0647935202159999, 4.66488392672029e-19, 0, 0, 0, 0, 0, 0, 0, 0, 0, 0, 0, 0, 0, 0, 0, 0, 0, 0, 0, 0, 0, 0, 0, 0
0, 0, 0, 0, 4.80820440463084e-17, -0.777522242592001, 5.616943406098e-17, -0.0647935202159999, -0.00925435045097363, 2.56012239909988, -5.82844634194869e-17, -1.05151798379666e-16, 9.78589755468476e-17, -0.777522242592001, 5.67597007209727e-17, 0.0647935202159997, 0, 0, 0, 0, 0, 0, 0, 0, 0, 0, 0, 0, 0, 0, 0, 0, 0, 0, 0, 0, 0, 0, 0, 0
0, 0, 0, 0, 0.0647935202159999, -1.03180953166736e-17, 0.003599640012, -5.16537374680992e-18, 1.16514513962329e-16, -5.82844634194869e-17, 1.014098590047, -2.36083601676138e-16, -0.0647935202159998, 1.36679844061527e-17, 0.00359964001199997, -1.47373446066276e-18, 0, 0, 0, 0, 0, 0, 0, 0, 0, 0, 0, 0, 0, 0, 0, 0, 0, 0, 0, 0, 0, 0, 0, 0
0, 0, 0, 0, 5.51753038962854e-17, 0.0647935202159998, -3.24542920867134e-17, 0.00359964001199999, 1.24150733995043e-16, -1.05151798379666e-16, -2.36083601676138e-16, 1.014098590047, 6.7009801193834e-18, -0.0647935202159999, -1.66231482211724e-17, 0.00359964001199999, 0, 0, 0, 0, 0, 0, 0, 0, 0, 0, 0, 0, 0, 0, 0, 0, 0, 0, 0, 0, 0, 0, 0, 0
0, 0, 0, 0, 0, 0, 0, 0, -0.777522242592, 9.78589755468476e-17, -0.0647935202159998, 6.7009801193834e-18, 2.59723297181895, 0.0148141277121144, -6.53648147306285e-17, -2.20850167726092e-16, -0.777522242592002, 2.16628554709636e-17, 0.0647935202160002, -2.00341792957861e-17, 0, 0, 0, 0, 0, 0, 0, 0, 0, 0, 0, 0, 0, 0, 0, 0, 0, 0, 0, 0
0, 0, 0, 0, 0, 0, 0, 0, 4.25734671019255e-17, -0.777522242592001, 1.36679844061527e-17, -0.0647935202159999, 0.0148141277121144, 2.55769933220643, -3.83003843326986e-16, 2.01774242071906e-16, -2.72323273232718e-16, -0.777522242592006, 4.13375046169317e-17, 0.0647935202160001, 0, 0, 0, 0, 0, 0, 0, 0, 0, 0, 0, 0, 0, 0, 0, 0, 0, 0, 0, 0
0, 0, 0, 0, 0, 0, 0, 0, 0.0647935202159999, 5.67597007209727e-17, 0.00359964001199997, -1.66231482211724e-17, -6.53648147306285e-17, -3.83003843326986e-16, 1.01409859004701, -9.9631811193664e-17, -0.064793520216, 1.40260018866019e-16, 0.00359964001200001, -5.98342671255478e-17, 0, 0, 0, 0, 0, 0, 0, 0, 0, 0, 0, 0, 0, 0, 0, 0, 0, 0, 0, 0
0, 0, 0, 0, 0, 0, 0, 0, 4.66488392672029e-19, 0.0647935202159997, -1.47373446066276e-18, 0.00359964001199999, -2.20850167726092e-16, 2.01774242071906e-16, -9.9631811193664e-17, 1.01409859004701, -7.31543724640493e-17, -0.0647935202160001, 5.0487734069703e-17, 0.00359964001199991, 0, 0, 0, 0, 0, 0, 0, 0, 0, 0, 0, 0, 0, 0, 0, 0, 0, 0, 0, 0
0, 0, 0, 0, 0, 0, 0, 0, 0, 0, 0, 0, -0.777522242592002, -2.72323273232718e-16, -0.064793520216, -7.31543724640493e-17, 2.68327689478392, 0.0580549194244445, 3.06935703008548e-16, -2.0915736450838e-16, -0.777522242592001, -2.00075938769257e-16, 0.0647935202159999, 8.89421294658119e-18, 0, 0, 0, 0, 0, 0, 0, 0, 0, 0, 0, 0, 0, 0, 0, 0
0, 0, 0, 0, 0, 0, 0, 0, 0, 0, 0, 0, 2.16628554709636e-17, -0.777522242592006, 1.40260018866019e-16, -0.0647935202160001, 0.0580549194244445, 2.49271243966275, 4.58869501451952e-16, 1.79030906053868e-16, 1.21728939465027e-17, -0.777522242592002, -1.72165593344481e-17, 0.0647935202159999, 0, 0, 0, 0, 0, 0, 0, 0, 0, 0, 0, 0, 0, 0, 0, 0
0, 0, 0, 0, 0, 0, 0, 0, 0, 0, 0, 0, 0.0647935202160002, 4.13375046169317e-17, 0.00359964001200001, 5.0487734069703e-17, 3.06935703008548e-16, 4.58869501451952e-16, 1.01409859004701, -1.39271875678414e-16, -0.0647935202159999, -1.10398410748252e-16, 0.00359964001199998, -1.88651790356446e-18, 0, 0, 0, 0, 0, 0, 0, 0, 0, 0, 0, 0, 0, 0, 0, 0
0, 0, 0, 0, 0, 0, 0, 0, 0, 0, 0, 0, -2.00341792957861e-17, 0.0647935202160001, -5.98342671255478e-17, 0.00359964001199991, -2.0915736450838e-16, 1.79030906053868e-16, -1.39271875678414e-16, 1.01409859004701, 9.43638825842074e-17, -0.064793520216, -1.57318417462997e-17, 0.00359964001200001, 0, 0, 0, 0, 0, 0, 0, 0, 0, 0, 0, 0, 0, 0, 0, 0
0, 0, 0, 0, 0, 0, 0, 0, 0, 0, 0, 0, 0, 0, 0, 0, -0.777522242592001, 1.21728939465027e-17, -0.0647935202159999, 9.43638825842074e-17, 2.51130564139258, 0.261669607458376, -9.52050244023894e-16, -5.75621459015684e-17, -0.777522242592002, -5.17460679587226e-16, 0.064793520216, -3.14105282626859e-17, 0, 0, 0, 0, 0, 0, 0, 0, 0, 0, 0, 0
0, 0, 0, 0, 0, 0, 0, 0, 0, 0, 0, 0, 0, 0, 0, 0, -2.00075938769257e-16, -0.777522242592002, -1.10398410748252e-16, -0.064793520216, 0.261669607458376, 2.5846719946755, 3.374204352984e-16, 7.75835076694875e-16, -5.68905548171949e-16, -0.777522242592001, -9.40828453077135e-17, 0.0647935202160003, 0, 0, 0, 0, 0, 0, 0, 0, 0, 0, 0, 0
0, 0, 0, 0, 0, 0, 0, 0, 0, 0, 0, 0, 0, 0, 0, 0, 0.0647935202159999, -1.72165593344481e-17, 0.00359964001199998, -1.57318417462997e-17, -9.52050244023894e-16, 3.374204352984e-16, 1.01409859004701, 4.0717629652163e-16, -0.0647935202159999, 1.35100333195074e-17, 0.00359964001199996, 1.17546311842214e-16, 0, 0, 0, 0, 0, 0, 0, 0, 0, 0, 0, 0
0, 0, 0, 0, 0, 0, 0, 0, 0, 0, 0, 0, 0, 0, 0, 0, 8.89421294658119e-18, 0.0647935202159999, -1.88651790356446e-18, 0.00359964001200001, -5.75621459015684e-17, 7.75835076694875e-16, 4.0717629652163e-16, 1.01409859004701, 1.1828019077598e-16, -0.0647935202159998, 1.23821495841024e-17, 0.00359964001200003, 0, 0, 0, 0, 0, 0, 0, 0, 0, 0, 0, 0
0, 0, 0, 0, 0, 0, 0, 0, 0, 0, 0, 0, 0, 0, 0, 0, 0, 0, 0, 0, -0.777522242592002, -5.68905548171949e-16, -0.0647935202159999, 1.1828019077598e-16, 1.96391915426303, 0.110171920812066, -3.43889894935501e-16, -5.05616204978107e-16, -0.777522242592, 4.4928071577239e-16, 0.064793520216, -6.46694049382066e-17, 0, 0, 0, 0, 0, 0, 0, 0
0, 0, 0, 0, 0, 0, 0, 0, 0, 0, 0, 0, 0, 0, 0, 0, 0, 0, 0, 0, -5.17460679587226e-16, -0.777522242592001, 1.35100333195074e-17, -0.0647935202159998, 0.110171920812066, 2.73155388713278, -2.33860026730896e-16, -7.16181886559753e-16, 1.70827049276009e-16, -0.777522242592003, 1.55454080212823e-17, 0.0647935202160002, 0, 0, 0, 0, 0, 0, 0, 0
0, 0, 0, 0, 0, 0, 0, 0, 0, 0, 0, 0, 0, 0, 0, 0, 0, 0, 0, 0, 0.064793520216, -9.40828453077135e-17, 0.00359964001199996, 1.23821495841024e-17, -3.43889894935501e-16, -2.33860026730896e-16, 1.014098590047, 8.21910894186944e-18, -0.0647935202159997, 2.00539091369955e-17, 0.00359964001200001, -3.46207109581651e-17, 0, 0, 0, 0, 0, 0, 0, 0
0, 0, 0, 0, 0, 0, 0, 0, 0, 0, 0, 0, 0, 0, 0, 0, 0, 0, 0, 0, -3.14105282626859e-17, 0.0647935202160003, 1.17546311842214e-16, 0.00359964001200003, -5.05616204978107e-16, -7.16181886559753e-16, 8.21910894186944e-18, 1.014098590047, 1.57158861184207e-16, -0.0647935202159997, -1.26554023554874e-17, 0.00359964001200002, 0, 0, 0, 0, 0, 0, 0, 0
0, 0, 0, 0, 0, 0, 0, 0, 0, 0, 0, 0, 0, 0, 0, 0, 0, 0, 0, 0, 0, 0, 0, 0, -0.777522242592, 1.70827049276009e-16, -0.0647935202159997, 1.57158861184207e-16, 2.37944949943678, 0.151328723472631, -4.8886050669239e-16, -1.17414640680642e-15, -0.777522242591995, 1.50225775766709e-16, 0.0647935202159994, 4.64607709998877e-17, 0, 0, 0, 0
0, 0, 0, 0, 0, 0, 0, 0, 0, 0, 0, 0, 0, 0, 0, 0, 0, 0, 0, 0, 0, 0, 0, 0, 4.4928071577239e-16, -0.777522242592003, 2.00539091369955e-17, -0.0647935202159997, 0.151328723472631, 2.77738150624379, 1.23792598322729e-16, -8.01513237774998e-16, 4.83082906910262e-16, -0.777522242591996, 3.42529704162029e-17, 0.0647935202159997, 0, 0, 0, 0
