10000, 0, 0, 0, 0, 0, 0, 0, 0, 0, 0, 0, 0, 0, 0, 0, 0, 0, 0, 0, 0, 0, 0, 0, 0, 0, 0, 0, 0, 0, 0, 0, 0, 0, 0, 0, 0, 0, 0, 0
0, 10000, 0, 0, 0, 0, 0, 0, 0, 0, 0, 0, 0, 0, 0, 0, 0, 0, 0, 0, 0, 0, 0, 0, 0, 0, 0, 0, 0, 0, 0, 0, 0, 0, 0, 0, 0, 0, 0, 0
0, 0, 10000, 0, 0, 0, 0, 0, 0, 0, 0, 0, 0, 0, 0, 0, 0, 0, 0, 0, 0, 0, 0, 0, 0, 0, 0, 0, 0, 0, 0, 0, 0, 0, 0, 0, 0, 0, 0, 0
0, 0, 0, 10000, 0, 0, 0, 0, 0, 0, 0, 0, 0, 0, 0, 0, 0, 0, 0, 0, 0, 0, 0, 0, 0, 0, 0, 0, 0, 0, 0, 0, 0, 0, 0, 0, 0, 0, 0, 0
0, 0, 0, 0, 10, 0, 0, 0, 0, 0, 0, 0, 0, 0, 0, 0, 0, 0, 0, 0, 0, 0, 0, 0, 0, 0, 0, 0, 0, 0, 0, 0, 0, 0, 0, 0, 0, 0, 0, 0
0, 0, 0, 0, 0, 10, 0, 0, 0, 0, 0, 0, 0, 0, 0, 0, 0, 0, 0, 0, 0, 0, 0, 0, 0, 0, 0, 0, 0, 0, 0, 0, 0, 0, 0, 0, 0, 0, 0, 0
0, 0, 0, 0, 0, 0, 10, 0, 0, 0, 0, 0, 0, 0, 0, 0, 0, 0, 0, 0, 0, 0, 0, 0, 0, 0, 0, 0, 0, 0, 0, 0, 0, 0, 0, 0, 0, 0, 0, 0
0, 0, 0, 0, 0, 0, 0, 10, 0, 0, 0, 0, 0, 0, 0, 0, 0, 0, 0, 0, 0, 0, 0, 0, 0, 0, 0, 0, 0, 0, 0, 0, 0, 0, 0, 0, 0, 0, 0, 0
0, 0, 0, 0, 0, 0, 0, 0, 10, 0, 0, 0, 0, 0, 0, 0, 0, 0, 0, 0, 0, 0, 0, 0, 0, 0, 0, 0, 0, 0, 0, 0, 0, 0, 0, 0, 0, 0, 0, 0
0, 0, 0, 0, 0, 0, 0, 0, 0, 10, 0, 0, 0, 0, 0, 0, 0, 0, 0, 0, 0, 0, 0, 0, 0, 0, 0, 0, 0, 0, 0, 0, 0, 0, 0, 0, 0, 0, 0, 0
0, 0, 0, 0, 0, 0, 0, 0, 0, 0, 10, 0, 0, 0, 0, 0, 0, 0, 0, 0, 0, 0, 0, 0, 0, 0, 0, 0, 0, 0, 0, 0, 0, 0, 0, 0, 0, 0, 0, 0
0, 0, 0, 0, 0, 0, 0, 0, 0, 0, 0, 10, 0, 0, 0, 0, 0, 0, 0, 0, 0, 0, 0, 0, 0, 0, 0, 0, 0, 0, 0, 0, 0, 0, 0, 0, 0, 0, 0, 0
0, 0, 0, 0, 0, 0, 0, 0, 0, 0, 0, 0, 10, 0, 0, 0, 0, 0, 0, 0, 0, 0, 0, 0, 0, 0, 0, 0, 0, 0, 0, 0, 0, 0, 0, 0, 0, 0, 0, 0
0, 0, 0, 0, 0, 0, 0, 0, 0, 0, 0, 0, 0, 10, 0, 0, 0, 0, 0, 0, 0, 0, 0, 0, 0, 0, 0, 0, 0, 0, 0, 0, 0, 0, 0, 0, 0, 0, 0, 0
0, 0, 0, 0, 0, 0, 0, 0, 0, 0, 0, 0, 0, 0, 10, 0, 0, 0, 0, 0, 0, 0, 0, 0, 0, 0, 0, 0, 0, 0, 0, 0, 0, 0, 0, 0, 0, 0, 0, 0
0, 0, 0, 0, 0, 0, 0, 0, 0, 0, 0, 0, 0, 0, 0, 10, 0, 0, 0, 0, 0, 0, 0, 0, 0, 0, 0, 0, 0, 0, 0, 0, 0, 0, 0, 0, 0, 0, 0, 0
0, 0, 0, 0, 0, 0, 0, 0, 0, 0, 0, 0, 0, 0, 0, 0, 10, 0, 0, 0, 0, 0, 0, 0, 0, 0, 0, 0, 0, 0, 0, 0, 0, 0, 0, 0, 0, 0, 0, 0
0, 0, 0, 0, 0, 0, 0, 0, 0, 0, 0, 0, 0, 0, 0, 0, 0, 10, 0, 0, 0, 0, 0, 0, 0, 0, 0, 0, 0, 0, 0, 0, 0, 0, 0, 0, 0, 0, 0, 0
0, 0, 0, 0, 0, 0, 0, 0, 0, 0, 0, 0, 0, 0, 0, 0, 0, 0, 10, 0, 0, 0, 0, 0, 0, 0, 0, 0, 0, 0, 0, 0, 0, 0, 0, 0, 0, 0, 0, 0
0, 0, 0, 0, 0, 0, 0, 0, 0, 0, 0, 0, 0, 0, 0, 0, 0, 0, 0, 10, 0, 0, 0, 0, 0, 0, 0, 0, 0, 0, 0, 0, 0, 0, 0, 0, 0, 0, 0, 0
0, 0, 0, 0, 0, 0, 0, 0, 0, 0, 0, 0, 0, 0, 0, 0, 0, 0, 0, 0, 10, 0, 0, 0, 0, 0, 0, 0, 0, 0, 0, 0, 0, 0, 0, 0, 0, 0, 0, 0
0, 0, 0, 0, 0, 0, 0, 0, 0, 0, 0, 0, 0, 0, 0, 0, 0, 0, 0, 0, 0, 10, 0, 0, 0, 0, 0, 0, 0, 0, 0, 0, 0, 0, 0, 0, 0, 0, 0, 0
0, 0, 0, 0, 0, 0, 0, 0, 0, 0, 0, 0, 0, 0, 0, 0, 0, 0, 0, 0, 0, 0, 10, 0, 0, 0, 0, 0, 0, 0, 0, 0, 0, 0, 0, 0, 0, 0, 0, 0
0, 0, 0, 0, 0, 0, 0, 0, 0, 0, 0, 0, 0, 0, 0, 0, 0, 0, 0, 0, 0, 0, 0, 10, 0, 0, 0, 0, 0, 0, 0, 0, 0, 0, 0, 0, 0, 0, 0, 0
0, 0, 0, 0, 0, 0, 0, 0, 0, 0, 0, 0, 0, 0, 0, 0, 0, 0, 0, 0, 0, 0, 0, 0, 10, 0, 0, 0, 0, 0, 0, 0, 0, 0, 0, 0, 0, 0, 0, 0
0, 0, 0, 0, 0, 0, 0, 0, 0, 0, 0, 0, 0, 0, 0, 0, 0, 0, 0, 0, 0, 0, 0, 0, 0, 10, 0, 0, 0, 0, 0, 0, 0, 0, 0, 0, 0, 0, 0, 0
0, 0, 0, 0, 0, 0, 0, 0, 0, 0, 0, 0, 0, 0, 0, 0, 0, 0, 0, 0, 0, 0, 0, 0, 0, 0, 10, 0, 0, 0, 0, 0, 0, 0, 0, 0, 0, 0, 0, 0
0, 0, 0, 0, 0, 0, 0, 0, 0, 0, 0, 0, 0, 0, 0, 0, 0, 0, 0, 0, 0, 0, 0, 0, 0, 0, 0, 10, 0, 0, 0, 0, 0, 0, 0, 0, 0, 0, 0, 0
0, 0, 0, 0, 0, 0, 0, 0, 0, 0, 0, 0, 0, 0, 0, 0, 0, 0, 0, 0, 0, 0, 0, 0, 0, 0, 0, 0, 10, 0, 0, 0, 0, 0, 0, 0, 0, 0, 0, 0
0, 0, 0, 0, 0, 0, 0, 0, 0, 0, 0, 0, 0, 0, 0, 0, 0, 0, 0, 0, 0, 0, 0, 0, 0, 0, 0, 0, 0, 10, 0, 0, 0, 0, 0, 0, 0, 0, 0, 0
0, 0, 0, 0, 0, 0, 0, 0, 0, 0, 0, 0, 0, 0, 0, 0, 0, 0, 0, 0, 0, 0, 0, 0, 0, 0, 0, 0, 0, 0, 10, 0, 0, 0, 0, 0, 0, 0, 0, 0
0, 0, 0, 0, 0, 0, 0, 0, 0, 0, 0, 0, 0, 0, 0, 0, 0, 0, 0, 0, 0, 0, 0, 0, 0, 0, 0, 0, 0, 0, 0, 10, 0, 0, 0, 0, 0, 0, 0, 0
0, 0, 0, 0, 0, 0, 0, 0, 0, 0, 0, 0, 0, 0, 0, 0, 0, 0, 0, 0, 0, 0, 0, 0, 0, 0, 0, 0, 0, 0, 0, 0, 10, 0, 0, 0, 0, 0, 0, 0
0, 0, 0, 0, 0, 0, 0, 0, 0, 0, 0, 0, 0, 0, 0, 0, 0, 0, 0, 0, 0, 0, 0, 0, 0, 0, 0, 0, 0, 0, 0, 0, 0, 10, 0, 0, 0, 0, 0, 0
0, 0, 0, 0, 0, 0, 0, 0, 0, 0, 0, 0, 0, 0, 0, 0, 0, 0, 0, 0, 0, 0, 0, 0, 0, 0, 0, 0, 0, 0, 0, 0, 0, 0, 10, 0, 0, 0, 0, 0
0, 0, 0, 0, 0, 0, 0, 0, 0, 0, 0, 0, 0, 0, 0, 0, 0, 0, 0, 0, 0, 0, 0, 0, 0, 0, 0, 0, 0, 0, 0, 0, 0, 0, 0, 10, 0, 0, 0, 0
0, 0, 0, 0, 0, 0, 0, 0, 0, 0, 0, 0, 0, 0, 0, 0, 0, 0, 0, 0, 0, 0, 0, 0, 0, 0, 0, 0, 0, 0, 0, 0, 0, 0, 0, 0, 10000, 0, 0, 0
0, 0, 0, 0, 0, 0, 0, 0, 0, 0, 0, 0, 0, 0, 0, 0, 0, 0, 0, 0, 0, 0, 0, 0, 0, 0, 0, 0, 0, 0, 0, 0, 0, 0, 0, 0, 0, 10000, 0, 0
0, 0, 0, 0, 0, 0, 0, 0, 0, 0, 0, 0, 0, 0, 0, 0, 0, 0, 0, 0, 0, 0, 0, 0, 0, 0, 0, 0, 0, 0, 0, 0, 0, 0, 0, 0, 0, 0, 10000, 0
0, 0, 0, 0, 0, 0, 0, 0, 0, 0, 0, 0, 0, 0, 0, 0, 0, 0, 0, 0, 0, 0, 0, 0, 0, 0, 0, 0, 0, 0, 0, 0, 0, 0, 0, 0, 0, 0, 0, 10000
8674.29999999984, 1.6237100475079e-12, 2.02499999999729, -2.69210066258446e-13, -24.3000000000002, -9.67205746646004e-16, 2.02500000000001, 1.98523347012727e-17, 0, 0, 0, 0, 0, 0, 0, 0, 0, 0, 0, 0, 0, 0, 0, 0, 0, 0, 0, 0, 0, 0, 0, 0, 0, 0, 0, 0, 0, 0, 0, 0
1.6237100475079e-12, 8674.29999999986, 1.1680989661137e-12, 2.02499999999929, -1.94664053146799e-14, -24.3000000000001, 1.86373718175548e-15, 2.02500000000001, 0, 0, 0, 0, 0, 0, 0, 0, 0, 0, 0, 0, 0, 0, 0, 0, 0, 0, 0, 0, 0, 0, 0, 0, 0, 0, 0, 0, 0, 0, 0, 0
2.02499999999729, 1.1680989661137e-12, 8650.22499999761, -1.09100986892682e-13, -2.02499999999976, 7.78211520289888e-16, 0.112499999999983, -1.34598829274629e-16, 0, 0, 0, 0, 0, 0, 0, 0, 0, 0, 0, 0, 0, 0, 0, 0, 0, 0, 0, 0, 0, 0, 0, 0, 0, 0, 0, 0, 0, 0, 0, 0
-2.69210066258446e-13, 2.02499999999929, -1.09100986892682e-13, 8650.22499999762, -3.84658837171859e-15, -2.02499999999992, -3.39474923391763e-16, 0.112499999999995, 0, 0, 0, 0, 0, 0, 0, 0, 0, 0, 0, 0, 0, 0, 0, 0, 0, 0, 0, 0, 0, 0, 0, 0, 0, 0, 0, 0, 0, 0, 0, 0
-24.3000000000002, -1.94664053146799e-14, -2.02499999999976, -3.84658837171859e-15, 57.0999999999999, -4.10998914853508e-17, 2.02504679691629e-14, -5.43093173582224e-16, -24.3, 2.1503024567948e-15, 2.02500000000001, -6.59026043677328e-17, 0, 0, 0, 0, 0, 0, 0, 0, 0, 0, 0, 0, 0, 0, 0, 0, 0, 0, 0, 0, 0, 0, 0, 0, 0, 0, 0, 0
-9.67205746646004e-16, -24.3000000000001, 7.78211520289888e-16, -2.02499999999992, -4.10998914853508e-17, 57.1, -6.10432292888941e-16, 2.1582735598713e-14, 1.67151258349677e-15, -24.3000000000001, 1.29818387078562e-16, 2.02500000000001, 0, 0, 0, 0, 0, 0, 0, 0, 0, 0, 0, 0, 0, 0, 0, 0, 0, 0, 0, 0, 0, 0, 0, 0, 0, 0, 0, 0
2.02500000000001, 1.86373718175548e-15, 0.112499999999983, -3.39474923391763e-16, 2.02504679691629e-14, -6.10432292888941e-16, 8.95000000000008, 2.94391859471948e-16, -2.02500000000001, 4.12105086943063e-16, 0.1125, -3.19074664252735e-17, 0, 0, 0, 0, 0, 0, 0, 0, 0, 0, 0, 0, 0, 0, 0, 0, 0, 0, 0, 0, 0, 0, 0, 0, 0, 0, 0, 0
1.98523347012727e-17, 2.02500000000001, -1.34598829274629e-16, 0.112499999999995, -5.43093173582224e-16, 2.1582735598713e-14, 2.94391859471948e-16, 8.95000000000011, -2.78600518357168e-16, -2.02500000000002, -2.17907166615049e-17, 0.112500000000001, 0, 0, 0, 0, 0, 0, 0, 0, 0, 0, 0, 0, 0, 0, 0, 0, 0, 0, 0, 0, 0, 0, 0, 0, 0, 0, 0, 0
0, 0, 0, 0, -24.3, 1.67151258349677e-15, -2.02500000000001, -2.78600518357168e-16, 57.099999999999, 1.71283561522416e-16, 6.92779167366098e-15, -4.73012049806567e-16, -24.3, 2.75265008489999e-15, 2.02500000000001, 1.56682566396324e-17, 0, 0, 0, 0, 0, 0, 0, 0, 0, 0, 0, 0, 0, 0, 0, 0, 0, 0, 0, 0, 0, 0, 0, 0
0, 0, 0, 0, 2.1503024567948e-15, -24.3000000000001, 4.12105086943063e-16, -2.02500000000002, 1.71283561522416e-16, 57.0999999999995, -2.13600242306278e-15, 2.93098878501041e-15, 2.34825326247474e-15, -24.3, 6.91925332744277e-17, 2.02500000000001, 0, 0, 0, 0, 0, 0, 0, 0, 0, 0, 0, 0, 0, 0, 0, 0, 0, 0, 0, 0, 0, 0, 0, 0
0, 0, 0, 0, 2.02500000000001, 1.29818387078562e-16, 0.1125, -2.17907166615049e-17, 6.92779167366098e-15, -2.13600242306278e-15, 8.95000000000075, 9.54111146677045e-16, -2.02500000000002, 5.1485680088991e-16, 0.112500000000001, -7.54047258491499e-17, 0, 0, 0, 0, 0, 0, 0, 0, 0, 0, 0, 0, 0, 0, 0, 0, 0, 0, 0, 0, 0, 0, 0, 0
0, 0, 0, 0, -6.59026043677328e-17, 2.02500000000001, -3.19074664252735e-17, 0.112500000000001, -4.73012049806567e-16, 2.93098878501041e-15, 9.54111146677045e-16, 8.95000000000067, -1.24368524156369e-15, -2.02500000000001, -8.06401835565696e-17, 0.1125, 0, 0, 0, 0, 0, 0, 0, 0, 0, 0, 0, 0, 0, 0, 0, 0, 0, 0, 0, 0, 0, 0, 0, 0
0, 0, 0, 0, 0, 0, 0, 0, -24.3, 2.34825326247474e-15, -2.02500000000002, -1.24368524156369e-15, 57.0999999999991, 6.97965286463131e-15, 1.27897692436818e-14, 1.04373252645247e-15, -24.3, 3.55533953387655e-15, 2.025, -1.47428202051979e-16, 0, 0, 0, 0, 0, 0, 0, 0, 0, 0, 0, 0, 0, 0, 0, 0, 0, 0, 0, 0
0, 0, 0, 0, 0, 0, 0, 0, 2.75265008489999e-15, -24.3, 5.1485680088991e-16, -2.02500000000001, 6.97965286463131e-15, 57.0999999999991, -1.36405391732444e-16, 1.14575016141316e-14, 1.5728758614868e-15, -24.3, -2.11515508934628e-16, 2.02500000000001, 0, 0, 0, 0, 0, 0, 0, 0, 0, 0, 0, 0, 0, 0, 0, 0, 0, 0, 0, 0
0, 0, 0, 0, 0, 0, 0, 0, 2.02500000000001, 6.91925332744277e-17, 0.112500000000001, -8.06401835565696e-17, 1.27897692436818e-14, -1.36405391732444e-16, 8.95000000000078, -1.09076667782673e-16, -2.02500000000002, -8.75797656747464e-17, 0.112500000000001, 4.77281889954117e-17, 0, 0, 0, 0, 0, 0, 0, 0, 0, 0, 0, 0, 0, 0, 0, 0, 0, 0, 0, 0
0, 0, 0, 0, 0, 0, 0, 0, 1.56682566396324e-17, 2.02500000000001, -7.54047258491499e-17, 0.1125, 1.04373252645247e-15, 1.14575016141316e-14, -1.09076667782673e-16, 8.95000000000069, -1.26339702173528e-15, -2.02500000000001, -1.96117244046932e-17, 0.112500000000001, 0, 0, 0, 0, 0, 0, 0, 0, 0, 0, 0, 0, 0, 0, 0, 0, 0, 0, 0, 0
0, 0, 0, 0, 0, 0, 0, 0, 0, 0, 0, 0, -24.3, 1.5728758614868e-15, -2.02500000000002, -1.26339702173528e-15, 59.8880802191126, 0.811188207818902, -2.1049828546893e-14, 5.34385939582246e-16, -24.3, 2.66773370844877e-15, 2.025, 4.61527077135187e-17, 0, 0, 0, 0, 0, 0, 0, 0, 0, 0, 0, 0, 0, 0, 0, 0
0, 0, 0, 0, 0, 0, 0, 0, 0, 0, 0, 0, 3.55533953387655e-15, -24.3, -8.75797656747464e-17, -2.02500000000001, 0.811188207818902, 55.1513888178118, -7.16496170357348e-16, -5.32907051820075e-16, 1.70841807370644e-15, -24.3, 1.50896007877597e-16, 2.025, 0, 0, 0, 0, 0, 0, 0, 0, 0, 0, 0, 0, 0, 0, 0, 0
0, 0, 0, 0, 0, 0, 0, 0, 0, 0, 0, 0, 2.025, -2.11515508934628e-16, 0.112500000000001, -1.96117244046932e-17, -2.1049828546893e-14, -7.16496170357348e-16, 8.95000000000077, 5.51303305121282e-16, -2.02499999999999, 5.34023832997294e-16, 0.112499999999999, -7.09411269149158e-17, 0, 0, 0, 0, 0, 0, 0, 0, 0, 0, 0, 0, 0, 0, 0, 0
0, 0, 0, 0, 0, 0, 0, 0, 0, 0, 0, 0, -1.47428202051979e-16, 2.02500000000001, 4.77281889954117e-17, 0.112500000000001, 5.34385939582246e-16, -5.32907051820075e-16, 5.51303305121282e-16, 8.95000000000071, -3.21208393186428e-16, -2.02500000000002, -8.48171147777173e-18, 0.1125, 0, 0, 0, 0, 0, 0, 0, 0, 0, 0, 0, 0, 0, 0, 0, 0
0, 0, 0, 0, 0, 0, 0, 0, 0, 0, 0, 0, 0, 0, 0, 0, -24.3, 1.70841807370644e-15, -2.02499999999999, -3.21208393186428e-16, 61.060685774574, 2.49196621920138e-14, -1.65201186064223e-14, -2.14021667667316e-16, -24.3, 2.02366361964199e-15, 2.025, 1.13571236359041e-17, 0, 0, 0, 0, 0, 0, 0, 0, 0, 0, 0, 0
0, 0, 0, 0, 0, 0, 0, 0, 0, 0, 0, 0, 0, 0, 0, 0, 2.66773370844877e-15, -24.3, 5.34023832997294e-16, -2.02500000000002, 2.49196621920138e-14, 57.0999999999996, 4.77003957268299e-16, 1.22568621918617e-14, 1.2872531752991e-15, -24.3, -1.77004210289935e-16, 2.02500000000001, 0, 0, 0, 0, 0, 0, 0, 0, 0, 0, 0, 0
0, 0, 0, 0, 0, 0, 0, 0, 0, 0, 0, 0, 0, 0, 0, 0, 2.025, 1.50896007877597e-16, 0.112499999999999, -8.48171147777173e-18, -1.65201186064223e-14, 4.77003957268299e-16, 8.95000000000078, 4.14995586875568e-16, -2.025, 9.81205613077342e-17, 0.112499999999999, 1.13571236359041e-17, 0, 0, 0, 0, 0, 0, 0, 0, 0, 0, 0, 0
0, 0, 0, 0, 0, 0, 0, 0, 0, 0, 0, 0, 0, 0, 0, 0, 4.61527077135187e-17, 2.025, -7.09411269149158e-17, 0.1125, -2.14021667667316e-16, 1.22568621918617e-14, 4.14995586875568e-16, 8.95000000000071, -6.25279456965328e-16, -2.025, 8.9709524141499e-17, 0.1125, 0, 0, 0, 0, 0, 0, 0, 0, 0, 0, 0, 0
0, 0, 0, 0, 0, 0, 0, 0, 0, 0, 0, 0, 0, 0, 0, 0, 0, 0, 0, 0, -24.3, 1.2872531752991e-15, -2.025, -6.25279456965328e-16, 59.1561558915065, 1.41576837576244, -2.29150032282632e-14, 1.56649373292704e-15, -24.3, 1.67588962625171e-15, 2.025, -2.55571016010304e-17, 0, 0, 0, 0, 0, 0, 0, 0
0, 0, 0, 0, 0, 0, 0, 0, 0, 0, 0, 0, 0, 0, 0, 0, 0, 0, 0, 0, 2.02366361964199e-15, -24.3, 9.81205613077342e-17, -2.025, 1.41576837576244, 56.1561544161572, -9.46159889582491e-16, -8.5265128291212e-15, 2.7618536272675e-15, -24.3, 5.59994657253499e-17, 2.025, 0, 0, 0, 0, 0, 0, 0, 0
0, 0, 0, 0, 0, 0, 0, 0, 0, 0, 0, 0, 0, 0, 0, 0, 0, 0, 0, 0, 2.025, -1.77004210289935e-16, 0.112499999999999, 8.9709524141499e-17, -2.29150032282632e-14, -9.46159889582491e-16, 8.95000000000083, 8.37226952703056e-16, -2.02499999999999, -1.97611727803244e-16, 0.112499999999999, 3.94950287480999e-17, 0, 0, 0, 0, 0, 0, 0, 0
0, 0, 0, 0, 0, 0, 0, 0, 0, 0, 0, 0, 0, 0, 0, 0, 0, 0, 0, 0, 1.13571236359041e-17, 2.02500000000001, 1.13571236359041e-17, 0.1125, 1.56649373292704e-15, -8.5265128291212e-15, 8.37226952703056e-16, 8.95000000000077, -6.59888429096751e-16, -2.02499999999999, -3.18209102459759e-17, 0.112499999999999, 0, 0, 0, 0, 0, 0, 0, 0
0, 0, 0, 0, 0, 0, 0, 0, 0, 0, 0, 0, 0, 0, 0, 0, 0, 0, 0, 0, 0, 0, 0, 0, -24.3, 2.7618536272675e-15, -2.02499999999999, -6.59888429096751e-16, 60.0999977962788, 6.69327578972496e-15, -1.49213974509621e-14, 1.94234448623864e-16, -24.3, 2.26730735296377e-15, 2.025, 3.47177629255856e-17, 0, 0, 0, 0
0, 0, 0, 0, 0, 0, 0, 0, 0, 0, 0, 0, 0, 0, 0, 0, 0, 0, 0, 0, 0, 0, 0, 0, 1.67588962625171e-15, -24.3, -1.97611727803244e-16, -2.02499999999999, 6.69327578972496e-15, 57.0999999999988, -1.48529212534512e-15, -5.86197757002083e-15, 1.44277160078854e-15, -24.3, 5.19456189793501e-17, 2.02500000000001, 0, 0, 0, 0
0, 0, 0, 0, 0, 0, 0, 0, 0, 0, 0, 0, 0, 0, 0, 0, 0, 0, 0, 0, 0, 0, 0, 0, 2.025, 5.59994657253499e-17, 0.112499999999999, -3.18209102459759e-17, -1.49213974509621e-14, -1.48529212534512e-15, 8.95000000000079, 4.10933799195688e-16, -2.02499999999999, 1.33597477512296e-16, 0.112499999999999, 2.17073368557596e-17, 0, 0, 0, 0
0, 0, 0, 0, 0, 0, 0, 0, 0, 0, 0, 0, 0, 0, 0, 0, 0, 0, 0, 0, 0, 0, 0, 0, -2.55571016010304e-17, 2.025, 3.94950287480999e-17, 0.112499999999999, 1.94234448623864e-16, -5.86197757002083e-15, 4.10933799195688e-16, 8.95000000000072, -5.86854866104321e-16, -2.02499999999999, 8.77242906713717e-17, 0.1125, 0, 0, 0, 0
0, 0, 0, 0, 0, 0, 0, 0, 0, 0, 0, 0, 0, 0, 0, 0, 0, 0, 0, 0, 0, 0, 0, 0, 0, 0, 0, 0, -24.3, 1.44277160078854e-15, -2.02499999999999, -5.86854866104321e-16, 60.1000008681432, 5.95675417230774e-15, -2.42472708578134e-14, 9.07000762337537e-16, -24.2999999999977, 2.05034912794744e-15, 2.02499999999982, -7.13889955857765e-16
0, 0, 0, 0, 0, 0, 0, 0, 0, 0, 0, 0, 0, 0, 0, 0, 0, 0, 0, 0, 0, 0, 0, 0, 0, 0, 0, 0, 2.26730735296377e-15, -24.3, 1.33597477512296e-16, -2.02499999999999, 5.95675417230774e-15, 57.0999999999996, -8.41530144772904e-16, -2.34479102800833e-14, -1.60883320419114e-15, -24.2999999999976, -7.4485959799175e-16, 2.02499999999983
0, 0, 0, 0, 0, 0, 0, 0, 0, 0, 0, 0, 0, 0, 0, 0, 0, 0, 0, 0, 0, 0, 0, 0, 0, 0, 0, 0, 2.025, 5.19456189793501e-17, 0.112499999999999, 8.77242906713717e-17, -2.42472708578134e-14, -8.41530144772904e-16, 8.95000000000028, 3.33163469143534e-16, -2.02499999999979, -3.64171227760146e-15, 0.112499999999994, -1.04026233834669e-16
0, 0, 0, 0, 0, 0, 0, 0, 0, 0, 0, 0, 0, 0, 0, 0, 0, 0, 0, 0, 0, 0, 0, 0, 0, 0, 0, 0, 3.47177629255856e-17, 2.02500000000001, 2.17073368557596e-17, 0.1125, 9.07000762337537e-16, -2.34479102800833e-14, 3.33163469143534e-16, 8.9500000000002, -3.43842437026043e-15, -2.02499999999979, 9.83087614407022e-16, 0.112499999999991
0, 0, 0, 0, 0, 0, 0, 0, 0, 0, 0, 0, 0, 0, 0, 0, 0, 0, 0, 0, 0, 0, 0, 0, 0, 0, 0, 0, 0, 0, 0, 0, -24.2999999999977, -1.60883320419114e-15, -2.02499999999979, -3.43842437026043e-15, 8674.29999999756, 3.7843513024301e-14, -2.02499999999974, -8.26353431940475e-15
0, 0, 0, 0, 0, 0, 0, 0, 0, 0, 0, 0, 0, 0, 0, 0, 0, 0, 0, 0, 0, 0, 0, 0, 0, 0, 0, 0, 0, 0, 0, 0, 2.05034912794744e-15, -24.2999999999976, -3.64171227760146e-15, -2.02499999999979, 3.7843513024301e-14, 8674.29999999756, -1.48644356075779e-14, -2.02499999999964
0, 0, 0, 0, 0, 0, 0, 0, 0, 0, 0, 0, 0, 0, 0, 0, 0, 0, 0, 0, 0, 0, 0, 0, 0, 0, 0, 0, 0, 0, 0, 0, 2.02499999999982, -7.4485959799175e-16, 0.112499999999994, 9.83087614407022e-16, -2.02499999999974, -1.48644356075779e-14, 8650.22499999756, -1.43929426584227e-15
0, 0, 0, 0, 0, 0, 0, 0, 0, 0, 0, 0, 0, 0, 0, 0, 0, 0, 0, 0, 0, 0, 0, 0, 0, 0, 0, 0, 0, 0, 0, 0, -7.13889955857765e-16, 2.02499999999983, -1.04026233834669e-16, 0.112499999999991, -8.26353431940475e-15, -2.02499999999964, -1.43929426584227e-15, 8650.22499999756
7547.45499999986, 3.23794621179558e-12, 3.74625000022554, -3.81127426113389e-11, -44.9550000000004, 1.31534233567443e-14, 3.74625000000002, -4.13120044611304e-15, 0, 0, 0, 0, 0, 0, 0, 0, 0, 0, 0, 0, 0, 0, 0, 0, 0, 0, 0, 0, 0, 0, 0, 0, 0, 0, 0, 0, 0, 0, 0, 0
3.23794621179558e-12, 7547.45499999984, -1.66229547115421e-11, 3.74624999995307, -9.7167524166315e-15, -44.955, 2.57494417757495e-14, 3.74625000000001, 0, 0, 0, 0, 0, 0, 0, 0, 0, 0, 0, 0, 0, 0, 0, 0, 0, 0, 0, 0, 0, 0, 0, 0, 0, 0, 0, 0, 0, 0, 0, 0
3.74625000022554, -1.66229547115421e-11, 7502.91624999793, -5.49978752016453e-11, -3.74625000000014, 5.63842124546794e-14, 0.208125000000037, -1.67792575200491e-14, 0, 0, 0, 0, 0, 0, 0, 0, 0, 0, 0, 0, 0, 0, 0, 0, 0, 0, 0, 0, 0, 0, 0, 0, 0, 0, 0, 0, 0, 0, 0, 0
-3.81127426113389e-11, 3.74624999995307, -5.49978752016453e-11, 7502.91624999786, 9.80782618584674e-15, -3.74624999999979, 5.28378536765085e-15, 0.208124999999979, 0, 0, 0, 0, 0, 0, 0, 0, 0, 0, 0, 0, 0, 0, 0, 0, 0, 0, 0, 0, 0, 0, 0, 0, 0, 0, 0, 0, 0, 0, 0, 0
-44.9550000000004, -9.7167524166315e-15, -3.74625000000014, 9.80782618584674e-15, 97.1349999999998, -3.17646719261114e-14, 2.0943247136529e-14, -4.38993484451267e-15, -44.955, 1.83217112586852e-14, 3.74625, -1.55749784533626e-15, 0, 0, 0, 0, 0, 0, 0, 0, 0, 0, 0, 0, 0, 0, 0, 0, 0, 0, 0, 0, 0, 0, 0, 0, 0, 0, 0, 0
1.31534233567443e-14, -44.955, 5.63842124546794e-14, -3.74624999999979, -3.17646719261114e-14, 97.1349999999998, 1.21434893159018e-14, 1.46149758961656e-14, -1.48694957978383e-15, -44.9550000000001, 8.93314399514962e-16, 3.74625, 0, 0, 0, 0, 0, 0, 0, 0, 0, 0, 0, 0, 0, 0, 0, 0, 0, 0, 0, 0, 0, 0, 0, 0, 0, 0, 0, 0
3.74625000000002, 2.57494417757495e-14, 0.208125000000037, 5.28378536765085e-15, 2.0943247136529e-14, 1.21434893159018e-14, 8.05750000000004, 1.44348062212209e-15, -3.74625000000001, -5.48315557428774e-15, 0.208125000000001, 6.0368711572917e-16, 0, 0, 0, 0, 0, 0, 0, 0, 0, 0, 0, 0, 0, 0, 0, 0, 0, 0, 0, 0, 0, 0, 0, 0, 0, 0, 0, 0
-4.13120044611304e-15, 3.74625000000001, -1.67792575200491e-14, 0.208124999999979, -4.38993484451267e-15, 1.46149758961656e-14, 1.44348062212209e-15, 8.0575000000001, -2.14540428470065e-15, -3.74625000000002, 1.50512763617009e-16, 0.208125, 0, 0, 0, 0, 0, 0, 0, 0, 0, 0, 0, 0, 0, 0, 0, 0, 0, 0, 0, 0, 0, 0, 0, 0, 0, 0, 0, 0
0, 0, 0, 0, -44.955, -1.48694957978383e-15, -3.74625000000001, -2.14540428470065e-15, 97.1349999999993, -3.12455942178891e-14, 1.73461245367434e-14, 1.06691592866341e-14, -44.9550000000001, 8.93546948390825e-15, 3.74625000000001, 1.93107694578037e-16, 0, 0, 0, 0, 0, 0, 0, 0, 0, 0, 0, 0, 0, 0, 0, 0, 0, 0, 0, 0, 0, 0, 0, 0
0, 0, 0, 0, 1.83217112586852e-14, -44.9550000000001, -5.48315557428774e-15, -3.74625000000002, -3.12455942178891e-14, 97.1349999999997, -1.33301812527086e-14, 1.23501209259302e-14, 1.65702926394606e-14, -44.9550000000001, -2.04823118566036e-15, 3.74625000000001, 0, 0, 0, 0, 0, 0, 0, 0, 0, 0, 0, 0, 0, 0, 0, 0, 0, 0, 0, 0, 0, 0, 0, 0
0, 0, 0, 0, 3.74625, 8.93314399514962e-16, 0.208125000000001, 1.50512763617009e-16, 1.73461245367434e-14, -1.33301812527086e-14, 8.05750000000063, -1.93044960432423e-15, -3.74625000000002, 7.63569145633594e-15, 0.208125000000001, -7.98656363806627e-16, 0, 0, 0, 0, 0, 0, 0, 0, 0, 0, 0, 0, 0, 0, 0, 0, 0, 0, 0, 0, 0, 0, 0, 0
0, 0, 0, 0, -1.55749784533626e-15, 3.74625, 6.0368711572917e-16, 0.208125, 1.06691592866341e-14, 1.23501209259302e-14, -1.93044960432423e-15, 8.05750000000051, -2.2977524008961e-15, -3.74625000000002, 4.74089573916198e-16, 0.208125000000001, 0, 0, 0, 0, 0, 0, 0, 0, 0, 0, 0, 0, 0, 0, 0, 0, 0, 0, 0, 0, 0, 0, 0, 0
0, 0, 0, 0, 0, 0, 0, 0, -44.9550000000001, 1.65702926394606e-14, -3.74625000000002, -2.2977524008961e-15, 97.1349999999993, -3.50776173145814e-14, -6.44817532702291e-15, -7.9684883028417e-15, -44.9549999999998, 3.74971026741342e-14, 3.74625000000001, -4.81467751831206e-15, 0, 0, 0, 0, 0, 0, 0, 0, 0, 0, 0, 0, 0, 0, 0, 0, 0, 0, 0, 0
0, 0, 0, 0, 0, 0, 0, 0, 8.93546948390825e-15, -44.9550000000001, 7.63569145633594e-15, -3.74625000000002, -3.50776173145814e-14, 97.1349999999995, -1.23146528332137e-15, -8.37996338987068e-15, 1.35491326390114e-14, -44.955, -4.51456085556656e-15, 3.74625000000001, 0, 0, 0, 0, 0, 0, 0, 0, 0, 0, 0, 0, 0, 0, 0, 0, 0, 0, 0, 0
0, 0, 0, 0, 0, 0, 0, 0, 3.74625000000001, -2.04823118566036e-15, 0.208125000000001, 4.74089573916198e-16, -6.44817532702291e-15, -1.23146528332137e-15, 8.05750000000065, -1.31719718353519e-15, -3.74624999999999, 2.7788377502263e-15, 0.208125000000001, -7.35355408018367e-17, 0, 0, 0, 0, 0, 0, 0, 0, 0, 0, 0, 0, 0, 0, 0, 0, 0, 0, 0, 0
0, 0, 0, 0, 0, 0, 0, 0, 1.93107694578037e-16, 3.74625000000001, -7.98656363806627e-16, 0.208125000000001, -7.9684883028417e-15, -8.37996338987068e-15, -1.31719718353519e-15, 8.05750000000056, 1.05719875594217e-15, -3.74624999999999, -6.51223780630342e-16, 0.208124999999999, 0, 0, 0, 0, 0, 0, 0, 0, 0, 0, 0, 0, 0, 0, 0, 0, 0, 0, 0, 0
0, 0, 0, 0, 0, 0, 0, 0, 0, 0, 0, 0, -44.9549999999998, 1.35491326390114e-14, -3.74624999999999, 1.05719875594217e-15, 102.246743867699, 1.68022607937324, -6.70130617663744e-15, 5.64964564435223e-15, -44.9550000000001, 3.87221975415572e-14, 3.74625000000001, -2.15963720567473e-15, 0, 0, 0, 0, 0, 0, 0, 0, 0, 0, 0, 0, 0, 0, 0, 0
0, 0, 0, 0, 0, 0, 0, 0, 0, 0, 0, 0, 3.74971026741342e-14, -44.955, 2.7788377502263e-15, -3.74624999999999, 1.68022607937324, 94.1856614765221, 5.51973429627979e-15, 1.52677870346452e-14, -1.57416209881128e-14, -44.9550000000002, -9.994641081472e-16, 3.74625000000001, 0, 0, 0, 0, 0, 0, 0, 0, 0, 0, 0, 0, 0, 0, 0, 0
0, 0, 0, 0, 0, 0, 0, 0, 0, 0, 0, 0, 3.74625000000001, -4.51456085556656e-15, 0.208125000000001, -6.51223780630342e-16, -6.70130617663744e-15, 5.51973429627979e-15, 8.05750000000071, 1.57173672196232e-15, -3.74625000000001, -3.63940035829209e-15, 0.208125, 4.0390559333724e-16, 0, 0, 0, 0, 0, 0, 0, 0, 0, 0, 0, 0, 0, 0, 0, 0
0, 0, 0, 0, 0, 0, 0, 0, 0, 0, 0, 0, -4.81467751831206e-15, 3.74625000000001, -7.35355408018367e-17, 0.208124999999999, 5.64964564435223e-15, 1.52677870346452e-14, 1.57173672196232e-15, 8.05750000000066, -4.99965790168763e-15, -3.74625000000003, 8.2562136190544e-16, 0.208125, 0, 0, 0, 0, 0, 0, 0, 0, 0, 0, 0, 0, 0, 0, 0, 0
0, 0, 0, 0, 0, 0, 0, 0, 0, 0, 0, 0, 0, 0, 0, 0, -44.9550000000001, -1.57416209881128e-14, -3.74625000000001, -4.99965790168763e-15, 103.501583733004, 4.32952330466436e-13, -2.31015206964003e-14, -3.30868471992357e-14, -44.955, -4.80754136359354e-14, 3.74625000000001, 7.28869908230503e-16, 0, 0, 0, 0, 0, 0, 0, 0, 0, 0, 0, 0
0, 0, 0, 0, 0, 0, 0, 0, 0, 0, 0, 0, 0, 0, 0, 0, 3.87221975415572e-14, -44.9550000000002, -3.63940035829209e-15, -3.74625000000003, 4.32952330466436e-13, 97.1349999999995, -7.49864068226267e-15, -2.44870790311325e-14, 4.76342932408477e-14, -44.955, -1.76955126001972e-15, 3.74625, 0, 0, 0, 0, 0, 0, 0, 0, 0, 0, 0, 0
0, 0, 0, 0, 0, 0, 0, 0, 0, 0, 0, 0, 0, 0, 0, 0, 3.74625000000001, -9.994641081472e-16, 0.208125, 8.2562136190544e-16, -2.31015206964003e-14, -7.49864068226267e-15, 8.05750000000065, -1.14449358327135e-15, -3.74625, 3.91199969525652e-15, 0.208125, 6.68148961171143e-16, 0, 0, 0, 0, 0, 0, 0, 0, 0, 0, 0, 0
0, 0, 0, 0, 0, 0, 0, 0, 0, 0, 0, 0, 0, 0, 0, 0, -2.15963720567473e-15, 3.74625000000001, 4.0390559333724e-16, 0.208125, -3.30868471992357e-14, -2.44870790311325e-14, -1.14449358327135e-15, 8.05750000000054, 4.10873172454343e-14, -3.74624999999997, -2.01521892107358e-15, 0.208124999999999, 0, 0, 0, 0, 0, 0, 0, 0, 0, 0, 0, 0
0, 0, 0, 0, 0, 0, 0, 0, 0, 0, 0, 0, 0, 0, 0, 0, 0, 0, 0, 0, -44.955, 4.76342932408477e-14, -3.74625, 4.10873172454343e-14, 101.882711525714, 1.20340311939991, -3.25339755136156e-14, 1.33427122780057e-14, -44.9550000000004, -1.06870338194923e-13, 3.74625000000002, 1.17969660717136e-14, 0, 0, 0, 0, 0, 0, 0, 0
0, 0, 0, 0, 0, 0, 0, 0, 0, 0, 0, 0, 0, 0, 0, 0, 0, 0, 0, 0, -4.80754136359354e-14, -44.955, 3.91199969525652e-15, -3.74624999999997, 1.20340311939991, 96.3327312537343, -4.02095324533581e-15, 3.14415160573844e-15, -4.94734744103142e-14, -44.9550000000004, 7.91500733112181e-15, 3.74625000000003, 0, 0, 0, 0, 0, 0, 0, 0
0, 0, 0, 0, 0, 0, 0, 0, 0, 0, 0, 0, 0, 0, 0, 0, 0, 0, 0, 0, 3.74625000000001, -1.76955126001972e-15, 0.208125, -2.01521892107358e-15, -3.25339755136156e-14, -4.02095324533581e-15, 8.0575000000007, 1.02916349520592e-15, -3.74625, 2.80313248862817e-16, 0.208124999999998, 2.65788708857899e-15, 0, 0, 0, 0, 0, 0, 0, 0
0, 0, 0, 0, 0, 0, 0, 0, 0, 0, 0, 0, 0, 0, 0, 0, 0, 0, 0, 0, 7.28869908230503e-16, 3.74625, 6.68148961171143e-16, 0.208124999999999, 1.33427122780057e-14, 3.14415160573844e-15, 1.02916349520592e-15, 8.05750000000063, -4.30529501108031e-15, -3.74625000000001, 3.87322457909875e-16, 0.208124999999998, 0, 0, 0, 0, 0, 0, 0, 0
0, 0, 0, 0, 0, 0, 0, 0, 0, 0, 0, 0, 0, 0, 0, 0, 0, 0, 0, 0, 0, 0, 0, 0, -44.9550000000004, -4.94734744103142e-14, -3.74625, -4.30529501108031e-15, 102.684983845763, 1.0905891289335e-12, -3.26672022765706e-14, 5.61247979482083e-15, -44.9549999999999, -3.25167289075464e-14, 3.74625000000001, 8.11861060338277e-15, 0, 0, 0, 0
0, 0, 0, 0, 0, 0, 0, 0, 0, 0, 0, 0, 0, 0, 0, 0, 0, 0, 0, 0, 0, 0, 0, 0, -1.06870338194923e-13, -44.9550000000004, 2.80313248862817e-16, -3.74625000000001, 1.0905891289335e-12, 97.1349999999959, -4.33897896230319e-15, -2.52331489036806e-14, -2.14807908416431e-14, -44.955, 1.66878900109179e-15, 3.74624999999999, 0, 0, 0, 0
0, 0, 0, 0, 0, 0, 0, 0, 0, 0, 0, 0, 0, 0, 0, 0, 0, 0, 0, 0, 0, 0, 0, 0, 3.74625000000002, 7.91500733112181e-15, 0.208124999999998, 3.87322457909875e-16, -3.26672022765706e-14, -4.33897896230319e-15, 8.0575000000007, -1.29709090592286e-15, -3.74624999999999, 1.90731258877915e-14, 0.208125, 1.10175350389713e-15, 0, 0, 0, 0
0, 0, 0, 0, 0, 0, 0, 0, 0, 0, 0, 0, 0, 0, 0, 0, 0, 0, 0, 0, 0, 0, 0, 0, 1.17969660717136e-14, 3.74625000000003, 2.65788708857899e-15, 0.208124999999998, 5.61247979482083e-15, -2.52331489036806e-14, -1.29709090592286e-15, 8.05750000000065, -6.64417332916053e-17, -3.74624999999999, 3.34684049725233e-16, 0.208125, 0, 0, 0, 0
0, 0, 0, 0, 0, 0, 0, 0, 0, 0, 0, 0, 0, 0, 0, 0, 0, 0, 0, 0, 0, 0, 0, 0, 0, 0, 0, 0, -44.9549999999999, -2.14807908416431e-14, -3.74624999999999, -6.64417332916053e-17, 102.68499153735, -6.02466137318323e-13, 1.40287781391635e-14, -4.90660106822251e-15, -44.9549999999822, 2.63982923760756e-12, 3.7462500000003, 2.07475123562269e-12
0, 0, 0, 0, 0, 0, 0, 0, 0, 0, 0, 0, 0, 0, 0, 0, 0, 0, 0, 0, 0, 0, 0, 0, 0, 0, 0, 0, -3.25167289075464e-14, -44.955, 1.90731258877915e-14, -3.74624999999999, -6.02466137318323e-13, 97.1349999999975, -2.09610472824792e-14, -3.05888647744723e-14, 8.10041213086094e-13, -44.9549999999932, -6.83561735821955e-13, 3.74625000000082
0, 0, 0, 0, 0, 0, 0, 0, 0, 0, 0, 0, 0, 0, 0, 0, 0, 0, 0, 0, 0, 0, 0, 0, 0, 0, 0, 0, 3.74625000000001, 1.66878900109179e-15, 0.208125, 3.34684049725233e-16, 1.40287781391635e-14, -2.09610472824792e-14, 8.05750000000024, 5.03585540046933e-16, -3.74625000000598, -7.23122229061799e-13, 0.208124999999664, 3.41519505078463e-13
0, 0, 0, 0, 0, 0, 0, 0, 0, 0, 0, 0, 0, 0, 0, 0, 0, 0, 0, 0, 0, 0, 0, 0, 0, 0, 0, 0, 8.11861060338277e-15, 3.74624999999999, 1.10175350389713e-15, 0.208125, -4.90660106822251e-15, -3.05888647744723e-14, 5.03585540046933e-16, 8.0575000000001, 2.53671055040552e-14, -3.74624999999999, -7.96257813444221e-15, 0.208125000000261
0, 0, 0, 0, 0, 0, 0, 0, 0, 0, 0, 0, 0, 0, 0, 0, 0, 0, 0, 0, 0, 0, 0, 0, 0, 0, 0, 0, 0, 0, 0, 0, -44.9549999999822, 8.10041213086094e-13, -3.74625000000598, 2.53671055040552e-14, 7547.45499999806, 1.22455328393502e-11, -3.74625000000982, -6.85144892436972e-13
0, 0, 0, 0, 0, 0, 0, 0, 0, 0, 0, 0, 0, 0, 0, 0, 0, 0, 0, 0, 0, 0, 0, 0, 0, 0, 0, 0, 0, 0, 0, 0, 2.63982923760756e-12, -44.9549999999932, -7.23122229061799e-13, -3.74624999999999, 1.22455328393502e-11, 7547.45499999783, -1.87484796908581e-11, -3.74625000000155
0, 0, 0, 0, 0, 0, 0, 0, 0, 0, 0, 0, 0, 0, 0, 0, 0, 0, 0, 0, 0, 0, 0, 0, 0, 0, 0, 0, 0, 0, 0, 0, 3.7462500000003, -6.83561735821955e-13, 0.208124999999664, -7.96257813444221e-15, -3.74625000000982, -1.87484796908581e-11, 7502.91624999789, 6.42859140398137e-12
0, 0, 0, 0, 0, 0, 0, 0, 0, 0, 0, 0, 0, 0, 0, 0, 0, 0, 0, 0, 0, 0, 0, 0, 0, 0, 0, 0, 0, 0, 0, 0, 2.07475123562269e-12, 3.74625000000082, 3.41519505078463e-13, 0.208125000000261, -6.85144892436972e-13, -3.74625000000155, 6.42859140398137e-12, 7502.91624999791
6589.6367499999, 2.784522074844e-12, 5.20931250024505, -8.2527850755564e-11, -62.5117500000004, -2.53711469748511e-14, 5.20931250000002, -2.4780832795047e-15, 0, 0, 0, 0, 0, 0, 0, 0, 0, 0, 0, 0, 0, 0, 0, 0, 0, 0, 0, 0, 0, 0, 0, 0, 0, 0, 0, 0, 0, 0, 0, 0
2.784522074844e-12, 6589.63674999986, -2.8411166012557e-11, 5.20931250001444, -6.50439278187922e-14, -62.5117500000001, 1.83422854501094e-14, 5.20931250000001, 0, 0, 0, 0, 0, 0, 0, 0, 0, 0, 0, 0, 0, 0, 0, 0, 0, 0, 0, 0, 0, 0, 0, 0, 0, 0, 0, 0, 0, 0, 0, 0
5.20931250024505, -2.8411166012557e-11, 6527.70381249813, -3.73350340915583e-11, -5.20931250000017, 5.50060792719084e-14, 0.289406250000045, -1.46297048591635e-14, 0, 0, 0, 0, 0, 0, 0, 0, 0, 0, 0, 0, 0, 0, 0, 0, 0, 0, 0, 0, 0, 0, 0, 0, 0, 0, 0, 0, 0, 0, 0, 0
-8.2527850755564e-11, 5.20931250001444, -3.73350340915583e-11, 6527.70381249814, 9.95224509661705e-14, -5.20931249999993, -3.18052757604604e-17, 0.289406249999993, 0, 0, 0, 0, 0, 0, 0, 0, 0, 0, 0, 0, 0, 0, 0, 0, 0, 0, 0, 0, 0, 0, 0, 0, 0, 0, 0, 0, 0, 0, 0, 0
-62.5117500000004, -6.50439278187922e-14, -5.20931250000017, 9.95224509661705e-14, 131.16475, -2.12396377807275e-14, 3.14681614099754e-15, -8.14514432827622e-15, -62.5117499999999, 1.56638720012621e-14, 5.2093125, -2.63572305362625e-15, 0, 0, 0, 0, 0, 0, 0, 0, 0, 0, 0, 0, 0, 0, 0, 0, 0, 0, 0, 0, 0, 0, 0, 0, 0, 0, 0, 0
-2.53711469748511e-14, -62.5117500000001, 5.50060792719084e-14, -5.20931249999993, -2.12396377807275e-14, 131.164750000001, 4.20367004971146e-15, 1.72188929781214e-14, -1.7980090442036e-14, -62.5117500000004, 2.67681817574588e-15, 5.20931250000001, 0, 0, 0, 0, 0, 0, 0, 0, 0, 0, 0, 0, 0, 0, 0, 0, 0, 0, 0, 0, 0, 0, 0, 0, 0, 0, 0, 0
5.20931250000002, 1.83422854501094e-14, 0.289406250000045, -3.18052757604604e-17, 3.14681614099754e-15, 4.20367004971146e-15, 7.29887500000003, -1.7604864111645e-16, -5.20931249999999, -3.1112081590282e-15, 0.289406249999999, 3.30627655694915e-16, 0, 0, 0, 0, 0, 0, 0, 0, 0, 0, 0, 0, 0, 0, 0, 0, 0, 0, 0, 0, 0, 0, 0, 0, 0, 0, 0, 0
-2.4780832795047e-15, 5.20931250000001, -1.46297048591635e-14, 0.289406249999993, -8.14514432827622e-15, 1.72188929781214e-14, -1.7604864111645e-16, 7.29887500000008, 1.53551742277926e-15, -5.20931250000002, 2.75390670935979e-16, 0.28940625, 0, 0, 0, 0, 0, 0, 0, 0, 0, 0, 0, 0, 0, 0, 0, 0, 0, 0, 0, 0, 0, 0, 0, 0, 0, 0, 0, 0
0, 0, 0, 0, -62.5117499999999, -1.7980090442036e-14, -5.20931249999999, 1.53551742277926e-15, 131.164749999999, -3.14234461600673e-16, 2.9665603307194e-14, 1.72890375892322e-14, -62.5117500000001, -4.44339559619325e-14, 5.20931250000001, 3.8161876443654e-15, 0, 0, 0, 0, 0, 0, 0, 0, 0, 0, 0, 0, 0, 0, 0, 0, 0, 0, 0, 0, 0, 0, 0, 0
0, 0, 0, 0, 1.56638720012621e-14, -62.5117500000004, -3.1112081590282e-15, -5.20931250000002, -3.14234461600673e-16, 131.16475, -1.89952707722813e-14, 5.70143932066003e-15, 3.55597439340546e-14, -62.51175, -1.06963889719066e-15, 5.2093125, 0, 0, 0, 0, 0, 0, 0, 0, 0, 0, 0, 0, 0, 0, 0, 0, 0, 0, 0, 0, 0, 0, 0, 0
0, 0, 0, 0, 5.2093125, 2.67681817574588e-15, 0.289406249999999, 2.75390670935979e-16, 2.9665603307194e-14, -1.89952707722813e-14, 7.29887500000054, 1.43096355626341e-16, -5.20931250000004, -2.48364564158767e-16, 0.289406250000002, -2.46961475107276e-16, 0, 0, 0, 0, 0, 0, 0, 0, 0, 0, 0, 0, 0, 0, 0, 0, 0, 0, 0, 0, 0, 0, 0, 0
0, 0, 0, 0, -2.63572305362625e-15, 5.20931250000001, 3.30627655694915e-16, 0.28940625, 1.72890375892322e-14, 5.70143932066003e-15, 1.43096355626341e-16, 7.29887500000044, -1.1567054834632e-14, -5.20931250000003, 1.0574393780157e-15, 0.289406250000001, 0, 0, 0, 0, 0, 0, 0, 0, 0, 0, 0, 0, 0, 0, 0, 0, 0, 0, 0, 0, 0, 0, 0, 0
0, 0, 0, 0, 0, 0, 0, 0, -62.5117500000001, 3.55597439340546e-14, -5.20931250000004, -1.1567054834632e-14, 131.164749999999, 5.1373866464294e-16, -2.81294987303227e-14, -2.35287492936038e-15, -62.5117499999996, 1.69354418900432e-14, 5.20931249999999, -1.5452667322557e-15, 0, 0, 0, 0, 0, 0, 0, 0, 0, 0, 0, 0, 0, 0, 0, 0, 0, 0, 0, 0
0, 0, 0, 0, 0, 0, 0, 0, -4.44339559619325e-14, -62.51175, -2.48364564158767e-16, -5.20931250000003, 5.1373866464294e-16, 131.164749999999, -2.02510340754522e-15, -1.45836676068711e-14, 4.80384462846452e-14, -62.5117499999997, -5.67068774345524e-15, 5.20931249999999, 0, 0, 0, 0, 0, 0, 0, 0, 0, 0, 0, 0, 0, 0, 0, 0, 0, 0, 0, 0
0, 0, 0, 0, 0, 0, 0, 0, 5.20931250000001, -1.06963889719066e-15, 0.289406250000002, 1.0574393780157e-15, -2.81294987303227e-14, -2.02510340754522e-15, 7.29887500000055, -8.25239946802995e-16, -5.20931249999998, 4.00502632462672e-15, 0.28940625, -1.42915425229167e-16, 0, 0, 0, 0, 0, 0, 0, 0, 0, 0, 0, 0, 0, 0, 0, 0, 0, 0, 0, 0
0, 0, 0, 0, 0, 0, 0, 0, 3.8161876443654e-15, 5.2093125, -2.46961475107276e-16, 0.289406250000001, -2.35287492936038e-15, -1.45836676068711e-14, -8.25239946802995e-16, 7.29887500000046, 7.17914409738315e-16, -5.20931249999998, -1.19824399653582e-16, 0.289406249999998, 0, 0, 0, 0, 0, 0, 0, 0, 0, 0, 0, 0, 0, 0, 0, 0, 0, 0, 0, 0
0, 0, 0, 0, 0, 0, 0, 0, 0, 0, 0, 0, -62.5117499999996, 4.80384462846452e-14, -5.20931249999998, 7.17914409738315e-16, 138.1752489431, 2.51099641789625, 7.36011251945001e-15, 3.20055611159921e-15, -62.51175, 5.80924935104927e-14, 5.20931250000001, -4.50035598436102e-15, 0, 0, 0, 0, 0, 0, 0, 0, 0, 0, 0, 0, 0, 0, 0, 0
0, 0, 0, 0, 0, 0, 0, 0, 0, 0, 0, 0, 1.69354418900432e-14, -62.5117499999997, 4.00502632462672e-15, -5.20931249999998, 2.51099641789625, 128.011144973654, -2.63735832948483e-15, 3.82907039409019e-14, 6.33695232497975e-15, -62.5117500000002, -2.79607012509245e-15, 5.20931250000002, 0, 0, 0, 0, 0, 0, 0, 0, 0, 0, 0, 0, 0, 0, 0, 0
0, 0, 0, 0, 0, 0, 0, 0, 0, 0, 0, 0, 5.20931249999999, -5.67068774345524e-15, 0.28940625, -1.19824399653582e-16, 7.36011251945001e-15, -2.63735832948483e-15, 7.29887500000063, 6.79283790415939e-16, -5.20931250000002, -3.23590554219799e-15, 0.28940625, 4.21442339684521e-16, 0, 0, 0, 0, 0, 0, 0, 0, 0, 0, 0, 0, 0, 0, 0, 0
0, 0, 0, 0, 0, 0, 0, 0, 0, 0, 0, 0, -1.5452667322557e-15, 5.20931249999999, -1.42915425229167e-16, 0.289406249999998, 3.20055611159921e-15, 3.82907039409019e-14, 6.79283790415939e-16, 7.29887500000056, -5.16552473932937e-15, -5.20931250000002, 9.30294520566177e-16, 0.289406250000001, 0, 0, 0, 0, 0, 0, 0, 0, 0, 0, 0, 0, 0, 0, 0, 0
0, 0, 0, 0, 0, 0, 0, 0, 0, 0, 0, 0, 0, 0, 0, 0, -62.51175, 6.33695232497975e-15, -5.20931250000002, -5.16552473932937e-15, 139.57634618057, -1.06411021986351e-13, -2.12350137474004e-14, -3.72956500815349e-14, -62.5117499999999, 1.59705662369801e-14, 5.20931250000001, -7.15460370480221e-15, 0, 0, 0, 0, 0, 0, 0, 0, 0, 0, 0, 0
0, 0, 0, 0, 0, 0, 0, 0, 0, 0, 0, 0, 0, 0, 0, 0, 5.80924935104927e-14, -62.5117500000002, -3.23590554219799e-15, -5.20931250000002, -1.06411021986351e-13, 131.16475, 1.34353097369511e-14, -1.04223296659711e-14, 4.19834634896797e-14, -62.5117500000001, -3.90048167163897e-15, 5.20931249999999, 0, 0, 0, 0, 0, 0, 0, 0, 0, 0, 0, 0
0, 0, 0, 0, 0, 0, 0, 0, 0, 0, 0, 0, 0, 0, 0, 0, 5.20931250000001, -2.79607012509245e-15, 0.28940625, 9.30294520566177e-16, -2.12350137474004e-14, 1.34353097369511e-14, 7.29887500000054, 8.75701790220238e-16, -5.20931249999998, -1.72069644314756e-14, 0.289406249999999, 1.41299779540566e-15, 0, 0, 0, 0, 0, 0, 0, 0, 0, 0, 0, 0
0, 0, 0, 0, 0, 0, 0, 0, 0, 0, 0, 0, 0, 0, 0, 0, -4.50035598436102e-15, 5.20931250000002, 4.21442339684521e-16, 0.289406250000001, -3.72956500815349e-14, -1.04223296659711e-14, 8.75701790220238e-16, 7.29887500000049, 3.96589158167958e-14, -5.20931249999999, -1.35268590568092e-15, 0.289406250000001, 0, 0, 0, 0, 0, 0, 0, 0, 0, 0, 0, 0
0, 0, 0, 0, 0, 0, 0, 0, 0, 0, 0, 0, 0, 0, 0, 0, 0, 0, 0, 0, -62.5117499999999, 4.19834634896797e-14, -5.20931249999998, 3.96589158167958e-14, 138.200333274617, 1.02289265149028, -3.48481243861443e-14, 1.74123564822565e-14, -62.5117500000003, -9.77334026943943e-14, 5.20931250000001, 1.00131823756785e-14, 0, 0, 0, 0, 0, 0, 0, 0
0, 0, 0, 0, 0, 0, 0, 0, 0, 0, 0, 0, 0, 0, 0, 0, 0, 0, 0, 0, 1.59705662369801e-14, -62.5117500000001, -1.72069644314756e-14, -5.20931249999999, 1.02289265149028, 130.482821565671, -1.08051095552729e-14, 2.74527067745112e-14, -3.83956904722005e-15, -62.5117500000005, 5.50634265548403e-15, 5.20931250000002, 0, 0, 0, 0, 0, 0, 0, 0
0, 0, 0, 0, 0, 0, 0, 0, 0, 0, 0, 0, 0, 0, 0, 0, 0, 0, 0, 0, 5.20931250000001, -3.90048167163897e-15, 0.289406249999999, -1.35268590568092e-15, -3.48481243861443e-14, -1.08051095552729e-14, 7.2988750000006, 1.23169682417453e-15, -5.20931249999998, 8.31571938868849e-15, 0.289406249999997, 1.01781872107896e-15, 0, 0, 0, 0, 0, 0, 0, 0
0, 0, 0, 0, 0, 0, 0, 0, 0, 0, 0, 0, 0, 0, 0, 0, 0, 0, 0, 0, -7.15460370480221e-15, 5.20931249999999, 1.41299779540566e-15, 0.289406250000001, 1.74123564822565e-14, 2.74527067745112e-14, 1.23169682417453e-15, 7.29887500000052, -7.17119327242478e-15, -5.20931250000004, 2.27395016624153e-16, 0.289406250000001, 0, 0, 0, 0, 0, 0, 0, 0
0, 0, 0, 0, 0, 0, 0, 0, 0, 0, 0, 0, 0, 0, 0, 0, 0, 0, 0, 0, 0, 0, 0, 0, -62.5117500000003, -3.83956904722005e-15, -5.20931249999998, -7.17119327242478e-15, 138.882216092999, 1.78665224451888e-12, -5.76099168370092e-14, 1.93785814732457e-14, -62.5117499999995, -7.41797925286394e-14, 5.2093125, 9.25584833169714e-15, 0, 0, 0, 0
0, 0, 0, 0, 0, 0, 0, 0, 0, 0, 0, 0, 0, 0, 0, 0, 0, 0, 0, 0, 0, 0, 0, 0, -9.77334026943943e-14, -62.5117500000005, 8.31571938868849e-15, -5.20931250000004, 1.78665224451888e-12, 131.164749999994, -3.33213948186608e-15, -3.37050387599902e-14, 6.71725905316712e-14, -62.5117500000001, 3.89642335258099e-15, 5.2093125, 0, 0, 0, 0
0, 0, 0, 0, 0, 0, 0, 0, 0, 0, 0, 0, 0, 0, 0, 0, 0, 0, 0, 0, 0, 0, 0, 0, 5.20931250000001, 5.50634265548403e-15, 0.289406249999997, 2.27395016624153e-16, -5.76099168370092e-14, -3.33213948186608e-15, 7.29887500000058, -3.56027421924172e-15, -5.20931249999991, 2.84265638401457e-14, 0.289406249999999, 9.70348965929642e-17, 0, 0, 0, 0
0, 0, 0, 0, 0, 0, 0, 0, 0, 0, 0, 0, 0, 0, 0, 0, 0, 0, 0, 0, 0, 0, 0, 0, 1.00131823756785e-14, 5.20931250000002, 1.01781872107896e-15, 0.289406250000001, 1.93785814732457e-14, -3.37050387599902e-14, -3.56027421924172e-15, 7.29887500000049, -2.22957004424306e-14, -5.20931249999999, 8.2967174082735e-16, 0.28940625, 0, 0, 0, 0
0, 0, 0, 0, 0, 0, 0, 0, 0, 0, 0, 0, 0, 0, 0, 0, 0, 0, 0, 0, 0, 0, 0, 0, 0, 0, 0, 0, -62.5117499999995, 6.71725905316712e-14, -5.20931249999991, -2.22957004424306e-14, 138.882236447805, -1.70663862238897e-12, 2.89774870765314e-14, -2.01925681036693e-14, -62.5117499999715, -2.30749446202797e-13, 5.20931249999969, -3.13460642377466e-12
