1, 0, 0, 0, 0, 0, 0, 0, 0, 0, 0, 0, 0, 0, 0, 0, 0, 0, 0, 0, 0, 0, 0, 0, 0, 0, 0, 0, 0, 0, 0, 0, 0, 0, 0, 0, 0, 0, 0, 0
0, 1, 0, 0, 0, 0, 0, 0, 0, 0, 0, 0, 0, 0, 0, 0, 0, 0, 0, 0, 0, 0, 0, 0, 0, 0, 0, 0, 0, 0, 0, 0, 0, 0, 0, 0, 0, 0, 0, 0
0, 0, 1, 0, 0, 0, 0, 0, 0, 0, 0, 0, 0, 0, 0, 0, 0, 0, 0, 0, 0, 0, 0, 0, 0, 0, 0, 0, 0, 0, 0, 0, 0, 0, 0, 0, 0, 0, 0, 0
0, 0, 0, 1, 0, 0, 0, 0, 0, 0, 0, 0, 0, 0, 0, 0, 0, 0, 0, 0, 0, 0, 0, 0, 0, 0, 0, 0, 0, 0, 0, 0, 0, 0, 0, 0, 0, 0, 0, 0
0, 0, 0, 0, 1, 0, 0, 0, 0, 0, 0, 0, 0, 0, 0, 0, 0, 0, 0, 0, 0, 0, 0, 0, 0, 0, 0, 0, 0, 0, 0, 0, 0, 0, 0, 0, 0, 0, 0, 0
0, 0, 0, 0, 0, 1, 0, 0, 0, 0, 0, 0, 0, 0, 0, 0, 0, 0, 0, 0, 0, 0, 0, 0, 0, 0, 0, 0, 0, 0, 0, 0, 0, 0, 0, 0, 0, 0, 0, 0
0, 0, 0, 0, 0, 0, 1, 0, 0, 0, 0, 0, 0, 0, 0, 0, 0, 0, 0, 0, 0, 0, 0, 0, 0, 0, 0, 0, 0, 0, 0, 0, 0, 0, 0, 0, 0, 0, 0, 0
0, 0, 0, 0, 0, 0, 0, 1, 0, 0, 0, 0, 0, 0, 0, 0, 0, 0, 0, 0, 0, 0, 0, 0, 0, 0, 0, 0, 0, 0, 0, 0, 0, 0, 0, 0, 0, 0, 0, 0
0, 0, 0, 0, 0, 0, 0, 0, 1, 0, 0, 0, 0, 0, 0, 0, 0, 0, 0, 0, 0, 0, 0, 0, 0, 0, 0, 0, 0, 0, 0, 0, 0, 0, 0, 0, 0, 0, 0, 0
0, 0, 0, 0, 0, 0, 0, 0, 0, 1, 0, 0, 0, 0, 0, 0, 0, 0, 0, 0, 0, 0, 0, 0, 0, 0, 0, 0, 0, 0, 0, 0, 0, 0, 0, 0, 0, 0, 0, 0
0, 0, 0, 0, 0, 0, 0, 0, 0, 0, 1, 0, 0, 0, 0, 0, 0, 0, 0, 0, 0, 0, 0, 0, 0, 0, 0, 0, 0, 0, 0, 0, 0, 0, 0, 0, 0, 0, 0, 0
0, 0, 0, 0, 0, 0, 0, 0, 0, 0, 0, 1, 0, 0, 0, 0, 0, 0, 0, 0, 0, 0, 0, 0, 0, 0, 0, 0, 0, 0, 0, 0, 0, 0, 0, 0, 0, 0, 0, 0
0, 0, 0, 0, 0, 0, 0, 0, 0, 0, 0, 0, 1, 0, 0, 0, 0, 0, 0, 0, 0, 0, 0, 0, 0, 0, 0, 0, 0, 0, 0, 0, 0, 0, 0, 0, 0, 0, 0, 0
0, 0, 0, 0, 0, 0, 0, 0, 0, 0, 0, 0, 0, 1, 0, 0, 0, 0, 0, 0, 0, 0, 0, 0, 0, 0, 0, 0, 0, 0, 0, 0, 0, 0, 0, 0, 0, 0, 0, 0
0, 0, 0, 0, 0, 0, 0, 0, 0, 0, 0, 0, 0, 0, 1, 0, 0, 0, 0, 0, 0, 0, 0, 0, 0, 0, 0, 0, 0, 0, 0, 0, 0, 0, 0, 0, 0, 0, 0, 0
0, 0, 0, 0, 0, 0, 0, 0, 0, 0, 0, 0, 0, 0, 0, 1, 0, 0, 0, 0, 0, 0, 0, 0, 0, 0, 0, 0, 0, 0, 0, 0, 0, 0, 0, 0, 0, 0, 0, 0
0, 0, 0, 0, 0, 0, 0, 0, 0, 0, 0, 0, 0, 0, 0, 0, 1, 0, 0, 0, 0, 0, 0, 0, 0, 0, 0, 0, 0, 0, 0, 0, 0, 0, 0, 0, 0, 0, 0, 0
0, 0, 0, 0, 0, 0, 0, 0, 0, 0, 0, 0, 0, 0, 0, 0, 0, 1, 0, 0, 0, 0, 0, 0, 0, 0, 0, 0, 0, 0, 0, 0, 0, 0, 0, 0, 0, 0, 0, 0
0, 0, 0, 0, 0, 0, 0, 0, 0, 0, 0, 0, 0, 0, 0, 0, 0, 0, 1, 0, 0, 0, 0, 0, 0, 0, 0, 0, 0, 0, 0, 0, 0, 0, 0, 0, 0, 0, 0, 0
0, 0, 0, 0, 0, 0, 0, 0, 0, 0, 0, 0, 0, 0, 0, 0, 0, 0, 0, 1, 0, 0, 0, 0, 0, 0, 0, 0, 0, 0, 0, 0, 0, 0, 0, 0, 0, 0, 0, 0
0, 0, 0, 0, 0, 0, 0, 0, 0, 0, 0, 0, 0, 0, 0, 0, 0, 0, 0, 0, 1, 0, 0, 0, 0, 0, 0, 0, 0, 0, 0, 0, 0, 0, 0, 0, 0, 0, 0, 0
0, 0, 0, 0, 0, 0, 0, 0, 0, 0, 0, 0, 0, 0, 0, 0, 0, 0, 0, 0, 0, 1, 0, 0, 0, 0, 0, 0, 0, 0, 0, 0, 0, 0, 0, 0, 0, 0, 0, 0
0, 0, 0, 0, 0, 0, 0, 0, 0, 0, 0, 0, 0, 0, 0, 0, 0, 0, 0, 0, 0, 0, 1, 0, 0, 0, 0, 0, 0, 0, 0, 0, 0, 0, 0, 0, 0, 0, 0, 0
0, 0, 0, 0, 0, 0, 0, 0, 0, 0, 0, 0, 0, 0, 0, 0, 0, 0, 0, 0, 0, 0, 0, 1, 0, 0, 0, 0, 0, 0, 0, 0, 0, 0, 0, 0, 0, 0, 0, 0
0, 0, 0, 0, 0, 0, 0, 0, 0, 0, 0, 0, 0, 0, 0, 0, 0, 0, 0, 0, 0, 0, 0, 0, 1, 0, 0, 0, 0, 0, 0, 0, 0, 0, 0, 0, 0, 0, 0, 0
0, 0, 0, 0, 0, 0, 0, 0, 0, 0, 0, 0, 0, 0, 0, 0, 0, 0, 0, 0, 0, 0, 0, 0, 0, 1, 0, 0, 0, 0, 0, 0, 0, 0, 0, 0, 0, 0, 0, 0
0, 0, 0, 0, 0, 0, 0, 0, 0, 0, 0, 0, 0, 0, 0, 0, 0, 0, 0, 0, 0, 0, 0, 0, 0, 0, 1, 0, 0, 0, 0, 0, 0, 0, 0, 0, 0, 0, 0, 0
0, 0, 0, 0, 0, 0, 0, 0, 0, 0, 0, 0, 0, 0, 0, 0, 0, 0, 0, 0, 0, 0, 0, 0, 0, 0, 0, 1, 0, 0, 0, 0, 0, 0, 0, 0, 0, 0, 0, 0
0, 0, 0, 0, 0, 0, 0, 0, 0, 0, 0, 0, 0, 0, 0, 0, 0, 0, 0, 0, 0, 0, 0, 0, 0, 0, 0, 0, 1, 0, 0, 0, 0, 0, 0, 0, 0, 0, 0, 0
0, 0, 0, 0, 0, 0, 0, 0, 0, 0, 0, 0, 0, 0, 0, 0, 0, 0, 0, 0, 0, 0, 0, 0, 0, 0, 0, 0, 0, 1, 0, 0, 0, 0, 0, 0, 0, 0, 0, 0
0, 0, 0, 0, 0, 0, 0, 0, 0, 0, 0, 0, 0, 0, 0, 0, 0, 0, 0, 0, 0, 0, 0, 0, 0, 0, 0, 0, 0, 0, 1, 0, 0, 0, 0, 0, 0, 0, 0, 0
0, 0, 0, 0, 0, 0, 0, 0, 0, 0, 0, 0, 0, 0, 0, 0, 0, 0, 0, 0, 0, 0, 0, 0, 0, 0, 0, 0, 0, 0, 0, 1, 0, 0, 0, 0, 0, 0, 0, 0
0, 0, 0, 0, 0, 0, 0, 0, 0, 0, 0, 0, 0, 0, 0, 0, 0, 0, 0, 0, 0, 0, 0, 0, 0, 0, 0, 0, 0, 0, 0, 0, 1, 0, 0, 0, 0, 0, 0, 0
0, 0, 0, 0, 0, 0, 0, 0, 0, 0, 0, 0, 0, 0, 0, 0, 0, 0, 0, 0, 0, 0, 0, 0, 0, 0, 0, 0, 0, 0, 0, 0, 0, 1, 0, 0, 0, 0, 0, 0
0, 0, 0, 0, 0, 0, 0, 0, 0, 0, 0, 0, 0, 0, 0, 0, 0, 0, 0, 0, 0, 0, 0, 0, 0, 0, 0, 0, 0, 0, 0, 0, 0, 0, 1, 0, 0, 0, 0, 0
0, 0, 0, 0, 0, 0, 0, 0, 0, 0, 0, 0, 0, 0, 0, 0, 0, 0, 0, 0, 0, 0, 0, 0, 0, 0, 0, 0, 0, 0, 0, 0, 0, 0, 0, 1, 0, 0, 0, 0
0, 0, 0, 0, 0, 0, 0, 0, 0, 0, 0, 0, 0, 0, 0, 0, 0, 0, 0, 0, 0, 0, 0, 0, 0, 0, 0, 0, 0, 0, 0, 0, 0, 0, 0, 0, 1, 0, 0, 0
0, 0, 0, 0, 0, 0, 0, 0, 0, 0, 0, 0, 0, 0, 0, 0, 0, 0, 0, 0, 0, 0, 0, 0, 0, 0, 0, 0, 0, 0, 0, 0, 0, 0, 0, 0, 0, 1, 0, 0
0, 0, 0, 0, 0, 0, 0, 0, 0, 0, 0, 0, 0, 0, 0, 0, 0, 0, 0, 0, 0, 0, 0, 0, 0, 0, 0, 0, 0, 0, 0, 0, 0, 0, 0, 0, 0, 0, 1, 0
0, 0, 0, 0, 0, 0, 0, 0, 0, 0, 0, 0, 0, 0, 0, 0, 0, 0, 0, 0, 0, 0, 0, 0, 0, 0, 0, 0, 0, 0, 0, 0, 0, 0, 0, 0, 0, 0, 0, 1
3.2591, -1.75322375974701e-17, 0.0215999999999999, -2.00669016993393e-18, -0.259200000000001, 4.12890750235706e-18, 0.0215999999999999, -9.70924729504219e-19, 0, 0, 0, 0, 0, 0, 0, 0, 0, 0, 0, 0, 0, 0, 0, 0, 0, 0, 0, 0, 0, 0, 0, 0, 0, 0, 0, 0, 0, 0, 0, 0
-1.75322375974701e-17, 3.25910000000001, -6.16922799737823e-17, 0.0215999999999999, -1.34466168668496e-17, -0.259200000000001, 3.37528399327325e-19, 0.0215999999999999, 0, 0, 0, 0, 0, 0, 0, 0, 0, 0, 0, 0, 0, 0, 0, 0, 0, 0, 0, 0, 0, 0, 0, 0, 0, 0, 0, 0, 0, 0, 0, 0
0.0215999999999999, -6.16922799737823e-17, 3.00230000000001, -2.94145675698576e-18, -0.0215999999999999, -2.45424882673595e-18, 0.00120000000000001, 7.08948958566546e-19, 0, 0, 0, 0, 0, 0, 0, 0, 0, 0, 0, 0, 0, 0, 0, 0, 0, 0, 0, 0, 0, 0, 0, 0, 0, 0, 0, 0, 0, 0, 0, 0
-2.00669016993393e-18, 0.0215999999999999, -2.94145675698576e-18, 3.00230000000001, 1.22485734662531e-17, -0.0215999999999999, -2.8624563656876e-19, 0.0012, 0, 0, 0, 0, 0, 0, 0, 0, 0, 0, 0, 0, 0, 0, 0, 0, 0, 0, 0, 0, 0, 0, 0, 0, 0, 0, 0, 0, 0, 0, 0, 0
-0.259200000000001, -1.34466168668496e-17, -0.0215999999999999, 1.22485734662531e-17, 1.52013336577177, -0.00275004865763887, -1.4210854715202e-17, 2.2543111041079e-18, -0.259200000000001, 4.95567671100761e-18, 0.0215999999999999, -2.60381993744119e-19, 0, 0, 0, 0, 0, 0, 0, 0, 0, 0, 0, 0, 0, 0, 0, 0, 0, 0, 0, 0, 0, 0, 0, 0, 0, 0, 0, 0
4.12890750235706e-18, -0.259200000000001, -2.45424882673595e-18, -0.0215999999999999, -0.00275004865763887, 1.57372946012536, 3.86395668065809e-17, 2.8421709430404e-17, -6.87409656106863e-18, -0.259200000000001, 2.43584991586887e-18, 0.0215999999999999, 0, 0, 0, 0, 0, 0, 0, 0, 0, 0, 0, 0, 0, 0, 0, 0, 0, 0, 0, 0, 0, 0, 0, 0, 0, 0, 0, 0
0.0215999999999999, 3.37528399327325e-19, 0.00120000000000001, -2.8624563656876e-19, -1.4210854715202e-17, 3.86395668065809e-17, 1.00470000000001, -5.8405266300382e-18, -0.0215999999999998, 7.88678475825699e-18, 0.0012, -1.07064964532944e-19, 0, 0, 0, 0, 0, 0, 0, 0, 0, 0, 0, 0, 0, 0, 0, 0, 0, 0, 0, 0, 0, 0, 0, 0, 0, 0, 0, 0
-9.70924729504219e-19, 0.0215999999999999, 7.08948958566546e-19, 0.0012, 2.2543111041079e-18, 2.8421709430404e-17, -5.8405266300382e-18, 1.00470000000001, 1.28702983600432e-17, -0.0215999999999999, -6.35965889325685e-19, 0.0012, 0, 0, 0, 0, 0, 0, 0, 0, 0, 0, 0, 0, 0, 0, 0, 0, 0, 0, 0, 0, 0, 0, 0, 0, 0, 0, 0, 0
0, 0, 0, 0, -0.259200000000001, -6.87409656106863e-18, -0.0215999999999998, 1.28702983600432e-17, 1.51927346001908, 0.00100056709992187, 3.69482222595252e-17, 7.61961023790225e-18, -0.259200000000001, 7.32136790429494e-18, 0.0215999999999999, -2.98399542922323e-19, 0, 0, 0, 0, 0, 0, 0, 0, 0, 0, 0, 0, 0, 0, 0, 0, 0, 0, 0, 0, 0, 0, 0, 0
0, 0, 0, 0, 4.95567671100761e-18, -0.259200000000001, 7.88678475825699e-18, -0.0215999999999999, 0.00100056709992187, 1.52832018069519, 6.94215193143555e-18, 0, -8.58708720449797e-18, -0.259200000000001, -2.7411883526951e-19, 0.0215999999999999, 0, 0, 0, 0, 0, 0, 0, 0, 0, 0, 0, 0, 0, 0, 0, 0, 0, 0, 0, 0, 0, 0, 0, 0
0, 0, 0, 0, 0.0215999999999999, 2.43584991586887e-18, 0.0012, -6.35965889325685e-19, 3.69482222595252e-17, 6.94215193143555e-18, 1.00470000000001, -5.29847433289321e-18, -0.0215999999999998, -8.63318748087205e-18, 0.0012, 4.12121508794328e-19, 0, 0, 0, 0, 0, 0, 0, 0, 0, 0, 0, 0, 0, 0, 0, 0, 0, 0, 0, 0, 0, 0, 0, 0
0, 0, 0, 0, -2.60381993744119e-19, 0.0215999999999999, -1.07064964532944e-19, 0.0012, 7.61961023790225e-18, 0, -5.29847433289321e-18, 1.00470000000001, 1.43026324291029e-17, -0.0215999999999999, -3.21335839881254e-19, 0.0012, 0, 0, 0, 0, 0, 0, 0, 0, 0, 0, 0, 0, 0, 0, 0, 0, 0, 0, 0, 0, 0, 0, 0, 0
0, 0, 0, 0, 0, 0, 0, 0, -0.259200000000001, -8.58708720449797e-18, -0.0215999999999998, 1.43026324291029e-17, 1.55645826667983, 0.0203899920368493, 1.05160324892495e-16, -1.2244990178073e-17, -0.259200000000001, -7.96954191008281e-18, 0.0216, -1.22173321806529e-19, 0, 0, 0, 0, 0, 0, 0, 0, 0, 0, 0, 0, 0, 0, 0, 0, 0, 0, 0, 0
0, 0, 0, 0, 0, 0, 0, 0, 7.32136790429494e-18, -0.259200000000001, -8.63318748087205e-18, -0.0215999999999999, 0.0203899920368493, 1.51879281072276, 9.44390507635895e-18, 3.12638803734444e-17, -2.96740767808529e-17, -0.259200000000002, -7.05712615081677e-19, 0.0215999999999999, 0, 0, 0, 0, 0, 0, 0, 0, 0, 0, 0, 0, 0, 0, 0, 0, 0, 0, 0, 0
0, 0, 0, 0, 0, 0, 0, 0, 0.0215999999999999, -2.7411883526951e-19, 0.0012, -3.21335839881254e-19, 1.05160324892495e-16, 9.44390507635895e-18, 1.00470000000001, 4.7534675848282e-19, -0.0215999999999998, 5.77654243882897e-18, 0.0012, -7.3490475857585e-19, 0, 0, 0, 0, 0, 0, 0, 0, 0, 0, 0, 0, 0, 0, 0, 0, 0, 0, 0, 0
0, 0, 0, 0, 0, 0, 0, 0, -2.98399542922323e-19, 0.0215999999999999, 4.12121508794328e-19, 0.0012, -1.2244990178073e-17, 3.12638803734444e-17, 4.7534675848282e-19, 1.00470000000001, 1.30895565653849e-17, -0.0215999999999999, 7.02199800042824e-19, 0.0012, 0, 0, 0, 0, 0, 0, 0, 0, 0, 0, 0, 0, 0, 0, 0, 0, 0, 0, 0, 0
0, 0, 0, 0, 0, 0, 0, 0, 0, 0, 0, 0, -0.259200000000001, -2.96740767808529e-17, -0.0215999999999998, 1.30895565653849e-17, 1.5635229934172, 0.0345404788869224, -5.11590769747272e-17, -9.63129315884048e-19, -0.259200000000001, 8.0423189809109e-18, 0.0215999999999999, -9.60391705398522e-19, 0, 0, 0, 0, 0, 0, 0, 0, 0, 0, 0, 0, 0, 0, 0, 0
0, 0, 0, 0, 0, 0, 0, 0, 0, 0, 0, 0, -7.96954191008281e-18, -0.259200000000002, 5.77654243882897e-18, -0.0215999999999999, 0.0345404788869224, 1.46602175900523, 1.47172096558179e-17, 3.97903932025656e-17, -8.77513122929385e-18, -0.259200000000002, 2.0886179070978e-18, 0.0215999999999999, 0, 0, 0, 0, 0, 0, 0, 0, 0, 0, 0, 0, 0, 0, 0, 0
0, 0, 0, 0, 0, 0, 0, 0, 0, 0, 0, 0, 0.0216, -7.05712615081677e-19, 0.0012, 7.02199800042824e-19, -5.11590769747272e-17, 1.47172096558179e-17, 1.00470000000001, -7.07552506168385e-18, -0.0215999999999998, 4.4896053021104e-18, 0.0012, 8.60374054986734e-19, 0, 0, 0, 0, 0, 0, 0, 0, 0, 0, 0, 0, 0, 0, 0, 0
0, 0, 0, 0, 0, 0, 0, 0, 0, 0, 0, 0, -1.22173321806529e-19, 0.0215999999999999, -7.3490475857585e-19, 0.0012, -9.63129315884048e-19, 3.97903932025656e-17, -7.07552506168385e-18, 1.00470000000001, 9.51398248377755e-18, -0.0215999999999999, -8.5493678109172e-19, 0.0012, 0, 0, 0, 0, 0, 0, 0, 0, 0, 0, 0, 0, 0, 0, 0, 0
0, 0, 0, 0, 0, 0, 0, 0, 0, 0, 0, 0, 0, 0, 0, 0, -0.259200000000001, -8.77513122929385e-18, -0.0215999999999998, 9.51398248377755e-18, 1.51960367519593, 0.0663768786468399, -9.37916411203332e-17, 1.41075302481641e-18, -0.259200000000001, 5.22754040575835e-18, 0.0215999999999999, -3.4837042105218e-19, 0, 0, 0, 0, 0, 0, 0, 0, 0, 0, 0, 0
0, 0, 0, 0, 0, 0, 0, 0, 0, 0, 0, 0, 0, 0, 0, 0, 8.0423189809109e-18, -0.259200000000002, 4.4896053021104e-18, -0.0215999999999999, 0.0663768786468399, 1.46095392172994, 1.45784805668375e-17, 5.11590769747272e-17, -1.185732827029e-17, -0.259200000000001, 9.89513375751483e-19, 0.0215999999999999, 0, 0, 0, 0, 0, 0, 0, 0, 0, 0, 0, 0
0, 0, 0, 0, 0, 0, 0, 0, 0, 0, 0, 0, 0, 0, 0, 0, 0.0215999999999999, 2.0886179070978e-18, 0.0012, -8.5493678109172e-19, -9.37916411203332e-17, 1.45784805668375e-17, 1.00470000000001, -2.08500751386342e-18, -0.0215999999999999, 1.58856814421599e-17, 0.0012, -3.4837042105218e-19, 0, 0, 0, 0, 0, 0, 0, 0, 0, 0, 0, 0
0, 0, 0, 0, 0, 0, 0, 0, 0, 0, 0, 0, 0, 0, 0, 0, -9.60391705398522e-19, 0.0215999999999999, 8.60374054986734e-19, 0.0012, 1.41075302481641e-18, 5.11590769747272e-17, -2.08500751386342e-18, 1.00470000000001, 2.16196364196536e-17, -0.0215999999999999, -1.44334414212133e-19, 0.00120000000000001, 0, 0, 0, 0, 0, 0, 0, 0, 0, 0, 0, 0
0, 0, 0, 0, 0, 0, 0, 0, 0, 0, 0, 0, 0, 0, 0, 0, 0, 0, 0, 0, -0.259200000000001, -1.185732827029e-17, -0.0215999999999999, 2.16196364196536e-17, 1.24059300113129, 0.00445720544585289, -5.96855898038484e-17, 1.23920513607489e-18, -0.259200000000001, 4.79195676195143e-18, 0.0215999999999999, -1.78889563752505e-18, 0, 0, 0, 0, 0, 0, 0, 0
0, 0, 0, 0, 0, 0, 0, 0, 0, 0, 0, 0, 0, 0, 0, 0, 0, 0, 0, 0, 5.22754040575835e-18, -0.259200000000001, 1.58856814421599e-17, -0.0215999999999999, 0.00445720544585289, 1.44695373610189, 9.78101605784987e-18, 5.6843418860808e-17, -1.58873348504729e-17, -0.259200000000001, 1.75198397456278e-18, 0.0215999999999999, 0, 0, 0, 0, 0, 0, 0, 0
0, 0, 0, 0, 0, 0, 0, 0, 0, 0, 0, 0, 0, 0, 0, 0, 0, 0, 0, 0, 0.0215999999999999, 9.89513375751483e-19, 0.0012, -1.44334414212133e-19, -5.96855898038484e-17, 9.78101605784987e-18, 1.00470000000001, -1.70977598398792e-18, -0.0215999999999999, 1.47395550625928e-17, 0.0012, 5.64777174680287e-19, 0, 0, 0, 0, 0, 0, 0, 0
0, 0, 0, 0, 0, 0, 0, 0, 0, 0, 0, 0, 0, 0, 0, 0, 0, 0, 0, 0, -3.4837042105218e-19, 0.0215999999999999, -3.4837042105218e-19, 0.00120000000000001, 1.23920513607489e-18, 5.6843418860808e-17, -1.70977598398792e-18, 1.00470000000001, 1.1468560476291e-17, -0.0215999999999999, 2.8648958205757e-19, 0.00120000000000001, 0, 0, 0, 0, 0, 0, 0, 0
0, 0, 0, 0, 0, 0, 0, 0, 0, 0, 0, 0, 0, 0, 0, 0, 0, 0, 0, 0, 0, 0, 0, 0, -0.259200000000001, -1.58873348504729e-17, -0.0215999999999999, 1.1468560476291e-17, 1.42873160620462, 0.0449946437271532, 9.37916411203332e-17, -6.09163869520757e-18, -0.259200000000001, -2.95347513806776e-18, 0.0215999999999999, -7.06428188515518e-19, 0, 0, 0, 0
0, 0, 0, 0, 0, 0, 0, 0, 0, 0, 0, 0, 0, 0, 0, 0, 0, 0, 0, 0, 0, 0, 0, 0, 4.79195676195143e-18, -0.259200000000001, 1.47395550625928e-17, -0.0215999999999999, 0.0449946437271532, 1.4544020545944, 2.36296876163222e-17, 2.27373675443232e-17, -1.15080904874998e-17, -0.259200000000001, 1.88176297460929e-18, 0.0215999999999999, 0, 0, 0, 0
0, 0, 0, 0, 0, 0, 0, 0, 0, 0, 0, 0, 0, 0, 0, 0, 0, 0, 0, 0, 0, 0, 0, 0, 0.0215999999999999, 1.75198397456278e-18, 0.0012, 2.8648958205757e-19, 9.37916411203332e-17, 2.36296876163222e-17, 1.00470000000001, -7.53001719137891e-18, -0.0215999999999998, 1.62311787274549e-17, 0.0012, 9.2932389214595e-20, 0, 0, 0, 0
0, 0, 0, 0, 0, 0, 0, 0, 0, 0, 0, 0, 0, 0, 0, 0, 0, 0, 0, 0, 0, 0, 0, 0, -1.78889563752505e-18, 0.0215999999999999, 5.64777174680287e-19, 0.00120000000000001, -6.09163869520757e-18, 2.27373675443232e-17, -7.53001719137891e-18, 1.00470000000001, 1.63807118910841e-17, -0.0215999999999999, 8.60357791954147e-19, 0.00120000000000001, 0, 0, 0, 0
0, 0, 0, 0, 0, 0, 0, 0, 0, 0, 0, 0, 0, 0, 0, 0, 0, 0, 0, 0, 0, 0, 0, 0, 0, 0, 0, 0, -0.259200000000001, -1.15080904874998e-17, -0.0215999999999998, 1.63807118910841e-17, 1.56490847353359, 0.0494587096117244, 8.24229573481716e-17, -2.13007779817365e-19, -0.259200000000001, -5.79564608110816e-18, 0.0215999999999999, 4.11454724458249e-21
0, 0, 0, 0, 0, 0, 0, 0, 0, 0, 0, 0, 0, 0, 0, 0, 0, 0, 0, 0, 0, 0, 0, 0, 0, 0, 0, 0, -2.95347513806776e-18, -0.259200000000001, 1.62311787274549e-17, -0.0215999999999999, 0.0494587096117244, 1.46380719509735, 2.26700602734553e-17, 5.6843418860808e-18, -1.15080904874998e-17, -0.259200000000001, 1.88176297460929e-18, 0.0215999999999999
0, 0, 0, 0, 0, 0, 0, 0, 0, 0, 0, 0, 0, 0, 0, 0, 0, 0, 0, 0, 0, 0, 0, 0, 0, 0, 0, 0, 0.0215999999999999, 1.88176297460929e-18, 0.0012, 8.60357791954147e-19, 8.24229573481716e-17, 2.26700602734553e-17, 1.00470000000001, -7.42523989342991e-18, -0.0215999999999997, 1.19679223128943e-17, 0.00119999999999999, 3.14976994139626e-19
0, 0, 0, 0, 0, 0, 0, 0, 0, 0, 0, 0, 0, 0, 0, 0, 0, 0, 0, 0, 0, 0, 0, 0, 0, 0, 0, 0, -7.06428188515518e-19, 0.0215999999999999, 9.2932389214595e-20, 0.00120000000000001, -2.13007779817365e-19, 5.6843418860808e-18, -7.42523989342991e-18, 1.00470000000001, 1.92228828341245e-17, -0.0215999999999999, 1.49815056194047e-19, 0.0012
0, 0, 0, 0, 0, 0, 0, 0, 0, 0, 0, 0, 0, 0, 0, 0, 0, 0, 0, 0, 0, 0, 0, 0, 0, 0, 0, 0, 0, 0, 0, 0, -0.259200000000001, -1.15080904874998e-17, -0.0215999999999997, 1.92228828341245e-17, 3.25910000000001, 2.76400842318114e-16, -0.0215999999999999, 1.04034619460847e-19
0, 0, 0, 0, 0, 0, 0, 0, 0, 0, 0, 0, 0, 0, 0, 0, 0, 0, 0, 0, 0, 0, 0, 0, 0, 0, 0, 0, 0, 0, 0, 0, -5.79564608110816e-18, -0.259200000000001, 1.19679223128943e-17, -0.0215999999999999, 2.76400842318114e-16, 3.25910000000001, 4.43033847455365e-17, -0.0215999999999999
0, 0, 0, 0, 0, 0, 0, 0, 0, 0, 0, 0, 0, 0, 0, 0, 0, 0, 0, 0, 0, 0, 0, 0, 0, 0, 0, 0, 0, 0, 0, 0, 0.0215999999999999, 1.88176297460929e-18, 0.00119999999999999, 1.49815056194047e-19, -0.0215999999999999, 4.43033847455365e-17, 3.00230000000001, -1.80405820490726e-19
0, 0, 0, 0, 0, 0, 0, 0, 0, 0, 0, 0, 0, 0, 0, 0, 0, 0, 0, 0, 0, 0, 0, 0, 0, 0, 0, 0, 0, 0, 0, 0, 4.11454724458249e-21, 0.0215999999999999, 3.14976994139626e-19, 0.0012, 1.04034619460847e-19, -0.0215999999999999, -1.80405820490726e-19, 3.00230000000001
5.51797409000001, -2.06208047720613e-17, 0.0431978400000014, -2.71587907034392e-16, -0.518374080000003, -4.43875638553403e-17, 0.04319784, -2.0944847460671e-17, 0, 0, 0, 0, 0, 0, 0, 0, 0, 0, 0, 0, 0, 0, 0, 0, 0, 0, 0, 0, 0, 0, 0, 0, 0, 0, 0, 0, 0, 0, 0, 0
-2.06208047720613e-17, 5.51797409000001, -1.17913272531364e-15, 0.0431978400000013, -1.23069315585536e-17, -0.518374080000003, 3.36832307796636e-17, 0.0431978399999999, 0, 0, 0, 0, 0, 0, 0, 0, 0, 0, 0, 0, 0, 0, 0, 0, 0, 0, 0, 0, 0, 0, 0, 0, 0, 0, 0, 0, 0, 0, 0, 0
0.0431978400000014, -1.17913272531364e-15, 5.00439977, 2.10877370122325e-16, -0.04319784, 4.10550501383631e-17, 0.00239988000000001, -4.892209825473e-18, 0, 0, 0, 0, 0, 0, 0, 0, 0, 0, 0, 0, 0, 0, 0, 0, 0, 0, 0, 0, 0, 0, 0, 0, 0, 0, 0, 0, 0, 0, 0, 0
-2.71587907034392e-16, 0.0431978400000013, 2.10877370122325e-16, 5.00439977, 2.5858633499702e-17, -0.04319784, -1.32389295188961e-17, 0.00239988, 0, 0, 0, 0, 0, 0, 0, 0, 0, 0, 0, 0, 0, 0, 0, 0, 0, 0, 0, 0, 0, 0, 0, 0, 0, 0, 0, 0, 0, 0, 0, 0
-0.518374080000003, -1.23069315585536e-17, -0.04319784, 2.5858633499702e-17, 2.03838132267483, -0.0027510053525362, -1.13672626866901e-17, 7.19463910613248e-18, -0.518374080000001, 7.01281211801049e-18, 0.0431978399999999, 7.99485204567985e-18, 0, 0, 0, 0, 0, 0, 0, 0, 0, 0, 0, 0, 0, 0, 0, 0, 0, 0, 0, 0, 0, 0, 0, 0, 0, 0, 0, 0
-4.43875638553403e-17, -0.518374080000003, 4.10550501383631e-17, -0.04319784, -0.0027510053525362, 2.15595659515703, -1.19430435418521e-16, 1.25052679322835e-16, 5.55750024020418e-17, -0.518374080000001, -3.29167984160069e-18, 0.0431978399999999, 0, 0, 0, 0, 0, 0, 0, 0, 0, 0, 0, 0, 0, 0, 0, 0, 0, 0, 0, 0, 0, 0, 0, 0, 0, 0, 0, 0
0.04319784, 3.36832307796636e-17, 0.00239988000000001, -1.32389295188961e-17, -1.13672626866901e-17, -1.19430435418521e-16, 1.00939953000001, -1.18778170525162e-17, -0.0431978399999999, 3.78723435413786e-17, 0.00239988000000001, -3.58653508212569e-18, 0, 0, 0, 0, 0, 0, 0, 0, 0, 0, 0, 0, 0, 0, 0, 0, 0, 0, 0, 0, 0, 0, 0, 0, 0, 0, 0, 0
-2.0944847460671e-17, 0.0431978399999999, -4.892209825473e-18, 0.00239988, 7.19463910613248e-18, 1.25052679322835e-16, -1.18778170525162e-17, 1.00939953, 1.3312881075662e-17, -0.0431978399999999, -2.92152877538654e-18, 0.00239988000000001, 0, 0, 0, 0, 0, 0, 0, 0, 0, 0, 0, 0, 0, 0, 0, 0, 0, 0, 0, 0, 0, 0, 0, 0, 0, 0, 0, 0
0, 0, 0, 0, -0.518374080000001, 5.55750024020418e-17, -0.0431978399999999, 1.3312881075662e-17, 2.01038443942337, 0.0165010546840052, 6.25240659246629e-17, 8.70584281910652e-17, -0.518374080000001, -2.73164948789418e-17, 0.0431978399999999, 1.66040785400438e-18, 0, 0, 0, 0, 0, 0, 0, 0, 0, 0, 0, 0, 0, 0, 0, 0, 0, 0, 0, 0, 0, 0, 0, 0
0, 0, 0, 0, 7.01281211801049e-18, -0.518374080000001, 3.78723435413786e-17, -0.0431978399999999, 0.0165010546840052, 2.10615707460563, 1.70959909314545e-16, 8.5265128291212e-18, -5.38870653844149e-17, -0.518374080000002, -5.48240035862424e-18, 0.0431978399999999, 0, 0, 0, 0, 0, 0, 0, 0, 0, 0, 0, 0, 0, 0, 0, 0, 0, 0, 0, 0, 0, 0, 0, 0
0, 0, 0, 0, 0.0431978399999999, -3.29167984160069e-18, 0.00239988000000001, -2.92152877538654e-18, 6.25240659246629e-17, 1.70959909314545e-16, 1.00939953, -1.6937201751787e-17, -0.0431978399999998, -5.26634550261756e-17, 0.00239988, 3.07616467604657e-18, 0, 0, 0, 0, 0, 0, 0, 0, 0, 0, 0, 0, 0, 0, 0, 0, 0, 0, 0, 0, 0, 0, 0, 0
0, 0, 0, 0, 7.99485204567985e-18, 0.0431978399999999, -3.58653508212569e-18, 0.00239988000000001, 8.70584281910652e-17, 8.5265128291212e-18, -1.6937201751787e-17, 1.00939953, 4.35112488168081e-18, -0.0431978399999999, -1.59429131736923e-18, 0.00239988, 0, 0, 0, 0, 0, 0, 0, 0, 0, 0, 0, 0, 0, 0, 0, 0, 0, 0, 0, 0, 0, 0, 0, 0
0, 0, 0, 0, 0, 0, 0, 0, -0.518374080000001, -5.38870653844149e-17, -0.0431978399999998, 4.35112488168081e-18, 2.06162731768047, 0.0751528729760643, 1.27887176404329e-16, -4.08206519693192e-18, -0.518374080000002, 7.9813992103248e-17, 0.04319784, -6.00797157754149e-18, 0, 0, 0, 0, 0, 0, 0, 0, 0, 0, 0, 0, 0, 0, 0, 0, 0, 0, 0, 0
0, 0, 0, 0, 0, 0, 0, 0, -2.73164948789418e-17, -0.518374080000002, -5.26634550261756e-17, -0.0431978399999999, 0.0751528729760643, 2.04834135979633, 1.20475889843746e-18, 6.53668053018919e-17, -8.55687463688204e-18, -0.518374080000002, -3.34379431650754e-17, 0.0431978399999999, 0, 0, 0, 0, 0, 0, 0, 0, 0, 0, 0, 0, 0, 0, 0, 0, 0, 0, 0, 0
0, 0, 0, 0, 0, 0, 0, 0, 0.0431978399999999, -5.48240035862424e-18, 0.00239988, -1.59429131736923e-18, 1.27887176404329e-16, 1.20475889843746e-18, 1.00939953000001, 2.07906675350148e-17, -0.0431978399999998, 2.78420361562103e-17, 0.00239988, -1.1793299483497e-17, 0, 0, 0, 0, 0, 0, 0, 0, 0, 0, 0, 0, 0, 0, 0, 0, 0, 0, 0, 0
0, 0, 0, 0, 0, 0, 0, 0, 1.66040785400438e-18, 0.0431978399999999, 3.07616467604657e-18, 0.00239988, -4.08206519693192e-18, 6.53668053018919e-17, 2.07906675350148e-17, 1.00939953000001, -2.59946674471388e-17, -0.0431978400000001, 1.06375635711781e-17, 0.00239988000000002, 0, 0, 0, 0, 0, 0, 0, 0, 0, 0, 0, 0, 0, 0, 0, 0, 0, 0, 0, 0
0, 0, 0, 0, 0, 0, 0, 0, 0, 0, 0, 0, -0.518374080000002, -8.55687463688204e-18, -0.0431978399999998, -2.59946674471388e-17, 2.07746391965121, 0.0535595722949533, -2.07473362934252e-16, 2.25755610855751e-16, -0.51837408, -5.16088646545693e-17, 0.0431978399999998, -2.55850093356602e-17, 0, 0, 0, 0, 0, 0, 0, 0, 0, 0, 0, 0, 0, 0, 0, 0
0, 0, 0, 0, 0, 0, 0, 0, 0, 0, 0, 0, 7.9813992103248e-17, -0.518374080000002, 2.78420361562103e-17, -0.0431978400000001, 0.0535595722949533, 2.03246754025656, -1.05810073618455e-16, -2.84256884697243e-17, -9.96950959714263e-17, -0.518374080000001, -6.30861217551032e-18, 0.0431978399999999, 0, 0, 0, 0, 0, 0, 0, 0, 0, 0, 0, 0, 0, 0, 0, 0
0, 0, 0, 0, 0, 0, 0, 0, 0, 0, 0, 0, 0.04319784, -3.34379431650754e-17, 0.00239988, 1.06375635711781e-17, -2.07473362934252e-16, -1.05810073618455e-16, 1.00939953000001, -1.60459414199742e-16, -0.0431978399999999, 3.32044020319825e-17, 0.00239988000000001, -1.54146425686033e-17, 0, 0, 0, 0, 0, 0, 0, 0, 0, 0, 0, 0, 0, 0, 0, 0
0, 0, 0, 0, 0, 0, 0, 0, 0, 0, 0, 0, -6.00797157754149e-18, 0.0431978399999999, -1.1793299483497e-17, 0.00239988000000002, 2.25755610855751e-16, -2.84256884697243e-17, -1.60459414199742e-16, 1.00939953, -2.57963908669399e-18, -0.0431978399999998, 1.3117034016959e-18, 0.00239988, 0, 0, 0, 0, 0, 0, 0, 0, 0, 0, 0, 0, 0, 0, 0, 0
0, 0, 0, 0, 0, 0, 0, 0, 0, 0, 0, 0, 0, 0, 0, 0, -0.51837408, -9.96950959714263e-17, -0.0431978399999999, -2.57963908669399e-18, 2.10130331612296, 0.0682729162603529, -3.12629424570332e-16, 4.08969320953067e-16, -0.518374080000001, -6.37673139705876e-17, 0.0431978400000001, 2.062708695292e-17, 0, 0, 0, 0, 0, 0, 0, 0, 0, 0, 0, 0
0, 0, 0, 0, 0, 0, 0, 0, 0, 0, 0, 0, 0, 0, 0, 0, -5.16088646545693e-17, -0.518374080000001, 3.32044020319825e-17, -0.0431978399999998, 0.0682729162603529, 1.97657142460458, -1.72291553449783e-16, 3.69431063518277e-17, -9.70832337053268e-17, -0.518374080000001, -1.48749781921227e-17, 0.04319784, 0, 0, 0, 0, 0, 0, 0, 0, 0, 0, 0, 0
0, 0, 0, 0, 0, 0, 0, 0, 0, 0, 0, 0, 0, 0, 0, 0, 0.0431978399999998, -6.30861217551032e-18, 0.00239988000000001, 1.3117034016959e-18, -3.12629424570332e-16, -1.72291553449783e-16, 1.00939953, 5.20161162740652e-16, -0.0431978399999999, -7.28905661217667e-18, 0.00239987999999998, 4.31248655127186e-18, 0, 0, 0, 0, 0, 0, 0, 0, 0, 0, 0, 0
0, 0, 0, 0, 0, 0, 0, 0, 0, 0, 0, 0, 0, 0, 0, 0, -2.55850093356602e-17, 0.0431978399999999, -1.54146425686033e-17, 0.00239988, 4.08969320953067e-16, 3.69431063518277e-17, 5.20161162740652e-16, 1.00939953, -7.31697357985036e-17, -0.0431978399999997, -6.41340097455077e-17, 0.00239988, 0, 0, 0, 0, 0, 0, 0, 0, 0, 0, 0, 0
0, 0, 0, 0, 0, 0, 0, 0, 0, 0, 0, 0, 0, 0, 0, 0, 0, 0, 0, 0, -0.518374080000001, -9.70832337053268e-17, -0.0431978399999999, -7.31697357985036e-17, 1.6279595067302, -0.0770433607177914, 2.52959182489576e-16, -7.78754115192274e-17, -0.518374080000001, 2.40609032908527e-16, 0.0431978400000001, -1.2346173521125e-17, 0, 0, 0, 0, 0, 0, 0, 0
0, 0, 0, 0, 0, 0, 0, 0, 0, 0, 0, 0, 0, 0, 0, 0, 0, 0, 0, 0, -6.37673139705876e-17, -0.518374080000001, -7.28905661217667e-18, -0.0431978399999997, -0.0770433607177914, 1.82223753899209, -1.10141998293058e-15, 2.70000555246952e-16, 4.17409556157409e-16, -0.518374080000002, -9.23148403834186e-18, 0.04319784, 0, 0, 0, 0, 0, 0, 0, 0
0, 0, 0, 0, 0, 0, 0, 0, 0, 0, 0, 0, 0, 0, 0, 0, 0, 0, 0, 0, 0.0431978400000001, -1.48749781921227e-17, 0.00239987999999998, -6.41340097455077e-17, 2.52959182489576e-16, -1.10141998293058e-15, 1.00939953000001, -2.88725990826247e-17, -0.0431978399999999, 3.12439868522551e-16, 0.00239988, -1.89959871340312e-17, 0, 0, 0, 0, 0, 0, 0, 0
0, 0, 0, 0, 0, 0, 0, 0, 0, 0, 0, 0, 0, 0, 0, 0, 0, 0, 0, 0, 2.062708695292e-17, 0.04319784, 4.31248655127186e-18, 0.00239988, -7.78754115192274e-17, 2.70000555246952e-16, -2.88725990826247e-17, 1.00939953000001, 1.23856884553497e-17, -0.04319784, -3.9840722966137e-18, 0.00239988000000001, 0, 0, 0, 0, 0, 0, 0, 0
0, 0, 0, 0, 0, 0, 0, 0, 0, 0, 0, 0, 0, 0, 0, 0, 0, 0, 0, 0, 0, 0, 0, 0, -0.518374080000001, 4.17409556157409e-16, -0.0431978399999999, 1.23856884553497e-17, 2.01009481617941, 0.0480638502060352, 3.23998108342494e-16, -8.94521253353179e-17, -0.518374080000002, -1.21087684041947e-17, 0.0431978400000001, 2.17661789650134e-17, 0, 0, 0, 0
0, 0, 0, 0, 0, 0, 0, 0, 0, 0, 0, 0, 0, 0, 0, 0, 0, 0, 0, 0, 0, 0, 0, 0, 2.40609032908527e-16, -0.518374080000002, 3.12439868522551e-16, -0.04319784, 0.0480638502060352, 1.9680641576414, -1.13235418713106e-16, 1.30737589643104e-16, -5.83152639820775e-17, -0.518374080000001, 2.56830866362943e-17, 0.0431978399999999, 0, 0, 0, 0
0, 0, 0, 0, 0, 0, 0, 0, 0, 0, 0, 0, 0, 0, 0, 0, 0, 0, 0, 0, 0, 0, 0, 0, 0.0431978400000001, -9.23148403834186e-18, 0.00239988, -3.9840722966137e-18, 3.23998108342494e-16, -1.13235418713106e-16, 1.00939953000001, -1.7477382907344e-17, -0.0431978399999998, 1.00526195009944e-16, 0.00239987999999998, -2.46211685151055e-18, 0, 0, 0, 0
0, 0, 0, 0, 0, 0, 0, 0, 0, 0, 0, 0, 0, 0, 0, 0, 0, 0, 0, 0, 0, 0, 0, 0, -1.2346173521125e-17, 0.04319784, -1.89959871340312e-17, 0.00239988000000001, -8.94521253353179e-17, 1.30737589643104e-16, -1.7477382907344e-17, 1.00939953, 1.79364933897218e-17, -0.04319784, 5.48189754496709e-18, 0.00239988, 0, 0, 0, 0
0, 0, 0, 0, 0, 0, 0, 0, 0, 0, 0, 0, 0, 0, 0, 0, 0, 0, 0, 0, 0, 0, 0, 0, 0, 0, 0, 0, -0.518374080000002, -5.83152639820775e-17, -0.0431978399999998, 1.79364933897218e-17, 2.1462626564797, 0.0525130947730587, 1.0230991165372e-16, -1.03829602712354e-17, -0.51837408, -1.67968665032266e-16, 0.0431978400000001, 5.1866338380284e-18
0, 0, 0, 0, 0, 0, 0, 0, 0, 0, 0, 0, 0, 0, 0, 0, 0, 0, 0, 0, 0, 0, 0, 0, 0, 0, 0, 0, -1.21087684041947e-17, -0.518374080000001, 1.00526195009944e-16, -0.04319784, 0.0525130947730587, 1.97777567711722, -5.58670847750893e-17, 7.67380470279022e-17, 3.64967883375471e-16, -0.518374080000002, -1.23634233650999e-16, 0.0431978399999997
0, 0, 0, 0, 0, 0, 0, 0, 0, 0, 0, 0, 0, 0, 0, 0, 0, 0, 0, 0, 0, 0, 0, 0, 0, 0, 0, 0, 0.0431978400000001, 2.56830866362943e-17, 0.00239987999999998, 5.48189754496709e-18, 1.0230991165372e-16, -5.58670847750893e-17, 1.00939953000001, 4.89786922555916e-17, -0.0431978399999998, -5.02723202668404e-17, 0.00239987999999997, -8.13383623906425e-17
0, 0, 0, 0, 0, 0, 0, 0, 0, 0, 0, 0, 0, 0, 0, 0, 0, 0, 0, 0, 0, 0, 0, 0, 0, 0, 0, 0, 2.17661789650134e-17, 0.0431978399999999, -2.46211685151055e-18, 0.00239988, -1.03829602712354e-17, 7.67380470279022e-17, 4.89786922555916e-17, 1.00939953000001, 3.49389685743678e-17, -0.0431978399999998, -4.84708273262398e-18, 0.00239987999999998
0, 0, 0, 0, 0, 0, 0, 0, 0, 0, 0, 0, 0, 0, 0, 0, 0, 0, 0, 0, 0, 0, 0, 0, 0, 0, 0, 0, 0, 0, 0, 0, -0.51837408, 3.64967883375471e-16, -0.0431978399999998, 3.49389685743678e-17, 5.51797409, 8.52667460028612e-18, -0.0431978399999998, 2.44451857007879e-16
0, 0, 0, 0, 0, 0, 0, 0, 0, 0, 0, 0, 0, 0, 0, 0, 0, 0, 0, 0, 0, 0, 0, 0, 0, 0, 0, 0, 0, 0, 0, 0, -1.67968665032266e-16, -0.518374080000002, -5.02723202668404e-17, -0.0431978399999998, 8.52667460028612e-18, 5.51797409000001, -1.14550161499308e-15, -0.0431978399999994
0, 0, 0, 0, 0, 0, 0, 0, 0, 0, 0, 0, 0, 0, 0, 0, 0, 0, 0, 0, 0, 0, 0, 0, 0, 0, 0, 0, 0, 0, 0, 0, 0.0431978400000001, -1.23634233650999e-16, 0.00239987999999997, -4.84708273262398e-18, -0.0431978399999998, -1.14550161499308e-15, 5.00439977, 1.35514534432282e-16
0, 0, 0, 0, 0, 0, 0, 0, 0, 0, 0, 0, 0, 0, 0, 0, 0, 0, 0, 0, 0, 0, 0, 0, 0, 0, 0, 0, 0, 0, 0, 0, 5.1866338380284e-18, 0.0431978399999997, -8.13383623906425e-17, 0.00239987999999998, 2.44451857007879e-16, -0.0431978399999994, 1.35514534432282e-16, 5.00439977000002
7.77662229259101, -4.02681272150731e-17, 0.0647935202160029, 5.22816529683604e-16, -0.777522242592002, -1.10615897386371e-16, 0.0647935202160001, -3.52405127998736e-18, 0, 0, 0, 0, 0, 0, 0, 0, 0, 0, 0, 0, 0, 0, 0, 0, 0, 0, 0, 0, 0, 0, 0, 0, 0, 0, 0, 0, 0, 0, 0, 0
-4.02681272150731e-17, 7.776622292591, -6.95427454907728e-16, 0.0647935202159999, 3.96941183743963e-17, -0.777522242592003, 1.69940437370694e-17, 0.0647935202159998, 0, 0, 0, 0, 0, 0, 0, 0, 0, 0, 0, 0, 0, 0, 0, 0, 0, 0, 0, 0, 0, 0, 0, 0, 0, 0, 0, 0, 0, 0, 0, 0
0.0647935202160029, -6.95427454907728e-16, 7.006299330023, 1.58396363474594e-15, -0.0647935202159999, 6.95807832909898e-17, 0.00359964001199999, -9.53645664238918e-18, 0, 0, 0, 0, 0, 0, 0, 0, 0, 0, 0, 0, 0, 0, 0, 0, 0, 0, 0, 0, 0, 0, 0, 0, 0, 0, 0, 0, 0, 0, 0, 0
5.22816529683604e-16, 0.0647935202159999, 1.58396363474594e-15, 7.006299330023, -4.46534496421224e-18, -0.064793520216, -2.04504422833235e-17, 0.00359964001199999, 0, 0, 0, 0, 0, 0, 0, 0, 0, 0, 0, 0, 0, 0, 0, 0, 0, 0, 0, 0, 0, 0, 0, 0, 0, 0, 0, 0, 0, 0, 0, 0
-0.777522242592002, 3.96941183743963e-17, -0.0647935202159999, -4.46534496421224e-18, 2.55657748382394, -0.00275296866585419, -3.26847100637906e-16, 5.56883186527002e-18, -0.777522242592, -3.86378933216856e-18, 0.064793520216, 3.09362752746573e-18, 0, 0, 0, 0, 0, 0, 0, 0, 0, 0, 0, 0, 0, 0, 0, 0, 0, 0, 0, 0, 0, 0, 0, 0, 0, 0, 0, 0
-1.10615897386371e-16, -0.777522242592003, 6.95807832909898e-17, -0.064793520216, -0.00275296866585419, 2.73749080073374, -7.10969444738794e-17, 3.40907038776095e-17, 6.64326918802929e-17, -0.777522242592, 3.74238246142934e-18, 0.0647935202159999, 0, 0, 0, 0, 0, 0, 0, 0, 0, 0, 0, 0, 0, 0, 0, 0, 0, 0, 0, 0, 0, 0, 0, 0, 0, 0, 0, 0
0.0647935202160001, 1.69940437370694e-17, 0.00359964001199999, -2.04504422833235e-17, -3.26847100637906e-16, -7.10969444738794e-17, 1.014098590047, -2.05475950702328e-17, -0.0647935202159997, 2.74748835959594e-17, 0.00359964001199997, -4.36276674007999e-18, 0, 0, 0, 0, 0, 0, 0, 0, 0, 0, 0, 0, 0, 0, 0, 0, 0, 0, 0, 0, 0, 0, 0, 0, 0, 0, 0, 0
-3.52405127998736e-18, 0.0647935202159998, -9.53645664238918e-18, 0.00359964001199999, 5.56883186527002e-18, 3.40907038776095e-17, -2.05475950702328e-17, 1.014098590047, 1.0491169293653e-17, -0.0647935202159998, 2.74052202014631e-20, 0.003599640012, 0, 0, 0, 0, 0, 0, 0, 0, 0, 0, 0, 0, 0, 0, 0, 0, 0, 0, 0, 0, 0, 0, 0, 0, 0, 0, 0, 0
0, 0, 0, 0, -0.777522242592, 6.64326918802929e-17, -0.0647935202159997, 1.0491169293653e-17, 2.52008947239287, 0.0404228442114309, -8.53646005793962e-18, 2.69602889191902e-17, -0.777522242592, -3.89738932617804e-17, 0.0647935202159999, 8.46305004648942e-18, 0, 0, 0, 0, 0, 0, 0, 0, 0, 0, 0, 0, 0, 0, 0, 0, 0, 0, 0, 0, 0, 0, 0, 0
0, 0, 0, 0, -3.86378933216856e-18, -0.777522242592, 2.74748835959594e-17, -0.0647935202159998, 0.0404228442114309, 2.67527928735571, 2.37713013803351e-16, -8.52736548040412e-18, -1.65590389842409e-16, -0.777522242592002, 6.25275758074498e-18, 0.0647935202159999, 0, 0, 0, 0, 0, 0, 0, 0, 0, 0, 0, 0, 0, 0, 0, 0, 0, 0, 0, 0, 0, 0, 0, 0
0, 0, 0, 0, 0.064793520216, 3.74238246142934e-18, 0.00359964001199997, 2.74052202014631e-20, -8.53646005793962e-18, 2.37713013803351e-16, 1.014098590047, -2.72313543336834e-18, -0.0647935202159997, -5.8234700588149e-17, 0.00359964001199999, 1.38091803382843e-18, 0, 0, 0, 0, 0, 0, 0, 0, 0, 0, 0, 0, 0, 0, 0, 0, 0, 0, 0, 0, 0, 0, 0, 0
0, 0, 0, 0, 3.09362752746573e-18, 0.0647935202159999, -4.36276674007999e-18, 0.003599640012, 2.69602889191902e-17, -8.52736548040412e-18, -2.72313543336834e-18, 1.014098590047, 5.44192353594739e-18, -0.0647935202159999, -1.85408616308461e-18, 0.003599640012, 0, 0, 0, 0, 0, 0, 0, 0, 0, 0, 0, 0, 0, 0, 0, 0, 0, 0, 0, 0, 0, 0, 0, 0
0, 0, 0, 0, 0, 0, 0, 0, -0.777522242592, -1.65590389842409e-16, -0.0647935202159997, 5.44192353594739e-18, 2.61091331930059, 0.0992451970704385, 2.69982934838708e-16, 2.16033526842908e-17, -0.777522242592002, 1.55811282415936e-16, 0.0647935202160001, 1.40801232506974e-18, 0, 0, 0, 0, 0, 0, 0, 0, 0, 0, 0, 0, 0, 0, 0, 0, 0, 0, 0, 0
0, 0, 0, 0, 0, 0, 0, 0, -3.89738932617804e-17, -0.777522242592002, -5.8234700588149e-17, -0.0647935202159999, 0.0992451970704385, 2.57899916170806, 1.23423540088408e-16, 1.02308490880887e-16, 1.24922872568442e-16, -0.777522242592002, -2.93430856039296e-17, 0.064793520216, 0, 0, 0, 0, 0, 0, 0, 0, 0, 0, 0, 0, 0, 0, 0, 0, 0, 0, 0, 0
0, 0, 0, 0, 0, 0, 0, 0, 0.0647935202159999, 6.25275758074498e-18, 0.00359964001199999, -1.85408616308461e-18, 2.69982934838708e-16, 1.23423540088408e-16, 1.014098590047, 1.53870065087647e-17, -0.0647935202159999, -9.53285028847258e-18, 0.00359964001200001, -9.25054624900098e-18, 0, 0, 0, 0, 0, 0, 0, 0, 0, 0, 0, 0, 0, 0, 0, 0, 0, 0, 0, 0
0, 0, 0, 0, 0, 0, 0, 0, 8.46305004648942e-18, 0.0647935202159999, 1.38091803382843e-18, 0.003599640012, 2.16033526842908e-17, 1.02308490880887e-16, 1.53870065087647e-17, 1.01409859004701, -5.22587536573899e-17, -0.0647935202160001, 1.42889913829653e-17, 0.00359964001200002, 0, 0, 0, 0, 0, 0, 0, 0, 0, 0, 0, 0, 0, 0, 0, 0, 0, 0, 0, 0
0, 0, 0, 0, 0, 0, 0, 0, 0, 0, 0, 0, -0.777522242592002, 1.24922872568442e-16, -0.0647935202159999, -5.22587536573899e-17, 2.59953051745579, 0.0576292445001821, -1.84715248053635e-16, 2.70808090094447e-16, -0.777522242592, -6.10644971053408e-17, 0.0647935202159998, -1.39060097476652e-16, 0, 0, 0, 0, 0, 0, 0, 0, 0, 0, 0, 0, 0, 0, 0, 0
0, 0, 0, 0, 0, 0, 0, 0, 0, 0, 0, 0, 1.55811282415936e-16, -0.777522242592002, -9.53285028847258e-18, -0.0647935202160001, 0.0576292445001821, 2.55286313102723, -1.60688918948561e-16, -1.56320538337695e-16, -2.45661769870603e-16, -0.777522242591999, 3.22492519211562e-16, 0.0647935202160001, 0, 0, 0, 0, 0, 0, 0, 0, 0, 0, 0, 0, 0, 0, 0, 0
0, 0, 0, 0, 0, 0, 0, 0, 0, 0, 0, 0, 0.0647935202160001, -2.93430856039296e-17, 0.00359964001200001, 1.42889913829653e-17, -1.84715248053635e-16, -1.60688918948561e-16, 1.01409859004701, -2.24519890124563e-16, -0.0647935202160002, 1.63043561880402e-17, 0.00359964001200009, 2.98865692474208e-17, 0, 0, 0, 0, 0, 0, 0, 0, 0, 0, 0, 0, 0, 0, 0, 0
0, 0, 0, 0, 0, 0, 0, 0, 0, 0, 0, 0, 1.40801232506974e-18, 0.064793520216, -9.25054624900098e-18, 0.00359964001200002, 2.70808090094447e-16, -1.56320538337695e-16, -2.24519890124563e-16, 1.014098590047, -1.4468866735667e-17, -0.0647935202159996, -9.69356865117948e-17, 0.00359964001200002, 0, 0, 0, 0, 0, 0, 0, 0, 0, 0, 0, 0, 0, 0, 0, 0
0, 0, 0, 0, 0, 0, 0, 0, 0, 0, 0, 0, 0, 0, 0, 0, -0.777522242592, -2.45661769870603e-16, -0.0647935202160002, -1.4468866735667e-17, 2.61824611376954, 0.0676340953568957, -4.43338025007733e-16, 6.26443319005532e-16, -0.777522242592001, -2.57711195058609e-17, 0.0647935202160002, 1.16200797889162e-17, 0, 0, 0, 0, 0, 0, 0, 0, 0, 0, 0, 0
0, 0, 0, 0, 0, 0, 0, 0, 0, 0, 0, 0, 0, 0, 0, 0, -6.10644971053408e-17, -0.777522242591999, 1.63043561880402e-17, -0.0647935202159996, 0.0676340953568957, 2.55055519487915, -1.32304269377891e-15, -7.10630837943427e-17, -6.33485714853081e-17, -0.777522242592003, 5.1016276400738e-18, 0.0647935202160001, 0, 0, 0, 0, 0, 0, 0, 0, 0, 0, 0, 0
0, 0, 0, 0, 0, 0, 0, 0, 0, 0, 0, 0, 0, 0, 0, 0, 0.0647935202159998, 3.22492519211562e-16, 0.00359964001200009, -9.69356865117948e-17, -4.43338025007733e-16, -1.32304269377891e-15, 1.01409859004701, 3.82011280148817e-16, -0.0647935202159999, 1.05978035651686e-16, 0.00359964001199997, -2.84838711198295e-17, 0, 0, 0, 0, 0, 0, 0, 0, 0, 0, 0, 0
0, 0, 0, 0, 0, 0, 0, 0, 0, 0, 0, 0, 0, 0, 0, 0, -1.39060097476652e-16, 0.0647935202160001, 2.98865692474208e-17, 0.00359964001200002, 6.26443319005532e-16, -7.10630837943427e-17, 3.82011280148817e-16, 1.014098590047, -2.62836216895435e-18, -0.0647935202159999, -9.1329838805573e-17, 0.00359964001200002, 0, 0, 0, 0, 0, 0, 0, 0, 0, 0, 0, 0
0, 0, 0, 0, 0, 0, 0, 0, 0, 0, 0, 0, 0, 0, 0, 0, 0, 0, 0, 0, -0.777522242592001, -6.33485714853081e-17, -0.0647935202159999, -2.62836216895435e-18, 2.14619671077954, -0.0770356563817195, 2.89882108830852e-16, -1.14105303501841e-16, -0.777522242592005, -1.29985131553e-16, 0.0647935202160001, 2.41404861741512e-17, 0, 0, 0, 0, 0, 0, 0, 0
0, 0, 0, 0, 0, 0, 0, 0, 0, 0, 0, 0, 0, 0, 0, 0, 0, 0, 0, 0, -2.57711195058609e-17, -0.777522242592003, 1.05978035651686e-16, -0.0647935202159999, -0.0770356563817195, 2.34045531523821, -6.62105612390578e-16, 6.25244923071477e-16, 1.07719561781356e-16, -0.777522242592005, 1.12195474127292e-16, 0.0647935202160002, 0, 0, 0, 0, 0, 0, 0, 0
0, 0, 0, 0, 0, 0, 0, 0, 0, 0, 0, 0, 0, 0, 0, 0, 0, 0, 0, 0, 0.0647935202160002, 5.1016276400738e-18, 0.00359964001199997, -9.1329838805573e-17, 2.89882108830852e-16, -6.62105612390578e-16, 1.01409859004702, 9.5384537141908e-18, -0.0647935202159997, 2.22398861945474e-16, 0.00359964001200003, -2.83207888798909e-17, 0, 0, 0, 0, 0, 0, 0, 0
0, 0, 0, 0, 0, 0, 0, 0, 0, 0, 0, 0, 0, 0, 0, 0, 0, 0, 0, 0, 1.16200797889162e-17, 0.0647935202160001, -2.84838711198295e-17, 0.00359964001200002, -1.14105303501841e-16, 6.25244923071477e-16, 9.5384537141908e-18, 1.01409859004702, 1.46453776507243e-16, -0.0647935202160003, 4.45835604315955e-17, 0.00359964001200006, 0, 0, 0, 0, 0, 0, 0, 0
0, 0, 0, 0, 0, 0, 0, 0, 0, 0, 0, 0, 0, 0, 0, 0, 0, 0, 0, 0, 0, 0, 0, 0, -0.777522242592005, 1.07719561781356e-16, -0.0647935202159997, 1.46453776507243e-16, 2.5282938066978, 0.048059043821015, 5.3997070020273e-16, -4.64434550191495e-18, -0.777522242592003, 3.55523821139843e-17, 0.0647935202160003, 1.19684715551567e-17, 0, 0, 0, 0
0, 0, 0, 0, 0, 0, 0, 0, 0, 0, 0, 0, 0, 0, 0, 0, 0, 0, 0, 0, 0, 0, 0, 0, -1.29985131553e-16, -0.777522242592005, 2.22398861945474e-16, -0.0647935202160003, 0.048059043821015, 2.48626735122565, -1.97223569214374e-16, -1.70683731539611e-17, -1.23321691355654e-16, -0.777522242592002, -4.3354303258414e-17, 0.064793520216, 0, 0, 0, 0
0, 0, 0, 0, 0, 0, 0, 0, 0, 0, 0, 0, 0, 0, 0, 0, 0, 0, 0, 0, 0, 0, 0, 0, 0.0647935202160001, 1.12195474127292e-16, 0.00359964001200003, 4.45835604315955e-17, 5.3997070020273e-16, -1.97223569214374e-16, 1.01409859004701, -7.19237478542325e-17, -0.0647935202159997, 6.59552715919217e-17, 0.00359964001200003, 9.62245174906633e-19, 0, 0, 0, 0
