-4.3048, -4.3047693877551, -4.3047387755102, -4.30470816326531, -4.30467755102041, -4.30464693877551, -4.30461632653061, -4.30458571428571, -4.30455510204082, -4.30452448979592, -4.30449387755102, -4.30446326530612, -4.30443265306122, -4.30440204081633, -4.30437142857143, -4.30434081632653, -4.30431020408163, -4.30427959183673, -4.30424897959183, -4.30421836734694, -4.30418775510204, -4.30415714285714, -4.30412653061224, -4.30409591836734, -4.30406530612245, -4.30403469387755, -4.30400408163265, -4.30397346938775, -4.30394285714285, -4.30391224489796, -4.30388163265306, -4.30385102040816, -4.30382040816326, -4.30378979591836, -4.30375918367347, -4.30372857142857, -4.30369795918367, -4.30366734693877, -4.30363673469387, -4.30360612244897, -4.30357551020408, -4.30354489795918, -4.30351428571428, -4.30348367346938, -4.30345306122448, -4.30342244897959, -4.30339183673469, -4.30336122448979, -4.30333061224489, -4.30329999999999, -4.3048, -4.30753468113837, -4.31557375807883, -4.3286915554239, -4.34666239776673, -4.36926060969186, -4.39626051577612, -4.42743644058964, -4.46256270869681, -4.50141364465734, -4.54376357302731, -4.58938681836026, -4.63805770520825, -4.68955055812299, -4.74363970165688, -4.80009946036408, -4.85870415880154, -4.9192281215299, -4.98144567311433, -5.04513113812523, -5.11005884113878, -5.17600310673724, -5.2427382595091, -5.3100386240489, -5.37767852495691, -5.44543228683843, -5.51307423430296, -5.58037869196306, -5.64711998443314, -5.71307243632804, -5.77801037226156, -5.84170811684502, -5.90393999468581, -5.96448033038607, -6.02310344854155, -6.07958367374056, -6.1336953305632, -6.18521274358075, -6.23391023735534, -6.27956213643971, -6.32194276537722, -6.360826448702, -6.39598751093922, -6.42720027660548, -6.45423907020923, -6.47687821625128, -6.49489203922533, -6.50805486361853, -6.51614101391199, -6.51892481458132, -4.3048, -4.30753765933418, -4.31558524220213, -4.3287166457986, -4.34670576732189, -4.36932650396776, -4.39635275292612, -4.4275584113794, -4.46271737650212, -4.50160354546114, -4.54399081541654, -4.58965308352282, -4.63836424693027, -4.6898982027866, -4.74402884823854, -4.80053008043354, -4.85917579652131, -4.91973989365524, -4.98199626899365, -5.04571881970067, -5.11068144294681, -5.17665803590904, -5.24342249577052, -5.31074871971974, -5.37841060494927, -5.44618204865407, -5.51383694802958, -5.5811492002695, -5.6478927025636, -5.71384135209567, -5.7787690460417, -5.84244968156853, -5.90465715583295, -5.96516536598153, -6.02374820915093, -6.08017959688449, -6.13423354544786, -6.18568425930733, -6.23430620954239, -6.27987419276231, -6.32216337716029, -6.36094932418107, -6.39600799517294, -6.42711574041063, -6.4540492768119, -6.47658565898151, -6.49450224819033, -6.50757668412205, -6.51558686239146, -6.51831091811609, -4.3048, -4.30754320725939, -4.31560669194753, -4.32876360858873, -4.34678711173133, -4.36945035592935, -4.39652649573142, -4.42778868567458, -4.46301008028111, -4.50196383405765, -4.54442310149556, -4.59016103707244, -4.63895079525422, -4.69056553049778, -4.74477839725377, -4.8013625499696, -4.86009114309235, -4.9207373310715, -4.9830742683613, -5.04687510942263, -5.11191300872423, -5.17796112074315, -5.2447925999644, -5.31218060087968, -5.3798982779854, -5.44771878577988, -5.51541527876018, -5.58276091141858, -5.64952883823921, -5.71549221369501, -5.78042419224548, -5.84409792833534, -5.90628657639448, -5.96676329083913, -6.02530122607439, -6.08167357877426, -6.13565386225505, -6.1870161601974, -6.23553536492212, -6.28098735660028, -6.3231491434677, -6.36179892790745, -6.39671612696299, -6.42768133949248, -6.45447627883532, -6.47688368522684, -6.49468723184529, -6.50767143916507, -6.51562160684494, -6.51832376400018, -4.3048, -4.3075487336283, -4.31562805790186, -4.32881038710806, -4.34686813557875, -4.36957371765958, -4.39669954769135, -4.42801803999906, -4.4633016088863, -4.50232266863287, -4.54485363349497, -4.59066691770683, -4.6395349354836, -4.6912301010249, -4.74552482851892, -4.80219153214665, -4.8610026260862, -4.92173052451674, -4.98414764162207, -5.04802639159346, -5.11313918863145, -5.17925844694673, -5.24615658075971, -5.31360600429885, -5.38137913179785, -5.44924837749187, -5.51698615561302, -5.58436488038561, -5.6511569660215, -5.7171348267162, -5.78207087664609, -5.84573752996719, -5.90790720081585, -5.96835230331136, -6.02684525156064, -6.08315852724709, -6.13706513767186, -6.18833903955881, -6.23675553695065, -6.28209158074546, -6.3241260031641, -6.36263962845617, -6.39741530755406, -6.42823786377597, -6.45489398083633, -6.4771720570322, -6.49486204873046, -6.50775532766182, -6.51564456747146, -6.51832366092469, -4.3048, -4.30755422824537, -4.31564930118368, -4.32885689720481, -4.34694869476347, -4.36969637233625, -4.39687160839537, -4.42824608139317, -4.46359146975382, -4.50267945186977, -4.54528170610145, -4.59116991077924, -4.64011574420705, -4.69189088466684, -4.74626701042393, -4.80301579973255, -4.86190893084146, -4.9227180819992, -4.9852149314588, -5.04917115748152, -5.11435843833941, -5.18054845231644, -5.24751287770803, -5.31502339281904, -5.38285167596012, -5.4507694054429, -5.5185482595742, -5.58595991665003, -5.65277605494972, -5.71876835273109, -5.78370848822719, -5.84736813964517, -5.90951898516769, -5.969932702957, -6.0283809711617, -6.08463555827841, -6.1384689644733, -6.18965501528364, -6.23796941892033, -6.28319018616415, -6.3250979591788, -6.36347616704869, -6.39811107485373, -6.42879170833721, -6.45530969765374, -6.4774590737284, -6.49503604955682, -6.50783882077504, -6.51566740716626, -6.51832353703498, -4.3048, -4.30755969125012, -4.31567042233314, -4.32890314006305, -4.34702879133885, -4.36981832308951, -4.39704268224006, -4.42847281569163, -4.46387967031046, -4.50303419292313, -4.54570733031589, -4.59167002923692, -4.64069323640052, -4.69254789849269, -4.74700496217763, -4.80383537410456, -4.86281008091464, -4.92370002924759, -4.98627616574742, -5.05030943706721, -5.11557078987224, -5.18183117084153, -5.24886152666732, -5.31643280405256, -5.38431594970664, -5.45228191033939, -5.52010163265416, -5.58754606334046, -5.65438614906689, -5.72039283647548, -5.78533707217785, -5.84898980275423, -5.91112197475556, -5.97150453470905, -6.02990842912704, -6.08610471511667, -6.13986538459641, -6.19096412769986, -6.23917704928047, -6.28428320920086, -6.32606504558384, -6.3643085753894, -6.39880345818859, -6.42934290021062, -6.45572345422016, -6.4777447584483, -6.49520925607637, -6.50792193941509, -6.51569014665982, -6.51832341366688, -4.3048, -4.30756512281862, -4.31569142203036, -4.32894911717065, -4.34710842788005, -4.36993957383705, -4.39721277471673, -4.42869825016617, -4.46416621979094, -4.50338690314907, -4.54613051974997, -4.59216728905698, -4.64126743049225, -4.69320116344331, -4.74773870727071, -4.80465028131618, -4.86370610491088, -4.9246763973832, -4.98733137806572, -5.05144126630085, -5.1167762814447, -5.18310664286884, -5.25020256995984, -5.31783428211632, -5.38577199874389, -5.45378593924816, -5.52164632302653, -5.58912336945956, -5.65598729790279, -5.72200832768004, -5.78695667807922, -5.85060256835134, -5.91271621771338, -5.97306784535528, -6.03142767045086, -6.08756604050966, -6.14125443810477, -6.19226641378573, -6.24037846158142, -6.28537067971484, -6.32702728835314, -6.36513687545881, -6.39949247553857, -6.42989145348102, -6.45613526095282, -6.47802911829798, -6.49538167257465, -6.5080046856752, -6.51571278662094, -6.51832329097334, -4.3048, -4.30757052301453, -4.31571230052122, -4.32899482906561, -4.34718760531834, -4.37006012599589, -4.39738188781186, -4.42892238744779, -4.46445112153712, -4.5037375866579, -4.54655127933134, -4.59266169602463, -4.64183833315648, -4.69385068710471, -4.74846825421503, -4.80546053081049, -4.86459701320107, -4.92564719769267, -4.98838058059529, -5.05256665822952, -5.11797492693109, -5.184374883053, -5.25153602296493, -5.31922784305001, -5.38721983969886, -5.45528150930169, -5.52318234823881, -5.59069185287071, -5.65757951952871, -5.72361484450741, -5.78856732405993, -5.85220645439708, -5.91430173169094, -5.9746226520832, -6.03293871169829, -6.08901955023649, -6.14263613983155, -6.19356188727968, -6.24157366833838, -6.28645260889968, -6.32798469727148, -6.36596107556726, -6.40017813370548, -6.43043737344873, -6.45654512170667, -6.47831215579922, -6.49555330041339, -6.50808705999466, -6.51573532687058, -6.5183231685286, -4.3048, -4.30757589221135, -4.31573305925005, -4.32904027891058, -4.34726632913233, -4.3701799879085, -4.39755003322983, -4.42914524305103, -4.46473439527214, -4.50408626772999, -4.54696963819644, -4.59315328438138, -4.64240598393902, -4.69449651447638, -4.74919365356334, -4.80626617874328, -4.86548286754399, -4.92661249748794, -4.98942384610156, -5.05368569092265, -5.1191668095056, -5.18563597942381, -5.25286197826913, -5.32061358364814, -5.38865957317554, -5.45676872446513, -5.52470981511913, -5.59225162271704, -5.65916292480504, -5.72521249888761, -5.79016912242226, -5.85380157281878, -5.91587862744356, -5.97616906362934, -6.03444165869034, -6.09046534627479, -6.14401058697229, -6.19485063966718, -6.24276275443119, -6.28752907418709, -6.32893734155253, -6.36678123603003, -6.4008604835302, -6.43098070102014, -6.45695306751772, -6.47859389271293, -6.49572415320997, -6.50816906951855, -6.51575777029456, -6.51832304771493, -4.3048, -4.30758123044006, -4.31575369833504, -4.32908546696152, -4.34734459976069, -4.37029916023545, -4.39771721188669, -4.4293668181753, -4.46501604250098, -4.50443294819244, -4.54738559850534, -4.59364205662546, -4.64297038567574, -4.69513864872573, -4.74991490880273, -4.80706722890379, -4.86636367200786, -4.92757230108736, -4.99046117911847, -5.05479836908956, -5.12035193400703, -5.18688993689803, -5.25418044080989, -5.321991508806, -5.39009120395844, -5.45824758933794, -5.52622872800202, -5.59380268298251, -5.6607375172739, -5.72680129382397, -5.79176207552812, -5.85538792522863, -5.91744690571974, -5.9777070797588, -6.03593651008344, -6.09190342605953, -6.1453777756607, -6.19613266575476, -6.24394571338867, -6.28860006797341, -6.32988521272026, -6.36759734789054, -6.40153951611351, -6.43152142804887, -6.45735909145474, -6.47887432355889, -6.49589422694969, -6.50825071149419, -6.51578011498271, -6.51832292683021, -4.3048, -4.30758653789923, -4.31577421854336, -4.32913039489697, -4.34742242010892, -4.37041764739757, -4.39788342997975, -4.42958712102833, -4.46529607364852, -4.50477764086682, -4.54779917562858, -4.59412803080151, -4.64353155918329, -4.69577711351202, -4.75063204647857, -4.80786371073977, -4.86723945893186, -4.92852664368331, -4.99149261762624, -5.05590473340573, -5.1215303436863, -5.18813680115498, -5.25549145852072, -5.32336166850981, -5.39151478385783, -5.45971815729858, -5.527739141551, -5.59534508930545, -5.6623033532109, -5.72838128586466, -5.79334623980627, -5.85696556751682, -5.91900662142475, -5.97923675391836, -6.03742331736507, -6.09333383860904, -6.14673775194728, -6.19740800815854, -6.24512258397947, -6.28966562484042, -6.33082834092321, -6.36840943672728, -6.40221525245106, -6.43205957107053, -6.45776320586079, -6.47915345690667, -6.49606352700425, -6.50833198883104, -6.5158023622799, -6.51832280671528, -4.3048, -4.30759181478704, -4.31579462064051, -4.32917506439176, -4.34749979307599, -4.3705354538056, -4.398048693692, -4.42980615979864, -4.46557449911491, -4.50512035854381, -4.54821038489918, -4.59461122490941, -4.64408952522579, -4.69641193243389, -4.75134509306702, -4.80865565362073, -4.86811026056752, -4.92947556037087, -4.9925181994978, -5.05700482442904, -5.1227020816662, -5.18937661773516, -5.25679507918539, -5.32472411258504, -5.39293036451213, -5.46118048154247, -5.52924111023538, -5.59687889711872, -5.66386048867495, -5.72995253133, -5.7949216714466, -5.8585345553238, -5.92055782920336, -5.98075813928372, -6.03890213174127, -6.09475663265001, -6.14809056158049, -6.19867670918153, -6.24629340464677, -6.29072577903012, -6.33176675595274, -6.36921752774011, -6.40288771313331, -6.43259514618259, -6.4581654226001, -6.47943130079732, -6.49623205815677, -6.50841290377817, -6.51582451278562, -6.51832268736617, -4.3048, -4.3075970613001, -4.31581490538598, -4.32921947710762, -4.34757672153819, -4.37065258383581, -4.39821300915808, -4.43002394261072, -4.465851329219, -4.50546111391416, -4.54861924153031, -4.59509165680839, -4.64464430440516, -4.69704312890557, -4.75205407483734, -4.80944308668672, -4.86897610891443, -4.93041908597096, -4.99353796231023, -5.05809868240063, -5.12386719073283, -5.19060943182352, -5.25809135021468, -5.3260788904683, -5.39433799715681, -5.46263461484999, -5.53073468809954, -5.59840416142285, -5.66540897928792, -5.73151508610134, -5.7964884262012, -5.86009494385662, -5.9221005832749, -5.98227128861683, -6.04037300401996, -6.09617185653055, -6.14943624995363, -6.19993881079864, -6.24745821353592, -6.2917805645194, -6.33270048736973, -6.37002164593403, -6.40355691859143, -6.43312816935775, -6.45856575344462, -6.47970786320883, -6.49639982515217, -6.50849345856569, -6.51584656709292, -6.51832256877692, -4.3048, -4.30760227763347, -4.31583507353337, -4.32926363469332, -4.34765320834939, -4.37076904183035, -4.39837638246482, -4.43024047752576, -4.46612657419921, -4.50579991956968, -4.54902576061657, -4.59556934421846, -4.64519591716273, -4.69767072615885, -4.75275901785416, -4.81022603885078, -4.86983703572291, -4.93135725503332, -4.99455194334801, -5.05918634724829, -5.12502571333913, -5.19183528825326, -5.25938031865038, -5.32742605121152, -5.39573773262874, -5.46408060959102, -5.53221992876767, -5.59992093679087, -5.66694888023946, -5.73306900562601, -5.79804655938932, -5.86164678789399, -5.92363493743828, -5.98377625427078, -6.04183598461567, -6.0975795582248, -6.15077486210938, -6.20119435466103, -6.24861704849844, -6.29283001502388, -6.33362956450812, -6.37082181612239, -6.40422288910026, -6.43365865644674, -6.45896421007655, -6.47998315205848, -6.49656683269932, -6.50857365540683, -6.51586852579036, -6.51832245094164, -4.3048, -4.30760747684107, -4.31585517551153, -4.32930764748498, -4.34772944449675, -4.37088511838244, -4.39853922097804, -4.43045630405994, -4.46640091931132, -4.50613761830623, -4.54943095250577, -4.5960454732625, -4.64574573183081, -4.69829627938115, -4.75346166701687, -4.81100644579247, -4.87069516673208, -4.93229238084716, -4.99556263915232, -5.06027049267823, -5.12618049248062, -5.19305718964471, -5.2606651352844, -5.32876888053618, -5.3971329765482, -5.46552197446511, -5.53370042541029, -5.60143288046717, -5.66848389066193, -5.73461800694963, -5.79959978020633, -5.86319376122865, -5.92516450074238, -5.98527654942049, -6.04329445791039, -6.0989829603702, -6.15210942597602, -6.20244614103054, -6.24977244920049, -6.29387638556252, -6.33455594258624, -6.37161968748299, -6.40488697048483, -6.43418766154838, -6.45936157544289, -6.48025770867037, -6.49673341898773, -6.50865367680754, -6.51589047211611, -6.51832238321199, -4.3048, -4.3076126502806, -4.31587517791088, -4.32935144234154, -4.34780530330409, -4.37100062063795, -4.39870125418339, -4.43067106371723, -4.46667390891675, -4.50647364934262, -4.54983414443465, -4.59651925351654, -4.64629283580683, -4.69891875043411, -4.75416085645497, -4.8117830128735, -4.87154907866099, -4.93322291277485, -4.99656837417554, -5.06134932184031, -5.12732961477291, -5.19427311200827, -5.26194367261169, -5.33010515567238, -5.39852142029177, -5.4669563255674, -5.53517373057394, -5.60293749434337, -5.67001147584643, -5.73615953397802, -5.80114552754875, -5.86473331528464, -5.9266867558364, -5.98676970779879, -6.04474602973985, -6.10037976372138, -6.15343776185382, -6.20369213620486, -6.2509225562282, -6.2949180122525, -6.3354781674572, -6.37241402278346, -6.40554814258853, -6.43471437473267, -6.45975723598613, -6.48053109500432, -6.49689929364133, -6.50873334520655, -6.51591229947925, -6.51832228112856, -4.3048, -4.30761781101337, -4.31589513117097, -4.32939512958992, -4.34788097568719, -4.37111583899531, -4.39886288904809, -4.43088529531204, -4.46694622714786, -4.50680885379211, -4.55023634435268, -4.59699186781373, -4.64683859304735, -4.69953968882962, -4.7548583238598, -4.81255766678094, -4.87240088620091, -4.9341511507125, -4.99757162891141, -5.06242548941091, -5.12847590085217, -5.19548603190922, -5.26321905128816, -5.33143812772033, -5.39990642994983, -5.46838712671646, -5.53664338673563, -5.60443837867721, -5.67153527114595, -5.737697232666, -5.80268743167196, -5.86626903650872, -5.92820521544134, -5.98825913667584, -6.04619396839038, -6.10177306223989, -6.15476275224737, -6.20493498136859, -6.25206974687186, -6.29595699322054, -6.33639805013637, -6.37320634531568, -6.40620764771569, -6.43523977141054, -6.46015192168399, -6.48080382443732, -6.49706478964553, -6.50881285678647, -6.51593411823002, -6.51832222756207, -4.3048, -4.30762294602385, -4.31591498502876, -4.32943859928876, -4.34795627139669, -4.37123048406852, -4.39902372002194, -4.43109846190353, -4.4672171922478, -4.50714239345765, -4.55063654779951, -4.59746213740855, -4.64738164430091, -4.7001575503908, -4.75555233751071, -4.81332848743331, -4.87324848189368, -4.93507480261063, -4.99856993130576, -5.06349634971899, -5.12961653961954, -5.19669298281121, -5.26448816113151, -5.33276455644451, -5.4012846506276, -5.4698109255535, -5.53810586306896, -5.60593194497242, -5.67305165299332, -5.73922746877574, -5.80422187386903, -5.86779734972768, -5.92971637772194, -5.98974143915988, -6.04763501532056, -6.1031597709429, -6.1560815227542, -6.20617204237535, -6.25321164958178, -6.29699123453199, -6.3373137820111, -6.37399513219397, -6.40686424181863, -6.4357628721954, -6.46054489635105, -6.48107537524573, -6.49722956372215, -6.50889200342317, -6.51595580483287, -6.51832212572635, -4.3048, -4.30762805545482, -4.3159347400385, -4.32948185265551, -4.34803119254804, -4.3713445590889, -4.3991837516531, -4.43131056954074, -4.46748681193358, -4.5074742778744, -4.55103476626172, -4.59793007585527, -4.64792200528892, -4.70077235308862, -4.7562429176938, -4.81409549748043, -4.87409189078452, -4.93599389592462, -4.99956331122194, -5.06456193501679, -5.13075156568012, -5.19789400161921, -5.26575104127669, -5.33408448312304, -5.40265612564266, -5.47122776731487, -5.53956120659145, -5.60741824187316, -5.67456067148788, -5.7407502936734, -5.80574890656762, -5.86931830820848, -5.93122029654526, -5.99121666946197, -6.04906922481249, -6.10453994389357, -6.15739412692821, -6.20740337199685, -6.25434831610978, -6.29802078673334, -6.33822541230555, -6.37478043128589, -6.40751797146894, -6.43628372252848, -6.46093620457674, -6.48134579156469, -6.49739366007306, -6.50897083003286, -6.51597740569427, -6.51832202442355, -4.3048, -4.30763313944613, -4.31595439674051, -4.32952489087259, -4.34810574118833, -4.37145806717176, -4.3993429883096, -4.43152162400987, -4.46775509355603, -4.5078045160852, -4.5514310105825, -4.59839569588681, -4.64845969070426, -4.7013841136272, -4.75693008315663, -4.81485871772648, -4.87493113572836, -4.93690845553525, -5.00055179552264, -5.0656222740859, -5.13188100965244, -5.19908912068762, -5.26700772569388, -5.33539794320277, -5.40402089176034, -5.47263768990717, -5.54100945615477, -5.60889730896089, -5.67606236670654, -5.74226574767799, -5.80726857005647, -5.87083195191815, -5.93271701124616, -5.99268486595531, -6.05049663392912, -6.10591361647705, -6.15870059810652, -6.208629001167, -6.25547977466391, -6.29904567503381, -6.33913296302275, -6.37556226126043, -6.40816885196566, -6.43680233440459, -6.46132585522688, -6.48161507942179, -6.4975570822982, -6.50904933832116, -6.51599892128353, -6.51832192367002, -4.3048, -4.30763819813668, -4.31597395567155, -4.32956771511462, -4.34817991935114, -4.37157101141186, -4.39950143433068, -4.43173163105899, -4.46802204441752, -4.50813311707326, -4.55182529153357, -4.59885901015207, -4.64899471514288, -4.70199284860043, -4.757613852523, -4.81561816883826, -4.87576623942917, -4.93781850615889, -5.00153541089299, -5.06667739551766, -5.13300490195248, -5.20027837215672, -5.26825824812834, -5.33670497189568, -5.40537898550222, -5.47404073098554, -5.54245065035264, -5.610369185554, -5.67755677845963, -5.74377387084005, -5.80878090435568, -5.87233832055683, -5.93420656089639, -5.99414606675588, -6.05191727948441, -6.10728082384006, -6.16000096940082, -6.20984896060951, -6.25660605325939, -6.30006592446881, -6.34003645601214, -6.37634064065402, -6.40881689849637, -6.43731871972767, -6.46171385709575, -6.4818832447904, -6.49771983395789, -6.50912752996523, -6.5160203520483, -6.51832182346218, -4.3048, -4.30764323516566, -4.31599343090549, -4.32961035620245, -4.34825378043329, -4.37168347312772, -4.39965920381901, -4.43194074195421, -4.46828785684354, -4.50846031763619, -4.55221789331405, -4.59932035269788, -4.64952746446215, -4.7025989971558, -4.75829471922685, -4.81637439904914, -4.87659780494946, -4.93872470523363, -5.00251486820977, -5.06772806220734, -5.1341240555906, -5.20146261676514, -5.26950351417692, -5.33800651630356, -5.40673139163836, -5.47543790866839, -5.5438858358486, -5.61183494157473, -5.67904499415822, -5.74527576180644, -5.81028701261151, -5.87383851455047, -5.9356900354986, -5.99560134325671, -6.05333220559217, -6.10864257366427, -6.16129620244051, -6.21106415583179, -6.25772799077946, -6.30108229637966, -6.34093656375561, -6.37711614570029, -6.40946258759925, -6.43783325584426, -6.46210049280079, -6.48215048398603, -6.49788203746179, -6.50920546983689, -6.51604172566415, -6.51832173859547, -4.3048, -4.30764824714218, -4.31601280932718, -4.32965278541193, -4.34832727466569, -4.37179537651802, -4.39981619040252, -4.43214881566284, -4.46855235149967, -4.50878589694542, -4.55260855085756, -4.5997794119251, -4.65005757868399, -4.70320214953882, -4.75897222278855, -4.81712689665438, -4.87742526930817, -4.93962643889959, -5.00348950358053, -5.06877356152498, -5.13523771094305, -5.20264105008789, -5.27074267725466, -5.33930169077142, -5.40807718898254, -5.47682827022574, -5.54531403280514, -5.61329357496297, -5.68052599485337, -5.74677039052181, -5.81178585989346, -5.87533150077341, -5.93716641086066, -5.99704968777674, -6.05474042910862, -6.10999791581823, -6.16258538904497, -6.21227373002177, -6.25884479169309, -6.30209406693868, -6.34183264507474, -6.37788822501312, -6.41010546103023, -6.4383455772174, -6.4624854852992, -6.48241660047394, -6.49804356502763, -6.50928308338355, -6.5160630015198, -6.51832163934645, -4.3048, -4.30765323419575, -4.31603209143761, -4.32969500384063, -4.34840040395055, -4.37190672448078, -4.39997239814921, -4.43235585758007, -4.46881553524855, -4.50910986345432, -4.55299727431455, -4.60023619977061, -4.6505850716041, -4.70380232145947, -4.75964638087084, -4.81787568129101, -4.87824865412114, -4.94052373073904, -5.00445934252461, -5.06981392088062, -5.13634589724732, -5.20381370310963, -5.27197576999613, -5.34059052946961, -5.40941641310969, -5.47821185248902, -5.54673527914513, -5.61474512455099, -5.68199982008775, -5.74825779702329, -5.81327748650017, -5.8768173195359, -5.93863572703762, -5.99849113983199, -6.05614198871, -6.11134688782062, -6.1638685652566, -6.21347771744299, -6.25995648821577, -6.30310126609394, -6.34272472749634, -6.37865690362356, -6.41074554134131, -6.43885570403766, -6.46286885264628, -6.48268161051483, -6.49820443158089, -6.5093603847766, -6.5160841937371, -6.51832154061634, -4.3048, -4.30765819646183, -4.3160512777603, -4.32973701263418, -4.34847317027131, -4.37201752003444, -4.4001278312913, -4.43256187331222, -4.46907741521249, -4.50943222592464, -4.5533840741912, -4.60069072857158, -4.65110995745877, -4.70439952910284, -4.7603172116388, -4.81862077311689, -4.87906798153335, -4.94141660485997, -5.00542441107047, -5.07084916816221, -5.13744864417137, -5.20498060718045, -5.27320282531727, -5.34187306674509, -5.41074909964463, -5.47958869218922, -5.54814961251561, -5.61618962869336, -5.68346650869644, -5.74973802038104, -5.814761931473, -5.87829600956819, -5.94009802214783, -5.9999257366097, -6.05753692031477, -6.11268952396503, -6.16514576338538, -6.21467614807761, -6.261063107689, -6.30410391828148, -6.34361283234966, -6.37942219962979, -6.41138284336434, -6.43936364793384, -6.46325060343733, -6.48294551995207, -6.49836464061084, -6.50943737566821, -6.51610530276902, -6.51832144241853, -4.3048, -4.30766313407503, -4.31607036881533, -4.32977881293074, -4.34854557559841, -4.37212776617767, -4.40028249403327, -4.43276686842889, -4.46933799846714, -4.50975299306073, -4.55376896092486, -4.60114301058436, -4.65163225039099, -4.70499378854785, -4.76098473313836, -4.81936219215762, -4.87988327354447, -4.94230508521213, -5.00638473507566, -5.07187933107447, -5.13854598118817, -5.20614179344434, -5.27442387591748, -5.3431493367188, -5.41207528397756, -5.48095882581527, -5.54955707031538, -5.61762712549152, -5.68492609925803, -5.75121109940692, -5.81623923359491, -5.87976760934384, -5.94155333405664, -6.00135351504982, -6.05892525960203, -6.11402585831591, -6.1664170155247, -6.2158690517059, -6.26216467726919, -6.30510204777065, -6.34449698081683, -6.38018413100317, -6.41201738182477, -6.43986942044833, -6.46363074620002, -6.48320833457825, -6.49852419557022, -6.50951405768495, -6.51612632904974, -6.51832134474956, -4.3048, -4.30766804716908, -4.3160893651194, -4.32982040586104, -4.34861762188948, -4.37223746588965, -4.40043639055229, -4.43297084846347, -4.46959729204217, -4.51007217351035, -4.55415194488502, -4.60159305798558, -4.65215196445177, -4.70558511576896, -4.76164896329818, -4.8200999583087, -4.88069455201121, -4.94318919558965, -5.00734034022972, -5.07290443714218, -5.13963793757932, -5.20729729284306, -5.27563895428386, -5.34441937329016, -5.41339500126901, -5.48232228961935, -5.55095768970063, -5.61905765279982, -5.68637863010096, -5.75267707266123, -5.8177094313976, -5.88123215708726, -5.94300170038429, -6.00277451185337, -6.06030704202027, -6.11535592471774, -6.16768235356094, -6.21705645791631, -6.26326122393805, -6.30609567867491, -6.34537719394413, -6.38094271560002, -6.41264917135398, -6.44037303304988, -6.46400928940766, -6.4834700601491, -6.49868309988987, -6.50959043244307, -6.51614727301069, -6.51832124760602, -4.3048, -4.30767293587681, -4.31610826718587, -4.32986179254849, -4.34868931108946, -4.3723466221302, -4.40058952499841, -4.43317381891342, -4.46985530292159, -4.51038977586512, -4.55453303637387, -4.60204088287287, -4.65266911360097, -4.70617352663694, -4.76230991993059, -4.82083409133652, -4.88150183864849, -4.94406895963235, -5.00829125205563, -5.07392451371163, -5.14072454243653, -5.20844713611778, -5.27684809269297, -5.34568321013894, -5.41470828645169, -5.48367911961882, -5.55235150758691, -5.62048124822753, -5.68782413930562, -5.7541359784548, -5.81917256316356, -5.88268969077576, -5.94444315850796, -6.0041887634844, -6.06168230278928, -6.11667975679682, -6.16894180917514, -6.21823839610702, -6.264352774504, -6.30708483495309, -6.34625349264312, -6.38169797116252, -6.41327822648996, -6.44087449713417, -6.46438624147968, -6.48373070238382, -6.49884135697885, -6.5096665015486, -6.51616813508059, -6.5183211509845, -4.3048, -4.30767780033024, -4.31612707552475, -4.3299029741092, -4.34876064513066, -4.37245523783998, -4.40074190149476, -4.4333757852406, -4.47011203804418, -4.51070580866101, -4.55491224562685, -4.6024864972655, -4.65318371170803, -4.70675903691979, -4.76296762073256, -4.8215646108795, -4.88230515503063, -4.94494440082697, -5.00923749591109, -5.07493958795208, -5.14180582466323, -5.20959135381073, -5.2780513232125, -5.346940880727, -5.41601517423239, -5.48502935159811, -5.55373856065115, -5.62189794914085, -5.68926266470636, -5.755587854851, -5.82062866692811, -5.88414024814157, -5.94587774556377, -6.00559630617187, -6.06305107690195, -6.11799738796307, -6.17019541384469, -6.21941489548743, -6.26543935560362, -6.30806954041068, -6.34712589769174, -6.38244991531968, -6.41390456167814, -6.44137382402442, -6.46476161078208, -6.48399026696535, -6.49899897022465, -6.50974226659741, -6.51618891568545, -6.51832105488165, -4.3048, -4.30768264066049, -4.31614579064278, -4.32994395165207, -4.34883162593288, -4.37256331594061, -4.40089352413781, -4.43357675287149, -4.47036750430381, -4.51102028037874, -4.55528958281319, -4.60292991310497, -4.65369577255266, -4.7073416622835, -4.76362208328661, -4.82229153644903, -4.88310452259245, -4.94581554250842, -5.01017909698993, -5.07594968685723, -5.14288181297609, -5.2107299762668, -5.279248677703, -5.34819241830008, -5.41731569909376, -5.48637302111065, -5.55511888533349, -5.62330779266486, -5.69069424389344, -5.75703273966774, -5.82207778048138, -5.88558386667377, -5.94730549844865, -6.00699717591162, -6.06441339912617, -6.11930885141172, -6.17144319884498, -6.22058598507974, -6.26652099370297, -6.309049818701, -6.34799442973532, -6.38319856558819, -6.41452819127204, -6.44187102497195, -6.4651354056278, -6.48424875954065, -6.49915594299337, -6.50981772917531, -6.51620961524862, -6.51832095929412, -4.3048, -4.30768745699786, -4.31616441304338, -4.32998472627884, -4.34890225540355, -4.37267085933483, -4.40104439699758, -4.43377672719756, -4.47062170854984, -4.51133319944431, -4.55566505803647, -4.6033711422557, -4.65420530982562, -4.70792141829297, -4.76427332506178, -4.82301488743061, -4.88389996263046, -4.94668240786104, -5.0111160803234, -5.07695483724661, -5.14395253590653, -5.21186303363519, -5.28044018781956, -5.3494378558896, -5.41860989529617, -5.4877101634807, -5.55649251783934, -5.62471081568547, -5.69211891421507, -5.75847067047948, -5.82351994137036, -5.88702058362036, -5.94872645382236, -6.00839140846822, -6.0657693040066, -6.12061418012511, -6.17268519525098, -6.22175169372042, -6.267597715099, -6.31002569332649, -6.3488591092877, -6.38394393937335, -6.41514912953409, -6.44236611115678, -6.46550763427717, -6.48450618572102, -6.49931227862984, -6.50989289085811, -6.51623023419075, -6.5183208642186, -4.3048, -4.3076922494718, -4.31618294322678, -4.33002529908413, -4.34897253543778, -4.37277787090668, -4.40119452411783, -4.4339757135755, -4.47087465758746, -4.51164457422934, -4.55603868133512, -4.6038101965056, -4.65471233712942, -4.70849832041273, -4.7649213634145, -4.8237346830848, -4.88469149630392, -4.94754501991977, -5.0120484707815, -5.07795506576698, -5.1450180218022, -5.21299055587092, -5.28162588501346, -5.35067722631431, -5.4198977968795, -5.48904081380525, -5.55785949414114, -5.62610705485141, -5.69353671277934, -5.7599016846192, -5.82495518690077, -5.8884504359901, -5.95014064810935, -6.00977903937681, -6.06711882586649, -6.12191340687437, -6.1739214339389, -6.22291205006172, -6.2686695459209, -6.31099718763987, -6.34971995673227, -6.38468605396998, -6.41576739063629, -6.44285909368815, -6.46587830493834, -6.48476255108233, -6.49946798045783, -6.50996775321172, -6.51625077292989, -6.5183207696518, -4.3048, -4.30769701821092, -4.31620138168994, -4.33006567115552, -4.34904246791847, -4.37288435352162, -4.40134390951629, -4.43417371732754, -4.47112635817808, -4.51195441305162, -4.55641046268297, -4.60424708756676, -4.65521686797904, -4.70907238400786, -4.76556621558956, -4.82445094254824, -4.885479144636, -4.94840340157143, -5.0129762930743, -5.07895039889378, -5.14607829882852, -5.21411257273649, -5.28280580053382, -5.35191056218208, -5.42117943766491, -5.49036500695585, -5.55921984998036, -5.6274965465761, -5.69494767645616, -5.76132581918032, -5.82638355413909, -5.88987346055453, -5.95154811750072, -6.01116010394502, -6.06846199880949, -6.1232065642211, -6.17515194558778, -6.22406708257316, -6.26973651213144, -6.31196432484537, -6.350576992323, -6.38542492656324, -6.41638298866099, -6.44334998360516, -6.46624742576768, -6.48501786116534, -6.49962305178022, -6.51004231779223, -6.51627123188147, -6.51832067559048, -4.3048, -4.30770176330596, -4.31621972878359, -4.33010584326081, -4.34911205417536, -4.37299030920401, -4.40149255603244, -4.43437074221652, -4.47137681510403, -4.51226272179687, -4.55678040914082, -4.60468182373454, -4.65571891195172, -4.70964361997256, -4.76620789382106, -4.82516367940563, -4.88626292256047, -4.94925756908521, -5.01389956478051, -5.07994085547719, -5.14713338705681, -5.2152291054619, -5.28397995669469, -5.35313788680408, -5.42245484186164, -5.4916827679285, -5.56057361101635, -5.62887931704654, -5.69635183181235, -5.76274310094943, -5.8278050699194, -5.89128968401074, -5.95294888835993, -6.01253462799385, -6.06979884789308, -6.12449367622605, -6.17637675300775, -6.22521681255592, -6.270798633276, -6.31292712251267, -6.35143023147576, -6.38616057029165, -6.41699593441166, -6.44383878939362, -6.46661500303298, -6.48527212020731, -6.49977749508307, -6.51011658570848, -6.51629161124743, -6.51832058189699, -4.3048, -4.3077064848693, -4.31623798494204, -4.33014581635045, -4.34918129585405, -4.3730957404583, -4.40164046717797, -4.43456679289457, -4.47162603427575, -4.51256950773642, -4.55714852942825, -4.60511441524883, -4.65621848086445, -4.71021204174244, -4.76684641318945, -4.82587291039324, -4.88704284846514, -4.95010754248083, -5.01481830751693, -5.08092645868092, -5.14818331113235, -5.21634018009328, -5.28514838084708, -5.354359228725, -5.42372403908156, -5.4929941272605, -5.56192080855474, -5.6302553981644, -5.697749211158, -5.76415356244216, -5.82921976674472, -5.89269913861576, -5.95434299244929, -6.01390264252693, -6.07112940308294, -6.12577477152242, -6.17759588320178, -6.22636126509543, -6.27185593225953, -6.31388560114156, -6.35227969211184, -6.38689300038804, -6.41760624039666, -6.444325520884, -6.46698104402321, -6.48552533318724, -6.49993131336628, -6.51019055841416, -6.51631191147175, -6.51832048864661, -4.3048, -4.30771118302796, -4.31625615065607, -4.33018559149852, -4.34925019481406, -4.37320065011433, -4.40178764692072, -4.43476187461782, -4.47187402237069, -4.51287477908483, -4.55751483339538, -4.60554487367649, -4.65671558806472, -4.71077766449221, -4.767481790726, -4.8265786544109, -4.88781894311314, -4.95095334436219, -5.01573254568837, -5.0819072346536, -5.14922809887311, -5.21744582602627, -5.28631110385532, -5.35557462015158, -5.42498706273022, -5.49429911939534, -5.56326147789885, -5.63162482589738, -5.69913985091248, -5.76555724029951, -5.83062768123041, -5.89410186069469, -5.95573046552178, -6.01526418242592, -6.07245369807299, -6.12704988228265, -6.17880936648463, -6.22750046832616, -6.27290843474298, -6.3148397836711, -6.35312539425941, -6.38762223385294, -6.41821392055549, -6.44481018901387, -6.46734555683272, -6.48577750562027, -6.50008450993889, -6.51026423749726, -6.51633213301997, -6.51832039589535, -4.3048, -4.30771585790803, -4.31627422641291, -4.33022516977119, -4.34931875290127, -4.37330504098124, -4.40193409919942, -4.43495599260385, -4.47212078601733, -4.51317854399635, -4.55787933081994, -4.60597321049929, -4.65721024680176, -4.71134050328478, -4.76811404333634, -4.82728093021889, -4.88859122711411, -4.95179499716588, -5.01664230351878, -5.08288320934974, -5.15026777789029, -5.21854607243767, -5.28746815635351, -5.3567840930498, -5.42624394596294, -5.49559777851793, -5.56459565408624, -5.63298763594161, -5.70052378721923, -5.76695417088388, -5.83202884971221, -5.89549788629388, -5.95711134305445, -6.01661928230153, -6.07377176629333, -6.1283190404248, -6.18001723292857, -6.22863445015417, -6.273956166175, -6.31578969284578, -6.35396735777099, -6.38834828753076, -6.41881898869114, -6.44529280460322, -6.46770854945593, -6.48602864293702, -6.50023708803795, -6.51033762448262, -6.51635227629886, -6.5183203036396, -4.3048, -4.30772050963479, -4.31629221269664, -4.33026455222787, -4.34938697194976, -4.37340891585019, -4.40207982792763, -4.43514915203684, -4.47236633180168, -4.51348081057298, -4.55824203141705, -4.60639943712553, -4.65770247023996, -4.71190057308662, -4.76874318781792, -4.82797975645744, -4.88935972094585, -4.95263252318494, -5.01754760507714, -5.08385440855789, -5.15130237561852, -5.21964094831767, -5.28861956877989, -5.35798767918135, -5.42749472172314, -5.49689013859473, -5.56592337193064, -5.63434386376526, -5.701901055991, -5.76834439032561, -5.83342330829408, -5.89688725122985, -5.9584856602983, -6.01796797654404, -6.07508364096132, -6.12958227766407, -6.18121951241492, -6.22976323830858, -6.2749991518431, -6.31673535126632, -6.35480560237387, -6.38907117815988, -6.41942145851992, -6.4457733784043, -6.46807002983734, -6.48627875053436, -6.5003890508806, -6.51041072088595, -6.51637234171311, -6.51832021187619, -4.3048, -4.30772513833272, -4.31631010998826, -4.33030373992113, -4.34945485378189, -4.37351227749447, -4.40222483699384, -4.43534135806782, -4.47261066626768, -4.51378158686499, -4.55860294483976, -4.60682356489055, -4.65819227145963, -4.7124578887686, -4.76936924086085, -4.82867515164768, -4.89012444495532, -4.95346594457006, -5.01844847427873, -5.08482085790189, -5.15233191931726, -5.22073048247142, -5.28976537137845, -5.35918541010521, -5.4287394227441, -5.49817623337556, -5.56724466602378, -5.63569354461039, -5.70327169291162, -5.76972793452482, -5.83481109285002, -5.89826999109112, -5.95985345227999, -6.01931029932504, -6.07638935508325, -6.13083962551426, -6.18241623463548, -6.23088686034284, -6.27603741687485, -6.31767678139072, -6.35564014767093, -6.38979092237333, -6.42002134367192, -6.44625192110185, -6.46843000587166, -6.48652783377543, -6.50054040166388, -6.51048352821351, -6.51639232966483, -6.51832012060199, -4.3048, -4.30772974412551, -4.3163279187657, -4.33034273389687, -4.34952240020838, -4.37361512866969, -4.40236913026176, -4.43553261581495, -4.4728537959175, -4.51408088087124, -4.55896208067951, -4.60724560505743, -4.65867966345761, -4.71301246510672, -4.76999221904881, -4.82936713419263, -4.89088541935972, -4.95429528333062, -5.01934493488632, -5.08578258284222, -5.15335643607219, -5.22181470352049, -5.29090559420042, -5.36037731717929, -5.42997808155051, -5.49945609639526, -5.56855957073711, -5.63703671349469, -5.7046357334378, -5.77110483915325, -5.8361922390259, -5.89964614123994, -5.96121475380367, -6.02064628459912, -6.07768894145596, -6.13209111528942, -6.18360742909402, -6.23200534363616, -6.27707098623908, -6.31861400553532, -6.35647101314161, -6.39050753669953, -6.42061865769168, -6.44672844331368, -6.46878848540423, -6.48677589798983, -6.50069114356488, -6.51055604796215, -6.51641224055368, -6.51832002981389, -4.3048, -4.30773432713605, -4.31634563950383, -4.33038153519431, -4.3495896130284, -4.3737174721139, -4.40251271157046, -4.43572293036378, -4.47309572721186, -4.51437870053964, -4.55931944846665, -4.60766556881744, -4.65916465914796, -4.71356431678284, -4.77061213885983, -4.83005572237811, -4.89164266424754, -4.95512056133593, -5.02023701051142, -5.08673960867733, -5.15437595279663, -5.22289363990429, -5.29204026710584, -5.36156343156202, -5.43121073046026, -5.50072976097545, -5.56986812022358, -5.63837340521328, -5.70599321280102, -5.77247513965607, -5.83756678224124, -5.90101573681417, -5.96256959945269, -6.02197596610566, -6.07898243266855, -6.13333677810537, -6.18479312510776, -6.2331187153948, -6.27809988474719, -6.31954704587593, -6.35729821814289, -6.39122103756317, -6.42121341403886, -6.44720295559116, -6.46914547623135, -6.48702294847392, -6.5008412797409, -6.51062828161944, -6.51643207477683, -6.51831993950881, -4.3048, -4.30773888748647, -4.31636327267451, -4.33042014484604, -4.34965649402969, -4.3738193105477, -4.40265558473459, -4.43591230676752, -4.47333646657042, -4.51467505376756, -4.5596750576709, -4.60808346729073, -4.65964727136261, -4.71411345838551, -4.7712290166672, -4.83074093437369, -4.89239619957955, -4.95594180031624, -5.02112472461549, -5.08769196054486, -5.15539049623287, -5.22396731988156, -5.29316941976508, -5.36274378421395, -5.43243740158599, -5.5019972602262, -5.57117034841936, -5.63970365434053, -5.70734416600922, -5.77383887125366, -5.83893475769106, -5.90237881272902, -5.96391802359141, -6.02329937737045, -6.08026986110399, -6.13457664488134, -6.18597335180887, -6.23422700265354, -6.27912413705434, -6.32047592444896, -6.35812178191023, -6.39193144128601, -6.42180562608891, -6.44767546841973, -6.46950098610071, -6.4872689904911, -6.50099081332961, -6.5107002306637, -6.51645183272899, -6.5183198496837, -4.3048, -4.3077434252981, -4.31638081874661, -4.33045856387811, -4.34972304498862, -4.37392064667445, -4.40279775354457, -4.43610075004727, -4.47357602037204, -4.51496994840221, -4.56002891770187, -4.60849931152682, -4.66012751285203, -4.71465990441062, -4.77184286874025, -4.83142278823361, -4.89314604518984, -4.95675902186394, -5.02200810051109, -5.088639663423, -5.15640009295359, -5.22503577153183, -5.29429308166033, -5.3639184058993, -5.43365812683678, -5.50325862704773, -5.5724662890456, -5.64102749523174, -5.70868862784865, -5.77519606894341, -5.84029620034763, -5.9037354036788, -5.96526006036688, -6.02461655170745, -6.08155125894076, -6.13581074634145, -6.18714813814589, -6.23533023227695, -6.2801437676607, -6.32140066315249, -6.35894172355857, -6.39263876408768, -6.42239530713371, -6.44814599221943, -6.46985502271174, -6.487514029272, -6.50113974744918, -6.51077189656409, -6.51647151480243, -6.5183197603355, -4.3048, -4.30774794069151, -4.31639827818601, -4.33049679331005, -4.34978926767031, -4.37402148318034, -4.4029392217668, -4.43628826519229, -4.47381439495516, -4.51526339224104, -4.56038103790949, -4.60891311250517, -4.66060539628585, -4.7152036692622, -4.77245371124522, -4.83210130189769, -4.89389222078681, -4.95757224743459, -5.02288716136311, -5.08958274213169, -5.15740476936312, -5.22609902275676, -5.29541128208714, -5.36508732718755, -5.43487293791974, -5.50451389413205, -5.57375597561007, -5.64234496202494, -5.71002663288559, -5.77654676750153, -5.84165114496224, -5.90508554413873, -5.96659574371061, -6.02592752222044, -6.08282665815448, -6.13703911301631, -6.18831751288523, -6.23642843096076, -6.2811588009127, -6.32232128374739, -6.35975806208322, -6.3933430220865, -6.42298247038225, -6.44861453734545, -6.47020759371598, -6.48775807001479, -6.50128808519848, -6.51084328078067, -6.51649112138699, -6.51831967146123, -4.3048, -4.3077524337865, -4.31641565145563, -4.33053483415495, -4.34985516382869, -4.37412182273456, -4.40307999314381, -4.43647485716026, -4.47405159661807, -4.51555539303214, -4.56073142758452, -4.60932488113577, -4.66108093425352, -4.71574476725314, -4.77306156024602, -4.83277649319224, -4.89463474595419, -4.95838149834801, -5.0237619301899, -5.09052122133392, -5.15840455169886, -5.22715710128163, -5.29652405015581, -5.36625057845494, -5.43608186634158, -5.50576309396462, -5.57503944140892, -5.64365608864255, -5.7113582154681, -5.77789100148468, -5.84299962606693, -5.90642926836659, -5.96792510734022, -6.02723232180466, -6.08409609051949, -6.13826177524452, -6.18948150461256, -6.2375216252332, -6.28216926100417, -6.32323780785834, -6.36057081636083, -6.39404423130022, -6.42356712896126, -6.44908111408853, -6.4705587067175, -6.48800111788542, -6.50143582965715, -6.51091438476448, -6.51651065287013, -6.51831958305789, -4.3048, -4.30775690470214, -4.31643293901551, -4.33057268741949, -4.3499207352066, -4.37422166798943, -4.40322007139448, -4.43666053087753, -4.47428763161926, -4.51584595847464, -4.56108009595901, -4.60973462825965, -4.66155413926496, -4.71628321260586, -4.7736664317051, -4.83344837983097, -4.89537364015198, -4.95918679578941, -5.02463242986445, -5.09145512553691, -5.15939946603253, -5.22821003465669, -5.29763141479296, -5.36740818988604, -5.43728494341026, -5.50700625882598, -5.57631671952827, -5.64496090879312, -5.71268340972774, -5.77922880523183, -5.84434167797623, -5.90776661040448, -5.96924818476116, -6.02853098314848, -6.08535958761044, -6.13947876317416, -6.19064014173422, -6.2386098414563, -6.28317517197759, -6.32415025697494, -6.36138000515031, -6.39474240764686, -6.42414929591583, -6.44954573267558, -6.4709083692732, -6.48824317801785, -6.50158298388584, -6.5109852099576, -6.51653010963691, -6.51831949512251, -4.3048, -4.3077613535567, -4.31645014132273, -4.33061035410398, -4.3499859835359, -4.37432102158053, -4.40335946021422, -4.43684529123935, -4.47452250617774, -4.51613509621908, -4.56142705220674, -4.61014236464946, -4.66202502375115, -4.7168190194531, -4.77426834148423, -4.83411697941586, -4.89610892271749, -4.95998816081036, -5.02549868311555, -5.09238447909342, -5.16038953827151, -5.22925785025854, -5.29873340474287, -5.36856019147523, -5.43848220023649, -5.50824342079336, -5.57758784284595, -5.646259455973, -5.71400224958125, -5.7805602128659, -5.84567733478889, -5.90909760408053, -5.97056500926838, -6.02982353873502, -6.08661718080384, -6.14069010676432, -6.19179345247868, -6.23969310582717, -6.28417655772526, -6.32505865245274, -6.36218564709372, -6.39543756694547, -6.4247289842101, -6.45000840327009, -6.47125658889325, -6.48848425551434, -6.5017295509263, -6.51105575779324, -6.51654949207002, -6.51831940765217, -4.3048, -4.30776578046776, -4.31646725883152, -4.33064783520244, -4.35005091053751, -4.37441988612681, -4.40349816327517, -4.43702914311012, -4.47475622647331, -4.51642281386782, -4.56177230544372, -4.61054810100997, -4.66249360006477, -4.71735220183855, -4.77486730534524, -4.83478230943803, -4.89684061286624, -4.96078561432991, -5.02636071252887, -5.09330930620289, -5.16137479416015, -5.23030057529152, -5.29983004856901, -5.36970661302819, -5.43967366773533, -5.50947461174228, -5.57885284403305, -5.64755176346802, -5.71531476873229, -5.78188525829547, -5.84700663038954, -5.91042228301051, -5.97187561394793, -6.03111002084371, -6.08786890127965, -6.14189583578654, -6.19294146489789, -6.24077144437933, -6.28517344199044, -6.3259630155143, -6.36298776071723, -6.39612972491688, -6.42530620672784, -6.45046913597267, -6.47160337304136, -6.48872435544563, -6.50187553380152, -6.51112602969577, -6.51656880054981, -6.51831932064393, -4.3048, -4.30777018555211, -4.31648429199325, -4.33068513170263, -4.35011551792153, -4.37451826423077, -4.40363618422634, -4.43721209132366, -4.47498879864691, -4.51670911897537, -4.5621158647286, -4.61095184797863, -4.66295988048081, -4.71788277371763, -4.77546333895091, -4.83544438727866, -4.89756872969296, -4.96157917713562, -5.02721854054816, -5.09422963091269, -5.16235525928099, -5.23133823678903, -5.3009213746554, -5.3708474841634, -5.44085937662767, -5.51069986334812, -5.58011175555562, -5.6488378643551, -5.71662100067303, -5.78320397521645, -5.84832959845037, -5.91174068059958, -5.97318003167865, -6.03239046155195, -6.08911478002277, -6.1430959798263, -6.19408420686862, -6.24184488298392, -6.28616584836853, -6.32686336725019, -6.36378636443196, -6.39681889718444, -6.42588097627305, -6.45092794082147, -6.47194872913523, -6.48896348285123, -6.50202093551589, -6.51119602708083, -6.51658803545431, -6.51831923409491
-8.9612, -8.9611693877551, -8.96113877551021, -8.96110816326531, -8.96107755102041, -8.96104693877551, -8.96101632653062, -8.96098571428572, -8.96095510204082, -8.96092448979593, -8.96089387755103, -8.96086326530613, -8.96083265306123, -8.96080204081634, -8.96077142857144, -8.96074081632654, -8.96071020408164, -8.96067959183675, -8.96064897959185, -8.96061836734695, -8.96058775510206, -8.96055714285716, -8.96052653061226, -8.96049591836736, -8.96046530612247, -8.96043469387757, -8.96040408163267, -8.96037346938778, -8.96034285714288, -8.96031224489798, -8.96028163265308, -8.96025102040819, -8.96022040816329, -8.96018979591839, -8.9601591836735, -8.9601285714286, -8.9600979591837, -8.9600673469388, -8.96003673469391, -8.96000612244901, -8.95997551020411, -8.95994489795921, -8.95991428571432, -8.95988367346942, -8.95985306122452, -8.95982244897963, -8.95979183673473, -8.95976122448983, -8.95973061224493, -8.95970000000004, -8.9612, -8.95219760248669, -8.925985493916, -8.88329586104926, -8.82486089067829, -8.7514127696228, -8.66368368472748, -8.56240582285883, -8.44831137090193, -8.32213251575704, -8.18460144433621, -8.03645034355974, -7.87841140035269, -7.71121680164134, -7.53559873434964, -7.35228938539585, -7.16202094168923, -6.96552559012704, -6.76353551759182, -6.55678291094914, -6.34599995704587, -6.13191884270909, -5.91527175474573, -5.696790879943, -5.47720840506964, -5.25725651687797, -5.03766740210676, -4.81917324748476, -4.60250623973478, -4.38839856557827, -4.17758241173996, -3.97078996495272, -3.7687534119621, -3.57220493953068, -3.38187673444187, -3.19850098350312, -3.02280987354856, -2.85553559144086, -2.6974103240725, -2.54916625836637, -2.41153558127577, -2.28525047978395, -2.17104314090324, -2.06964575167381, -1.98179049916223, -1.90820957045986, -1.84963515268111, -1.80679943296172, -1.78043459845694, -1.77127283633987, -8.9612, -8.95219795948986, -8.92598697049618, -8.8832992629793, -8.82486706692532, -8.75142261234339, -8.66369812926265, -8.56242584772908, -8.4483379978022, -8.32216680955174, -8.18464451305424, -8.0365033383897, -7.87847551563817, -7.7112932748765, -7.53568884617513, -7.35239445959514, -7.16214234518554, -6.96566473298097, -6.76369385299985, -6.55696193524311, -6.34620120969366, -6.13214390631651, -5.91552225505986, -5.69706848585692, -5.47751482862858, -5.25759351328694, -5.03803676973935, -4.81957682789312, -4.60294591766044, -4.38887626896344, -4.17810011173917, -3.9713496759442, -3.76935719155878, -3.57285488859023, -3.38257499707569, -3.1992497636927, -3.02361153472409, -2.85639280634986, -2.69832625527697, -2.55014473398797, -2.41258124415954, -2.28636891653478, -2.17224098577569, -2.07093074199279, -1.98317150597357, -1.90969660776946, -1.85123937744177, -1.80853314505874, -1.78231124069393, -1.77330699442369, -8.9612, -8.95220037314523, -8.92599629631578, -8.88331967031944, -8.82490239599872, -8.75147637422265, -8.66377350588045, -8.56252569187637, -8.44846483312519, -8.32232283054839, -8.18483158507056, -8.03672299761617, -7.87872896910649, -7.71158140045673, -7.53601219257341, -7.35275324635192, -7.1625364626744, -6.96609374240798, -6.76415698640345, -6.5574580954943, -6.34672897049651, -6.13270151220877, -5.91610762141347, -5.69767919887834, -5.47814814535874, -5.25824636160063, -5.03870574834411, -4.82025820632747, -4.60363563629163, -4.38956993898476, -4.17879301516708, -3.97203676561556, -3.77003309112843, -3.57351389252932, -3.38321107067096, -3.19985657514715, -3.02418265664065, -2.85692202003656, -2.69880791768739, -2.5505741352849, -2.41295491138527, -2.28668487641708, -2.17249897641091, -2.07113232585083, -1.98332013244031, -1.90979763202875, -1.85130006047361, -1.80856265363535, -1.78232064737585, -1.77330927755366, -8.9612, -8.95220276832882, -8.92600555073836, -8.88333992137837, -8.82493745444209, -8.75152972415283, -8.66384830475426, -8.56262477050322, -8.44859069566416, -8.32247765450471, -8.18501722129197, -8.03694097028933, -7.87898047575377, -7.7118673119334, -7.53633305306532, -7.35310927337379, -7.16292754706866, -6.96651944834412, -6.76461655137786, -6.55795043033055, -6.34725265934579, -6.13325481255051, -5.91668846405587, -5.69828518795867, -5.47877655834329, -5.25889414928413, -5.03936953484862, -4.82093428910063, -4.60431998610436, -4.39025819992867, -4.17948050465158, -3.97271847436511, -3.77070368318014, -3.57416770523128, -3.38384211468154, -3.20045856358451, -3.02474920369764, -2.85744694268255, -2.69928560017632, -2.55099988474134, -2.41332526001805, -2.28699784319507, -2.17275427793675, -2.07133148898455, -1.98346655665597, -1.90989660824915, -1.85135877106844, -1.80859017241734, -1.78232793959692, -1.77330919989883, -8.9612, -8.9522051638422, -8.92601480643415, -8.88336017522156, -8.82497251770248, -8.7515830814085, -8.66392311389174, -8.56272386271569, -8.44871657544848, -8.32263249965792, -8.18520288290762, -8.03715897275394, -7.87923201674359, -7.71215326241158, -7.53665395727965, -7.35346534885492, -7.16331868462898, -6.96694521207712, -6.76507617865795, -6.55844283181333, -6.34777641896851, -6.13380818753268, -5.91726938489979, -5.69889125844975, -5.47940505554997, -5.25954202355734, -5.04003340982059, -4.82161046168321, -4.60500442648674, -4.3909465515747, -4.18016808429698, -3.97340027201464, -3.77137436210525, -3.5748216019684, -3.38447323903142, -3.20106062483342, -3.02531580638594, -2.8579719011714, -2.69976330074562, -2.55142563921324, -2.41369560652659, -2.28731080674209, -2.17300958046427, -2.07153066162129, -1.98361300189064, -1.90999561871861, -1.85141752955586, -1.80861775184834, -1.78233530303571, -1.77330920054219, -8.9612, -8.95220753750318, -8.92602397774047, -8.88338024447712, -8.82500726153944, -8.75163595279074, -8.66399724211507, -8.56282205340598, -8.4488413105588, -8.32278593746503, -8.18538685800834, -8.03737499606166, -7.87948127548503, -7.71243662012401, -7.53697195380864, -7.3538182003526, -7.16370628355288, -6.96736712718957, -6.76553165502594, -6.55893079080869, -6.34829545826843, -6.13435658112032, -5.91784508306477, -5.69949188778848, -5.4800279189656, -5.26018410025917, -5.04069135532298, -4.82228060780383, -4.60568278134438, -4.39162879958659, -4.180849586176, -3.97407606476658, -3.77203915902643, -3.57546979264402, -3.38509888933488, -3.2016575002341, -3.02587756488656, -2.85849240515563, -2.70023697667667, -2.55184782930747, -2.41406286808727, -2.28762117160187, -2.17326276426052, -2.07172817566753, -1.98375821516749, -1.91009377661553, -1.85147575386936, -1.80864504077812, -1.78234253118085, -1.77330911889512, -8.9612, -8.95220992616727, -8.92603320714808, -8.88340044111464, -8.82504222630907, -8.75168916101395, -8.66407184353275, -8.5629208721767, -8.44896684525578, -8.3229403610727, -8.18557201791867, -8.03759241407062, -7.87973214778936, -7.71272181731844, -7.53729202088356, -7.35417335669238, -7.16409642293469, -6.96779181778273, -6.7659901393918, -6.55942198590088, -6.34881795543333, -6.13490864609763, -5.9184246559881, -5.70009658318565, -5.48065502575858, -5.26083058176354, -5.04135384924679, -4.82295542624587, -4.60636591079198, -4.39231590091296, -4.18153599463739, -3.97475678999958, -3.77270888504553, -3.57612287783999, -3.38572936647406, -3.20225909687581, -3.02644389351109, -2.85901727231304, -2.70071474030363, -2.55227374846475, -2.41443343919663, -2.28793438679029, -2.17351831983965, -2.07192758363235, -1.98390486500595, -1.91019295400427, -1.85153464067194, -1.80867271504112, -1.78234996713006, -1.77330918692944, -8.9612, -8.95221229307854, -8.92604235254726, -8.88342045399169, -8.82507687307595, -8.75174188550806, -8.66414576701715, -8.56301879333825, -8.44909124020228, -8.32309338332939, -8.18575549842463, -8.03780786117528, -7.87998074724926, -7.71300443229448, -7.53760919193873, -7.35452530179006, -7.16448303743747, -6.96821267445183, -6.7664444883869, -6.55990875478034, -6.34933574915472, -6.13545574701829, -5.91899902386568, -5.70069585517846, -5.48127651642548, -5.26147128306345, -5.04201043053753, -4.82362423428253, -4.60704296972462, -4.39299691228407, -4.18221633737905, -3.97543152043074, -3.77337273686971, -3.57677026214354, -3.38635437172558, -3.20285550646083, -3.02700537305993, -2.8595376761607, -2.70118846643432, -2.55269608632189, -2.41480090430266, -2.28824497798999, -2.17377172699129, -2.07212529873543, -1.9840502438304, -1.91029123474025, -1.85159294392807, -1.80870004384066, -1.78235720690707, -1.77330910552277, -8.9612, -8.95221463835369, -8.92605141439561, -8.8834402841216, -8.82511120361474, -8.75179412900542, -8.6642190164453, -8.5631158220902, -8.44921450208891, -8.32324501257602, -8.18593730966744, -8.03802134945783, -7.88022708801934, -7.71328448140135, -7.53792348563087, -7.35487405671347, -7.16486615063455, -6.96862972336075, -6.76689473084146, -6.56039112901022, -6.34984887378594, -6.13599792107381, -5.91956822676595, -5.7012897467417, -5.48189243686767, -5.26210625299775, -5.04266115097325, -4.82428708662336, -4.60771401576651, -4.39367189421262, -4.18289067776674, -3.97610032223425, -3.77403078342758, -3.57741201717453, -3.38697397932803, -3.20344680578753, -3.02756208286747, -2.86005369860042, -2.70165823964194, -2.55311493031359, -2.41516535398871, -2.28855303932431, -2.17402308387923, -2.07232142379274, -1.98419445983353, -1.91038873323063, -1.85165078521027, -1.80872715697857, -1.78236438972016, -1.77330902458008, -8.9612, -8.95221696215276, -8.92606039331112, -8.88345993285605, -8.82514522026435, -8.75184589506352, -8.6642915968025, -8.5632119650326, -8.44933663929527, -8.32339525911434, -8.18611746399143, -8.03823289340346, -7.88047118680168, -7.71356198361187, -7.53823492323521, -7.35521964504976, -7.16524578841228, -6.96904299266017, -6.76734089711344, -6.56086914107646, -6.35035736383947, -6.13653520467959, -5.92013230286136, -5.70187829763689, -5.48250282824552, -5.26273553391331, -5.04330605385266, -4.82494402726222, -4.60837909332767, -4.39434089122365, -4.18355906011721, -3.97676323917301, -3.7746830675605, -3.57804818446288, -3.38758822908779, -3.20403303252702, -3.02811405807927, -2.86056537190351, -2.70212408903322, -2.55353030616353, -2.41552681045953, -2.28885858943286, -2.1742724056262, -2.07251597055489, -1.98433752163807, -1.91048545531401, -1.85170816801641, -1.80875405615505, -1.78237151611446, -1.77330894423365, -8.9612, -8.95221926463422, -8.92606928990566, -8.88347940153331, -8.82517892534045, -8.75189718720444, -8.66436351302423, -8.56330722869943, -8.44945766011691, -8.32354413314257, -8.18629597361659, -8.03844250735102, -7.88071306012917, -7.71383695770614, -7.53854352581024, -7.355562090145, -7.16562197639153, -6.96945251021099, -6.767783017247, -6.56134282312778, -6.35086125346787, -6.1370676338693, -5.92069128992206, -5.70246154720398, -5.48310773128012, -5.26335916770172, -5.04394518200528, -4.82559509971192, -4.60903824632766, -4.39500394734492, -4.18422152824582, -3.9774203145075, -3.77532963160956, -3.57867880504376, -3.38819716032567, -3.20461422387761, -3.02866133338462, -2.86107272790495, -2.70258604330179, -2.5539422392085, -2.41588529556185, -2.28916164662843, -2.17451970706121, -2.07270895051354, -1.98447943764193, -1.91058140663561, -1.85176509567747, -1.8087807429227, -1.78237858649752, -1.77330886447676, -8.9612, -8.95222154595515, -8.92607810478578, -8.88349869147999, -8.82521232113853, -8.75194800891957, -8.66443477000306, -8.56340161956782, -8.44957757277719, -8.32369164477016, -8.18647285065654, -8.03865020551461, -7.88095272439085, -7.71410942230083, -7.53884931423118, -7.3559014151421, -7.16599473997022, -6.96985830363168, -6.7682211210249, -6.56181220703316, -6.35136057652654, -6.13759524436314, -5.92124522538958, -5.70303953444066, -5.48370718633831, -5.26397719589018, -5.04457857788809, -4.82624034710686, -4.60969151830409, -4.3956611062213, -4.18487812558701, -3.97807159112214, -3.77597051754782, -3.57930391959576, -3.38880081202085, -3.20519041671455, -3.02920394317162, -2.86157579816345, -2.70304413089238, -2.5543507545656, -2.41624083095309, -2.2894622290652, -2.17476500288496, -2.0729003750611, -1.9846202161707, -1.91067659279229, -1.85182157149629, -1.80880721882164, -1.78238560127461, -1.77330878530426, -8.9612, -8.95222380627125, -8.92608683855278, -8.88351780401122, -8.82524540993421, -8.75199836367009, -8.66450537258913, -8.5634951440588, -8.44969638542824, -8.32383780401902, -8.18664810711999, -8.03885600198521, -7.88119019583381, -7.71437939585142, -7.53915230919253, -7.35623764298358, -7.16636410432637, -6.97026040030157, -6.76865523797205, -6.56227732438573, -6.3518553665778, -6.13811807157208, -5.92179414638141, -5.7036122980071, -5.48430123343761, -5.26458965964655, -5.0452062835907, -4.82687981220822, -4.61033895241795, -4.39631241112017, -4.18552889519953, -3.97871711153046, -3.77660576698542, -3.57992356844582, -3.38939922281565, -3.20576164759451, -3.02974192153138, -2.86207461396526, -2.70349838000425, -2.55475587713528, -2.41659343810393, -2.28976035474092, -2.17500830767157, -2.07309025549187, -1.98475986547831, -1.9107710193328, -1.85187759874736, -1.80883348537879, -1.78239256084755, -1.77330870671111, -8.9612, -8.95222604573691, -8.92609549180275, -8.88353674043077, -8.82527819398346, -8.75204825488726, -8.66457532559072, -8.5635878085379, -8.44981410615178, -8.32398262082446, -8.18682175491193, -8.03905991073207, -7.8814254905648, -7.71464689665393, -7.53945253120997, -7.35657079641378, -7.16673009442048, -6.9706588273635, -6.76908539735831, -6.56273820650567, -6.35234565689409, -6.13863615060126, -5.92233808969441, -5.70417987622958, -5.48488991224988, -5.26519659978314, -5.04582834083924, -4.82751353740793, -4.61098059145753, -4.39695790493535, -4.18617387977044, -3.97935691787911, -3.77723542117344, -3.58053779157294, -3.38999243101908, -3.20632795275891, -3.03027530226114, -2.86256920632703, -2.70394881859376, -2.5551576316036, -2.41694313830028, -2.2900560414985, -2.17524963586976, -2.07327860300307, -1.98489839374776, -1.91086469175818, -1.851933180677, -1.80885954410792, -1.78239946561469, -1.77330862869232, -8.9612, -8.95222826802, -8.92610407868746, -8.88355553166982, -8.82531072677195, -8.75209776386592, -8.66464474284607, -8.56367976360056, -8.44993092599374, -8.32412632985584, -8.18699407497757, -8.03926226110826, -7.88165898795628, -7.71491235519125, -7.53975046244741, -7.35690140932772, -7.16709329540835, -6.97105422024317, -6.76951228336798, -6.56319558430409, -6.35283222256102, -6.13915029763804, -5.92287790902448, -5.7047431561988, -5.48547413862649, -5.26579895575725, -5.04644570702183, -4.82814249182927, -4.61161740956511, -4.39759855959149, -4.18681404124965, -3.97999195386556, -3.77786039675879, -3.58114746925479, -3.39058127070032, -3.20689011172722, -3.03080480350801, -2.86306022673846, -2.70439602776206, -2.55555652651743, -2.41729036694475, -2.2903496525889, -2.17548928115875, -2.07346564587126, -1.98503596961243, -1.91095772640853, -1.8519883902724, -1.8088854351742, -1.78240633504052, -1.77330856372352, -8.9612, -8.95223047448678, -8.92611260447773, -8.88357418924771, -8.82534302821714, -8.75214692087686, -8.66471366674013, -8.56377106531236, -8.45004691607246, -8.32426901846195, -8.18716517187951, -8.03946317567914, -7.88189082917092, -7.71517593162358, -7.54004628226839, -7.35722968030371, -7.16745392490007, -6.97144681520511, -6.76993615034829, -6.56364972944478, -6.35331535159844, -6.13966081590344, -5.92341392144452, -5.70530246729586, -5.48605425251863, -5.26639707615775, -5.04705873723815, -4.8287670347615, -4.61224976770393, -4.39823473501575, -4.18744973562382, -3.98062256843717, -3.77848103235628, -3.58175292628599, -3.39116604915182, -3.2074484111438, -3.03133068867355, -2.8635479133285, -2.70484021891228, -2.55595274568625, -2.41763527997804, -2.29064131640626, -2.17572734530872, -2.0736514607672, -1.98517264677053, -1.91105015673902, -1.85204324407782, -1.80891116214563, -1.78241316425407, -1.77330850363461, -8.9612, -8.95223266522192, -8.92612106950041, -8.88359271387911, -8.82537509955529, -8.75219572779979, -8.66478209990608, -8.56386171715812, -8.45016208081062, -8.32441069207776, -8.18733505212751, -8.03966266207991, -7.88212102300815, -7.71543763594148, -7.54034000186961, -7.35755562174777, -7.16781199650225, -6.97183662703594, -6.77035701423339, -6.5641006589651, -6.3537950620907, -6.1401677244607, -5.92394614691669, -5.70585783029001, -5.48663027539896, -5.26699098304511, -5.04766745400903, -4.82938718904648, -4.61287768888567, -4.39886645422658, -4.18808098574319, -3.98124878408915, -3.7790973499074, -3.58235418384374, -3.39174678656401, -3.20800286997803, -3.03185297527749, -2.86403228195059, -2.70528140604102, -2.55634630109683, -2.41797788727065, -2.29093104065115, -2.17596383385351, -2.07383605111993, -1.98530842666785, -1.91114198239354, -1.85209774017635, -1.80893672184551, -1.78241994917955, -1.77330844387131, -8.9612, -8.95223484025865, -8.92612947388392, -8.88361110584502, -8.82540694127281, -8.7522441853749, -8.66485004338167, -8.56395172051235, -8.45027642195425, -8.32455135285097, -8.18750371829658, -8.03986072333402, -7.88234957295639, -7.71569747211037, -7.54063162570097, -7.35787923859718, -7.16816751563801, -6.97222366163847, -6.77077488139511, -6.56454837969068, -6.35427136129748, -6.14067103097926, -5.92447459349139, -5.70640925357924, -5.48720221597516, -5.26758068539426, -5.04827186652968, -4.83000296404818, -4.61350118258699, -4.39949372675273, -4.18870780112349, -3.98187061025454, -3.7797093586883, -3.58295125096853, -3.39232349165846, -3.20855349654471, -3.03237167114879, -2.86451333986169, -2.70571959575057, -2.55673719862541, -2.4183181939194, -2.29121882960957, -2.17619875026194, -2.0740194196008, -1.98544331122473, -1.91123320461472, -1.85215187923305, -1.80896211448823, -1.78242668973454, -1.77330838423496, -8.9612, -8.9522369996968, -8.92613781801382, -8.88362936598897, -8.82543855482971, -8.75229229582344, -8.66491750028048, -8.56404107949833, -8.45038994473996, -8.32469100722146, -8.18767117810608, -8.04005736850275, -7.88257648946768, -7.7159554520081, -7.54092116708749, -7.3582005456318, -7.16852049853591, -6.97260793667018, -6.77118977088635, -6.5649929120226, -6.35474427090711, -6.14117075836006, -5.92499928519375, -5.7069567622108, -5.48777010020079, -5.26816620993554, -5.04887200216396, -4.83061438760705, -4.61412027695427, -4.40011658086213, -4.18933020995608, -3.9824880748363, -3.780317086088, -3.58354415429622, -3.39289619006488, -3.20910031520072, -3.03288679910856, -2.86499110810456, -2.70615480709722, -2.55712545517943, -2.41865621457525, -2.29150469562933, -2.17643210459688, -2.07420157407291, -1.98557730625731, -1.91132382739244, -1.85220566370021, -1.80898734134506, -1.78243338643374, -1.77330832497612, -8.9612, -8.95223914363523, -8.92614610227201, -8.88364749514643, -8.82546994167202, -8.75234006134535, -8.6649844736861, -8.56412979819949, -8.45050265435359, -8.32482966156643, -8.18783743919996, -8.04025260655862, -7.88280178289124, -7.71621158739515, -7.54120863922193, -7.35851955748401, -7.16887096126178, -6.9729894696105, -6.77160170156674, -6.56543427615367, -6.35521381238497, -6.14166692926683, -5.92552024579806, -5.70750038096813, -5.48833395375341, -5.26874758311206, -5.04946788797833, -4.83122148725708, -4.61473499981963, -4.40073504450202, -4.18994824010674, -3.98310120540855, -3.78092055916516, -3.58413292013259, -3.3934649070852, -3.20964334997954, -3.03339838166094, -2.86546560741328, -2.70658705883842, -2.55751108737838, -2.41899196361273, -2.29178865079323, -2.17666390666701, -2.0743825221546, -1.98571041734441, -1.91141385448407, -1.85225909579899, -1.80901240345349, -1.78244003955068, -1.77330826609129, -8.9612, -8.95224127217206, -8.9261543270375, -8.88366549414659, -8.82550110323486, -8.75238748412399, -8.66505096665892, -8.56421788066855, -8.45061455594197, -8.32496732221514, -8.18800250916471, -8.04044644640664, -7.88302546349843, -7.71646588994359, -7.54149405519782, -7.35883628867619, -7.16921891976063, -6.97336827780746, -6.77201069215413, -6.56587249212494, -6.35568000703512, -6.142159566193, -5.92603749889999, -5.70804013444847, -5.48889380211771, -5.26932483116831, -5.05005955083596, -4.83182429032548, -4.61534537880619, -4.40134914540984, -4.19056191923208, -3.98371002933848, -3.78151980477541, -3.58471757458614, -3.39402966783164, -3.21018262473452, -3.03390644114154, -2.86593685836673, -2.70701636959132, -2.55789411171758, -2.41932545529906, -2.29207070709399, -2.17689416620803, -2.07456227140768, -1.98584265002363, -1.9115032896194, -1.85231217773452, -1.80903730184382, -1.78244664935743, -1.77330820757767, -8.9612, -8.95224338540516, -8.92616249268829, -8.88368336381639, -8.82553204094948, -8.75243456633681, -8.66511698225107, -8.56430533094728, -8.45072565463806, -8.32510399547983, -8.18816639556644, -8.04063889692799, -7.88324754153321, -7.71671837129438, -7.54177742807398, -7.3591507536923, -7.1695643899355, -6.97374437856355, -6.77241676131745, -6.56630757992528, -6.35614287610646, -6.14264869157406, -5.92655106803476, -5.70857604718648, -5.48944967071402, -5.26989798028304, -5.05064701753333, -4.83242282407234, -4.61595144147006, -4.4019589112566, -4.19117127492354, -3.98431457392995, -3.78211484971365, -3.58529814370788, -3.394590497363, -3.21071816327045, -3.03441099984289, -2.86640488150676, -2.70744275794224, -2.55827454466744, -2.41965670388184, -2.29235087650932, -2.1771228929446, -2.07474082938635, -1.98597400982783, -1.91159213652582, -1.85236491171134, -1.8090620375471, -1.7824532161277, -1.77330814943444, -8.9612, -8.95224548342924, -8.92617059959029, -8.88370110495639, -8.82556275620156, -8.75248131009209, -8.66518252341785, -8.56439215294948, -8.45083595541264, -8.3252396874737, -8.1883291057333, -8.04082996672519, -7.88346802691893, -7.7169690427252, -7.54205877050285, -7.35946296656703, -7.16990738719776, -6.97411778864831, -6.7728199271529, -6.56673955893297, -6.35660244020181, -6.14313432716688, -5.92706097602972, -5.70910814298346, -5.49000158420804, -5.27046705586382, -5.05123031408435, -4.83301711496935, -4.61655321457915, -4.40256436893194, -4.19177633400493, -3.98491486574041, -3.7827057200574, -3.58587465286886, -3.39514742010432, -3.21124998881378, -3.03491207954296, -2.8668696969302, -2.70786624210401, -2.55865240239357, -2.41998572336371, -2.29262917082413, -2.17735009645364, -2.07491820353537, -1.98610450221223, -1.91168039887856, -1.85241729990124, -1.80908661157519, -1.78245974012384, -1.7733080916519, -8.9612, -8.95224756634029, -8.92617864811421, -8.8837187183776, -8.82559325039477, -8.7525277175253, -8.66524759315254, -8.56447835063901, -8.45094546329969, -8.32537440438725, -8.18849064708542, -8.04101966450799, -7.88368692970176, -7.71721791565217, -7.54233809529088, -7.35977294150434, -7.17024792714284, -6.97448852502944, -6.77322020796794, -6.56716844874967, -6.35705872015819, -6.14361649497177, -5.92756724596328, -5.70963644589746, -5.49054956752582, -5.2710320835799, -5.05180946676341, -4.83360718974481, -4.61715072515126, -4.40316554556551, -4.19237712352689, -3.98551093153748, -3.78329244207401, -3.58644712760575, -3.39570046061791, -3.21177812469567, -3.03540970208849, -2.86733132476571, -2.70828684028677, -2.55902770103103, -2.42031252770088, -2.2929056017705, -2.17757578626022, -2.07509440125411, -1.98623413259686, -1.91176808032996, -1.85246934446569, -1.80911102494078, -1.78246622161709, -1.77330803423237, -8.9612, -8.95224963423352, -8.9261866386278, -8.88373620488459, -8.82562352492162, -8.75257379075499, -8.66531219442465, -8.56456392794821, -8.45105418329317, -8.32550815236171, -8.18865102698392, -8.0412079989169, -7.88390425984794, -7.7174650014006, -7.54261541514265, -7.36008069259515, -7.17058602524206, -6.97485660453951, -6.7736176219243, -6.56759426882092, -6.35751173664658, -6.14409521681372, -5.92806990072984, -5.71016097979463, -5.49109364539456, -5.2715930888956, -5.05238450163505, -4.83419307491344, -4.61774399998814, -4.40376246806984, -4.19297367032344, -3.9861027978742, -3.78387504182004, -3.58701559324997, -3.3962496432684, -3.21230259405909, -3.0359038891496, -2.86778978497872, -2.70870457055234, -2.55940045658278, -2.42063713073454, -2.29318018098289, -2.17779997180906, -2.0752694298783, -1.9863629063537, -1.9118551844982, -1.85252104754375, -1.80913527864324, -1.78247266087124, -1.77330797717297, -8.9612, -8.95225168720341, -8.92619457149611, -8.88375356527592, -8.82565358116427, -8.75261953188389, -8.66537633018156, -8.56464888878013, -8.45116212034983, -8.32564093749259, -8.1888102527351, -8.04139497852804, -7.8841200272495, -7.71771031121143, -7.54289074266807, -7.36038623382544, -7.17092169685148, -6.97522204388574, -6.77401218704837, -6.56801703844741, -6.35796151018402, -6.14457051435515, -5.9285689630533, -5.71068176836343, -5.49163384235728, -5.27215009708567, -5.05295544456976, -4.83477479679256, -4.61833306569202, -4.40435516315717, -4.19356600102887, -3.98669049110603, -3.78445354515819, -3.58758007494458, -3.39679499223925, -3.21282341987501, -3.0363946622354, -2.86824509738637, -2.70911945082849, -2.55977068493308, -2.42095954620326, -2.29345292000955, -2.17802266247497, -2.07544329668939, -1.98649082881501, -1.91194171497472, -1.85257241125875, -1.80915937367464, -1.78247905814832, -1.77330792047102, -8.9612, -8.95225372534379, -8.92620244708143, -8.88377080034423, -8.82568342049457, -8.75266494299912, -8.66544000334872, -8.56473323700878, -8.45126927938956, -8.32577276583006, -8.18896833159091, -8.04158061185375, -7.88433424172486, -7.71795385624201, -7.5431640903833, -7.36068957907717, -7.17125495721296, -6.97558485965112, -6.77440392123257, -6.56843677678634, -6.35840806113501, -6.14504240909747, -5.92906445548864, -5.71119883511622, -5.49217018277464, -5.27270313323699, -5.05352232124579, -4.83535238150396, -4.61891794866749, -4.40494365734128, -4.19415414207967, -3.98727403739272, -3.78502797775915, -3.58814059764596, -3.39733653153442, -3.21334062494397, -3.03688204269548, -2.86869728165889, -2.70953149891013, -2.56013840184854, -2.42127978774389, -2.29372383031328, -2.17824386756342, -2.07561600891501, -1.98661790527364, -1.91202767532449, -1.85262343771835, -1.80918331101978, -1.78248541370839, -1.77330786412387, -8.9612, -8.95225574874774, -8.92621026574339, -8.88378791087626, -8.82571304427421, -8.75271002617227, -8.66550321682987, -8.56481697647942, -8.45137566529572, -8.32590364337935, -8.18912527074946, -8.04176490734317, -7.88454691301958, -7.71819564756686, -7.54343547071159, -7.36099074212925, -7.17158582145523, -6.97594506829553, -6.77479284223648, -6.56885350285272, -6.3588514097129, -6.14551092238248, -5.92955640042346, -5.71171220339087, -5.49270269082649, -5.27325222225032, -5.05408515715085, -4.8359258549756, -4.61949867512327, -4.40552797693931, -4.19473811971623, -3.98785346269999, -3.78559836510325, -3.5886971861255, -3.39787428497999, -3.21385423189754, -3.03736605172127, -2.86914635732088, -2.70994073246049, -2.5605036229791, -2.42159786889244, -2.29399292327216, -2.1784635963111, -2.07578757372938, -1.98674414098335, -1.91211306908611, -1.85267412901464, -1.80920709165615, -1.78249172780962, -1.77330780812886, -8.9612, -8.95225775750768, -8.92621802783893, -8.88380489765293, -8.82574245385475, -8.7527547834596, -8.66556597350721, -8.56490011100879, -8.45148128291546, -8.32603357610121, -8.1892810773555, -8.04194787338285, -7.88475805080698, -7.71843569617841, -7.5437048959841, -7.36128973665849, -7.17191430459494, -6.97630268615691, -6.77517896768808, -6.56926723552067, -6.35929157598128, -6.1459760753939, -5.9300448200795, -5.71222189635238, -5.4932313905136, -5.27379738884197, -5.05464397758391, -4.83649524294346, -4.62007527107402, -4.40610814807353, -4.19531795998471, -3.98842879280143, -3.78616473248227, -3.58924986497131, -3.3984082762258, -3.2143642632, -3.03784671034762, -2.8695923437527, -2.71034716901237, -2.56086636385926, -2.42191380308508, -2.29426021018036, -2.17868185788665, -2.07595799825388, -1.98686954115922, -1.91219789977216, -1.85272448722433, -1.80923071655409, -1.78249800070829, -1.7733077524834, -8.9612, -8.95225975171534, -8.92622573372238, -8.88382176144937, -8.82577165057779, -8.75279921690215, -8.66562827624164, -8.56498264438541, -8.4515861370601, -8.32616256991227, -8.18943575850095, -8.04212951829725, -7.88496766468884, -7.7186740129878, -7.54397237844079, -7.3615865762405, -7.17224042153759, -6.9766577294523, -6.77556231508497, -6.56967799352467, -6.35972857985533, -6.14643788915873, -5.93052973651413, -5.71272793699442, -5.49375630565921, -5.27433865754545, -5.05519880765682, -4.8370605709532, -4.62064776234202, -4.40668419667311, -4.19589368873873, -3.98900005328007, -3.78672710500109, -3.58979865858983, -3.39893852874699, -3.21487074114971, -3.03832403945407, -2.87003526019168, -2.71075082596923, -2.56122663990893, -2.42222760365896, -2.29452570224886, -2.17889866139116, -2.07612728955747, -1.98699411097797, -1.91228217086937, -1.85277451440886, -1.80925418667679, -1.78250423265878, -1.77330769718491, -8.9612, -8.95226173146176, -8.92623338374542, -8.88383850303499, -8.82580063577499, -8.75284332852586, -8.66569012787289, -8.56506458036979, -8.45169023250536, -8.32629063068543, -8.18958932122527, -8.04230985034933, -7.88517576419593, -7.71891060882549, -7.54423793023114, -7.3618812743506, -7.1725641870786, -6.97701021427895, -6.77594290179545, -6.57008579546083, -6.36016244110312, -6.14689638454867, -5.93101117162181, -5.71323034814082, -5.49427745991063, -5.27487605271314, -5.05574967229604, -4.83762186436188, -4.62121617455896, -4.4072561484758, -4.19646533164109, -3.98956726953022, -3.78728550757936, -3.59034359120747, -3.39946506584561, -3.21537368788064, -3.03879805976629, -2.87047512573346, -2.7111517206064, -2.56158446643456, -2.42253928385309, -2.29478941060618, -2.17911401585885, -2.07629545465715, -1.98711785557824, -1.91236588583887, -1.85282421261452, -1.80927750298037, -1.78251042391362, -1.77330764223081, -8.9612, -8.95226369683734, -8.92624097825716, -8.88385512317351, -8.82582941076818, -8.75288712034175, -8.66575153121975, -8.56514592269471, -8.45179357399178, -8.32641776425029, -8.18974177251606, -8.04248887774113, -7.88538235878879, -7.71914549444213, -7.54450156341508, -7.36217384436474, -7.17288561590427, -6.97736015661542, -6.77632074505979, -6.57049065978816, -6.36059317934696, -6.14735158228154, -5.93148914713562, -5.71372915244719, -5.4947948767409, -5.2754095985179, -5.05629659624432, -4.83817914833973, -4.62178053316765, -4.40782402902975, -4.19703291416557, -3.99013046675909, -3.78783996495323, -3.59088468687229, -3.39998791065215, -3.21587312536391, -3.03926879185749, -2.87091195933326, -2.71154987007226, -2.56193985863015, -2.4228488568093, -2.29505134629919, -2.17932793025766, -2.07646250051848, -1.98724078006105, -1.91244904811642, -1.85287358387263, -1.80930066641396, -1.7825165747235, -1.77330758761856, -8.9612, -8.95226564793177, -8.92624851760411, -8.88387162262304, -8.8258579768695, -8.75293059434602, -8.66581248908028, -8.56522667506545, -8.45189616622495, -8.32654397639353, -8.18989311930943, -8.04266660861427, -7.88558745785827, -7.71937868050919, -7.54476328996373, -7.36246429956039, -7.17320472259279, -6.97770757232262, -6.77669586199134, -6.57089260482975, -6.36102081406476, -6.14780350292266, -5.93196368462863, -5.71422437240238, -5.49530857945025, -5.27593931895473, -5.05683960406233, -4.83873244787172, -4.62234086342371, -4.40838786369516, -4.19759646159852, -3.99068966998854, -3.78839050167694, -3.59142196945552, -3.40050708612711, -3.21636907540917, -3.03973625614979, -2.87134577980714, -2.7119452913893, -2.56229283157825, -2.42315633557305, -2.29531152029378, -2.1795404134898, -2.07662843405598, -1.98736288949005, -1.91253166111263, -1.85292263019964, -1.80932367791975, -1.78252268533726, -1.77330753334567, -8.9612, -8.95226759218774, -8.92625603051468, -8.88388806419721, -8.82588644273375, -8.75297391574718, -8.66587323288564, -8.56530714376132, -8.45199839791426, -8.32666974479299, -8.19004393374658, -8.04284371402461, -7.88579183478264, -7.71961104509149, -7.54502409394908, -7.36275373029372, -7.17352270301792, -6.97805376098174, -6.77706965302491, -6.5712931279767, -6.36144693466291, -6.14825382190922, -5.93243653854066, -5.71471783337709, -5.49582045522499, -5.27646715286655, -5.05738067504714, -4.83928377046293, -4.62289918775045, -4.4089496754802, -4.198157982156, -3.99124685622178, -3.78893904607655, -3.59195730009808, -3.4010243666746, -3.21686320508843, -3.04020199537169, -2.87177799212822, -2.71233924197515, -2.56264448896266, -2.42346266754604, -2.29557072479659, -2.17975210729299, -2.07679375490535, -1.98748455340737, -1.9126139799263, -1.85297151154298, -1.80934662522754, -1.78252879784256, -1.77330750607481, -8.9612, -8.95226952215499, -8.9262634882303, -8.8839043850147, -8.82591469958611, -8.7530169191497, -8.66593353093606, -8.56538702213835, -8.45209987987525, -8.32679459117108, -8.19019364294777, -8.04301952202494, -7.88599471512554, -7.71984170888557, -7.54528298986627, -7.3630410445679, -7.17383835944396, -6.97839742091503, -6.77744071538124, -6.57169072923248, -6.36186994885554, -6.14870086063763, -5.93290595096577, -5.71520770622206, -5.49632861277526, -5.2769911569694, -5.05791782511084, -4.83983110345538, -4.62345347819745, -4.40950743546336, -4.19871546131051, -3.99180004173421, -3.78948366268301, -3.59248881008285, -3.40153796986965, -3.21735383885279, -3.04066445777085, -2.87220718160989, -2.71273045383857, -2.56299371548679, -2.42376689250274, -2.2958281534118, -2.1799623542454, -2.07695794615034, -1.98760538332196, -1.91269572879941, -1.85302004557369, -1.80936939652168, -1.78253484440956, -1.77330745182265, -8.9612, -8.95227143792567, -8.92627089110827, -8.88392058585979, -8.82594274878838, -8.75305960663225, -8.66599338615516, -8.565466314082, -8.45220061706083, -8.32691852164255, -8.19034225427277, -8.04319404129194, -7.88619610894129, -7.72007068337284, -7.54553999066203, -7.36332625682195, -7.17415170781799, -6.97873856958215, -6.77780906802586, -6.57208542905049, -6.36228987855478, -6.14914464243832, -5.93337194660102, -5.71569401693812, -5.49683307933153, -5.27751135963802, -5.05845108367583, -4.84037447721134, -4.62400376594778, -4.41006117551821, -4.19926893148457, -3.99234925934456, -3.79002438454723, -3.59301653251773, -3.40204792869066, -3.21784100935347, -3.04112367547835, -2.87263337968959, -2.71311895758179, -2.56334054081787, -2.42406903912561, -2.29608383384237, -2.18017118113471, -2.07712103378801, -1.98772540462621, -1.91277693276706, -1.85306825727844, -1.8093920171107, -1.78254085110033, -1.77330739789802, -8.9612, -8.95227333958813, -8.92627823948992, -8.8839366674792, -8.82597059163297, -8.75310198016106, -8.66605280129896, -8.56554502324189, -8.45230061410588, -8.32704154190706, -8.19048977455337, -8.04336727984474, -7.88639602547938, -7.72029797906402, -7.54579510812705, -7.36360938013309, -7.17446276249818, -6.97907722260447, -6.77817472781343, -6.57247724547669, -6.36270674294361, -6.14958518756496, -5.93383454669222, -5.71617678767255, -5.4973338778397, -5.27802778450195, -5.05898047492817, -4.84091391633403, -4.62455007587037, -4.41061092061578, -4.19981841757555, -3.99289453368858, -3.79056123584328, -3.59354049090284, -3.40255426573938, -3.21832473805731, -3.04157966859329, -2.87305660488405, -2.71350476995523, -2.56368497979656, -2.42436912025054, -2.29633777687821, -2.1803785967209, -2.07728302462354, -1.98784462230537, -1.91285759518937, -1.85311614864697, -1.80941448792864, -1.78254681816788, -1.77330734430747, -8.9612, -8.95227522723011, -8.9262855337141, -8.88395263061425, -8.82599822940292, -8.75314404168806, -8.66611177910343, -8.56562315324109, -8.45239987561158, -8.32716365762281, -8.19063621057162, -8.04353924564406, -7.8865944739219, -7.72052360639327, -7.5460483539661, -7.36389042748324, -7.17477153773805, -6.97941339548949, -6.77853771147575, -6.57286619642537, -6.36312056106505, -6.15002251612336, -5.93429377233005, -5.71665604041082, -5.49783103107799, -5.27854045501796, -5.05950602287692, -4.84144944524655, -4.62509243265197, -4.41115669554403, -4.20036394429811, -3.99343588922106, -3.79109424056741, -3.59406070856518, -3.4030570034508, -3.21880504627241, -3.04203245706573, -2.87347687557221, -2.7138879075841, -2.56402704715186, -2.42466714861601, -2.29658999322628, -2.18058460969535, -2.07744392540725, -1.98796304130254, -1.91293771939558, -1.85316372164752, -1.80943680989512, -1.78255274585509, -1.77330729104854, -8.9612, -8.9522771009387, -8.9262927741172, -8.88396847600083, -8.82602566337189, -8.75318579315095, -8.6661703222846, -8.56570070767625, -8.45249840614554, -8.32728487440673, -8.19078156906014, -8.04370994659259, -7.88679146338404, -7.72074757571866, -7.54629973979863, -7.36416941175969, -7.1750780476872, -6.97974710363164, -6.77889803562261, -6.57325229968026, -6.36353135182329, -6.15045664807279, -5.93474964445145, -5.7171317969782, -5.49832456165861, -5.27904939447189, -5.06002775135624, -4.84198108819407, -4.62563086079949, -4.41169852491036, -4.2009055361869, -3.99397335021867, -3.79162342254114, -3.59457720866193, -3.40355616409662, -3.21928195515182, -3.04248206070061, -2.8738942099994, -2.71426838697276, -2.56436675750577, -2.42496313686801, -2.29684049351581, -2.18078922868639, -2.0776037428405, -1.98808066652497, -1.91301730869079, -1.85321097823406, -1.8094589839231, -1.78255863440312, -1.77330723811883, -8.9612, -8.95227896080034, -8.92629996103314, -8.88398420436948, -8.82605289480426, -8.75322723647334, -8.66622843353872, -8.56577769011786, -8.45259621024214, -8.32740519783485, -8.19092585670254, -8.04387939053549, -7.88698700291463, -7.7209698973229, -7.54654927715953, -7.36444634575595, -7.17538230639229, -6.98007836231336, -6.77925571674297, -6.57363557289569, -6.36393913398501, -6.15088760322732, -5.93520218384106, -5.71760407904119, -5.49881449202928, -5.2795546259802, -5.06054568402693, -4.84250886924542, -4.62616538464161, -4.41223643314323, -4.20144321759817, -3.99450694078163, -3.79214880541284, -3.595090014182, -3.40405176978669, -3.21975548569496, -3.04292849915905, -2.87430862627848, -2.71464622450584, -2.56470412537421, -2.42525709756081, -2.29708928829901, -2.1809924622598, -2.07776248357611, -1.98819750284439, -1.91309636635619, -1.85325792034645, -1.80948101091896, -1.78256448405136, -1.77330718551596, -8.9612, -8.95228080690086, -8.92630709479342, -8.88399981644545, -8.82607992495525, -8.75326837356483, -8.66628611554245, -8.56585410411044, -8.45269329240279, -8.32752463344272, -8.19106908013388, -8.04404758526094, -7.88718110149674, -7.72119058141399, -7.5467969774999, -7.36472124217256, -7.17568432779791, -6.98040718670604, -6.77961077120599, -6.57401603359772, -6.36434392618053, -6.15131540125708, -5.93565141113255, -5.7180729081089, -5.4993008444747, -5.28005617249145, -5.06105984437795, -4.84303281229465, -4.62669602833039, -4.41277044449374, -4.20197701271138, -3.99503668483518, -3.79267041265927, -3.59559914794747, -3.40454384247049, -3.22022565874892, -3.04337179195964, -2.87472014239105, -2.71502143644923, -2.565039165168, -2.42554904315781, -2.29733638805172, -2.18119431891942, -2.07792015421877, -1.9883135550973, -1.91317489564923, -1.8533045499105, -1.8095028917825, -1.78257029503747, -1.77330713323753, -8.9612, -8.95228263932545, -8.92631417572715, -8.88401531294869, -8.82610675507095, -8.75330920632119, -8.66634337095303, -8.56592995317282, -8.45278965709627, -8.3276431867257, -8.19121124594106, -8.0442145385006, -7.88737376804831, -7.72140963812587, -7.54704285218775, -7.36499411361796, -7.1759841257475, -6.98073359187105, -6.77996321526211, -6.57439369918533, -6.36474574690508, -6.15174006168956, -5.93609734680994, -5.71853830553447, -5.49978364111797, -5.28055405678785, -5.06157025572796, -4.8435529410626, -4.62722281584275, -4.41330058303721, -4.20250694553073, -3.99556260613121, -3.79318826758705, -3.59610463261508, -3.40503240393851, -3.22069249500983, -3.04381195847965, -2.87512877618857, -2.7153940389512, -2.56537189119377, -2.42583898603235, -2.29758180317409, -2.18139480710768, -2.07807676132551, -1.9884288280853, -1.91325289980389, -1.85335086883814, -1.80952462740705, -1.78257606759742, -1.77330708128119, -8.9612, -8.95228445815872, -8.92632120416104, -8.88403069459396, -8.82613338638845, -8.75334973662445, -8.66640020240847, -8.56600524079831, -8.45288530875897, -8.32776086313937, -8.19135236066328, -8.04438025793015, -7.88756501142266, -7.72162707751908, -7.54728691250875, -7.36526497260926, -7.17628171398426, -6.98105759276066, -6.78031306504408, -6.57476858693149, -6.36514461451994, -6.15216160391083, -5.93654001120895, -5.71900029251643, -5.50026290392202, -5.28104830148662, -5.06207694122682, -4.84406927909839, -4.62774577098213, -4.41382687267473, -4.20303303988672, -3.99608472824976, -3.79370239333424, -3.59660649067771, -3.40551747582367, -3.22115601502424, -3.04424901795633, -2.87553454539356, -2.71576404804338, -2.56570231765486, -2.42612693846849, -2.29782554399129, -2.18159393520614, -2.07823231140611, -1.9885433265754, -1.91333038203083, -1.85339687902755, -1.8095462186795, -1.78258180196547, -1.77330702964462, -8.9612, -8.95228626348462, -8.92632818041944, -8.88404596209086, -8.82615982013585, -8.75338996634302, -8.66645661252766, -8.56607997045499, -8.45298025179521, -8.32787766809983, -8.19149243079247, -8.04454475116974, -7.88775484040908, -7.72184290958142, -7.547529169667, -7.36553383157305, -7.17657710615199, -6.98137920421903, -6.78066033656801, -6.57514071398426, -6.36554054725365, -6.15258004716682, -5.93697942451826, -5.71945889010009, -5.50073865469101, -5.28153892904154, -5.06257992385708, -4.84458184978096, -4.62826491737993, -4.41434933713468, -4.20355531943769, -3.99660307460053, -3.79421281287174, -3.59710474446582, -3.4059990796027, -3.22161623919037, -3.04468298948814, -2.8759374676007, -2.71613147964184, -2.56603045865227, -2.42641291266178, -2.29806762075411, -2.18179171153601, -2.07838681092348, -1.98865705530031, -1.91340734551764, -1.85344258236324, -1.80956766648039, -1.78258749837421, -1.77330697832549, -8.9612, -8.95228805538652, -8.92633510482437, -8.88406111614384, -8.82618605753243, -8.75342989733184, -8.66651260391061, -8.56615414558586, -8.45307449057749, -8.32799360698409, -8.19163146277365, -8.04470802578452, -7.88794326373343, -7.72205714422856, -7.54776963478567, -7.36580070284622, -7.17687031579601, -6.98169844098318, -6.78100504573438, -6.57551009736795, -6.36593356320317, -6.15299541056454, -5.93741560678087, -5.71991411917884, -5.50121091507176, -5.28202596174435, -5.06307922643544, -4.84509067632056, -4.62878027849706, -4.41486799997428, -4.20407380767132, -3.99711766842436, -3.79471954900482, -3.59759941614884, -3.40647723659753, -3.22207318775943, -3.0451138920359, -2.87633756027796, -2.71649634954804, -2.56635632818552, -2.42669692072006, -2.29830804363963, -2.18198814435872, -2.0785402662941, -1.98877001895874, -1.913483793429, -1.85348798071623, -1.80958897168393, -1.78259315705455, -1.77330692732153, -8.9612, -8.9522898339472, -8.9263419776955, -8.88407615745228, -8.82621209978864, -8.75346953143246, -8.66656817913859, -8.56622776960914, -8.45316802944681, -8.3281086851304, -8.19176946300541, -8.04487008928508, -7.88813029005865, -7.72226979130471, -7.54800831890776, -7.36606559867673, -7.17716135636401, -6.98201531768389, -6.78134720832907, -6.57587675398416, -6.36632368033503, -6.15340771307331, -5.93784857789531, -5.72036600049554, -5.5016797065551, -5.28250942172616, -5.06357487161421, -4.84559578176022, -4.6292918776254, -4.41538288458103, -4.20458852790611, -3.99762853279474, -3.79522262437453, -3.59809052773661, -3.40695196797659, -3.22252688083692, -3.04554174442407, -2.8767348407677, -2.71685867344989, -2.56667994015352, -2.4269789746642, -2.2985468227519, -2.18218324187637, -2.07869268388843, -1.98888222221571, -1.91355972890691, -1.85353307594407, -1.80961013515805, -1.78259877823576, -1.77330687663044, -8.9612, -8.95229159924881, -8.92634879935022, -8.88409108671054, -8.82623794810624, -8.75350887047317, -8.66662334077427, -8.56630084591842, -8.4532608727129, -8.32822290783857, -8.19190643784026, -8.04503094912797, -7.88831592798533, -7.72248086058323, -7.54824523299681, -7.36632853122439, -7.17745024120688, -6.98232984884666, -6.78168684002439, -6.57624070061286, -6.3667109164865, -6.15381697352595, -5.93827835761698, -5.72081455464381, -5.50214505047726, -5.28298933095889, -5.06406688188276, -4.84609718897726, -4.62979973788936, -4.41589401417428, -4.20509950329292, -3.99813569061928, -3.79572206145919, -3.5985781010808, -3.40742329475626, -3.22297733838392, -3.04596656534194, -2.8771293262878, -2.71721846692272, -2.56700130835555, -2.42725908642891, -2.29878396812253, -2.18237701223234, -2.0788440700313, -1.98899366970284, -1.9136351550709, -1.85357786989108, -1.80963115776452, -1.78260436214548, -1.77330682624998, -8.9612, -8.95229335137293, -8.92635557010365, -8.88410590460797, -8.82626360367834, -8.75354791626913, -8.66667809136191, -8.56637337788289, -8.45335302465454, -8.32833628037033, -8.19204239358508, -8.04519061271617, -7.88850018605226, -7.72269036176723, -7.54848038793757, -7.36658951256164, -7.17773698357961, -6.98264204889261, -6.78202395638001, -6.57660195391347, -6.36709528936668, -6.15422321061999, -5.93870496555932, -5.72125980206931, -5.50260696802121, -5.28346571125663, -5.06455527956896, -4.84659492068466, -4.63030388224727, -4.41640141180666, -4.20560675681637, -3.99863916464113, -3.79621788257577, -3.59906215787625, -3.40789123780207, -3.22342458021833, -3.04638837334476, -2.8775210339327, -2.71757574543025, -2.567320446492, -2.42753726786344, -2.29901948971135, -2.18256946351173, -2.07899443100229, -1.98910436601863, -1.91371007501818, -1.85362236438836, -1.80965204035889, -1.7826099090097, -1.77330677617792, -8.9612, -8.95229509040057, -8.92636229026862, -8.88412061182898, -8.82628906768951, -8.75358667062248, -8.66673243342752, -8.5664453688476, -8.45344448951979, -8.32844880794966, -8.19217733650148, -8.04534908739951, -7.88868307273696, -7.72289830449023, -7.54871379453669, -7.36684855467432, -7.17802159664206, -6.98295193213942, -6.78235857284401, -6.57696053042591, -6.36747681655765, -6.15462644291884, -5.93912842119512, -5.72170176307109, -5.50306548021799, -5.28393858427705, -5.06504008684053, -4.84708899943258, -4.63080433349286, -4.4169051003655, -4.20611031129635, -3.99913897744045, -3.79671010988131, -3.59954271966237, -3.40835581783014, -3.22386862601612, -3.04680718685495, -2.87790998067453, -2.7179305243256, -2.56763736816534, -2.42781353073234, -2.29925339740702, -2.18276060374191, -2.07914377303619, -1.98921431572878, -1.91378449182387, -1.85366656125399, -1.80967278379069, -1.78261541905285, -1.77330672641206
0.001, 0.001, 0.001, 0.001, 0.001, 0.001, 0.001, 0.001, 0.001, 0.001, 0.001, 0.001, 0.001, 0.001, 0.001, 0.001, 0.001, 0.001, 0.001, 0.001, 0.001, 0.001, 0.001, 0.001, 0.001, 0.001, 0.001, 0.001, 0.001, 0.001, 0.001, 0.001, 0.001, 0.001, 0.001, 0.001, 0.001, 0.001, 0.001, 0.001, 0.001, 0.001, 0.001, 0.001, 0.001, 0.001, 0.001, 0.001, 0.001, 0.001, 0.001, -0.175964157161665, -0.345556197271197, -0.507776131545122, -0.662623969027417, -0.810099717027993, -0.950203381439125, -1.08293496696436, -1.20829447728373, -1.32628191517228, -1.43689728258421, -1.540140580712, -1.63601181002806, -1.72451097031478, -1.80563806068848, -1.87939307962185, -1.94577602496914, -2.00478689399798, -2.05642568343136, -2.10069238950237, -2.13758700802402, -2.16710953447505, -2.18925996410176, -2.2040382920344, -2.21144451341535, -2.21147862353489, -2.20414061796934, -2.18943049271525, -2.16734824431324, -2.13789386995512, -2.10106736756855, -2.05686873587504, -2.00529797441846, -1.94635508356336, -1.88004006446427, -1.80635291900886, -1.72529364973929, -1.63686225975729, -1.54105875261854, -1.43788313222239, -1.32733540270207, -1.20941556832023, -1.08412363337313, -0.951459602106355, -0.811423478643347, -0.664015266927507, -0.509234970677655, -0.347082593356063, -0.177558138147889, -0.000661607950554005, 0.001, -0.176151712065939, -0.34591734464259, -0.508296909557339, -0.663290416174588, -0.810897871942478, -0.951119282779056, -1.08395465334679, -1.20940398724807, -1.32746728716394, -1.43814455495204, -1.54143579171492, -1.63734099784777, -1.72586017307218, -1.80699331646178, -1.88074042646466, -1.94710150092691, -2.00607653712135, -2.05766553178475, -2.10186848116679, -2.13868538109284, -2.16811622704234, -2.19016101424305, -2.20481973778054, -2.21209239272091, -2.21197897424324, -2.2044794777773, -2.18959389914068, -2.16732223466913, -2.13766448133366, -2.10062063683813, -2.05619069969232, -2.00437466925659, -1.94517254575611, -1.87858456380641, -1.80461266052543, -1.72326162299763, -1.63453888308182, -1.53845411871933, -1.43501872210803, -1.32424519407418, -1.20614649687013, -1.08073552279397, -0.948024619810268, -0.808025298009786, -0.660748086757383, -0.506202546031463, -0.344397406194328, -0.175340761647259, 0.00095972681667994, 0.001, -0.176502070485818, -0.346593800306821, -0.509275202275484, -0.664546286219889, -0.812407059725521, -0.952857528647032, -1.08589769746489, -1.21152756953544, -1.32974714726649, -1.4405564322405, -1.54395542530048, -1.63994412660979, -1.72852253569415, -1.80969065147228, -1.88344847228058, -1.94979599589628, -2.00873321956314, -2.06026014002327, -2.1043767535581, -2.14108305604133, -2.17037904300572, -2.19226470972516, -2.20674005131223, -2.21380506283039, -2.21345973941874, -2.20570407642576, -2.19053806954748, -2.16796171496411, -2.13797500946884, -2.10057795058197, -2.05577053664424, -2.00355276688386, -1.9439246414533, -1.87688684633622, -1.80244521289846, -1.72061423128045, -1.63141642812562, -1.53488115727291, -1.43104298832652, -1.31993986757039, -1.20161115199148, -1.07609599916562, -0.943431927325923, -0.803653921691714, -0.656793999428964, -0.502881240965064, -0.341942213010959, -0.174001556859513, 0.000917397196865899, 0.001, -0.176851060320569, -0.347267598298681, -0.510249627727921, -0.665797158898131, -0.813910199531507, -0.954588755419478, -1.08783283086116, -1.21364242896775, -1.33201755187487, -1.44295820089083, -1.54646437660005, -1.64253607893493, -1.73117330722602, -1.81237606023769, -1.88614433619494, -1.95247813280622, -2.01137744728618, -2.06284227638193, -2.10687261640621, -2.14346846328035, -2.1726298125897, -2.19435665965347, -2.20864899961038, -2.21550682752043, -2.21493013848195, -2.20691892776151, -2.19147319093303, -2.16859292402079, -2.13827812363988, -2.10052878712691, -2.05534491265347, -2.00272649931552, -1.94267354719278, -1.87518715225117, -1.80027695001572, -1.71796703483927, -1.62829492275383, -1.53130953461039, -1.42706851061626, -1.31563514061732, -1.19707508242371, -1.07145367635112, -0.938833541640528, -0.799273082359375, -0.652825759834059, -0.499540142843202, -0.339460612585619, -0.172628343973495, 0.000917670132124848, 0.001, -0.177198046423943, -0.347937530586934, -0.51121846725796, -0.667040867185942, -0.815404738229017, -0.956310086115775, -1.08975691496505, -1.21574522764437, -1.33427502601874, -1.44534631112395, -1.54895908328734, -1.64511334221172, -1.73380908703364, -1.81504631636398, -1.88882502831706, -1.95514522053297, -2.01400689019744, -2.0654100340626, -2.10935464847237, -2.14584072939556, -2.17486827246987, -2.19643727305967, -2.21054772632981, -2.21719962733705, -2.21639297113933, -2.20812775292196, -2.1924039681377, -2.16922161265597, -2.13858068291503, -2.10048117606901, -2.05492309012153, -2.00190642403718, -1.94143117782342, -1.87349881634174, -1.7981226898367, -1.71533639830036, -1.62519234206864, -1.52775890092764, -1.42311667969543, -1.31135421069517, -1.19256335945581, -1.06683556728362, -0.934258485935433, -0.79491388280933, -0.648876620519113, -0.496214724884877, -0.336990370555652, -0.171261253663485, 0.000917976353060401, 0.001, -0.177543037618663, -0.34860361423293, -0.512181745581498, -0.668277442869706, -0.816890714090857, -0.958021564911094, -1.09166999927005, -1.21783601979301, -1.33651962807595, -1.44772082488377, -1.55143961028825, -1.64767598376395, -1.73642994425454, -1.81770149021837, -1.8914906196597, -1.95779733015073, -2.01662161884845, -2.06796348251005, -2.1118229175105, -2.14819991986588, -2.17709448526604, -2.19850660912038, -2.21243628661988, -2.21888351281818, -2.21784828273331, -2.20933059146998, -2.19333043436064, -2.16984780712103, -2.13888270601376, -2.10043512801176, -2.05450507095178, -2.00109253366797, -1.94019751609601, -1.87182181109239, -1.79598239458944, -1.71272227395884, -1.62210862909746, -1.52422919115294, -1.41918742405795, -1.30709700200209, -1.18807590556304, -1.06224159567003, -0.92970668842456, -0.790576259296951, -0.644946529513691, -0.492904950768614, -0.334531470215676, -0.169900292858877, 0.000918281254842529, 0.001, -0.17788604501375, -0.349265870663261, -0.513139493651289, -0.669506925636941, -0.818368174747916, -0.959723246588298, -1.09357214491959, -1.21991487212624, -1.33875142953684, -1.45008181764696, -1.5539060362743, -1.65022408466656, -1.73903596157567, -1.82034166530832, -1.89414119375942, -1.96043454443366, -2.01922171445952, -2.07050270059926, -2.11427749925879, -2.15054610650125, -2.17930851806846, -2.20056472941469, -2.21431473575703, -2.22055853214621, -2.21929611356071, -2.21052747502534, -2.19425261175317, -2.1704715193073, -2.13918419377594, -2.10039063195206, -2.05409083150667, -2.00028479114436, -1.93897251072958, -1.8701560705153, -1.79385598373525, -1.71012456757109, -1.61904367744647, -1.52072028899445, -1.41528061994245, -1.30286338583678, -1.18361259015915, -1.05767163252776, -0.925178025561977, -0.786260097813228, -0.64103538664426, -0.489610738594913, -0.332083852469253, -0.168545429845101, 0.000918584571118097, 0.001, -0.178227072625395, -0.349924307625745, -0.514091722662218, -0.670729329845046, -0.819837137435561, -0.961415150976169, -1.0954633740513, -1.22198180880604, -1.34097045630312, -1.45242931677038, -1.55635838977301, -1.65275767433311, -1.74162716901205, -1.82296687196578, -1.89677678098047, -1.96305689349378, -2.02180720660585, -2.07302771708404, -2.11671842136508, -2.15287931555898, -2.18151039545932, -2.20261165656509, -2.21618309411949, -2.22222470317051, -2.22073647865751, -2.21171841552604, -2.19517050887069, -2.17109275410302, -2.13948514713809, -2.1003476845901, -2.05368036396549, -1.99948318384015, -1.93775614400779, -1.86850157160611, -1.7917434289845, -1.70754324580314, -1.61599744925147, -1.51723215288131, -1.41139622275002, -1.29865331510138, -1.17917336451627, -1.05312562868542, -0.920672449207073, -0.781965352965931, -0.637143151177291, -0.486332054338571, -0.329647492139142, -0.167196650482029, 0.000918887195618723, 0.001, -0.178566144045436, -0.350578970676908, -0.515038498508418, -0.671944740098712, -0.821297703841995, -0.963097395219382, -1.09734381763928, -1.22403697300881, -1.34317686212644, -1.45476348495386, -1.55879684080517, -1.65527692847828, -1.74420374634506, -1.82557729241164, -1.89939756435613, -1.96566455954953, -2.02437827506388, -2.07553870767164, -2.11914585384025, -2.1551997097264, -2.18370027117522, -2.2046475337303, -2.21804149266092, -2.22388214301253, -2.22216947968577, -2.21290349754757, -2.19608419157494, -2.17171155702902, -2.13978558965287, -2.1003062858832, -2.05327364306295, -1.99868765964023, -1.93654833533849, -1.86685820396839, -1.78964458945022, -1.70497813727651, -1.61296974334571, -1.51376455325485, -1.40753397658278, -1.29446651020822, -1.17475792852382, -1.04860326710744, -0.916189635782321, -0.777691711948274, -0.63326953851203, -0.483068659179114, -0.327222213849199, -0.165853860551279, 0.000919184455452499, 0.001, -0.178903261204131, -0.351229863491911, -0.515979826424604, -0.673153163006863, -0.822749881765008, -0.964769988119242, -1.09921348530301, -1.22608037498687, -1.34537065770658, -1.45708433315927, -1.56122140040945, -1.65778185803211, -1.74676570421081, -1.82817293680271, -1.90200355337853, -1.96825755124302, -2.02693492744032, -2.07803567874802, -2.12155980166414, -2.15750729239188, -2.18587814682768, -2.20667236055962, -2.21988992888305, -2.22553084684103, -2.2235951092959, -2.21408271103663, -2.19699364692354, -2.1723279120684, -2.14008550204353, -2.10026641310931, -2.05287064244634, -1.9978981883758, -1.93534905055138, -1.86522592954087, -1.78755942392277, -1.70242919905134, -1.60996051717119, -1.51031745073369, -1.40369384867696, -1.29030294903931, -1.17036627524664, -1.04410456100247, -0.911729617478535, -0.773439218351918, -0.629414596327852, -0.479820597707282, -0.324808052013547, -0.164517077250966, 0.000919483388167386, 0.001, -0.17923843663259, -0.351877010244045, -0.516915741337356, -0.674354643360487, -0.824193724971126, -0.966432991528938, -1.10107244609344, -1.22811209010007, -1.34755192382339, -1.45939194669753, -1.56363215753891, -1.66027255470092, -1.7493131361799, -1.83075389968494, -1.90459484268001, -1.97083596240405, -2.02947725587348, -2.08051871987103, -2.12396035092523, -2.15980214528552, -2.18804409889955, -2.20868620739966, -2.2217284661073, -2.2271708700633, -2.22501341409211, -2.21525609290539, -2.19789890124765, -2.17294183408239, -2.14038488681232, -2.10022805552277, -2.05247133723309, -1.99711473013837, -1.93415823382307, -1.86360467599059, -1.78548784359387, -1.69989632655061, -1.6069696517798, -1.50689071407664, -1.39987569822066, -1.2861624845205, -1.16599825516524, -1.03962936264647, -0.907292252944827, -0.769207742038434, -0.62557821073242, -0.476587777447729, -0.32240494083346, -0.16318626676745, 0.00091978049397004, 0.001, -0.179571682834389, -0.352520435052606, -0.51784627809387, -0.675549225846881, -0.825629287099944, -0.968086467152567, -1.10292076889139, -1.23013219351806, -1.34972074104758, -1.46168641065259, -1.56602920090286, -1.66274910993152, -1.75184613554879, -1.83332027531657, -1.90717152659274, -1.97339988655081, -2.03200535217972, -2.08298792026734, -2.12634758737256, -2.16208434979095, -2.19019820352107, -2.21068914423947, -2.22355716729363, -2.22880226772236, -2.22642444031261, -2.21642367969935, -2.19879998051218, -2.17355333756738, -2.14068374609927, -2.10019120201931, -2.05207570218669, -1.99633724467131, -1.93297582898886, -1.86199437064872, -1.78342975931808, -1.69737941484668, -1.6039970278416, -1.50348421160627, -1.39607938388341, -1.28204496894446, -1.16165371797647, -1.0351775233426, -0.902877399627376, -0.764997151393747, -0.621760266041194, -0.473370103771618, -0.320012811950122, -0.161861392274731, 0.000920075783537533, 0.001, -0.179903012215348, -0.353160161848335, -0.518771471268937, -0.676736954804035, -0.827056621371808, -0.96973047621198, -1.10475852203933, -1.23214075982316, -1.35187718932035, -1.46396780944367, -1.56841261851767, -1.66521161445652, -1.75436479488541, -1.83587215721996, -1.90973369871255, -1.97594941647173, -2.0345193074591, -2.08544336846773, -2.12872159608674, -2.16435398665763, -2.1923405362297, -2.21268124052354, -2.22537609491267, -2.23042509443404, -2.22782823383748, -2.21758550768196, -2.199696910483, -2.17416243691073, -2.14098208203227, -2.10015584158639, -2.05168371227322, -1.99556569203833, -1.93180178032913, -1.86039494142076, -1.78138508265279, -1.69487835983699, -1.60104252696223, -1.50009781267435, -1.39230476543566, -1.27795025575041, -1.1573325145398, -1.03074889554022, -0.898484916067578, -0.760807315811722, -0.617960647452833, -0.47016748277027, -0.317631597522989, -0.160542417224052, 0.000920369270592358, 0.001, -0.180232437084539, -0.353796214375355, -0.519691355167753, -0.677917874224251, -0.828475780592164, -0.971365079451802, -1.10658577334712, -1.23413786301641, -1.35402134796002, -1.46623622683231, -1.57078249771412, -1.66766015830191, -1.75686920603696, -1.83840963818945, -1.91228145190694, -1.97848464423338, -2.03701921210326, -2.08788515231485, -2.1310824614874, -2.16661113600814, -2.19447117197692, -2.21466256515824, -2.22718531095162, -2.23203940439235, -2.22922484019353, -2.21874161283873, -2.2005897167303, -2.17476914639325, -2.14127989672868, -2.10012196330387, -2.05129534266097, -1.99480003262204, -1.93063603256673, -1.85880631678263, -1.77935372585312, -1.69239305823786, -1.59810603167581, -1.49673138765383, -1.38855170374015, -1.27387819951524, -1.15303449686837, -1.02634333282625, -0.894114661893963, -0.756638105687044, -0.614179241043396, -0.466979821251051, -0.315261230227722, -0.159229305344259, 0.000920660968753928, 0.001, -0.180560781146493, -0.354430181610771, -0.52060822561035, -0.679094928341918, -0.829890298981502, -0.97299434265021, -1.10840706172175, -1.23612845670423, -1.35615852684229, -1.46849727053281, -1.57314468561369, -1.67010076956448, -1.75936551964314, -1.84093893297494, -1.91482100660296, -1.98101173750681, -2.03951112259394, -2.09031915866786, -2.13343584237788, -2.16886117015682, -2.19659513815499, -2.21663774218067, -2.22898897765943, -2.23364883962493, -2.23061732275379, -2.21989442145454, -2.2014801300168, -2.17537444282111, -2.14157735460318, -2.10008886075946, -2.05090895767475, -1.99403764304812, -1.92947491619168, -1.8572237511033, -1.77732986665265, -1.68991661105426, -1.59517956683541, -1.49337602930734, -1.38481065122743, -1.2698189032514, -1.14874970996604, -1.02195111401906, -0.889757441891413, -0.752481144178584, -0.610408780942742, -0.463801257045301, -0.312897544413406, -0.15791988036492, 0.000920844887302957, 0.001, -0.180887498691891, -0.355061010053894, -0.521520559221076, -0.680266161822114, -0.831297827161107, -0.974615560300272, -1.11021936344395, -1.23810923687121, -1.35828517957233, -1.47074718968797, -1.57549526481438, -1.67252940221525, -1.7618495989662, -1.8434558520483, -1.91734815840069, -1.98352651493898, -2.04199091854377, -2.09274136602378, -2.13577785405825, -2.17110037912546, -2.19870893742592, -2.21860352481159, -2.230784136734, -2.2352507682253, -2.2320034139259, -2.22104206816979, -2.20236672513456, -2.17597737905709, -2.14187402450866, -2.10005665671588, -2.05052527190706, -1.99327986765896, -1.92832044321658, -1.85564997228808, -1.77531700785393, -1.68745335536894, -1.59226836365469, -1.49003777930866, -1.38108822852755, -1.26577933684354, -1.14448524358983, -1.01757921962614, -0.885419898397773, -0.748342506688494, -0.606654546964184, -0.460636045803464, -0.310543543044155, -0.156615664067199, 0.00092110891518829, 0.001, -0.181213413601497, -0.355690288411843, -0.522430650481305, -0.681434515869439, -0.832701894008085, -0.976232789900718, -1.11202720558274, -1.24008514110477, -1.36040659520336, -1.47299156576363, -1.57784005014077, -1.67495204538317, -1.76432754838458, -1.84596655598222, -1.91986906501159, -1.98603507232442, -2.04446457477454, -2.09515756917586, -2.13811405223748, -2.17333402048298, -2.20081747016296, -2.22056439717293, -2.23257479699027, -2.23684866464563, -2.23338599474327, -2.22218678154281, -2.20325101911007, -2.17657870153862, -2.14216982323572, -2.10002437925852, -2.05014236567926, -1.99252377995267, -1.9271686212568, -1.85407986301008, -1.77330884839827, -1.6849958945417, -1.58936416902241, -1.48670776643159, -1.37737518520366, -1.26175011004691, -1.14023180752578, -1.01321869966942, -0.881093662169714, -0.744214645436928, -0.602910053692037, -0.457479005496893, -0.308195588580802, -0.155314804548283, 0.000921278153127952, 0.001, -0.181537704877432, -0.356316433527795, -0.523336212911911, -0.682597059518031, -0.834098982905103, -0.977841988018165, -1.11382607672455, -1.24205124884761, -1.36251750287146, -1.47522483642699, -1.58017324662955, -1.67736273031335, -1.76679328419118, -1.84846490495718, -1.92237758934372, -1.98853133413901, -2.04692613617027, -2.09756199225657, -2.14043889913678, -2.17555685337959, -2.2029158512855, -2.22251588879338, -2.23435696140645, -2.23843906415395, -2.23476219160428, -2.22332633794315, -2.20413149712531, -2.17717766310186, -2.14246483011697, -2.09999299305934, -2.04976214784597, -1.99177229181028, -1.92602342406374, -1.8525185177351, -1.7713116625081, -1.68255159352851, -1.58647519748426, -1.48339481541661, -1.37368071717053, -1.2577405512632, -1.13599862425837, -1.00887843254318, -0.876787029517575, -0.740105036793875, -0.599181719800534, -0.454335259419804, -0.30585727129902, -0.154019121451188, 0.00092154119619689, 0.001, -0.181860381572583, -0.356939462954544, -0.524237272012635, -0.683753825661639, -0.835489133586974, -0.979443200675557, -1.11561602862752, -1.24400761704009, -1.36461796414626, -1.47744706732398, -1.58249492345, -1.67976152914545, -1.76924688094305, -1.85095097539463, -1.92487380912994, -1.99101537887404, -2.04937568142766, -2.09995471361507, -2.14275247220478, -2.17776895381039, -2.20500415478212, -2.22445807110208, -2.23613069829926, -2.24002203140156, -2.23613206494184, -2.2244607930324, -2.2050082095176, -2.17777430820689, -2.14275908318233, -2.09996252916507, -2.04938464191782, -1.99102541865336, -1.92488485841697, -1.85096593404773, -1.7693254382878, -1.68012043123169, -1.58360141959935, -1.48009888990829, -1.37000478313121, -1.25375061672207, -1.13178565044541, -1.00455837859951, -0.872499968046646, -0.736013659406353, -0.595469538939213, -0.451204820308149, -0.303528627186067, -0.152728678225683, 0.000921802899739727, 0.001, -0.182181452512445, -0.357559393721199, -0.525133852394348, -0.684904845871053, -0.836872383962571, -0.981036471498005, -1.11739711001114, -1.24595429887427, -1.36670803607051, -1.47965831872618, -1.58480514348065, -1.68214850674303, -1.77168840486695, -1.85342483426261, -1.92735779145772, -1.99348727311448, -2.05181327600731, -2.10233579696569, -2.14505483278763, -2.1799703801315, -2.20708243539702, -2.22639099460937, -2.23789605332329, -2.24159760656547, -2.23749564883346, -2.22559017416667, -2.20588117629972, -2.1783686489013, -2.14305258589225, -2.09993298182718, -2.04900983231533, -1.99028313444955, -1.92375288720932, -1.84942206314408, -1.76735011488032, -1.67770233494307, -1.58074275158609, -1.47681989639419, -1.36634728172412, -1.2497801995849, -1.12759277657206, -1.00025842880849, -0.868232372661795, -0.731940415789549, -0.591773425077638, -0.448087617549336, -0.301209605087981, -0.151443447259843, 0.000922063232874887, 0.001, -0.182500926464419, -0.358176242744749, -0.526025978505843, -0.686050151509092, -0.838248771690968, -0.982621843823065, -1.11916936927369, -1.24789134719131, -1.3687877753105, -1.48185865050721, -1.58710396918463, -1.68452372754096, -1.77411792175165, -1.85588654808598, -1.92982960297015, -1.99594708300386, -2.05423898493536, -2.10470530559933, -2.1473460418232, -2.1821611903099, -2.20915074750847, -2.22831470948703, -2.23965307182599, -2.24316582955093, -2.23885297712441, -2.22671450851341, -2.2067504173435, -2.17896069714342, -2.14334534167374, -2.09990434532348, -2.0486377035493, -1.98954541332478, -1.92262747356401, -1.84788685652677, -1.76538563181337, -1.6752972324158, -1.57789911019506, -1.47355774195537, -1.36270811222959, -1.24582919368733, -1.12341989381153, -0.995978474821372, -0.86398413891986, -0.72788520905794, -0.588093292707579, -0.44498358095087, -0.298900154143352, -0.150163401081085, 0.000922322204340076, 0.001, -0.182819033309852, -0.358790454000568, -0.526914292629843, -0.687190567379461, -0.839619288310573, -0.98420046013753, -1.12093408406389, -1.24982015901532, -1.3708586824789, -1.48404965108135, -1.58939306099072, -1.68688890819523, -1.77653718869291, -1.8583378986128, -1.93229103428002, -1.99839659223205, -2.05665456919113, -2.10706496199715, -2.14962776750683, -2.18434298246756, -2.21121060337753, -2.23023062634767, -2.24140304698408, -2.24472786031131, -2.2402050607572, -2.22783464221673, -2.20761659820704, -2.17955092211765, -2.1436376075497, -2.09987664872745, -2.04826804095574, -1.9888117810895, -1.92150786797775, -1.84635927359065, -1.76343064185359, -1.67290345481271, -1.57506849057775, -1.470310071882, -1.35908455675909, -1.24189457487088, -1.11926380102825, -0.991715267433053, -0.859752098739498, -0.723845081670564, -0.584426524411784, -0.441890562920521, -0.296598726362502, -0.148887721121543, 0.000922539124286165, 0.001, -0.183135558827247, -0.359401613704497, -0.527798196077762, -0.688325324547095, -0.840983009297708, -0.985771254987007, -1.12269006265465, -1.25173943100465, -1.37291935727786, -1.48622983785303, -1.59167086866428, -1.68924244549092, -1.77894456415447, -1.86077722064444, -1.9347404111854, -2.00083413225296, -2.05905838054349, -2.10941315290206, -2.15189844621463, -2.18651425727283, -2.21326058262382, -2.23213741842121, -2.24314476029669, -2.24628260327392, -2.2415509417463, -2.22894976953728, -2.20847908005623, -2.18013886655429, -2.14392912247408, -2.09984984187604, -2.04790101991406, -1.9880826533251, -1.92039474089348, -1.84484025429978, -1.76148636938383, -1.67052252633291, -1.57225273265875, -1.46707905823147, -1.35547913638165, -1.23797916039046, -1.11512748684447, -0.98747184286613, -0.855539212418808, -0.719822794663978, -0.580775558767526, -0.438810556476933, -0.294306746169653, -0.147617140210046, 0.000922795746342298, 0.001, -0.18345051119972, -0.360009737668663, -0.528677711736656, -0.689454452419907, -0.842339970027071, -0.987334269158918, -1.12443735069205, -1.25364921310994, -1.37496985340849, -1.48839926771975, -1.5939374517451, -1.691584401056, -1.78134011129838, -1.86320457832292, -1.93717779825418, -2.00325976750621, -2.06145048274965, -2.11174994083481, -2.15415813867673, -2.18867507311111, -2.2153007407339, -2.23403513774123, -2.24487825979036, -2.24783010190415, -2.24289065844182, -2.23005992315577, -2.20933788934829, -2.18072455013294, -2.14421989879474, -2.09982392923126, -2.04753663644631, -1.98735801705951, -1.9192880697909, -1.84332976603148, -1.75955277138321, -1.66815439380505, -1.56945177392474, -1.46386463050775, -1.35189177450406, -1.23408286992101, -1.11101086998877, -0.98324812204132, -0.851345406492518, -0.715818283830611, -0.577140344634576, -0.43574352747476, -0.292024200418613, -0.146351670246608, 0.000923051059110419, 0.001, -0.183763898978316, -0.360614842392657, -0.529552863452186, -0.690577981587169, -0.843690207229089, -0.988889544922376, -1.12617599538141, -1.25554955687028, -1.37701022614117, -1.49055799908068, -1.59619287115864, -1.69391483773973, -1.7837238942952, -1.8656200365376, -1.93960326049199, -2.0056735625112, -2.06383093924031, -2.11407538753483, -2.1564069043388, -2.19082548653181, -2.21733113075839, -2.23592383325707, -2.24660358971063, -2.24937039514122, -2.24422424387416, -2.23116512959129, -2.21019304548844, -2.18130798454246, -2.14450993988166, -2.09979890524166, -2.04717487547705, -1.98663784709081, -1.91818781873904, -1.84182776152317, -1.75762978891139, -1.66579898680458, -1.5666655332173, -1.46066669811562, -1.34832237291405, -1.23020559992948, -1.10691384432073, -0.979043999274824, -0.847170579078577, -0.71183145465529, -0.573520798594092, -0.432689407437421, -0.289751039496407, -0.145091284444786, 0.000923305042630329, 0.001, -0.184075730658128, -0.361216944268088, -0.530423674913925, -0.691695942437873, -0.845033757393632, -0.990437124269591, -1.12790604361875, -1.2574405134869, -1.37904053038381, -1.49270608995184, -1.59843718743048, -1.69623381797867, -1.78609597689385, -1.86802365975119, -1.94201686247675, -2.00807558136247, -2.06619981302801, -2.11638955433411, -2.15864480225365, -2.19296555370998, -2.21935180539602, -2.23780355359254, -2.24832079400779, -2.2509035216633, -2.24555173085079, -2.232265415182, -2.21104456774698, -2.18188918138664, -2.14479924907351, -2.09977476438221, -2.04681572201892, -1.98592211837067, -1.91709395202999, -1.84033419380878, -1.75571736340002, -1.6634562353528, -1.56389392989219, -1.4574851710334, -1.34477083401989, -1.2263472475349, -1.10283630436581, -0.974859369542645, -0.843014628927301, -0.707862213205207, -0.569916837736168, -0.429648128299791, -0.287487214079606, -0.143835956161112, 0.000923557705284933, 0.001, -0.184386014679, -0.361816059579963, -0.531290169657389, -0.6928083651634, -0.846370656773308, -0.991977048919758, -1.12962754199519, -1.25932213382826, -1.38106082068747, -1.49484359797227, -1.60067046069295, -1.69854140380376, -1.78845642242923, -1.87041551200784, -1.94441866836718, -2.01046588773861, -2.06855716671653, -2.11869250216689, -2.16087189109135, -2.19509533045679, -2.22136281700437, -2.23967434705694, -2.25002991634818, -2.2524295198991, -2.24687315196809, -2.23336080609727, -2.21189247527154, -2.18246815219669, -2.14508782969039, -2.09975150116715, -2.04645916118562, -1.98521080601751, -1.91600643419218, -1.838849016232, -1.75381543666615, -1.66112606993035, -1.56113688383311, -1.45431995982696, -1.34123706086468, -1.22250771052331, -1.09877814533095, -0.970694128497089, -0.838877455438948, -0.703910466148773, -0.566328379680166, -0.426619622430235, -0.285232675158264, -0.142585658921154, 0.000923809055389246, 0.001, -0.184694759425967, -0.362412204507548, -0.532152371065288, -0.693915279759134, -0.847700941385403, -0.993509360321291, -1.13134053679951, -1.26119446843266, -1.38307115124928, -1.49697058040707, -1.60289275068832, -1.70083765684365, -1.79080529382555, -1.87279565693651, -1.94680874190615, -2.0128445449056, -2.07090306250413, -2.12098429157291, -2.16308822914226, -2.19721487222245, -2.22336421760264, -2.24153626164765, -2.25173100011654, -2.25394842802991, -2.24818853961307, -2.23445132833898, -2.21273678708808, -2.18304490843181, -2.14537568503389, -2.09972911014964, -2.04610517819102, -1.98450388531507, -1.91492522998836, -1.83737218244373, -1.75192395090895, -1.65880842147336, -1.55839431544729, -1.45117097564485, -1.33772095712118, -1.21868688734226, -1.09473926309898, -0.966548172461269, -0.834758958658452, -0.699976120750762, -0.562755342570454, -0.423603822627119, -0.282987374033397, -0.141340366418157, 0.00092405910120516, 0.001, -0.185001973229716, -0.363005395125241, -0.533010302368787, -0.695016716026066, -0.849024647013803, -0.995034099654038, -1.13304507402058, -1.26305756751107, -1.38507157591529, -1.49908709415048, -1.60510411677204, -1.70312263832801, -1.79314265359973, -1.87516415775439, -1.94918714642416, -2.01521161572023, -2.07323756218692, -2.12326498270062, -2.1652938743202, -2.19932423409912, -2.22535605887439, -2.24338934505265, -2.25342408841828, -2.25546028399157, -2.24949792596504, -2.23553700774294, -2.21357752210188, -2.18361946147977, -2.14566281838727, -2.09970758592143, -2.04575375834833, -1.98380133171103, -1.91385030441366, -1.83590364639955, -1.75004284870663, -1.65650322136975, -1.55566614566124, -1.44803813021354, -1.33422242708666, -1.2148846770955, -1.0907195542232, -0.962421398423679, -0.830659039270228, -0.696059084867515, -0.559197645072194, -0.420600662115369, -0.280751262314501, -0.140100052511704, 0.000924307850943967, 0.001, -0.185307664367017, -0.36359564740342, -0.533863986648726, -0.696112703572371, -0.85034180921089, -0.996551307831457, -1.13474119934979, -1.26491148094969, -1.38706214818338, -1.50119319572886, -1.60730461791582, -1.70539640909074, -1.79546856386468, -1.87752107727023, -1.95155394484261, -2.01756716263341, -2.07556072716213, -2.12553463531038, -2.16748888416545, -2.20142347082387, -2.22733839217029, -2.24523364465302, -2.25510922408173, -2.25696512547648, -2.25080134299728, -2.23661786998013, -2.21441469909845, -2.18419182265744, -2.14594923301554, -2.09968692311247, -2.04540488706927, -1.98310312081564, -1.91278162269365, -1.83444336235715, -1.74817207301329, -1.65421040145551, -1.55295229591643, -1.44492133583269, -1.33074137567783, -1.2111009795376, -1.08671891592192, -0.958313704032864, -0.826577598593067, -0.692159266942239, -0.555655206367222, -0.417610074543119, -0.278524291917146, -0.138864691226451, 0.000924555312703107, 0.001, -0.185611841061173, -0.364182977209297, -0.534713446836862, -0.697203271814995, -0.851652463299444, -0.998061025502808, -1.13642895818353, -1.26675625831265, -1.38904292120607, -1.50328894130374, -1.60949431271082, -1.70765902957322, -1.79778308633262, -1.87986647788769, -1.95390919967722, -2.01991124769348, -2.07787261843131, -2.12779330877756, -2.16967331584784, -2.20351263678154, -2.2293112685108, -2.24706920752544, -2.25678644966039, -2.25846298993557, -2.25209882247874, -2.23769394055811, -2.21524833674457, -2.18476200321136, -2.14623493216563, -2.09966711639064, -2.04505854986322, -1.98240922840038, -1.91171915028248, -1.8329912848739, -1.74631156715581, -1.65192989401099, -1.55025268816512, -1.44182050537046, -1.32727770842575, -1.20733569506866, -1.08273724607307, -0.954224987592032, -0.822514538574964, -0.688276576000226, -0.552127946149836, -0.414631993978241, -0.276306415060448, -0.137634256750711, 0.0009248014945826, 0.001, -0.185914511482443, -0.364767400307747, -0.535558705717063, -0.698288449981183, -0.85295664437448, -0.999563293055268, -1.13810839562552, -1.2685919488446, -1.3910139477933, -1.50537438667474, -1.61167325937066, -1.70991055982747, -1.80008628231829, -1.88220042160859, -1.9562529730412, -2.02224393254942, -2.08017329660356, -2.1300410620957, -2.17184722616968, -2.20559178600758, -2.23127473858882, -2.24889608044463, -2.25845580743513, -2.25995391458021, -2.25339039597562, -2.23876524482228, -2.21607845358913, -2.18533001431828, -2.14651991906646, -2.09964816046135, -2.04471473233642, -1.98171963039661, -1.91066285286092, -1.83154736880433, -1.74446127483079, -1.64966163175726, -1.54756724486615, -1.4387355522589, -1.3238313314709, -1.20358872472912, -1.07877444320891, -0.950155148053852, -0.81846976178815, -0.684410921644283, -0.548615784622797, -0.411666354905109, -0.274097584264757, -0.136408723435267, 0.000925046404565588, 0.001, -0.186215683748483, -0.365348932362147, -0.536399785926515, -0.699368267110037, -0.85425438730512, -1.00105815061608, -1.13977955648922, -1.27041860147333, -1.39297528041525, -1.5074495872825, -1.61384151573455, -1.71215105951931, -1.80237821274221, -1.88452297003619, -1.95858532664861, -2.02456527845415, -2.08246282189871, -2.13227795387959, -2.17401067156879, -2.20766097219086, -2.23322885277238, -2.25071430988582, -2.26011733941642, -2.26143793638416, -2.25467609485307, -2.23983180795717, -2.21690506806415, -2.18589586708572, -2.14680419692909, -2.09963005006726, -2.04437342019113, -1.98103430289422, -1.90961269633457, -1.83011156929772, -1.74262114010156, -1.64740554785255, -1.54489588898084, -1.43566639048935, -1.32040215155817, -1.19985997019455, -1.07483040651073, -0.946104085015216, -0.81444317142406, -0.680562214050078, -0.545118642493237, -0.408713092221228, -0.27189775234921, -0.135188065792019, 0.000925290050599326, 0.001, -0.186515363588014, -0.36592758443149, -0.537236703456053, -0.700442743725805, -0.855545716750601, -1.00254562658105, -1.14144247250858, -1.27223625087247, -1.39492695628685, -1.50951458248479, -1.61599912290464, -1.71438057109682, -1.80465892099995, -1.88683416711509, -1.96090630459465, -2.02687532925497, -2.08474123751771, -2.13450402628541, -2.17616369275807, -2.20972023420261, -2.23517364769253, -2.2525239298414, -2.2617710765596, -2.26291508286724, -2.25595594279689, -2.24089364941617, -2.21772819499209, -2.18645957130679, -2.14708777011879, -2.09961278374733, -2.04403460574155, -1.98035323158418, -1.90856865937265, -1.82868385760308, -1.74079112626265, -1.64516159722344, -1.54223856718137, -1.43261295910847, -1.31699010123109, -1.19614935907851, -1.07090506063085, -0.942071722468898, -0.810434693385237, -0.676730383808841, -0.541636457976694, -0.405772154813187, -0.269706881990145, -0.133972263445427, 0.000925532685538244, 0.001, -0.186813558094888, -0.366503370204533, -0.538069478090411, -0.701511905210278, -0.85683066319086, -1.00402575602933, -1.14309718286306, -1.27404493982289, -1.39686902129138, -1.51156942076842, -1.61814613147231, -1.71659914675701, -1.80692846039517, -1.88913406675666, -1.96321596089945, -2.02917413858182, -2.08700859620135, -2.1367193306658, -2.1783063392031, -2.21176961912234, -2.23710916754378, -2.25432498112197, -2.26341705579235, -2.26438538657525, -2.25722996747208, -2.24195079148447, -2.21854785077942, -2.18702113701024, -2.14737064178764, -2.09959635727797, -2.04369827688944, -1.97967639599463, -1.90753071263069, -1.82726419500438, -1.73897118492204, -1.64292972191947, -1.53959521252805, -1.42957518320966, -1.31359509908001, -1.19245680534287, -1.06699831714476, -0.938057972161346, -0.806444242405218, -0.672915351662992, -0.538169161001716, -0.402843485083571, -0.267524931423777, -0.132761293864445, 0.000925774192457179, 0.001, -0.187110275285809, -0.367076305149939, -0.538898132185485, -0.70257578024188, -0.858109261062136, -1.00549857859029, -1.14474373181041, -1.27584471664599, -1.39880152724922, -1.51361415688795, -1.62028259856161, -1.71880684542867, -1.80918689109665, -1.89142272980493, -1.96551435651749, -2.03146176693489, -2.08926495743078, -2.13892392491814, -2.1804386666527, -2.21380917998558, -2.23903546208361, -2.25611750964217, -2.26505531862172, -2.26584888404294, -2.25849819987629, -2.2430032590579, -2.21936405365534, -2.18758057519389, -2.14765281513731, -2.09958076549995, -2.04336441954987, -1.97900377255013, -1.90649882247801, -1.82585253725085, -1.73716126088503, -1.64070985598346, -1.53696574900246, -1.42655297792591, -1.31021705309171, -1.18878221197796, -1.0631100765888, -0.934062735047688, -0.802471722996262, -0.66911702902814, -0.534716673388854, -0.399927018869608, -0.265351854187073, -0.131555132008183, 0.000926014451662488, 0.001, -0.187405523118887, -0.367646404623217, -0.539722687933503, -0.703634397288876, -0.859381544548062, -1.00696413360223, -1.14638216328296, -1.27763562930744, -1.40072452559867, -1.51564884519365, -1.62240858087403, -1.72100372560381, -1.81143427282623, -1.89370021665083, -1.9678015519481, -2.0337382743612, -2.09151038023994, -2.14111786650258, -2.18256073043252, -2.21583896942275, -2.24095258068649, -2.25790156095982, -2.26668590622817, -2.26730561151265, -2.25976067075306, -2.24405107682044, -2.22017682168358, -2.18813789674047, -2.14793429330881, -2.09956600325179, -2.04303301969814, -1.97833533780204, -1.90547295548121, -1.82444884036365, -1.73536129930557, -1.63850193388186, -1.534350101079, -1.4235462589426, -1.30685587185177, -1.18512548260304, -1.05924024013919, -0.930085912712776, -0.798517040267279, -0.665335327859406, -0.531278917416127, -0.397022692358461, -0.263187604033555, -0.130353752892851, 0.000926253471964539, 0.001, -0.187699309501255, -0.368213683881526, -0.540543167384558, -0.704687784637221, -0.860647547613378, -1.00842246015161, -1.14801252093181, -1.27941772546588, -1.40263806744882, -1.51767353968796, -1.62452413474828, -1.72318984540029, -1.81367066492379, -1.89596658729915, -1.97007760730387, -2.03600372052398, -2.09374492328565, -2.14330121251236, -2.18467258551511, -2.21785903972859, -2.24286057241222, -2.25967718034267, -2.26830885953027, -2.26875560499667, -2.26101741065125, -2.24509426930042, -2.2209861728148, -2.18869311246586, -2.14821507942606, -2.09955206540834, -2.04270406340288, -1.97767106845562, -1.90445307842506, -1.82305306064987, -1.7335712456933, -1.63630589050504, -1.53174819371933, -1.42055494248753, -1.30351146453205, -1.1814865214534, -1.05538870960182, -0.926127407366487, -0.794580099928046, -0.66157016066796, -0.527855815851298, -0.394130442138685, -0.261032135007367, -0.129157131691897, 0.000926491261017542, 0.001, -0.187991642289489, -0.368778158084477, -0.541359592447778, -0.70573597039205, -0.861907304005723, -1.00987359707508, -1.14963484812907, -1.2811910524754, -1.40454220358222, -1.51968829402834, -1.62662931616319, -1.72536526256479, -1.81589612635032, -1.89822190137163, -1.97234258231374, -2.03825816470583, -2.09596864485058, -2.14547401967669, -2.18677428652268, -2.21986944286473, -2.24475948600834, -2.26144441277057, -2.26992421918666, -2.27019890027887, -2.26226844992642, -2.24613286087152, -2.22179212488724, -2.18924623311929, -2.14849517659575, -2.09953894688016, -2.04237753682495, -1.97701094136842, -1.90343915831022, -1.82166515469971, -1.73179104591011, -1.63412166116336, -1.52915995236791, -1.41757894532591, -1.30018374088522, -1.17786523337476, -1.05155538740636, -0.92218712183794, -0.790660808283597, -0.657821440515716, -0.524447291947057, -0.391250205196068, -0.258885401439941, -0.127965243733671, 0.000926727826492724, 0.001, -0.188282529290011, -0.369339842294911, -0.542171984892446, -0.706778982479122, -0.863160847257367, -1.01131758296143, -1.15124918797012, -1.28295565738799, -1.40643698445745, -1.52169316153001, -1.62872418074063, -1.72753003447579, -1.81811071569092, -1.90046621811001, -1.97459653632604, -2.04050166581169, -2.09818160284626, -2.14763634436368, -2.18886588772987, -2.22187023046238, -2.24664936991257, -2.26320330293779, -2.27153202559813, -2.27163553291654, -2.26351381874235, -2.247166875754, -2.22259469562763, -2.18979726938394, -2.14877458790746, -2.09952664261321, -2.04205342621664, -1.97635493354905, -1.90243116235157, -1.82028507938428, -1.7300206461674, -1.63194918158377, -1.52658530294812, -1.41461818475609, -1.29687261124023, -1.17426152381843, -1.04774017660141, -0.918264959570671, -0.786759072229592, -0.654089081011087, -0.52105326943731, -0.388381918910613, -0.256747357947857, -0.126778064500324, 0.000926963175956835, 0.001, -0.188571978259489, -0.369898751479674, -0.542980366349122, -0.707816848646252, -0.864408210686927, -1.01275445615365, -1.15285558327584, -1.28471158695591, -1.40832246021176, -1.5236881951687, -1.6308087837483, -1.72968421814653, -1.82031449115784, -1.90269959637905, -1.97683952831155, -2.04273428237186, -2.100383854816, -2.14978824258316, -2.19094744306655, -2.22386145382492, -2.24853027225532, -2.26495389525526, -2.27313231890962, -2.27306553824215, -2.26475354707254, -2.24819633801589, -2.22339390265202, -2.19034623187735, -2.14905331643374, -2.09951514758851, -2.04173171792094, -1.97570302215591, -1.90142905797642, -1.81891279185325, -1.72825999302318, -1.6297883879065, -1.52402417185838, -1.41167257860525, -1.29357798649764, -1.17067529883646, -1.04394298084957, -0.914360824617728, -0.782874799247625, -0.650372996304643, -0.517673672533354, -0.38552552105341, -0.254617959430562, -0.125595569626556, 0.000927197316929695, 0.001, -0.188859996905232, -0.370454900510384, -0.543784758310747, -0.708849596464732, -0.865649427401079, -1.01418425475081, -1.15445407659473, -1.28645888763417, -1.4101986806636, -1.52567344758332, -1.63288318010262, -1.73182787022787, -1.82250751059342, -1.90492209466953, -1.97907161686652, -2.04495607254499, -2.10257545793787, -2.15192976998959, -2.19301900612055, -2.22584316393053, -2.25040224086211, -2.26669623385282, -2.2747251390123, -2.27448895136517, -2.26598766470174, -2.24922127157421, -2.22418976346667, -2.19089313115202, -2.14933136523026, -2.09950445682188, -2.04141239837077, -1.97505518449601, -1.9004328128228, -1.81754824953263, -1.7265090333793, -1.62763921668166, -1.52147648596836, -1.40874204522521, -1.29029977812506, -1.16710646507688, -1.04016370442256, -0.910474621636873, -0.779007897400624, -0.646673101084866, -0.514308425920154, -0.382680949783589, -0.252497161068184, -0.124417734898444, 0.000927430256872391, 0.001, -0.189146592885587, -0.371008304164186, -0.544585182133736, -0.709877253330734, -0.866884530296235, -1.01560701661006, -1.15604471020514, -1.28819760558277, -1.41206569531515, -1.52764897107867, -1.63494742437144, -1.73396104701122, -1.82468983147303, -1.90713377110125, -1.98129286021559, -2.04716709412104, -2.10475646902756, -2.15406098188484, -2.19508063014035, -2.22781541143476, -2.252265323256, -2.26843036258148, -2.27631052554555, -2.27590580717381, -2.26721620122743, -2.25024170019614, -2.22498229546889, -2.19143797769582, -2.1496087373359, -2.09949456536362, -2.04109545408827, -1.97441139802374, -1.89944239473774, -1.81619141012254, -1.72476771447867, -1.62550160486602, -1.51894217261521, -1.40582650348819, -1.2870378981527, -1.16355492977899, -1.03640225219641, -0.906606255885816, -0.775158275328278, -0.642989310573936, -0.510957454752645, -0.3798481436453, -0.250384918319342, -0.12324453625227, 0.000927662003184324, 0.001, -0.189431773810327, -0.371558977124503, -0.545381659039068, -0.710899846466701, -0.86811355206022, -1.01702277934851, -1.15762752611741, -1.28992778666917, -1.41392355335484, -1.5296148176281, -1.6370015707769, -1.73608380443136, -1.826861510908, -1.90933468342595, -1.98350331621478, -2.04936740452418, -2.10692694454127, -2.15618193322098, -2.19713236803779, -2.22977824667308, -2.25411956665994, -2.27015632501556, -2.27788851789894, -2.27731614033675, -2.26843918606126, -2.25125764750018, -2.2257715159479, -2.19198078193255, -2.14988543577287, -2.09948546829823, -2.04078087168405, -1.97377164033965, -1.89845777177561, -1.81484223159499, -1.72303598390253, -1.62337548981969, -1.51642115959979, -1.40292587278272, -1.2837922591688, -1.16002060076862, -1.03265852964669, -0.90275563321749, -0.771325842242515, -0.639321540523554, -0.507620684652054, -0.377027041564702, -0.248281186918977, -0.122075949773332, 0.000927892563225133, 0.001, -0.189715547241033, -0.37210693398178, -0.546174210113352, -0.711917402922723, -0.869336525173918, -1.01843158034515, -1.15920256607594, -1.29164947647049, -1.41577230365985, -1.53157103887608, -1.63904567319808, -1.73819619806927, -1.82902260564847, -1.91152488903022, -1.9857030423544, -2.05155706081569, -2.10908694057853, -2.15829267860309, -2.19917427239074, -2.23173171966341, -2.25596501799919, -2.27187416445492, -2.27945915521421, -2.27871998530488, -2.26965664843057, -2.25226913695734, -2.22655744208568, -2.19252155422238, -2.15016146354683, -2.09947716074406, -2.04046863785645, -1.97313588918931, -1.89747891219644, -1.81350067219169, -1.72131378956775, -1.62126080930295, -1.51391337518302, -1.40004007300949, -1.28056277431532, -1.15650338645357, -1.02893244284381, -0.8989226600754, -0.767510507923043, -0.635669707210835, -0.504298041702301, -0.374217582847035, -0.246185922876242, -0.120911951694841, 0.000928121944270763, 0.001, -0.189997920691476, -0.372652189234216, -0.546962856309895, -0.7129299495779, -0.870553481912914, -1.01983345674276, -1.16076987156136, -1.29336272027589, -1.41761199479854, -1.53351768614086, -1.64107978517377, -1.74029828315492, -1.83117317208628, -1.91370444493838, -1.98789209576192, -2.05373611969685, -2.11123651288505, -2.16039327229194, -2.20120639544568, -2.2336758801086, -2.25780172390364, -2.27358392392712, -2.28102247638723, -2.28011737631302, -2.27086861737974, -2.25327619189227, -2.22734009095774, -2.19306030486236, -2.15043682364697, -2.09946963785311, -2.04015873939085, -1.9725041224621, -1.89650578446425, -1.81216669042192, -1.71960107972413, -1.61915750147301, -1.5114187480822, -1.39716902457731, -1.27734935728347, -1.15300319581898, -1.02522389844832, -0.895107243488977, -0.763712182712898, -0.632033727434189, -0.50098945244638, -0.371419707173648, -0.24409908247235, -0.119752518396733, 0.000928350153556287, 0.001, -0.190278901627998, -0.373194757288498, -0.547747618449753, -0.713937513141692, -0.871764454349111, -1.0212284454497, -1.16232948379255, -1.29506756308881, -1.4194426750329, -1.53545481041702, -1.64310395990512, -1.74239011457008, -1.83331326625775, -1.91587340781537, -1.99007053320485, -2.05590463751173, -2.11337571685546, -2.16248376820673, -2.20322878912038, -2.23561077739897, -2.25962973071013, -2.27528564618951, -2.28257852006987, -2.28150834738157, -2.27207512177172, -2.25427883548442, -2.22811947953402, -2.19359704408691, -2.15071151904615, -2.09946289481065, -2.03985116315892, -1.9718763181901, -1.89553835724542, -1.81084024506036, -1.71789780295174, -1.61706550488088, -1.50893720746734, -1.39431264839905, -1.2741519223094, -1.14951993842279, -1.02153280370628, -0.891309291069003, -0.759930777514053, -0.628413518509281, -0.497694843882806, -0.368633354599095, -0.242020622258476, -0.118597626404551, 0.000928577198270233, 0.001, -0.190558497469883, -0.373734652460519, -0.548528517222773, -0.714940120155258, -0.87296947435234, -1.02261658314185, -1.16388144372875, -1.29676404962922, -1.42126439232098, -1.537382462378, -1.64511825025833, -1.74447174685099, -1.83544294384655, -1.91803183396952, -1.99223841109356, -2.05806267025003, -2.11550460753613, -2.16456421992779, -2.20524150500642, -2.23753646061471, -2.26144908446473, -2.27697937373142, -2.28412732467201, -2.28289293231826, -2.27327619028939, -2.25527709076913, -2.22889562467967, -2.19413178206826, -2.150985552701, -2.09945692683502, -2.03954589611799, -1.97125245454686, -1.89457659940709, -1.80952129514499, -1.71620390815828, -1.61498475846822, -1.50646868295765, -1.39147086588772, -1.27097038416995, -1.14605352439126, -1.01785906644473, -0.887528711003092, -0.756166203783096, -0.624808998265033, -0.494414143462108, -0.365858465548278, -0.239950499053707, -0.117447252388343, 0.000928803085532129, 0.001, -0.190836715589725, -0.374271888976086, -0.54930557318862, -0.715937796992771, -0.874168573591933, -1.02399790626433, -1.16542579207159, -1.29845222433584, -1.42307719431925, -1.53930069237864, -1.64712270876724, -1.74654323419113, -1.83756226018637, -1.92017977935541, -1.99439578548406, -2.06021027354987, -2.11762323962784, -2.16663468069917, -2.20724459437179, -2.23945297852827, -2.26325983092506, -2.27866514877618, -2.2856689283633, -2.2842711647197, -2.27447185143693, -2.25627098063878, -2.22966854315582, -2.19466452891692, -2.15125892755203, -2.09945172917726, -2.03924292531025, -1.97063250984632, -1.8936204800155, -1.80820979997496, -1.71451934457651, -1.61291520156425, -1.50401310461793, -1.38864359895246, -1.26780465817833, -1.14260386441449, -1.01420259506707, -0.883765412051176, -0.752418373526898, -0.621220085039635, -0.491147279083325, -0.363094980813577, -0.237888669942959, -0.116301373161541, 0.000929027822406142
0.001, 0.001, 0.001, 0.001, 0.001, 0.001, 0.001, 0.001, 0.001, 0.001, 0.001, 0.001, 0.001, 0.001, 0.001, 0.001, 0.001, 0.001, 0.001, 0.001, 0.001, 0.001, 0.001, 0.001, 0.001, 0.001, 0.001, 0.001, 0.001, 0.001, 0.001, 0.001, 0.001, 0.001, 0.001, 0.001, 0.001, 0.001, 0.001, 0.001, 0.001, 0.001, 0.001, 0.001, 0.001, 0.001, 0.001, 0.001, 0.001, 0.001, 0.001, 0.575146825745638, 1.12537537520078, 1.6516856847566, 2.15407778375559, 2.63255169591421, 3.08710744034949, 3.51774503232174, 3.92446448377055, 4.30726580369935, 4.66614899844837, 5.00111407188657, 5.31216102554658, 5.59928985872241, 5.86250056854705, 6.10179315006523, 6.31716759631521, 6.50862389843208, 6.67616204578378, 6.81978202614889, 6.93948382594302, 7.03526743049728, 7.10713282438866, 7.15507999181762, 7.17910891702395, 7.17921958472738, 7.15541198057556, 7.1076860915796, 7.03604190651586, 6.94047941627333, 6.8209986141285, 6.67759949593335, 6.51028206020802, 6.31904630813529, 6.10389224346096, 5.86481987230935, 5.6018292029284, 5.31492024538138, 5.00409301120445, 4.66934751304872, 4.31068376432421, 3.92810177886069, 3.52160157059712, 3.09118315330793, 2.63684654037133, 2.15859174458139, 1.65641877800354, 1.13032765187086, 0.580318376517349, 0.00639096134347517, 0.001, 0.575122623328154, 1.12532555883779, 1.65160884311708, 2.15397250570655, 2.63241657051998, 3.08694105687012, 3.51754598021081, 3.9242313526725, 4.30699718344592, 4.66584347905393, 5.00077024354176, 5.3117774786097, 5.59886518370797, 5.86203335611083, 6.10128199098537, 6.31661108146864, 6.50802061876615, 6.67551059228279, 6.81908098979574, 6.93873179767638, 7.03446300116513, 7.10627458469935, 7.15416653229017, 7.17813882793938, 7.17819145608319, 7.15432440204579, 7.1065376524824, 7.0348311957906, 6.93920502246883, 6.81965912540311, 6.67619350006734, 6.50880814462767, 6.31750305994764, 6.10227798042515, 5.86313102382745, 5.60005812037004, 5.31305388169816, 5.00211249531363, 4.66722866323053, 4.30839785561014, 3.92561628062669, 3.51888134572054, 3.08819166285393, 2.63354659432988, 2.1549460044837, 1.65238990758731, 1.12587831536098, 0.575411238653516, 0.000988687397457388, 0.001, 0.574970295536585, 1.12503165583081, 1.65118411704361, 2.15342770851532, 2.63176245410144, 3.08618837314367, 3.51670548117623, 3.92331379043762, 4.3060133102383, 4.66480404722159, 4.99968600554633, 5.31065918701437, 5.59772359116196, 5.86087921533184, 6.10012605474108, 6.31546410255867, 6.50689335000539, 6.67441378648732, 6.81802539977236, 6.93772817621659, 7.03352210104429, 7.1054071586812, 7.15338333313654, 7.17745060842438, 7.17760896901072, 7.15385840026827, 7.10619888891886, 7.03463042344151, 6.93915299442529, 6.81976659484829, 6.67647122026856, 6.50926686891814, 6.318153541698, 6.10313045296561, 5.86419192489346, 5.60132561888769, 5.3145151779176, 5.00374294490381, 4.66899281396512, 4.31025100418813, 3.92750597131, 3.52074981049095, 3.08997827457933, 2.63518939685527, 2.15638273781255, 1.65355831539003, 1.12671614146552, 0.57585622711731, 0.000978582570682396, 0.001, 0.57481913396907, 1.12474000378407, 1.65076264518225, 2.15288708730545, 2.63111335395152, 3.08544146449096, 3.51587143453779, 3.92240327643777, 4.30503699962018, 4.66377261084783, 4.99861011439228, 5.30954951215612, 5.5965908037609, 5.85973398661721, 6.09897905599171, 6.31432600508496, 6.50577482513282, 6.67332550554249, 6.81697803407258, 6.93673239706397, 7.03258857972487, 7.10454656646945, 7.15260634130504, 7.17676788825797, 7.17703119182375, 7.15339623742337, 7.10586301184483, 7.03443150364807, 6.9391017035122, 6.81987360450684, 6.67674720227364, 6.50972249511023, 6.31879948395485, 6.10397691093484, 5.86524539806885, 5.60258442736079, 5.31596675534632, 5.00536295244439, 4.67074616099021, 4.31209339122075, 3.92938537811915, 3.52260892403628, 3.09175693192958, 2.63682610985405, 2.15781571521756, 1.65472576961558, 1.12755628508148, 0.576307272920539, 0.000978743647826019, 0.001, 0.574667951605203, 1.12444831164652, 1.6503411154375, 2.15234639192151, 2.63046416483869, 3.08469445358838, 3.5150372738644, 3.92149263811978, 4.30406055590261, 4.66274103409521, 4.99753407708186, 5.30843968686586, 5.59545786315411, 5.85858860342505, 6.09783190299489, 6.3131877550958, 6.50465615097872, 6.67223708005195, 6.81593053006483, 6.93573648734303, 7.03165493707869, 7.10368586367442, 7.15182925113566, 7.17608508350098, 7.17645334529544, 7.15293402198829, 7.1055271004337, 7.03423256927255, 6.93905041927401, 6.81998064359919, 6.67702323797341, 6.51017820075984, 6.31944553293401, 6.10482355183306, 5.86629927402114, 5.60384384075108, 5.3174189468193, 5.00698346390351, 4.67249983819287, 4.31393591292589, 3.93126473371491, 3.52446782937228, 3.09353526207915, 2.63846241841156, 2.15924825343561, 1.65589279239447, 1.12839604747705, 0.576758030215476, 0.000978751414505985, 0.001, 0.574518147661312, 1.12415927757703, 1.64992342464092, 2.15181061759965, 2.62982088013622, 3.0839542316785, 3.51421068799939, 3.92059026165817, 4.30309296232064, 4.66171879698755, 4.99646777015481, 5.30733988392555, 5.59433513809119, 5.85745353019738, 6.09669505560944, 6.31205970759083, 6.50354747740742, 6.67115835446858, 6.81489232651443, 6.93474937985551, 7.03072949966801, 7.10283267034303, 7.15105887588405, 7.1754081003417, 7.17588032827023, 7.15247554518661, 7.10519373801049, 7.03403489546279, 6.93899900840186, 6.82008607007937, 6.67729607630342, 6.5106290255021, 6.32008491868782, 6.10566169560671, 5.86734286157528, 5.60509130775669, 5.31885775084589, 5.00858943484409, 4.67423816511317, 4.31576265950611, 3.93312830547252, 3.52631137745204, 3.09529910591555, 2.64008555968698, 2.160669392231, 1.65705063242909, 1.12922929262446, 0.57720538457433, 0.000978919370842934, 0.001, 0.5743673947047, 1.12386840795992, 1.64950307423694, 2.15127142208453, 2.62917347512814, 3.08320925282431, 3.51337877102547, 3.91968204239781, 4.30211907672555, 4.66068988112856, 4.99539446021512, 5.30623281618874, 5.59320494892589, 5.85631085603985, 6.09555053294529, 6.31092397293715, 6.50243116729622, 6.67007210543291, 6.81384677507794, 6.93375516252654, 7.02979725293866, 7.10197303069362, 7.15028247979277, 7.17472558429859, 7.17530232879443, 7.15201269884499, 7.1048566814355, 7.03383426536715, 6.93894544158768, 6.82019020343963, 6.67756854681418, 6.51108047020455, 6.3207259746601, 6.10650266916218, 5.86839064125118, 5.60634462197238, 5.32030443293777, 5.01020576102485, 4.67598920594622, 4.31760376265231, 3.93500719780989, 3.52817055053291, 3.09707822859382, 2.64172298676972, 2.16210317766045, 1.6582188337779, 1.13006996762108, 0.577656591174518, 0.000978715820526443, 0.001, 0.574218013943814, 1.12358018452615, 1.64908654579973, 2.1507371261172, 2.62853194904696, 3.08247103407398, 3.51255439712949, 3.91878205098555, 4.30115400554375, 4.65967026804196, 4.99433084319978, 5.3051357333202, 5.59208493836392, 5.85517845601122, 6.09441628172569, 6.3097984088334, 6.50132482862996, 6.66899553052675, 6.81281050224515, 6.93276973006518, 7.02887319913066, 7.10112089380922, 7.14951279809996, 7.17404889607706, 7.17472917235264, 7.15155361253857, 7.10452220368497, 7.03363493467246, 6.93889179653728, 6.8202927827119, 6.67783788916975, 6.51152711446849, 6.32136045969411, 6.1073352497636, 5.86942824763436, 5.60758611389509, 5.32173785777735, 5.01180767929063, 4.67772503037882, 4.31942922752394, 3.93687044743589, 3.5300145128587, 3.09884301783409, 2.64334740677973, 2.16352573216338, 1.65937803011797, 1.13090431329715, 0.578104593910884, 0.000978883629394356, 0.001, 0.574069997905139, 1.12329459263158, 1.64867381781732, 2.15020770162069, 2.62789626755358, 3.0817395351291, 3.51173752035651, 3.9178902361128, 4.3001976924158, 4.65865989662032, 4.99327685355621, 5.30404856562502, 5.59097503287093, 5.85405625304057, 6.09329222164598, 6.30868293204406, 6.50022837554509, 6.66792854156136, 6.811783417805, 6.9317929905409, 7.02795724489684, 7.10027616522878, 7.14874973553355, 7.17337793989683, 7.17416076295911, 7.15109819037892, 7.10419020927056, 7.03343680859324, 6.93883797947074, 6.82039371542458, 6.67810401250955, 6.51196886934712, 6.3219882870595, 6.10815935283024, 5.87045559749892, 5.60881570017727, 5.32315793980781, 5.01339509928381, 4.67944554026009, 4.32123894488882, 3.93871793055276, 3.53184312246684, 3.10059330984781, 2.64495863041037, 2.16493683721924, 1.66052797001918, 1.13173204161723, 0.578549064447082, 0.000979050464595677, 0.001, 0.573923336494274, 1.12301161281218, 1.64826486218084, 2.14968311256605, 2.62726638742368, 3.08101470629471, 3.51092808526573, 3.91700653731766, 4.29925007258348, 4.65765869853384, 4.99223242010785, 5.30297123980469, 5.5898751577512, 5.85294417175978, 6.09217827739045, 6.30757746803066, 6.49914173500515, 6.66687106772714, 6.81076545389955, 6.93082487977219, 7.02704933045695, 7.09943879029813, 7.14799324329025, 7.17271267353028, 7.17359706568672, 7.15064640546424, 7.1038606800406, 7.03323987845275, 6.93878399191113, 6.82049301402535, 6.67836694093074, 6.51240577131193, 6.32260950632694, 6.10897504139222, 5.87147276697704, 5.61003346902359, 5.32456477767449, 5.01496812796213, 4.68115084833707, 4.32303303046902, 3.94054976285028, 3.53365649189428, 3.10232921081864, 2.64655675424144, 2.16633657655005, 1.66166872109183, 1.13255320082603, 0.578990028408322, 0.000979216077977019, 0.001, 0.573778019716849, 1.12273122579731, 1.64785965106142, 2.14916332328419, 2.62664226586604, 3.08029649837549, 3.51012603697576, 3.91613089475072, 4.29831108194742, 4.6566666061513, 4.99119747240966, 5.30190368331842, 5.58878523908634, 5.85184213759093, 6.09107437443974, 6.30648194305047, 6.4980648347622, 6.66582303898901, 6.80975654342465, 6.92986533430399, 7.02614939672308, 7.09860871501463, 7.14724327317076, 7.17205305529956, 7.1730380460972, 7.15019823131392, 7.10353359819025, 7.03304413584007, 6.93872983555954, 6.82059069104547, 6.67862669851289, 6.51283785670891, 6.32322416682702, 6.10978237812049, 5.87247983172208, 5.61123950804343, 5.32595846931715, 5.01652687147579, 4.68284106645723, 4.32481159900593, 3.94236605896779, 3.53545473256932, 3.10405082580443, 2.64814187378144, 2.16772503293221, 1.66280035019757, 1.13336783868781, 0.579427511278829, 0.000979380491096915, 0.001, 0.573634037665496, 1.12245341248405, 1.64745815687239, 2.14864829841653, 2.62602386046188, 3.0795848626043, 3.50933132108286, 3.91526324908345, 4.29738065696614, 4.65568355243002, 4.99017194062963, 5.3008458242567, 5.58770520360114, 5.85075007660496, 6.08998043892281, 6.30539628400231, 6.49699760319673, 6.664784385921, 6.80875661985973, 6.92891429123295, 7.02525738512096, 7.09778588584491, 7.1464997773945, 7.17139904388871, 7.17248367005104, 7.14975364167676, 7.1032089460685, 7.03284957241622, 6.93867551210092, 6.82068675890566, 6.67888330912438, 6.51326516156603, 6.32383231745916, 6.11058142513861, 5.87347686672707, 5.61243390408201, 5.32733911182182, 5.01807143505035, 4.68451630549439, 4.32657476424261, 3.94416693254745, 3.53723795495097, 3.10575825894882, 2.64971408370692, 2.16910228841977, 1.66392292361258, 1.13417600254548, 0.579861538312909, 0.00097954371431852, 0.001, 0.573491380518636, 1.12217815393492, 1.64706035226598, 2.14813800291062, 2.62541112915972, 3.07887975063622, 3.50854388365434, 3.91440354150099, 4.29645873464821, 4.6547094709077, 4.98915575554023, 5.29979759133243, 5.58663497865461, 5.84966791551266, 6.08889639760787, 6.30432041841752, 6.49593996930891, 6.66375503969775, 6.80776561725959, 6.92797168819971, 7.02437323758274, 7.09697024971834, 7.14576270859368, 7.1707505983385, 7.17193390370323, 7.14931261052768, 7.10288670617586, 7.03265617991302, 6.93862102320408, 6.82078122991747, 6.6791367964252, 6.51368772159741, 6.32443400669737, 6.11137224403015, 5.87446394633367, 5.61361674323082, 5.32870680143275, 5.01960192299992, 4.68617667536298, 4.32832263893886, 3.94595249624991, 3.53900626854503, 3.10745161349729, 2.65127347787839, 2.17046842435988, 1.66503650704227, 1.13497773933441, 0.580292134547537, 0.000979705757912064, 0.001, 0.573350038539587, 1.12190543137609, 1.6466662101308, 2.14763240201699, 2.62480403027154, 3.07818111454419, 3.50776367122358, 3.91355171369674, 4.29554525254658, 4.6537442956964, 4.98814884851215, 5.29875891387451, 5.58557449223339, 5.84859558165801, 6.08782217789582, 6.30325427445347, 6.49489186271214, 6.6627349320883, 6.80678347024848, 6.92703746338329, 7.0234968965418, 7.0961617540222, 7.14503201980911, 7.1701076780428, 7.1713887135003, 7.14887511206544, 7.10256686116292, 7.03246395013247, 6.93856637052204, 6.82087411628454, 6.67938718386923, 6.5141055722068, 6.32502928259485, 6.11215489584452, 5.87544114423923, 5.61478811083585, 5.33006163356147, 5.02111843873691, 4.68782228502826, 4.33005533488168, 3.9477228617648, 3.54075978191414, 3.10913099180672, 2.652820149349, 2.17182352140027, 1.66614116562737, 1.13577309558671, 0.580719324804616, 0.000979866632003112, 0.001, 0.573209780571663, 1.12163479949607, 1.64627508800171, 2.14713067311779, 2.62420157802761, 3.07748782240747, 3.50698942271988, 3.91270639245116, 4.29463874229426, 4.65278648028318, 4.98714961188825, 5.29772814008346, 5.58452206539771, 5.84753138596302, 6.08675609757267, 6.30219619376242, 6.4938516659272, 6.66172250348425, 6.80580869409111, 6.92611022392382, 7.02262707801598, 7.09535924065434, 7.14430669582096, 7.1694694276665, 7.17084742099434, 7.14844066173191, 7.10224913736409, 7.03227283730441, 6.93851175318316, 6.82096587903703, 6.67963521139186, 6.51451974923839, 6.32561949390825, 6.11293102655417, 5.87641035409642, 5.61595009831308, 5.3314058468914, 5.02262331726203, 4.68945551450169, 4.33177522550547, 3.94948034417477, 3.54250069990476, 3.11079843655375, 2.65435592667283, 2.17316914201613, 1.66723814380792, 1.13656294575114, 0.581143561585745, 0.000980004935445034, 0.001, 0.573070520520887, 1.12136609245672, 1.64588674664604, 2.1466325099353, 2.62360340545459, 3.07679945290659, 3.50622066882714, 3.91186706680113, 4.29373865763076, 4.6518354494599, 4.98615744786254, 5.29670465590526, 5.58347707419541, 5.84647470092735, 6.08569753193983, 6.30114556079753, 6.49281877890904, 6.66071717569231, 6.80484073879595, 6.92518945438154, 7.02176330746727, 7.09456228232852, 7.14358636294479, 7.168835533477, 7.17030977875465, 7.14800908474843, 7.10193343900289, 7.03208283100481, 6.93845725246618, 6.82105669750679, 6.67988116272851, 6.51493064718165, 6.32620515223162, 6.11370125937269, 5.87737229288403, 5.61710349817775, 5.3327402908295, 5.02411744589393, 4.6910772697708, 4.33348321602943, 3.95122582836627, 3.54422986743266, 3.11245473301342, 2.65588151580191, 2.17450589315179, 1.6683279298359, 1.13734763970281, 0.581565036704721, 0.000980134736341287, 0.001, 0.572932253048182, 1.12109929996775, 1.64550117121014, 2.14613789344034, 2.62300948973562, 3.07611597982485, 3.50545738031664, 3.91103370489377, 4.29284496446687, 4.6508911672889, 4.98517231903673, 5.2956884228689, 5.5824394794706, 5.8454254870981, 6.08464644163529, 6.30010233667553, 6.49179316364097, 6.65971891195025, 6.80387956924315, 6.9242751216668, 7.02090555422411, 7.09377085117917, 7.14287099650885, 7.16820597438426, 7.16977576966079, 7.147580368352, 7.10161975806167, 7.03189392834924, 6.93840287100776, 6.8211465802395, 6.68012505272175, 6.51533828756395, 6.32678628616502, 6.11446563036072, 5.87832700422571, 5.61824836132683, 5.33406502292542, 5.02560088779515, 4.6926876182373, 4.33517937647086, 3.95295938518173, 3.54594735427652, 3.11409994796758, 2.65739697857092, 2.1758338297411, 1.66941056979078, 1.13812721271317, 0.581983772671359, 0.000980263829301276, 0.001, 0.572794976056097, 1.12083441798252, 1.64511835584638, 2.14564681613256, 2.62241982186586, 3.07543739280115, 3.5046995456193, 3.91020629410022, 4.2919576492622, 4.64995361946651, 4.98419421049214, 5.2946794255889, 5.58140926551928, 5.84438372860098, 6.0836028107627, 6.29906650562629, 6.49077480462732, 6.65872769718515, 6.80292517093072, 6.92336721199684, 7.02005380537123, 7.09298493530671, 7.14216058577753, 7.16758074096489, 7.16924538574982, 7.14715450618842, 7.1013080899432, 7.0317061266457, 6.9383486081694, 6.8212355287984, 6.68036688528483, 6.51574267679679, 6.32736290476646, 6.11522415137106, 5.87927450270261, 5.61938470503768, 5.3353800632158, 5.02707366551973, 4.69428658449391, 4.33686373280765, 3.954681041216, 3.54765318681364, 3.11573410671244, 2.65890233832037, 2.17715297229217, 1.67048608047155, 1.13890167699544, 0.582399776236435, 0.000980392625976378, 0.001, 0.572658683246813, 1.12057143435343, 1.64473828300543, 2.14515925550887, 2.6218343748365, 3.07476366076898, 3.50394713005889, 3.90938479658259, 4.29107667146524, 4.64902276317559, 4.98322307759404, 5.29367761806099, 5.58038638541568, 5.84334937803676, 6.08256659189745, 6.29803802064784, 6.48976365573685, 6.6577434865845, 6.80197750081296, 6.92246568454083, 7.01920802274069, 7.09220449965416, 7.14145509925288, 7.16695980572799, 7.16871860398596, 7.14673148012506, 7.10099842186608, 7.03151941891207, 6.93829446321632, 6.82132354914411, 6.68060667352185, 6.51614383557585, 6.32793503677127, 6.11597685962675, 5.88021483419051, 5.62051258344544, 5.33668547319933, 5.02853584661971, 4.69587424050417, 4.33853635952479, 3.95639087141951, 3.54934743830595, 3.11735727862344, 2.66039765832405, 2.17846337575867, 1.67155450629329, 1.13967106420765, 0.582813064082496, 0.000980520614992098, 0.001, 0.572523368382474, 1.12031033704897, 1.64436093530632, 2.14467518928306, 2.62125312190024, 3.07409475296414, 3.50320009929851, 3.90856917487547, 4.29020199092623, 4.64809855602629, 4.98225887615668, 5.29268295474775, 5.57937079271489, 5.8423223884973, 6.08153773811235, 6.29701683523819, 6.48875967133696, 6.65676623582935, 6.80103651632879, 6.92157049893975, 7.01836816861978, 7.09142950959935, 7.14075450584746, 7.16634314156509, 7.16819540168392, 7.14631127234406, 7.10069074132409, 7.03133379839802, 6.9382404355983, 6.82141064737079, 6.68084443061557, 6.51654178461673, 6.32850271087213, 6.11672379224183, 5.88114804438852, 5.62163205044471, 5.3379813140788, 5.02998749830825, 4.69745065786553, 4.34019733073228, 3.95808895037898, 3.55103018168431, 3.11896953279958, 2.6618830016562, 2.17976509499382, 1.67261589169206, 1.14043540617256, 0.58322365322282, 0.000980647804030732, 0.001, 0.572389025272128, 1.12005111412811, 1.64398629549879, 2.14419459533648, 2.6206760365109, 3.07343063885374, 3.50245841925943, 3.9077593917951, 4.28933356779729, 4.64718095594743, 4.98130156232644, 5.29169539045399, 5.57836244132105, 5.84130271342692, 6.0805162028328, 6.29600290324468, 6.48776280613782, 6.65579590093356, 6.80010217523666, 6.92068161513753, 7.01753420557877, 7.09065993077976, 7.14005877470683, 7.16573072157074, 7.16767575632813, 7.14589386516058, 7.10038503590402, 7.03114925840283, 6.93818652476803, 6.82149682952542, 6.6810801696482, 6.51693654447774, 6.32906595554439, 6.11746498604955, 5.88207417865036, 5.62274315952316, 5.33926764659529, 5.03142868729208, 4.69901590763653, 4.34184671998285, 3.95977535212076, 3.55270148933204, 3.12057093782135, 2.66335843091779, 2.18105818443924, 1.67367028077032, 1.14119473447358, 0.583631560541993, 0.000980774199021872, 0.001, 0.572255647741726, 1.11979375368234, 1.64361434637944, 2.14371745161039, 2.62010309219396, 3.07277128798705, 3.50172205595425, 3.90695541025702, 4.28847136233644, 4.64626992097908, 4.98035109236507, 5.29071488010269, 5.57736128525796, 5.84029030638984, 6.07950193960303, 6.29499617863115, 6.48677301496249, 6.65483243801901, 6.79917443539684, 6.91979899317243, 7.01670609627351, 7.08989572890842, 7.13936787504085, 7.16512251889116, 7.16715964544076, 7.14547924091238, 7.1000812931988, 7.03096579221424, 6.93813273014767, 6.82158210160417, 6.68131390362951, 6.51732813562192, 6.32962479914396, 6.11820047773833, 5.88299328216035, 5.62384596397955, 5.34054453129035, 5.03285948007947, 4.70057006069265, 4.34348460066826, 3.96145015053055, 3.55436143351105, 3.12216156216628, 2.66482400862475, 2.18234269846873, 1.6747177175792, 1.14194908065878, 0.584036802904531, 0.00098089980048699, 0.001, 0.572123229814457, 1.11953824418271, 1.64324507129184, 2.14324373674553, 2.61953426331197, 3.07211667087308, 3.5009909764631, 3.90615719433712, 4.28761533603998, 4.64536541046266, 4.97940742388372, 5.28974137999942, 5.57636727995031, 5.83928512235453, 6.07849490335997, 6.29399661672768, 6.48579025395886, 6.65387580447609, 6.79825325586692, 6.91892259419391, 7.01588380437002, 7.0891368705926, 7.13868177682267, 7.16451850729011, 7.16664704700087, 7.14506738221848, 7.09977950089211, 7.03078339300527, 6.93807905082425, 6.82166646903282, 6.68154564474874, 6.51771657742665, 6.33017926866106, 6.11893030233595, 5.88390539815575, 5.62494051493537, 5.34181202640005, 5.03427994088751, 4.70211318580927, 4.34511104435102, 3.96311341790659, 3.55601008512207, 3.12374147316724, 2.66627979635737, 2.18361869072257, 1.67575824563164, 1.14269847592633, 0.584439397006447, 0.000981024614922443, 0.001, 0.571991765435148, 1.11928457395007, 1.64287845336404, 2.14277342910833, 2.61896952390089, 3.07146675764851, 3.50026514745452, 3.905364707667, 4.28676544993376, 4.64446738324943, 4.97847051399028, 5.28877484593991, 5.57538038031282, 5.83828711578593, 6.07749504854998, 6.29300417239326, 6.48481447882976, 6.65292595728267, 6.79733859533102, 6.91805237902354, 7.01506729325852, 7.08838332222238, 7.13800044987344, 7.16391866045101, 7.16613793898536, 7.14465827178045, 7.09947964684143, 7.03060205422051, 6.9380254862607, 6.82174993772386, 6.68177540579915, 6.51810188999719, 6.33072939194421, 6.11965449586541, 5.88481057099295, 5.62602686470212, 5.34307019132917, 5.03569013495355, 4.70364535247624, 4.34672612295661, 3.9647652266355, 3.55764751494393, 3.12531073788391, 2.66772585532828, 2.1848862144352, 1.67679190805274, 1.14344295116092, 0.584839359360966, 0.00098114865299459, 0.001, 0.571861248596721, 1.11903273139805, 1.64251447585814, 2.14230650723711, 2.61840884820305, 3.0708215186874, 3.49954453586212, 3.90457791416753, 4.28592166535371, 4.64357579851813, 4.9775403201341, 5.28781523407189, 5.57440054161941, 5.83729624151192, 6.07650232998272, 6.29201880084709, 6.48384564563174, 6.65198285376045, 6.79643041280375, 6.91718830879668, 7.0142565266229, 7.08763505045797, 7.13732386425748, 7.16332295227009, 7.16563229955014, 7.14425189244173, 7.09918171900548, 7.03042176936179, 6.93797203592977, 6.82183251354875, 6.68200319947874, 6.51848409328592, 6.33127519662795, 6.12037309407124, 5.88570884468416, 5.62710506518427, 5.34431908501937, 5.03709012700559, 4.70516662964021, 4.34832990784763, 3.96640564853682, 3.55927379320036, 3.12686942284941, 2.66916224626874, 2.18614532242158, 1.67781874762684, 1.14418253700186, 0.585236706347998, 0.000981271920873938, 0.001, 0.57173167333686, 1.11878270502662, 1.64215312216097, 2.14184294983012, 2.61785221065269, 3.07018092458457, 3.49882910886583, 3.90379677802837, 4.28508394392377, 4.64269061575161, 4.97661680008148, 5.28686250086972, 5.5734277194771, 5.8363124546968, 6.07551670280433, 6.29104045764179, 6.4828837107485, 6.6510464515488, 6.79552866760481, 6.91633034493789, 7.01345146841721, 7.0868920222075, 7.13665199026164, 7.16273135683749, 7.16513010701328, 7.14384822717289, 7.09888570543196, 7.03024253197855, 6.93791869930725, 6.82191420233426, 6.6822290383899, 6.51886320709545, 6.33181671013977, 6.12108613243042, 5.88660026291238, 5.62817516789843, 5.34555876597227, 5.03847998128893, 4.70667708573422, 4.34992246985567, 3.96803475489616, 3.56088898959349, 3.12841759410299, 2.67058902945943, 2.18739606710502, 1.67883880682103, 1.14491726386123, 0.585631454225832, 0.000981394424266147, 0.001, 0.571603033737595, 1.11853448342126, 1.64179437578289, 2.14138273574404, 2.61729958587418, 3.0695449461535, 3.49811883388966, 3.90302126370547, 4.28425224755325, 4.64181179473395, 4.97569991191273, 5.28591660313138, 5.57246186982296, 5.83533571083815, 6.07453812249438, 6.29006909866035, 6.48192863088789, 6.65011670860189, 6.79463331935608, 6.91547844915827, 7.0126520828632, 7.08615420462481, 7.13598479839327, 7.16214384843554, 7.16463133985352, 7.14344725907051, 7.09859159425678, 7.03006433566746, 6.93786547587205, 6.82199500986299, 6.68245293504038, 6.51923925108015, 6.33235395970211, 6.12179364615496, 5.88748486903463, 5.62923722397704, 5.34678929225366, 5.03985976157072, 4.70817678868261, 4.35150387928636, 3.96965261647037, 3.56249317330886, 3.12995531719486, 2.67200626473495, 2.18863850052106, 1.67985212778841, 1.14564716192637, 0.586023619132631, 0.000981516168824581, 0.001, 0.571475323924903, 1.11828805525224, 1.64143822035674, 2.14092584399254, 2.61675094868033, 3.06891355442439, 3.49741367859947, 3.90225133591866, 4.28342653843425, 4.6409392955478, 4.97478961401936, 5.2849774979755, 5.5715029489211, 5.83436596576386, 6.07356654486284, 6.28910468011314, 6.48098036307898, 6.64919358318579, 6.79374432797899, 6.91463258345289, 7.01185833444789, 7.0854215651072, 7.13532225937824, 7.16156040153701, 7.16413597670884, 7.14304897135614, 7.09829937370332, 7.02988717407206, 6.93781236510619, 6.82207494187379, 6.68267490184417, 6.5196122447475, 6.33288697233431, 6.12249567019435, 5.8883627060849, 5.6302912841719, 5.34801072149749, 5.04122953114442, 4.70966580590563, 4.35307420592417, 3.9712593034923, 3.56408641302014, 3.13148265719057, 2.67341401148775, 2.18987267432093, 1.68085875237093, 1.1463722611618, 0.58641321708747, 0.000981637160093696, 0.001, 0.5713485380683, 1.11804340927378, 1.64108463963665, 2.14047225374483, 2.61620627407058, 3.06828672064212, 3.49671361090079, 3.90148695964924, 4.28260677903905, 4.64007307857161, 4.97388586510118, 5.28404514283849, 5.57055091335967, 5.83340317562907, 6.07260192604703, 6.28814715853486, 6.48003886466909, 6.64827703387567, 6.79286165369172, 6.91379271009818, 7.01107018792115, 7.08469407129319, 7.13466434415897, 7.16098099080338, 7.163643996375, 7.14265334737501, 7.09800903208153, 7.02971104088226, 6.93775936649474, 6.82215400406212, 6.68289495112236, 6.51998220745945, 6.33341577485438, 6.12319223923794, 5.88923381677709, 5.63133739885766, 5.34922311090981, 5.04258935283401, 4.71114420432411, 4.35463351903715, 3.97285488567563, 3.56566877689378, 3.13299967867552, 2.67481232867229, 2.19109863977518, 1.68185872210227, 1.14709259131145, 0.586800263991574, 0.000981757403697547, 0.001, 0.57122267038046, 1.11780053432337, 1.640733617497, 2.14002194432431, 2.61566553722946, 3.06766441626442, 3.49601859893664, 3.90072810013767, 4.28179293211762, 4.63921310447702, 4.9729886241636, 5.28311949547164, 5.56960572004801, 5.83244729691327, 6.07164422250875, 6.28719649078175, 6.47910409332101, 6.64736701955301, 6.7919852570066, 6.91295879164942, 7.01028760829338, 7.08397169106042, 7.13401102389245, 7.16040559108316, 7.16315537780416, 7.14226037059508, 7.0977205577873, 7.02953592983399, 6.93770647952586, 6.82223220208049, 6.68311309510398, 6.52034915843371, 6.33394039388088, 6.12388338771729, 5.89009824350794, 5.63237561803517, 5.35042651727259, 5.0439392889983, 4.71261205036382, 4.35618188738156, 3.97443943221945, 3.5672403325935, 3.13450644575913, 2.67620127480881, 2.1923164477769, 1.6828520782105, 1.14780818190041, 0.587184775629179, 0.00098187690511331, 0.001, 0.571097715116815, 1.11755941932094, 1.64038513793131, 2.13957489520712, 2.61512871352479, 3.06704661295985, 3.49532861108537, 3.89997472288115, 4.2809849606951, 4.63835933422615, 4.97209785051481, 5.28220051393829, 5.56866732621369, 5.83149828641734, 6.07069339103126, 6.28625263402855, 6.47817600701008, 6.6464634994028, 6.79111509872738, 6.9121307909382, 7.00951056083309, 7.08325439252341, 7.13336226994831, 7.15983417741018, 7.16267010010342, 7.14187002460581, 7.09743393930155, 7.02936183470876, 6.9376537036907, 6.82230954153884, 6.68332934592685, 6.52071311674509, 6.33446085583472, 6.12456914980851, 5.89095602835984, 5.63340599133492, 5.35162099694757, 5.04527940153506, 4.71406940996004, 4.35771937920647, 3.97601301181293, 3.56880114728489, 3.1360030220792, 2.67758090798732, 2.19352614884527, 1.68383886162087, 1.14851906223703, 0.587566767668691, 0.000981995669800173, 0.001, 0.570973666575175, 1.11732005326818, 1.64003918505118, 2.1391310860208, 2.61459577850608, 3.06643328260595, 3.49464361595858, 3.89922679363138, 4.28018282806933, 4.63751172906903, 4.97121350376309, 5.28128815661104, 5.56773568939966, 5.83055610126068, 6.06974938871647, 6.28531554576576, 6.47725456402141, 6.64556643291087, 6.79025113994665, 6.91130867106997, 7.00873901106465, 7.08254214403152, 7.13271805390696, 7.15926672500194, 7.16218814253349, 7.14148229311717, 7.09714916518957, 7.02918874933326, 6.93760103848346, 6.82238602800493, 6.68354371563839, 6.52107410132676, 6.33497718694092, 6.12524955943458, 5.89180721310375, 5.63442856802032, 5.35280660588008, 5.04660975188524, 4.71551634856195, 4.35924606225838, 3.9775756926399, 3.57035128763984, 3.13748947080611, 2.67895128587144, 2.19472779312879, 1.68481911295854, 1.14922526141481, 0.587946255663686, 0.000982113703155929, 0.001, 0.570850519095346, 1.11708242524776, 1.6396957430852, 2.13869049654292, 2.61406670790293, 3.06582439728735, 3.493963582399, 3.89848427839223, 4.27938649780838, 4.63667025054099, 4.9703355438141, 5.28038238216893, 5.56681076746143, 5.82962069887832, 6.06881217298202, 6.28438518379668, 6.47633972294708, 6.64467577986113, 6.78939334204324, 6.91049239542155, 7.00797292476593, 7.08183491416677, 7.13207834755761, 7.15870320925796, 7.16170948450723, 7.14109715995847, 7.09686622410021, 7.02901666757895, 6.9375484834013, 6.82246166700473, 6.68375621619647, 6.52143213097157, 6.33548941323043, 6.12592465026762, 5.89265183920193, 5.63544339699111, 5.35398339960279, 5.04793040103704, 4.716952931137, 4.36076200378566, 3.97912754238343, 3.57189081984098, 3.13896585464705, 2.68031246570223, 2.19592143040871, 1.68579287255124, 1.14992680831433, 0.588323255053951, 0.000982231010527523, 0.001, 0.570727803425673, 1.11684563084627, 1.6393535065468, 2.13825145430172, 2.61353949634618, 3.06521765282543, 3.4932859415067, 3.89774437763097, 4.27859297383558, 4.63583174011067, 4.96946068377138, 5.27947980944032, 5.56588911904239, 5.82868861181906, 6.06787828437269, 6.28345813075274, 6.4754281425959, 6.64378830933051, 6.78853861845294, 6.90967905587831, 7.0072096063626, 7.08113025398578, 7.13144098267866, 7.1581417767692, 7.16123262151918, 7.140713503619, 7.09658441160899, 7.02884533619936, 6.93749627046789, 6.8225372099245, 6.68396815244273, 6.5217890980696, 6.3360000487349, 6.12659759207406, 5.89349369131033, 5.63645475981688, 5.35515603881878, 5.04924627067608, 4.71838422190482, 4.36227229187236, 3.98067355417464, 3.57342452316051, 3.14043662006907, 2.68166844217968, 2.19711048465297, 1.68676287467012, 1.15062562854549, 0.588698763824215, 0.000982298988193908, 0.001, 0.570605989310499, 1.11661057545887, 1.6390137823897, 2.13781563371788, 2.61301615163204, 3.06461535630036, 3.49261326555401, 3.89700989471994, 4.2778052565308, 4.63499936107258, 4.96859221575082, 5.27858382526896, 5.56497419162028, 5.82776331410061, 6.06695118935196, 6.2825378114489, 6.47452317203989, 6.64290726055376, 6.78769006447884, 6.9088715697173, 7.00645176101134, 7.08043062243057, 7.13080813790302, 7.15758429176504, 7.16075906930054, 7.14033245723698, 7.09630444416605, 7.02867502086114, 6.93744418047064, 6.82261191857633, 6.68417823311756, 6.52214312419285, 6.33650659376118, 6.12726522979879, 5.89432900114368, 5.63745839511886, 5.35631988813477, 5.05055247013832, 4.71980519340127, 4.36377188051941, 3.98220878160595, 3.57494766882464, 3.14189737393623, 2.68301527579463, 2.19829158796525, 1.68772644101757, 1.15131985139494, 0.58907183683043, 0.000982416045800849, 0.001, 0.570485070913869, 1.11637724778063, 1.63867655420701, 2.13738301364951, 2.61249664825058, 3.06401747820117, 3.49194552139588, 3.89628079324701, 4.27702330658177, 4.63417307158131, 4.9677300957409, 5.27769438384417, 5.56406593795229, 5.82684475741505, 6.06603083891375, 6.28162417654794, 6.47362476197775, 6.64203258463244, 6.78684763199237, 6.90806988994686, 7.00569934322438, 7.07973597588423, 7.13017977185165, 7.1570307154713, 7.16028879204901, 7.13995398834895, 7.09602629301376, 7.0285056968795, 6.93739219316455, 6.82268577752205, 6.68438644795654, 6.52249420461771, 6.33700904949345, 6.12792757090078, 5.89515778254341, 5.6384543227259, 5.35747497252814, 5.05184902834446, 4.72121587699151, 4.36526080181952, 3.9837332556352, 3.57646028470669, 3.14334813904834, 2.68435298226907, 2.19946474698236, 1.68868356713794, 1.15200945930734, 0.589442441410266, 0.000982532406798242, 0.001, 0.570365042660454, 1.116145637058, 1.63834180646404, 2.13695357417785, 2.61198096229603, 3.06342399103216, 3.49128267834378, 3.89555703972788, 4.27624708810554, 4.63335283375233, 4.96687428425259, 5.27681144446953, 5.56316431653172, 5.82593289984246, 6.06511719112211, 6.28071718449494, 6.47273287163267, 6.641164241965, 6.78601128296435, 6.90727398050726, 7.00495231930856, 7.07904628341729, 7.12955585675589, 7.1564810236772, 7.15982176950879, 7.13957808105124, 7.09574994699768, 7.02833735824633, 6.93734030808502, 6.82275879223762, 6.68459280877339, 6.52284235789274, 6.33750744161223, 6.12858464858965, 5.89598007638829, 5.63944259082718, 5.35862134669963, 5.05313600534463, 4.7226163366215, 4.36673912194451, 3.98524704284578, 3.57796243590064, 3.14478897706992, 2.68568161788279, 2.20063001064112, 1.68963429266688, 1.15269448065893, 0.5898105927224, 0.00098264805409054, 0.001, 0.57024589901548, 1.11591573261565, 1.63800952373911, 2.13652729552906, 2.61146907003664, 3.06283486749782, 3.49062470593265, 3.89483860092215, 4.27547656548057, 4.6325386099772, 4.96602474208476, 5.27593496674546, 5.56226928615473, 5.82502769976902, 6.0642102043474, 6.27981679403872, 6.47184746052617, 6.64030219323987, 6.78518097964436, 6.90648380560345, 7.00421065581844, 7.07836151432815, 7.12893636505219, 7.15593519235152, 7.15935798157522, 7.13920471955994, 7.09547539504892, 7.028169999002, 6.9372885247759, 6.82283096816465, 6.6847973273017, 6.52318760243777, 6.33800179561789, 6.12923649584054, 5.89679592326726, 5.64042324726951, 5.35975906496105, 5.05441346076204, 4.72400663578312, 4.36820690659721, 3.98675020935035, 3.57945418704183, 3.14621994923311, 2.68700123852354, 2.20178742754084, 1.69057865697122, 1.15337494364003, 0.590176305836604, 0.000982762992897124, 0.001, 0.570127634484521, 1.11568752385609, 1.63767969072297, 2.13610415807351, 2.61096094791366, 3.06225008050164, 3.48997157391952, 3.89412544383175, 4.27471170334501, 4.63173036292161, 4.96518143032201, 5.2750649105668, 5.56138080591777, 5.82412911588412, 6.06330983726335, 6.27892296422865, 6.47096848847465, 6.63944639943183, 6.7843566845569, 6.90569932970106, 7.00347431955209, 7.07768163813868, 7.12832126937761, 7.15539319763782, 7.15889740828972, 7.13883388820573, 7.09520262617874, 7.02800361322973, 6.93723684278375, 6.82290231070439, 6.68500001518882, 6.52352995653763, 6.33849213682407, 6.1298831453873, 5.89760536347244, 5.64139633955003, 5.36088818122759, 5.05568145378498, 4.7253868375055, 4.36966422100207, 3.9882428207807, 3.58093560229589, 3.1476411163253, 2.68831189967342, 2.20293704592823, 1.69151669913228, 1.15405087623656, 0.590539595713401, 0.000982877228355328, 0.001, 0.570010243613149, 1.11546100025895, 1.63735229221782, 2.13568414232439, 2.61045657253977, 3.06166960314429, 3.48932325228152, 3.89341753569872, 4.27395246659432, 4.63092805552295, 4.96434431033212, 5.27420123612021, 5.56049883521491, 5.82323710717773, 6.06241604884432, 6.27803565441204, 6.4700959155868, 6.63859682179951, 6.78353836049905, 6.90492051752407, 7.00274327754895, 7.07700662459227, 7.12771054256797, 7.15485501585289, 7.15844002983855, 7.13846557143283, 7.09493162947787, 7.02783819505525, 6.93718526165781, 6.82297282521814, 6.68520088399659, 6.52386943834325, 6.33897849035935, 6.13052462972468, 5.89840843700181, 5.64236191481936, 5.36200874902142, 5.0569400431706, 4.72675700435918, 4.37111112990943, 3.98972494229197, 3.58240674536283, 3.14905253869312, 2.68961365641241, 2.20407891370052, 1.6924484579484, 1.15472230623187, 0.590900477205051, 0.000982990765540426, 0.001, 0.569893720986573, 1.11523615138033, 1.63702731313629, 2.13526722893652, 2.60995592069766, 3.06109340872192, 3.48867971121395, 3.89271484400316, 4.27319882037906, 4.63013165098788, 4.96351334376354, 5.27334390388164, 5.55962333373522, 5.82235163293774, 6.06152879836269, 6.27715482423142, 6.46922970226106, 6.63775342188286, 6.78272597053797, 6.90414733405256, 7.00201749708769, 7.07633644365185, 7.12710415765615, 7.15432062348523, 7.15798582655153, 7.13809975379806, 7.09466239411579, 7.02767373864643, 6.93713378095001, 6.8230425170276, 6.68539994520219, 6.52420606587297, 6.33946088116894, 6.13116098111045, 5.89920518356186, 5.64332001988471, 5.3631208214752, 5.05818928724888, 4.7281171984602, 4.37254769759978, 3.99119663856694, 3.58386767948123, 3.15045427624637, 2.69090656342205, 2.2052130784086, 1.69337397193749, 1.15538926120858, 0.591258965056545, 0.000983103609506486, 0.001, 0.569778061229292, 1.11501296685209, 1.63670473850048, 2.1348533987051, 2.60945896933843, 3.06052147072441, 3.48804092112831, 3.89201733646108, 4.27245073010258, 4.62934111278997, 4.96268849254292, 5.27249287461366, 5.55875426146011, 5.82147265274727, 6.06064804538618, 6.27628043362199, 6.46836980918295, 6.63691616150067, 6.78191947800858, 6.90337974452044, 7.00129694568408, 7.07567106549796, 7.12650208787034, 7.15378999719356, 7.15753477890076, 7.13773641996982, 7.09439490934008, 7.0275102382129, 6.93708240021495, 6.82311139141521, 6.68559721019882, 6.52453985701365, 6.33993933401624, 6.1317922315675, 5.89999564257011, 5.6442707012129, 5.36422445133547, 5.05942924392628, 4.72946748147409, 4.37397398788787, 3.9926579738202, 3.58531846743226, 3.15184638846183, 2.69219067498886, 2.20633958726003, 1.69429327933949, 1.15605176855031, 0.59161507390653, 0.000983215765271384, 0.001, 0.569663259004747, 1.11479143638121, 1.63638455344098, 2.13444263256442, 2.60896569558015, 3.05995376283369, 3.48740685265045, 3.8913249810223, 4.27170816141879, 4.62855640466732, 4.96186971887264, 5.27164810936305, 5.55789157866082, 5.82060012648213, 6.05977374977528, 6.27541244280902, 6.46751619732264, 6.63608500274809, 6.78111884651113, 6.90261771441318, 7.00058159108892, 7.07501046052682, 7.12590430663228, 7.15326311380523, 7.15708686749936, 7.13737555472706, 7.09412916447567, 7.02734768800566, 6.93703111900983, 6.8231794536245, 6.68579269029644, 6.52487082952184, 6.34041387348452, 6.13241841288591, 5.90077985315768, 5.64521400493333, 5.3653196909661, 5.06065997068953, 4.73080791461983, 4.37539006412676, 3.99410901180217, 3.58675917154372, 3.15322893438701, 2.69346604500782, 2.20745848712204, 1.69520641811875, 1.15670985544339, 0.591968818288193, 0.00098332723776029, 0.001, 0.56954930901497, 1.11457154974912, 1.63606674319593, 2.13403491158664, 2.60847607670634, 3.05939025892196, 3.48677747661859, 3.89063774586841, 4.27097108022997, 4.62777749062021, 4.96105698522835, 5.27080956945814, 5.55703524589577, 5.81973401430816, 6.05890587168059, 6.27455081230525, 6.46666882793236, 6.63525990799418, 6.78032403990886, 6.90186120946558, 6.9998714012859, 7.07435459934839, 7.12531078755554, 7.15273995031482, 7.15664207310022, 7.13701714295836, 7.09386514892418, 7.02718608231676, 6.93697993689447, 6.82324670886044, 6.68598639672256, 6.52519900102494, 6.34088452397846, 6.13303955662503, 5.90155785417187, 5.64614997684104, 5.36640659235167, 5.06188152460939, 4.73213855867382, 4.37679598921204, 3.99554981580335, 3.58818985369407, 3.15460197264411, 2.69473272698589, 2.20856982452464, 1.69611342596657, 1.15736354887872, 0.592320212630336, 0.000983438031966544, 0.001, 0.569436206000262, 1.11435329681102, 1.63575129311007, 2.13363021698063, 2.6079900901646, 3.05883093305014, 3.48615276408157, 3.88995559941076, 4.27023945268459, 4.62700433490887, 4.96025025435664, 5.26997721650653, 5.55618522400814, 5.81887427667876, 6.05804437154039, 6.27369550290844, 6.46582766254397, 6.63444083987957, 6.77953502232581, 6.90111019565967, 6.9991663444897, 7.07370345278459, 7.12472150444394, 7.15222048388264, 7.15620037659482, 7.13666116966099, 7.09360285216329, 7.02702541547894, 6.93692885343132, 6.8233131622898, 6.68617834062294, 6.52552438902235, 6.34135130972575, 6.1336556941155, 5.9023296841786, 5.64707866239958, 5.36748520710078, 5.06309396234418, 4.73345947397375, 4.37819182558563, 3.99698044865817, 3.58961057531627, 3.15596556143351, 2.69599077404525, 2.20967364566334, 1.69701434030341, 1.15801287565328, 0.592669271258033, 0.000983548152678537, 0.001, 0.569323944738838, 1.11413666749526, 1.6354381886338, 2.13322853009072, 2.60750771356509, 3.05827575946611, 3.4855326862969, 3.88927851028839, 4.26951324517514, 4.62623690205113, 4.95944948927259, 5.26915101239247, 5.5553414741233, 5.81802087433234, 6.05718921007801, 6.2728464756988, 6.46499266296651, 6.63362776131402, 6.77875175814436, 6.90036463922242, 6.9984663891438, 7.07305699186735, 7.12413643128979, 7.15170469183331, 7.15576175901197, 7.13630761993991, 7.09334226374604, 7.02686568186524, 6.93687786818536, 6.8233788190415, 6.68636853306233, 6.52584701088661, 6.34181425477867, 6.13426685646128, 5.90309538146495, 5.64800010674403, 5.36855558644942, 5.06429734014355, 4.73477072042247, 4.37957763524001, 3.99840097274917, 3.59102139740182, 3.15731975853765, 2.69724023892686, 2.21076999640234, 1.69790919828146, 1.15865786237204, 0.593016008393815, 0.000983657604775146, 0.001, 0.569212520046504, 1.11392165180271, 1.63512741532223, 2.13282983239552, 2.60702892467911, 3.05772471260311, 3.48491721472895, 3.88860644736605, 4.26879242433595, 4.62547515682015, 4.95865465325743, 5.26833091927449, 5.55450395764631, 5.81717376828975, 6.05634034829936, 6.27200369203652, 6.46416379128368, 6.63282063547402, 6.77797421200307, 6.89962450662367, 6.99777150391856, 7.07241518783681, 7.12355554227222, 7.15119255165422, 7.1553262015166, 7.13595647900682, 7.09308337330017, 7.02670687588868, 6.93682698072416, 6.82344368420688, 6.68655698502515, 6.52616688386447, 6.34227338301559, 6.13487307454162, 5.90385498404155, 5.64891435468375, 5.36961778126417, 5.06549171385196, 4.73607235749179, 4.38095347972193, 3.99981145001083, 3.5924223805045, 3.15866462132459, 2.69848117399363, 2.21185892227724, 1.69879803678684, 1.15929853544948, 0.593360438158379, 0.000983766393033103, 0.001, 0.569101926776328, 1.11370823980608, 1.6348189588343, 2.13243410550676, 2.60655370143776, 3.05717776707812, 3.48430632104718, 3.88793937973224, 4.26807695704114, 4.62471906424225, 4.95786570985625, 5.26751689958305, 5.55367263625957, 5.81633291985193, 6.05549774749051, 6.27116711355939, 6.4633410098516, 6.63201942580058, 6.77720234879442, 6.898889764574, 6.99708165770925, 7.07177801213951, 7.12297881175566, 7.15068404099425, 7.15489368540864, 7.1356077321793, 7.09282617052748, 7.02654899200192, 6.93677619061783, 6.82350776284012, 6.68674370741625, 6.52648402507809, 6.34272871814255, 6.13547437901307, 5.90460852964508, 5.64982145070536, 5.37067184204551, 5.06667713891231, 4.73736444422627, 4.38231942013649, 4.00121194193355, 3.59381358474426, 3.16000020675168, 2.69971363123384, 2.21294046849798, 1.69968089244199, 1.15993492111132, 0.593702574571552, 0.000983874522202055, 0.001, 0.568992159818311, 1.11349642164933, 1.63451280493187, 2.13204133116811, 2.60608202193044, 3.05663489769026, 3.48369997712433, 3.88727727669723, 4.26736681040248, 4.62396858959464, 4.95708262287565, 5.26670891601807, 5.55284747192032, 5.81549829059735, 6.05466136921514, 6.27033670218027, 6.46252428129626, 6.63122409599681, 6.77643613366258, 6.89816038002258, 6.99639681963402, 7.07114543642655, 7.12240621428808, 7.15017913766226, 7.15446419212176, 7.1352613648798, 7.09257064520319, 7.02639202469689, 6.93672549743901, 6.82357105995851, 6.68692871106158, 6.52679845152602, 6.34318028369472, 6.1360708003114, 5.90535605574061, 5.6507214389755, 5.37171781893095, 5.06785367036938, 4.73864703924692, 4.38367551715086, 4.0026025095675, 3.595195069811, 3.16132657136908, 2.70093766226431, 2.21401467995166, 1.70055780160791, 1.16056704539613, 0.59404243155314, 0.00098398199698202