1, 0, 0, 0, 0, 0, 0, 0, 0, 0, 0, 0, 0, 0, 0, 0, 0, 0, 0, 0, 0, 0, 0, 0, 0, 0, 0, 0, 0, 0, 0, 0
0, 1, 0, 0, 0, 0, 0, 0, 0, 0, 0, 0, 0, 0, 0, 0, 0, 0, 0, 0, 0, 0, 0, 0, 0, 0, 0, 0, 0, 0, 0, 0
0, 0, 1, 0, 0, 0, 0, 0, 0, 0, 0, 0, 0, 0, 0, 0, 0, 0, 0, 0, 0, 0, 0, 0, 0, 0, 0, 0, 0, 0, 0, 0
0, 0, 0, 1, 0, 0, 0, 0, 0, 0, 0, 0, 0, 0, 0, 0, 0, 0, 0, 0, 0, 0, 0, 0, 0, 0, 0, 0, 0, 0, 0, 0
0, 0, 0, 0, 1, 0, 0, 0, 0, 0, 0, 0, 0, 0, 0, 0, 0, 0, 0, 0, 0, 0, 0, 0, 0, 0, 0, 0, 0, 0, 0, 0
0, 0, 0, 0, 0, 1, 0, 0, 0, 0, 0, 0, 0, 0, 0, 0, 0, 0, 0, 0, 0, 0, 0, 0, 0, 0, 0, 0, 0, 0, 0, 0
0, 0, 0, 0, 0, 0, 1, 0, 0, 0, 0, 0, 0, 0, 0, 0, 0, 0, 0, 0, 0, 0, 0, 0, 0, 0, 0, 0, 0, 0, 0, 0
0, 0, 0, 0, 0, 0, 0, 1, 0, 0, 0, 0, 0, 0, 0, 0, 0, 0, 0, 0, 0, 0, 0, 0, 0, 0, 0, 0, 0, 0, 0, 0
0, 0, 0, 0, 0, 0, 0, 0, 1, 0, 0, 0, 0, 0, 0, 0, 0, 0, 0, 0, 0, 0, 0, 0, 0, 0, 0, 0, 0, 0, 0, 0
0, 0, 0, 0, 0, 0, 0, 0, 0, 1, 0, 0, 0, 0, 0, 0, 0, 0, 0, 0, 0, 0, 0, 0, 0, 0, 0, 0, 0, 0, 0, 0
0, 0, 0, 0, 0, 0, 0, 0, 0, 0, 1, 0, 0, 0, 0, 0, 0, 0, 0, 0, 0, 0, 0, 0, 0, 0, 0, 0, 0, 0, 0, 0
0, 0, 0, 0, 0, 0, 0, 0, 0, 0, 0, 1, 0, 0, 0, 0, 0, 0, 0, 0, 0, 0, 0, 0, 0, 0, 0, 0, 0, 0, 0, 0
0, 0, 0, 0, 0, 0, 0, 0, 0, 0, 0, 0, 1, 0, 0, 0, 0, 0, 0, 0, 0, 0, 0, 0, 0, 0, 0, 0, 0, 0, 0, 0
0, 0, 0, 0, 0, 0, 0, 0, 0, 0, 0, 0, 0, 1, 0, 0, 0, 0, 0, 0, 0, 0, 0, 0, 0, 0, 0, 0, 0, 0, 0, 0
0, 0, 0, 0, 0, 0, 0, 0, 0, 0, 0, 0, 0, 0, 1, 0, 0, 0, 0, 0, 0, 0, 0, 0, 0, 0, 0, 0, 0, 0, 0, 0
0, 0, 0, 0, 0, 0, 0, 0, 0, 0, 0, 0, 0, 0, 0, 1, 0, 0, 0, 0, 0, 0, 0, 0, 0, 0, 0, 0, 0, 0, 0, 0
0, 0, 0, 0, 0, 0, 0, 0, 0, 0, 0, 0, 0, 0, 0, 0, 1, 0, 0, 0, 0, 0, 0, 0, 0, 0, 0, 0, 0, 0, 0, 0
0, 0, 0, 0, 0, 0, 0, 0, 0, 0, 0, 0, 0, 0, 0, 0, 0, 1, 0, 0, 0, 0, 0, 0, 0, 0, 0, 0, 0, 0, 0, 0
0, 0, 0, 0, 0, 0, 0, 0, 0, 0, 0, 0, 0, 0, 0, 0, 0, 0, 1, 0, 0, 0, 0, 0, 0, 0, 0, 0, 0, 0, 0, 0
0, 0, 0, 0, 0, 0, 0, 0, 0, 0, 0, 0, 0, 0, 0, 0, 0, 0, 0, 1, 0, 0, 0, 0, 0, 0, 0, 0, 0, 0, 0, 0
0, 0, 0, 0, 0, 0, 0, 0, 0, 0, 0, 0, 0, 0, 0, 0, 0, 0, 0, 0, 1, 0, 0, 0, 0, 0, 0, 0, 0, 0, 0, 0
0, 0, 0, 0, 0, 0, 0, 0, 0, 0, 0, 0, 0, 0, 0, 0, 0, 0, 0, 0, 0, 1, 0, 0, 0, 0, 0, 0, 0, 0, 0, 0
0, 0, 0, 0, 0, 0, 0, 0, 0, 0, 0, 0, 0, 0, 0, 0, 0, 0, 0, 0, 0, 0, 1, 0, 0, 0, 0, 0, 0, 0, 0, 0
0, 0, 0, 0, 0, 0, 0, 0, 0, 0, 0, 0, 0, 0, 0, 0, 0, 0, 0, 0, 0, 0, 0, 1, 0, 0, 0, 0, 0, 0, 0, 0
0, 0, 0, 0, 0, 0, 0, 0, 0, 0, 0, 0, 0, 0, 0, 0, 0, 0, 0, 0, 0, 0, 0, 0, 1, 0, 0, 0, 0, 0, 0, 0
0, 0, 0, 0, 0, 0, 0, 0, 0, 0, 0, 0, 0, 0, 0, 0, 0, 0, 0, 0, 0, 0, 0, 0, 0, 1, 0, 0, 0, 0, 0, 0
0, 0, 0, 0, 0, 0, 0, 0, 0, 0, 0, 0, 0, 0, 0, 0, 0, 0, 0, 0, 0, 0, 0, 0, 0, 0, 1, 0, 0, 0, 0, 0
0, 0, 0, 0, 0, 0, 0, 0, 0, 0, 0, 0, 0, 0, 0, 0, 0, 0, 0, 0, 0, 0, 0, 0, 0, 0, 0, 1, 0, 0, 0, 0
0, 0, 0, 0, 0, 0, 0, 0, 0, 0, 0, 0, 0, 0, 0, 0, 0, 0, 0, 0, 0, 0, 0, 0, 0, 0, 0, 0, 1, 0, 0, 0
0, 0, 0, 0, 0, 0, 0, 0, 0, 0, 0, 0, 0, 0, 0, 0, 0, 0, 0, 0, 0, 0, 0, 0, 0, 0, 0, 0, 0, 1, 0, 0
0, 0, 0, 0, 0, 0, 0, 0, 0, 0, 0, 0, 0, 0, 0, 0, 0, 0, 0, 0, 0, 0, 0, 0, 0, 0, 0, 0, 0, 0, 1, 0
0, 0, 0, 0, 0, 0, 0, 0, 0, 0, 0, 0, 0, 0, 0, 0, 0, 0, 0, 0, 0, 0, 0, 0, 0, 0, 0, 0, 0, 0, 0, 1
3.41150000000001, 1.77770878529923e-16, 0.0294000000000001, -3.11286857835463e-17, -0.411600000000002, -1.28100058772312e-17, 0.0293999999999999, 2.92891795886097e-19, 0, 0, 0, 0, 0, 0, 0, 0, 0, 0, 0, 0, 0, 0, 0, 0, 0, 0, 0, 0, 0, 0, 0, 0
1.77770878529923e-16, 3.41150000000002, -1.54967455968241e-17, 0.0293999999999999, 7.86234684128917e-18, -0.411600000000002, 1.32009746016404e-18, 0.0293999999999999, 0, 0, 0, 0, 0, 0, 0, 0, 0, 0, 0, 0, 0, 0, 0, 0, 0, 0, 0, 0, 0, 0, 0, 0
0.0294000000000001, -1.54967455968241e-17, 3.00270000000001, -8.39131823922312e-18, -0.0294, -1.06783776699509e-17, 0.0014, 2.06924863528635e-18, 0, 0, 0, 0, 0, 0, 0, 0, 0, 0, 0, 0, 0, 0, 0, 0, 0, 0, 0, 0, 0, 0, 0, 0
-3.11286857835463e-17, 0.0293999999999999, -8.39131823922312e-18, 3.00270000000001, 3.77672611066859e-18, -0.0293999999999999, -5.89486142191231e-19, 0.00139999999999999, 0, 0, 0, 0, 0, 0, 0, 0, 0, 0, 0, 0, 0, 0, 0, 0, 0, 0, 0, 0, 0, 0, 0, 0
-0.411600000000002, 7.86234684128917e-18, -0.0294, 3.77672611066859e-18, 1.82310000000002, 2.30596591084195e-16, 5.6843418860808e-17, -3.84026306848168e-17, -0.411600000000002, -2.0193048622108e-18, 0.0293999999999999, 1.07006417615629e-18, 0, 0, 0, 0, 0, 0, 0, 0, 0, 0, 0, 0, 0, 0, 0, 0, 0, 0, 0, 0
-1.28100058772312e-17, -0.411600000000002, -1.06783776699509e-17, -0.0293999999999999, 2.30596591084195e-16, 1.82310000000003, 1.29010246496114e-17, 3.41060513164848e-17, -1.44315982775201e-17, -0.411600000000002, 4.11762637875235e-18, 0.0293999999999999, 0, 0, 0, 0, 0, 0, 0, 0, 0, 0, 0, 0, 0, 0, 0, 0, 0, 0, 0, 0
0.0293999999999999, 1.32009746016404e-18, 0.0014, -5.89486142191231e-19, 5.6843418860808e-17, 1.29010246496114e-17, 1.0055, -5.14943990226335e-18, -0.0294, -1.19669031628522e-17, 0.0014, 2.13587827979644e-18, 0, 0, 0, 0, 0, 0, 0, 0, 0, 0, 0, 0, 0, 0, 0, 0, 0, 0, 0, 0
2.92891795886097e-19, 0.0293999999999999, 2.06924863528635e-18, 0.00139999999999999, -3.84026306848168e-17, 3.41060513164848e-17, -5.14943990226335e-18, 1.0055, -2.17473608565832e-18, -0.0293999999999999, 1.36427327768196e-18, 0.00139999999999999, 0, 0, 0, 0, 0, 0, 0, 0, 0, 0, 0, 0, 0, 0, 0, 0, 0, 0, 0, 0
0, 0, 0, 0, -0.411600000000002, -1.44315982775201e-17, -0.0294, -2.17473608565832e-18, 1.82310000000002, 2.50913672434835e-16, 5.6843418860808e-17, -5.03812540731535e-17, -0.411600000000002, 9.92736166709196e-18, 0.0293999999999999, 4.5561482104467e-18, 0, 0, 0, 0, 0, 0, 0, 0, 0, 0, 0, 0, 0, 0, 0, 0
0, 0, 0, 0, -2.0193048622108e-18, -0.411600000000002, -1.19669031628522e-17, -0.0293999999999999, 2.50913672434835e-16, 1.82310000000003, 6.09579118952819e-18, 1.13686837721616e-17, 7.86234684128917e-18, -0.411600000000002, 3.45172566744434e-18, 0.0293999999999999, 0, 0, 0, 0, 0, 0, 0, 0, 0, 0, 0, 0, 0, 0, 0, 0
0, 0, 0, 0, 0.0293999999999999, 4.11762637875235e-18, 0.0014, 1.36427327768196e-18, 5.6843418860808e-17, 6.09579118952819e-18, 1.0055, -9.57856298618165e-18, -0.0294, -1.20994631414711e-17, 0.0014, 1.53634158346627e-18, 0, 0, 0, 0, 0, 0, 0, 0, 0, 0, 0, 0, 0, 0, 0, 0
0, 0, 0, 0, 1.07006417615629e-18, 0.0293999999999999, 2.13587827979644e-18, 0.00139999999999999, -5.03812540731535e-17, 1.13686837721616e-17, -9.57856298618165e-18, 1.0055, 3.77672611066859e-18, -0.0293999999999999, -2.36584298159148e-18, 0.00139999999999999, 0, 0, 0, 0, 0, 0, 0, 0, 0, 0, 0, 0, 0, 0, 0, 0
0, 0, 0, 0, 0, 0, 0, 0, -0.411600000000002, 7.86234684128917e-18, -0.0294, 3.77672611066859e-18, 1.82310000000002, 2.32018191551747e-16, 5.6843418860808e-17, -3.2717773802704e-17, -0.411600000000002, -1.98024105793615e-19, 0.0293999999999999, -1.27804667890419e-18, 0, 0, 0, 0, 0, 0, 0, 0, 0, 0, 0, 0
0, 0, 0, 0, 0, 0, 0, 0, 9.92736166709196e-18, -0.411600000000002, -1.20994631414711e-17, -0.0293999999999999, 2.32018191551747e-16, 1.82310000000003, 3.39803055485199e-18, 2.27373675443232e-17, 1.52784848574811e-17, -0.411600000000002, 2.55233659728071e-18, 0.0293999999999999, 0, 0, 0, 0, 0, 0, 0, 0, 0, 0, 0, 0
0, 0, 0, 0, 0, 0, 0, 0, 0.0293999999999999, 3.45172566744434e-18, 0.0014, -2.36584298159148e-18, 5.6843418860808e-17, 3.39803055485199e-18, 1.0055, -1.59621122743092e-18, -0.0294, -1.29877933494754e-17, 0.0014, 4.98310160496063e-19, 0, 0, 0, 0, 0, 0, 0, 0, 0, 0, 0, 0
0, 0, 0, 0, 0, 0, 0, 0, 4.5561482104467e-18, 0.0293999999999999, 1.53634158346627e-18, 0.00139999999999999, -3.2717773802704e-17, 2.27373675443232e-17, -1.59621122743092e-18, 1.0055, 6.92960771229989e-18, -0.0293999999999999, -1.88855550121991e-18, 0.00139999999999999, 0, 0, 0, 0, 0, 0, 0, 0, 0, 0, 0, 0
0, 0, 0, 0, 0, 0, 0, 0, 0, 0, 0, 0, -0.411600000000002, 1.52784848574811e-17, -0.0294, 6.92960771229989e-18, 1.82310000000002, 2.12167252083145e-16, 5.11590769747272e-17, -2.70556092720614e-17, -0.411600000000002, -2.01878986617887e-18, 0.0293999999999999, 1.60298206999809e-18, 0, 0, 0, 0, 0, 0, 0, 0
0, 0, 0, 0, 0, 0, 0, 0, 0, 0, 0, 0, -1.98024105793615e-19, -0.411600000000002, -1.29877933494754e-17, -0.0293999999999999, 2.12167252083145e-16, 1.82310000000003, 1.05089006073589e-17, 2.27373675443232e-17, -2.01154251675689e-17, -0.411600000000002, 4.82829379776228e-18, 0.0293999999999999, 0, 0, 0, 0, 0, 0, 0, 0
0, 0, 0, 0, 0, 0, 0, 0, 0, 0, 0, 0, 0.0293999999999999, 2.55233659728071e-18, 0.0014, -1.88855550121991e-18, 5.11590769747272e-17, 1.05089006073589e-17, 1.0055, -5.02749426291305e-18, -0.0294, -7.70313175225967e-18, 0.0014, 2.13588912181817e-18, 0, 0, 0, 0, 0, 0, 0, 0
0, 0, 0, 0, 0, 0, 0, 0, 0, 0, 0, 0, -1.27804667890419e-18, 0.0293999999999999, 4.98310160496063e-19, 0.00139999999999999, -2.70556092720614e-17, 2.27373675443232e-17, -5.02749426291305e-18, 1.0055, 6.67949853414007e-19, -0.0293999999999999, -1.45505352558417e-19, 0.00139999999999999, 0, 0, 0, 0, 0, 0, 0, 0
0, 0, 0, 0, 0, 0, 0, 0, 0, 0, 0, 0, 0, 0, 0, 0, -0.411600000000002, -2.01154251675689e-17, -0.0294, 6.67949853414007e-19, 1.82310000000002, 2.50914187430867e-16, 6.25277607468888e-17, -5.03812432311318e-17, -0.411600000000002, 9.92736166709196e-18, 0.0293999999999999, 4.5561482104467e-18, 0, 0, 0, 0
0, 0, 0, 0, 0, 0, 0, 0, 0, 0, 0, 0, 0, 0, 0, 0, -2.01878986617887e-18, -0.411600000000002, -7.70313175225967e-18, -0.0293999999999999, 2.50914187430867e-16, 1.82310000000003, 5.56300882095795e-18, 1.13686837721616e-17, 7.86234684128917e-18, -0.411600000000002, 3.45172566744434e-18, 0.0293999999999999, 0, 0, 0, 0
0, 0, 0, 0, 0, 0, 0, 0, 0, 0, 0, 0, 0, 0, 0, 0, 0.0293999999999999, 4.82829379776228e-18, 0.0014, -1.45505352558417e-19, 6.25277607468888e-17, 5.56300882095795e-18, 1.0055, -9.57856298618165e-18, -0.0294, -1.20994631414711e-17, 0.0014, 1.53634158346627e-18, 0, 0, 0, 0
0, 0, 0, 0, 0, 0, 0, 0, 0, 0, 0, 0, 0, 0, 0, 0, 1.60298206999809e-18, 0.0293999999999999, 2.13588912181817e-18, 0.00139999999999999, -5.03812432311318e-17, 1.13686837721616e-17, -9.57856298618165e-18, 1.0055, 3.77672611066859e-18, -0.0293999999999999, -2.36584298159148e-18, 0.00139999999999999, 0, 0, 0, 0
0, 0, 0, 0, 0, 0, 0, 0, 0, 0, 0, 0, 0, 0, 0, 0, 0, 0, 0, 0, -0.411600000000002, 7.86234684128917e-18, -0.0294, 3.77672611066859e-18, 1.82310000000002, 2.32017676555715e-16, 6.82121026329696e-17, -3.20077460629759e-17, -0.411600000000002, -1.98539101825546e-19, 0.0293999999999999, -1.27805752092591e-18
0, 0, 0, 0, 0, 0, 0, 0, 0, 0, 0, 0, 0, 0, 0, 0, 0, 0, 0, 0, 9.92736166709196e-18, -0.411600000000002, -1.20994631414711e-17, -0.0293999999999999, 2.32017676555715e-16, 1.82310000000003, 3.39751555882006e-18, 2.27373675443232e-17, 1.52779698614491e-17, -0.411600000000002, 3.26275464979098e-18, 0.0293999999999999
0, 0, 0, 0, 0, 0, 0, 0, 0, 0, 0, 0, 0, 0, 0, 0, 0, 0, 0, 0, 0.0293999999999999, 3.45172566744434e-18, 0.0014, -2.36584298159148e-18, 6.82121026329696e-17, 3.39751555882006e-18, 1.0055, -5.14943990226335e-18, -0.0294, -1.29883083455073e-17, 0.0014, 1.43027950594288e-19
0, 0, 0, 0, 0, 0, 0, 0, 0, 0, 0, 0, 0, 0, 0, 0, 0, 0, 0, 0, 4.5561482104467e-18, 0.0293999999999999, 1.53634158346627e-18, 0.00139999999999999, -3.20077460629759e-17, 2.27373675443232e-17, -5.14943990226335e-18, 1.0055, 6.92909271626796e-18, -0.0293999999999999, -1.17813744870965e-18, 0.00139999999999999
0, 0, 0, 0, 0, 0, 0, 0, 0, 0, 0, 0, 0, 0, 0, 0, 0, 0, 0, 0, 0, 0, 0, 0, -0.411600000000002, 1.52779698614491e-17, -0.0294, 6.92909271626796e-18, 3.41150000000002, -9.30236790375183e-18, -0.0294, -5.45310324673309e-19
0, 0, 0, 0, 0, 0, 0, 0, 0, 0, 0, 0, 0, 0, 0, 0, 0, 0, 0, 0, 0, 0, 0, 0, -1.98539101825546e-19, -0.411600000000002, -1.29883083455073e-17, -0.0293999999999999, -9.30236790375183e-18, 3.41150000000002, -2.27553219322996e-17, -0.0293999999999999
0, 0, 0, 0, 0, 0, 0, 0, 0, 0, 0, 0, 0, 0, 0, 0, 0, 0, 0, 0, 0, 0, 0, 0, 0.0293999999999999, 3.26275464979098e-18, 0.0014, -1.17813744870965e-18, -0.0294, -2.27553219322996e-17, 3.00270000000001, 1.66533453693773e-19
0, 0, 0, 0, 0, 0, 0, 0, 0, 0, 0, 0, 0, 0, 0, 0, 0, 0, 0, 0, 0, 0, 0, 0, -1.27805752092591e-18, 0.0293999999999999, 1.43027950594288e-19, 0.00139999999999999, -5.45310324673309e-19, -0.0293999999999999, 1.66533453693773e-19, 3.00270000000001
5.82275885000003, 4.55548119846263e-16, 0.058797060000001, -9.80530811721975e-17, -0.823158840000005, -2.07678368221185e-17, 0.05879706, -1.07000818971515e-18, 0, 0, 0, 0, 0, 0, 0, 0, 0, 0, 0, 0, 0, 0, 0, 0, 0, 0, 0, 0, 0, 0, 0, 0
4.55548119846263e-16, 5.82275885000004, 1.32329410472112e-16, 0.0587970600000004, -8.80197265393359e-18, -0.823158840000005, 4.84040469745881e-19, 0.0587970600000001, 0, 0, 0, 0, 0, 0, 0, 0, 0, 0, 0, 0, 0, 0, 0, 0, 0, 0, 0, 0, 0, 0, 0, 0
0.058797060000001, 1.32329410472112e-16, 5.00519973000002, 1.32639598349357e-17, -0.0587970600000003, -1.7973713488082e-17, 0.00279986, 3.14842738129589e-18, 0, 0, 0, 0, 0, 0, 0, 0, 0, 0, 0, 0, 0, 0, 0, 0, 0, 0, 0, 0, 0, 0, 0, 0
-9.80530811721975e-17, 0.0587970600000004, 1.32639598349357e-17, 5.00519973000003, 1.64139551494937e-17, -0.0587970600000002, -1.46331976379689e-18, 0.00279986000000001, 0, 0, 0, 0, 0, 0, 0, 0, 0, 0, 0, 0, 0, 0, 0, 0, 0, 0, 0, 0, 0, 0, 0, 0
-0.823158840000005, -8.80197265393359e-18, -0.0587970600000003, 1.64139551494937e-17, 2.64611769000004, 2.86693000631316e-16, 6.82064182910835e-17, -5.67662777962878e-17, -0.823158840000005, 8.05660968580675e-18, 0.05879706, 3.2726836201245e-18, 0, 0, 0, 0, 0, 0, 0, 0, 0, 0, 0, 0, 0, 0, 0, 0, 0, 0, 0, 0
-2.07678368221185e-17, -0.823158840000005, -1.7973713488082e-17, -0.0587970600000002, 2.86693000631316e-16, 2.64611769000005, 3.97234202743912e-17, -1.02321564554586e-16, -2.54794789048187e-17, -0.823158840000005, 5.92545060287364e-18, 0.05879706, 0, 0, 0, 0, 0, 0, 0, 0, 0, 0, 0, 0, 0, 0, 0, 0, 0, 0, 0, 0
0.05879706, 4.84040469745881e-19, 0.00279986, -1.46331976379689e-18, 6.82064182910835e-17, 3.97234202743912e-17, 1.01099945, -7.82209657576798e-18, -0.0587970600000001, -1.78180049341386e-17, 0.00279986, 3.18833228241588e-18, 0, 0, 0, 0, 0, 0, 0, 0, 0, 0, 0, 0, 0, 0, 0, 0, 0, 0, 0, 0
-1.07000818971515e-18, 0.0587970600000001, 3.14842738129589e-18, 0.00279986000000001, -5.67662777962878e-17, -1.02321564554586e-16, -7.82209657576798e-18, 1.01099945000001, -6.94170209014005e-19, -0.05879706, 1.68759992962346e-18, 0.00279985999999999, 0, 0, 0, 0, 0, 0, 0, 0, 0, 0, 0, 0, 0, 0, 0, 0, 0, 0, 0, 0
0, 0, 0, 0, -0.823158840000005, -2.54794789048187e-17, -0.0587970600000001, -6.94170209014005e-19, 2.64611769000003, 2.47084193776933e-16, 1.70524572240538e-16, -6.62984918920807e-17, -0.82315884, 1.61116863373929e-17, 0.0587970599999999, 5.55443888576046e-18, 0, 0, 0, 0, 0, 0, 0, 0, 0, 0, 0, 0, 0, 0, 0, 0
0, 0, 0, 0, 8.05660968580675e-18, -0.823158840000005, -1.78180049341386e-17, -0.05879706, 2.47084193776933e-16, 2.64611769000003, -1.62495344356297e-17, 9.66326751949964e-17, 1.41057342263367e-17, -0.823158840000001, 4.63363900623294e-18, 0.0587970599999999, 0, 0, 0, 0, 0, 0, 0, 0, 0, 0, 0, 0, 0, 0, 0, 0
0, 0, 0, 0, 0.05879706, 5.92545060287364e-18, 0.00279986, 1.68759992962346e-18, 1.70524572240538e-16, -1.62495344356297e-17, 1.01099945, -1.47304337511999e-17, -0.0587970599999998, -7.95590710883042e-18, 0.00279985999999999, 1.42980846160829e-18, 0, 0, 0, 0, 0, 0, 0, 0, 0, 0, 0, 0, 0, 0, 0, 0
0, 0, 0, 0, 3.2726836201245e-18, 0.05879706, 3.18833228241588e-18, 0.00279985999999999, -6.62984918920807e-17, 9.66326751949964e-17, -1.47304337511999e-17, 1.01099945, 5.30789166556078e-18, -0.0587970599999998, -3.25688831024015e-18, 0.00279985999999999, 0, 0, 0, 0, 0, 0, 0, 0, 0, 0, 0, 0, 0, 0, 0, 0
0, 0, 0, 0, 0, 0, 0, 0, -0.82315884, 1.41057342263367e-17, -0.0587970599999998, 5.30789166556078e-18, 2.64611769000002, 2.4683533543367e-16, 6.25220764050027e-17, -3.78640722386326e-17, -0.823158840000002, 1.79132658486958e-17, 0.0587970599999999, -1.75645214145816e-18, 0, 0, 0, 0, 0, 0, 0, 0, 0, 0, 0, 0
0, 0, 0, 0, 0, 0, 0, 0, 1.61116863373929e-17, -0.823158840000001, -7.95590710883042e-18, -0.0587970599999998, 2.4683533543367e-16, 2.64611769000003, 1.32418012874196e-17, 5.11568032379728e-17, 4.54029862153948e-17, -0.823158840000003, 1.82479275132021e-18, 0.0587970599999999, 0, 0, 0, 0, 0, 0, 0, 0, 0, 0, 0, 0
0, 0, 0, 0, 0, 0, 0, 0, 0.0587970599999999, 4.63363900623294e-18, 0.00279985999999999, -3.25688831024015e-18, 6.25220764050027e-17, 1.32418012874196e-17, 1.01099945, -7.71110449801285e-18, -0.05879706, -1.6181390298361e-17, 0.00279985999999999, 3.09762205115024e-19, 0, 0, 0, 0, 0, 0, 0, 0, 0, 0, 0, 0
0, 0, 0, 0, 0, 0, 0, 0, 5.55443888576046e-18, 0.0587970599999999, 1.42980846160829e-18, 0.00279985999999999, -3.78640722386326e-17, 5.11568032379728e-17, -7.71110449801285e-18, 1.01099945000001, 1.75682385720796e-17, -0.05879706, -3.02221897011761e-18, 0.00279985999999999, 0, 0, 0, 0, 0, 0, 0, 0, 0, 0, 0, 0
0, 0, 0, 0, 0, 0, 0, 0, 0, 0, 0, 0, -0.823158840000002, 4.54029862153948e-17, -0.05879706, 1.75682385720796e-17, 2.64611769000003, 2.18249408159608e-16, 1.64840798788646e-16, -4.25314350076758e-17, -0.823158840000004, -1.8318507060783e-18, 0.05879706, 4.01495457776886e-18, 0, 0, 0, 0, 0, 0, 0, 0
0, 0, 0, 0, 0, 0, 0, 0, 0, 0, 0, 0, 1.79132658486958e-17, -0.823158840000003, -1.6181390298361e-17, -0.05879706, 2.18249408159608e-16, 2.64611769000003, 2.42349204938814e-17, -5.68661562283523e-18, 8.00705050535872e-18, -0.823158840000003, 8.49439060447294e-18, 0.0587970600000001, 0, 0, 0, 0, 0, 0, 0, 0
0, 0, 0, 0, 0, 0, 0, 0, 0, 0, 0, 0, 0.0587970599999999, 1.82479275132021e-18, 0.00279985999999999, -3.02221897011761e-18, 1.64840798788646e-16, 2.42349204938814e-17, 1.01099945000001, -1.57246077580077e-17, -0.0587970600000004, -1.03990797148966e-17, 0.00279986000000002, 3.90117760281174e-18, 0, 0, 0, 0, 0, 0, 0, 0
0, 0, 0, 0, 0, 0, 0, 0, 0, 0, 0, 0, -1.75645214145816e-18, 0.0587970599999999, 3.09762205115024e-19, 0.00279985999999999, -4.25314350076758e-17, -5.68661562283523e-18, -1.57246077580077e-17, 1.01099945000001, 2.7046873116668e-18, -0.0587970600000001, -9.78708278605662e-19, 0.00279986, 0, 0, 0, 0, 0, 0, 0, 0
0, 0, 0, 0, 0, 0, 0, 0, 0, 0, 0, 0, 0, 0, 0, 0, -0.823158840000004, 8.00705050535872e-18, -0.0587970600000004, 2.7046873116668e-18, 2.64611769000004, 2.56901062074628e-16, 7.95745336290565e-17, -6.31910027446659e-17, -0.823158840000003, 8.9282195847037e-18, 0.0587970599999998, 4.33310261672918e-18, 0, 0, 0, 0
0, 0, 0, 0, 0, 0, 0, 0, 0, 0, 0, 0, 0, 0, 0, 0, -1.8318507060783e-18, -0.823158840000003, -1.03990797148966e-17, -0.0587970600000001, 2.56901062074628e-16, 2.64611769000003, 1.85898238242344e-17, -4.54758719570236e-17, -8.09868910710759e-19, -0.823158840000003, 3.85833629346901e-18, 0.0587970599999997, 0, 0, 0, 0
0, 0, 0, 0, 0, 0, 0, 0, 0, 0, 0, 0, 0, 0, 0, 0, 0.05879706, 8.49439060447294e-18, 0.00279986000000002, -9.78708278605662e-19, 7.95745336290565e-17, 1.85898238242344e-17, 1.01099945000001, -9.51982301861426e-18, -0.0587970600000002, -2.34256382507193e-17, 0.00279986, 1.89291771532741e-18, 0, 0, 0, 0
0, 0, 0, 0, 0, 0, 0, 0, 0, 0, 0, 0, 0, 0, 0, 0, 4.01495457776886e-18, 0.0587970600000001, 3.90117760281174e-18, 0.00279986, -6.31910027446659e-17, -4.54758719570236e-17, -9.51982301861426e-18, 1.01099945000001, 1.9617067393978e-17, -0.0587970600000001, -2.57054804209784e-18, 0.00279985999999999, 0, 0, 0, 0
0, 0, 0, 0, 0, 0, 0, 0, 0, 0, 0, 0, 0, 0, 0, 0, 0, 0, 0, 0, -0.823158840000003, -8.09868910710759e-19, -0.0587970600000002, 1.9617067393978e-17, 2.64611769000002, 1.71317347675932e-16, 3.92212768929312e-16, -5.56676058617541e-17, -0.823158840000001, 4.49759975748046e-17, 0.0587970599999999, -3.53634905873882e-18
0, 0, 0, 0, 0, 0, 0, 0, 0, 0, 0, 0, 0, 0, 0, 0, 0, 0, 0, 0, 8.9282195847037e-18, -0.823158840000003, -2.34256382507193e-17, -0.0587970600000001, 1.71317347675932e-16, 2.64611769000003, -2.04419812305842e-17, 3.69479948858498e-16, 6.69175805875966e-17, -0.823158840000001, 1.26383050653038e-18, 0.0587970599999999
0, 0, 0, 0, 0, 0, 0, 0, 0, 0, 0, 0, 0, 0, 0, 0, 0, 0, 0, 0, 0.0587970599999998, 3.85833629346901e-18, 0.00279986, -2.57054804209784e-18, 3.92212768929312e-16, -2.04419812305842e-17, 1.01099945, -3.61310435137567e-18, -0.0587970599999999, -1.31828914857971e-17, 0.00279986, -3.59937860191919e-19
0, 0, 0, 0, 0, 0, 0, 0, 0, 0, 0, 0, 0, 0, 0, 0, 0, 0, 0, 0, 4.33310261672918e-18, 0.0587970599999997, 1.89291771532741e-18, 0.00279985999999999, -5.56676058617541e-17, 3.69479948858498e-16, -3.61310435137567e-18, 1.01099945, 1.58660450955362e-17, -0.05879706, -3.48528432048441e-18, 0.00279985999999999
0, 0, 0, 0, 0, 0, 0, 0, 0, 0, 0, 0, 0, 0, 0, 0, 0, 0, 0, 0, 0, 0, 0, 0, -0.823158840000001, 6.69175805875966e-17, -0.0587970599999999, 1.58660450955362e-17, 5.82275885000002, 3.49043563571426e-17, -0.0587970600000005, -7.14724749078605e-18
0, 0, 0, 0, 0, 0, 0, 0, 0, 0, 0, 0, 0, 0, 0, 0, 0, 0, 0, 0, 0, 0, 0, 0, 4.49759975748046e-17, -0.823158840000001, -1.31828914857971e-17, -0.05879706, 3.49043563571426e-17, 5.82275885000003, -1.20434701197067e-16, -0.0587970600000003
0, 0, 0, 0, 0, 0, 0, 0, 0, 0, 0, 0, 0, 0, 0, 0, 0, 0, 0, 0, 0, 0, 0, 0, 0.0587970599999999, 1.26383050653038e-18, 0.00279986, -3.48528432048441e-18, -0.0587970600000005, -1.20434701197067e-16, 5.00519973000001, -2.97899860299188e-18
0, 0, 0, 0, 0, 0, 0, 0, 0, 0, 0, 0, 0, 0, 0, 0, 0, 0, 0, 0, 0, 0, 0, 0, -3.53634905873882e-18, 0.0587970599999999, -3.59937860191919e-19, 0.00279985999999999, -7.14724749078605e-18, -0.0587970600000003, -2.97899860299188e-18, 5.00519973000001
8.23377657411503, 1.76430617123916e-16, 0.0881911802940009, -1.97870710269898e-16, -1.234676524116, -1.0584904951359e-17, 0.088191180294, -2.92481354153682e-18, 0, 0, 0, 0, 0, 0, 0, 0, 0, 0, 0, 0, 0, 0, 0, 0, 0, 0, 0, 0, 0, 0, 0, 0
1.76430617123916e-16, 8.23377657411503, 3.55718167706879e-16, 0.0881911802940005, 5.40939356637755e-17, -1.23467652411601, -7.08845290008301e-18, 0.0881911802940001, 0, 0, 0, 0, 0, 0, 0, 0, 0, 0, 0, 0, 0, 0, 0, 0, 0, 0, 0, 0, 0, 0, 0, 0
0.0881911802940009, 3.55718167706879e-16, 7.00749921002701, -5.5882556829635e-17, -0.0881911802940002, -1.97129705181908e-17, 0.004199580014, 2.89870042835114e-18, 0, 0, 0, 0, 0, 0, 0, 0, 0, 0, 0, 0, 0, 0, 0, 0, 0, 0, 0, 0, 0, 0, 0, 0
-1.97870710269898e-16, 0.0881911802940005, -5.5882556829635e-17, 7.00749921002702, 3.0792704343835e-17, -0.0881911802940003, -1.15923785812957e-18, 0.004199580014, 0, 0, 0, 0, 0, 0, 0, 0, 0, 0, 0, 0, 0, 0, 0, 0, 0, 0, 0, 0, 0, 0, 0, 0
-1.234676524116, 5.40939356637755e-17, -0.0881911802940002, 3.0792704343835e-17, 3.46905307823104, 2.88897957276374e-16, 2.33045512345598e-16, -7.07037745436177e-17, -1.23467652411601, 7.66631084023647e-18, 0.0881911802940002, 6.90497402858631e-18, 0, 0, 0, 0, 0, 0, 0, 0, 0, 0, 0, 0, 0, 0, 0, 0, 0, 0, 0, 0
-1.0584904951359e-17, -1.23467652411601, -1.97129705181908e-17, -0.0881911802940003, 2.88897957276374e-16, 3.46905307823106, 4.33223003633995e-17, -1.98945144461504e-16, -1.31459718000389e-17, -1.23467652411601, 8.29605343308052e-18, 0.0881911802940002, 0, 0, 0, 0, 0, 0, 0, 0, 0, 0, 0, 0, 0, 0, 0, 0, 0, 0, 0, 0
0.088191180294, -7.08845290008301e-18, 0.004199580014, -1.15923785812957e-18, 2.33045512345598e-16, 4.33223003633995e-17, 1.01649835005501, -3.58506385268019e-18, -0.0881911802940002, -1.36231830715143e-17, 0.00419958001400001, 3.93097774458571e-18, 0, 0, 0, 0, 0, 0, 0, 0, 0, 0, 0, 0, 0, 0, 0, 0, 0, 0, 0, 0
-2.92481354153682e-18, 0.0881911802940001, 2.89870042835114e-18, 0.004199580014, -7.07037745436177e-17, -1.98945144461504e-16, -3.58506385268019e-18, 1.01649835005501, 9.49236255956983e-18, -0.0881911802940001, 8.29622500221949e-19, 0.00419958001399999, 0, 0, 0, 0, 0, 0, 0, 0, 0, 0, 0, 0, 0, 0, 0, 0, 0, 0, 0, 0
0, 0, 0, 0, -1.23467652411601, -1.31459718000389e-17, -0.0881911802940002, 9.49236255956983e-18, 3.46905307823104, 1.01037346819881e-16, 2.1029791298588e-16, -8.23209874006671e-17, -1.23467652411601, 5.35359109840775e-17, 0.0881911802940001, 4.58545851101382e-18, 0, 0, 0, 0, 0, 0, 0, 0, 0, 0, 0, 0, 0, 0, 0, 0
0, 0, 0, 0, 7.66631084023647e-18, -1.23467652411601, -1.36231830715143e-17, -0.0881911802940001, 1.01037346819881e-16, 3.46905307823105, -2.16790591755712e-17, 2.84206294168143e-16, 5.73971772409983e-17, -1.23467652411601, 2.01797416231635e-18, 0.0881911802940002, 0, 0, 0, 0, 0, 0, 0, 0, 0, 0, 0, 0, 0, 0, 0, 0
0, 0, 0, 0, 0.0881911802940002, 8.29605343308052e-18, 0.00419958001400001, 8.29622500221949e-19, 2.1029791298588e-16, -2.16790591755712e-17, 1.016498350055, -1.34095356759085e-17, -0.0881911802940001, -9.3306381693492e-18, 0.00419958001399999, 1.36684732664436e-18, 0, 0, 0, 0, 0, 0, 0, 0, 0, 0, 0, 0, 0, 0, 0, 0
0, 0, 0, 0, 6.90497402858631e-18, 0.0881911802940002, 3.93097774458571e-18, 0.00419958001399999, -8.23209874006671e-17, 2.84206294168143e-16, -1.34095356759085e-17, 1.01649835005501, 1.30833750748417e-17, -0.0881911802940001, -4.03938667354487e-18, 0.004199580014, 0, 0, 0, 0, 0, 0, 0, 0, 0, 0, 0, 0, 0, 0, 0, 0
0, 0, 0, 0, 0, 0, 0, 0, -1.23467652411601, 5.73971772409983e-17, -0.0881911802940001, 1.30833750748417e-17, 3.46905307823102, 2.07813641098228e-16, -2.61491663309243e-16, -4.90363959056064e-17, -1.234676524116, 2.10233592147188e-17, 0.0881911802939999, -1.39187006628057e-19, 0, 0, 0, 0, 0, 0, 0, 0, 0, 0, 0, 0
0, 0, 0, 0, 0, 0, 0, 0, 5.35359109840775e-17, -1.23467652411601, -9.3306381693492e-18, -0.0881911802940001, 2.07813641098228e-16, 3.46905307823103, 3.26826123986079e-18, -2.9559316749328e-16, 9.18811351417612e-17, -1.234676524116, -5.40377966589528e-19, 0.0881911802939998, 0, 0, 0, 0, 0, 0, 0, 0, 0, 0, 0, 0
0, 0, 0, 0, 0, 0, 0, 0, 0.0881911802940001, 2.01797416231635e-18, 0.00419958001399999, -4.03938667354487e-18, -2.61491663309243e-16, 3.26826123986079e-18, 1.016498350055, -7.63040532219304e-18, -0.0881911802939998, -1.20393351996327e-17, 0.004199580014, -1.63347317352846e-19, 0, 0, 0, 0, 0, 0, 0, 0, 0, 0, 0, 0
0, 0, 0, 0, 0, 0, 0, 0, 4.58545851101382e-18, 0.0881911802940002, 1.36684732664436e-18, 0.004199580014, -4.90363959056064e-17, -2.9559316749328e-16, -7.63040532219304e-18, 1.01649835005501, 2.7392954750135e-17, -0.0881911802939998, -3.46077904484392e-18, 0.00419958001399999, 0, 0, 0, 0, 0, 0, 0, 0, 0, 0, 0, 0
0, 0, 0, 0, 0, 0, 0, 0, 0, 0, 0, 0, -1.234676524116, 9.18811351417612e-17, -0.0881911802939998, 2.7392954750135e-17, 3.46905307823102, 1.16433551588476e-16, 1.70508656594848e-16, -3.93015030276494e-17, -1.23467652411601, 3.19239776909151e-17, 0.088191180294, 2.33834078838785e-18, 0, 0, 0, 0, 0, 0, 0, 0
0, 0, 0, 0, 0, 0, 0, 0, 0, 0, 0, 0, 2.10233592147188e-17, -1.234676524116, -1.20393351996327e-17, -0.0881911802939998, 1.16433551588476e-16, 3.46905307823102, 2.63027204108523e-17, 9.09477651021007e-17, 5.77231121010756e-17, -1.234676524116, 7.47679491685829e-18, 0.088191180294, 0, 0, 0, 0, 0, 0, 0, 0
0, 0, 0, 0, 0, 0, 0, 0, 0, 0, 0, 0, 0.0881911802939999, -5.40377966589528e-19, 0.004199580014, -3.46077904484392e-18, 1.70508656594848e-16, 2.63027204108523e-17, 1.01649835005501, -1.50622990881343e-17, -0.0881911802940004, -3.71918325992177e-18, 0.00419958001400001, 3.76361642197141e-18, 0, 0, 0, 0, 0, 0, 0, 0
0, 0, 0, 0, 0, 0, 0, 0, 0, 0, 0, 0, -1.39187006628057e-19, 0.0881911802939998, -1.63347317352846e-19, 0.00419958001399999, -3.93015030276494e-17, 9.09477651021007e-17, -1.50622990881343e-17, 1.01649835005501, -3.11164005124544e-18, -0.088191180294, -1.22848916420798e-18, 0.00419958001399999, 0, 0, 0, 0, 0, 0, 0, 0
0, 0, 0, 0, 0, 0, 0, 0, 0, 0, 0, 0, 0, 0, 0, 0, -1.23467652411601, 5.77231121010756e-17, -0.0881911802940004, -3.11164005124544e-18, 3.46905307823103, 3.02261076807282e-16, 1.70388154288048e-17, -8.34559512695836e-17, -1.234676524116, -1.06988078311275e-17, 0.0881911802939997, 7.35045830225413e-18, 0, 0, 0, 0
0, 0, 0, 0, 0, 0, 0, 0, 0, 0, 0, 0, 0, 0, 0, 0, 3.19239776909151e-17, -1.234676524116, -3.71918325992177e-18, -0.088191180294, 3.02261076807282e-16, 3.46905307823102, 5.06107605022604e-17, -1.70496149394239e-17, 9.36728923957532e-18, -1.234676524116, 5.94441545404362e-18, 0.0881911802939996, 0, 0, 0, 0
0, 0, 0, 0, 0, 0, 0, 0, 0, 0, 0, 0, 0, 0, 0, 0, 0.088191180294, 7.47679491685829e-18, 0.00419958001400001, -1.22848916420798e-18, 1.70388154288048e-17, 5.06107605022604e-17, 1.01649835005501, -9.45550817497038e-18, -0.0881911802940002, -4.01388565036779e-17, 0.004199580014, 2.93484147089192e-18, 0, 0, 0, 0
0, 0, 0, 0, 0, 0, 0, 0, 0, 0, 0, 0, 0, 0, 0, 0, 2.33834078838785e-18, 0.088191180294, 3.76361642197141e-18, 0.00419958001399999, -8.34559512695836e-17, -1.70496149394239e-17, -9.45550817497038e-18, 1.016498350055, 4.57646318550201e-17, -0.0881911802940001, -3.75973359093345e-18, 0.00419958001399998, 0, 0, 0, 0
0, 0, 0, 0, 0, 0, 0, 0, 0, 0, 0, 0, 0, 0, 0, 0, 0, 0, 0, 0, -1.234676524116, 9.36728923957532e-18, -0.0881911802940002, 4.57646318550201e-17, 3.46905307823102, 2.09807260450007e-16, 6.19547223095651e-16, -5.7547526013372e-17, -1.234676524116, 6.85864744312694e-17, 0.0881911802939998, -6.53579191011703e-18
0, 0, 0, 0, 0, 0, 0, 0, 0, 0, 0, 0, 0, 0, 0, 0, 0, 0, 0, 0, -1.06988078311275e-17, -1.234676524116, -4.01388565036779e-17, -0.0881911802940001, 2.09807260450007e-16, 3.46905307823102, -4.84168860817763e-17, 5.11551548015632e-16, 3.23964203415347e-17, -1.234676524116, 7.1177145026874e-18, 0.0881911802939998
0, 0, 0, 0, 0, 0, 0, 0, 0, 0, 0, 0, 0, 0, 0, 0, 0, 0, 0, 0, 0.0881911802939997, 5.94441545404362e-18, 0.004199580014, -3.75973359093345e-18, 6.19547223095651e-16, -4.84168860817763e-17, 1.016498350055, -1.17429344155683e-18, -0.0881911802939998, -6.96489016000519e-18, 0.00419958001400001, -8.94907502162587e-19
0, 0, 0, 0, 0, 0, 0, 0, 0, 0, 0, 0, 0, 0, 0, 0, 0, 0, 0, 0, 7.35045830225413e-18, 0.0881911802939996, 2.93484147089192e-18, 0.00419958001399998, -5.7547526013372e-17, 5.11551548015632e-16, -1.17429344155683e-18, 1.016498350055, 1.76875398791854e-17, -0.0881911802939999, -3.5844708205959e-18, 0.00419958001399999
0, 0, 0, 0, 0, 0, 0, 0, 0, 0, 0, 0, 0, 0, 0, 0, 0, 0, 0, 0, 0, 0, 0, 0, -1.234676524116, 3.23964203415347e-17, -0.0881911802939998, 1.76875398791854e-17, 8.23377657411502, 7.73167789389649e-17, -0.0881911802940011, -3.77053365326507e-17
0, 0, 0, 0, 0, 0, 0, 0, 0, 0, 0, 0, 0, 0, 0, 0, 0, 0, 0, 0, 0, 0, 0, 0, 6.85864744312694e-17, -1.234676524116, -6.96489016000519e-18, -0.0881911802939999, 7.73167789389649e-17, 8.23377657411502, -3.2730427460499e-16, -0.0881911802940001
0, 0, 0, 0, 0, 0, 0, 0, 0, 0, 0, 0, 0, 0, 0, 0, 0, 0, 0, 0, 0, 0, 0, 0, 0.0881911802939998, 7.1177145026874e-18, 0.00419958001400001, -3.5844708205959e-18, -0.0881911802940011, -3.2730427460499e-16, 7.007499210027, -3.92364624648715e-17
0, 0, 0, 0, 0, 0, 0, 0, 0, 0, 0, 0, 0, 0, 0, 0, 0, 0, 0, 0, 0, 0, 0, 0, -6.53579191011703e-18, 0.0881911802939998, -8.94907502162587e-19, 0.00419958001399999, -3.77053365326507e-17, -0.0881911802940001, -3.92364624648715e-17, 7.00749921002701
10.6445531964576, 5.81621024267747e-16, 0.117582361175971, -3.2341731611883e-16, -1.6461530564636, -5.46135173305992e-17, 0.117582361175971, -1.90901491464455e-18, 0, 0, 0, 0, 0, 0, 0, 0, 0, 0, 0, 0, 0, 0, 0, 0, 0, 0, 0, 0, 0, 0, 0, 0
5.81621024267747e-16, 10.6445531964576, 7.91090391795159e-16, 0.117582361175972, 4.41664602588278e-17, -1.6461530564636, -1.48822593487281e-18, 0.117582361175971, 0, 0, 0, 0, 0, 0, 0, 0, 0, 0, 0, 0, 0, 0, 0, 0, 0, 0, 0, 0, 0, 0, 0, 0
0.117582361175971, 7.91090391795159e-16, 9.00959846010602, -6.64677275765474e-17, -0.117582361175971, -3.80785734941065e-17, 0.0055991600559986, 4.142249380106e-18, 0, 0, 0, 0, 0, 0, 0, 0, 0, 0, 0, 0, 0, 0, 0, 0, 0, 0, 0, 0, 0, 0, 0, 0
-3.2341731611883e-16, 0.117582361175972, -6.64677275765474e-17, 9.00959846010602, 3.64727381050955e-17, -0.117582361175971, -5.9393848937505e-19, 0.0055991600559986, 0, 0, 0, 0, 0, 0, 0, 0, 0, 0, 0, 0, 0, 0, 0, 0, 0, 0, 0, 0, 0, 0, 0, 0
-1.6461530564636, 4.41664602588278e-17, -0.117582361175971, 3.64727381050955e-17, 4.29190617292323, 3.32079072099031e-16, 4.54711541351514e-16, -7.76063866245153e-17, -1.6461530564636, 2.13315331867321e-18, 0.117582361175971, 6.84894589107083e-18, 0, 0, 0, 0, 0, 0, 0, 0, 0, 0, 0, 0, 0, 0, 0, 0, 0, 0, 0, 0
-5.46135173305992e-17, -1.6461530564636, -3.80785734941065e-17, -0.117582361175971, 3.32079072099031e-16, 4.29190617292324, 1.32283542223479e-17, -3.40793352507148e-17, -6.62215733217799e-17, -1.6461530564636, 1.61614499747587e-17, 0.117582361175971, 0, 0, 0, 0, 0, 0, 0, 0, 0, 0, 0, 0, 0, 0, 0, 0, 0, 0, 0, 0
0.117582361175971, -1.48822593487281e-18, 0.0055991600559986, -5.9393848937505e-19, 4.54711541351514e-16, 1.32283542223479e-17, 1.02199670022, -3.36931079200815e-18, -0.117582361175971, -1.93230844660031e-19, 0.00559916005599861, 3.5670932614194e-18, 0, 0, 0, 0, 0, 0, 0, 0, 0, 0, 0, 0, 0, 0, 0, 0, 0, 0, 0, 0
-1.90901491464455e-18, 0.117582361175971, 4.142249380106e-18, 0.0055991600559986, -7.76063866245153e-17, -3.40793352507148e-17, -3.36931079200815e-18, 1.02199670022001, 1.54846270594169e-17, -0.117582361175971, 3.50696864537572e-19, 0.00559916005599859, 0, 0, 0, 0, 0, 0, 0, 0, 0, 0, 0, 0, 0, 0, 0, 0, 0, 0, 0, 0
0, 0, 0, 0, -1.6461530564636, -6.62215733217799e-17, -0.117582361175971, 1.54846270594169e-17, 4.29190617292323, 1.4976198494138e-16, 1.81855173764177e-16, -9.63014900210169e-17, -1.64615305646359, 4.57962372009517e-17, 0.117582361175971, 5.64070352211648e-18, 0, 0, 0, 0, 0, 0, 0, 0, 0, 0, 0, 0, 0, 0, 0, 0
0, 0, 0, 0, 2.13315331867321e-18, -1.6461530564636, -1.93230844660031e-19, -0.117582361175971, 1.4976198494138e-16, 4.29190617292323, -5.84679828762329e-17, 2.44387480336161e-16, 7.34205064182193e-17, -1.6461530564636, 1.26090852776281e-18, 0.117582361175971, 0, 0, 0, 0, 0, 0, 0, 0, 0, 0, 0, 0, 0, 0, 0, 0
0, 0, 0, 0, 0.117582361175971, 1.61614499747587e-17, 0.00559916005599861, 3.50696864537572e-19, 1.81855173764177e-16, -5.84679828762329e-17, 1.02199670021999, -1.22544109964351e-17, -0.117582361175971, 2.84797420147103e-18, 0.00559916005599858, 7.63622075718353e-19, 0, 0, 0, 0, 0, 0, 0, 0, 0, 0, 0, 0, 0, 0, 0, 0
0, 0, 0, 0, 6.84894589107083e-18, 0.117582361175971, 3.5670932614194e-18, 0.00559916005599859, -9.63014900210169e-17, 2.44387480336161e-16, -1.22544109964351e-17, 1.02199670022, 2.31072045630389e-17, -0.117582361175971, -5.50675805478897e-18, 0.00559916005599859, 0, 0, 0, 0, 0, 0, 0, 0, 0, 0, 0, 0, 0, 0, 0, 0
0, 0, 0, 0, 0, 0, 0, 0, -1.64615305646359, 7.34205064182193e-17, -0.117582361175971, 2.31072045630389e-17, 4.2919061729232, 1.76562115294607e-16, -3.29677616775882e-16, -6.91230969607413e-17, -1.64615305646359, 6.90711783025936e-17, 0.117582361175971, -8.05428935694311e-19, 0, 0, 0, 0, 0, 0, 0, 0, 0, 0, 0, 0
0, 0, 0, 0, 0, 0, 0, 0, 4.57962372009517e-17, -1.6461530564636, 2.84797420147103e-18, -0.117582361175971, 1.76562115294607e-16, 4.29190617292321, 1.33061678853302e-17, -3.41038343265177e-16, 1.2642411431869e-16, -1.64615305646359, 1.04471904057526e-18, 0.11758236117597, 0, 0, 0, 0, 0, 0, 0, 0, 0, 0, 0, 0
0, 0, 0, 0, 0, 0, 0, 0, 0.117582361175971, 1.26090852776281e-18, 0.00559916005599858, -5.50675805478897e-18, -3.29677616775882e-16, 1.33061678853302e-17, 1.02199670022, -3.76797336995769e-18, -0.11758236117597, -1.57748024786237e-17, 0.0055991600559986, 2.36755222631099e-19, 0, 0, 0, 0, 0, 0, 0, 0, 0, 0, 0, 0
0, 0, 0, 0, 0, 0, 0, 0, 5.64070352211648e-18, 0.117582361175971, 7.63622075718353e-19, 0.00559916005599859, -6.91230969607413e-17, -3.41038343265177e-16, -3.76797336995769e-18, 1.02199670022, 4.14103421023653e-17, -0.11758236117597, -3.00962853816825e-18, 0.0055991600559986, 0, 0, 0, 0, 0, 0, 0, 0, 0, 0, 0, 0
0, 0, 0, 0, 0, 0, 0, 0, 0, 0, 0, 0, -1.64615305646359, 1.2642411431869e-16, -0.11758236117597, 4.14103421023653e-17, 4.2919061729232, 5.76879815713478e-17, 8.52264774379762e-17, -5.24806549745844e-17, -1.64615305646359, 5.31974206833758e-17, 0.117582361175971, 5.27054050361605e-18, 0, 0, 0, 0, 0, 0, 0, 0
0, 0, 0, 0, 0, 0, 0, 0, 0, 0, 0, 0, 6.90711783025936e-17, -1.64615305646359, -1.57748024786237e-17, -0.11758236117597, 5.76879815713478e-17, 4.2919061729232, -2.54681827742011e-17, 3.97795933508633e-17, 1.32734298684278e-16, -1.64615305646359, 5.97279117179873e-18, 0.117582361175971, 0, 0, 0, 0, 0, 0, 0, 0
0, 0, 0, 0, 0, 0, 0, 0, 0, 0, 0, 0, 0.117582361175971, 1.04471904057526e-18, 0.0055991600559986, -3.00962853816825e-18, 8.52264774379762e-17, -2.54681827742011e-17, 1.02199670022, -2.50828446620185e-17, -0.117582361175971, 5.40711187174388e-18, 0.00559916005599861, 3.31156791733516e-18, 0, 0, 0, 0, 0, 0, 0, 0
0, 0, 0, 0, 0, 0, 0, 0, 0, 0, 0, 0, -8.05428935694311e-19, 0.11758236117597, 2.36755222631099e-19, 0.0055991600559986, -5.24806549745844e-17, 3.97795933508633e-17, -2.50828446620185e-17, 1.02199670022, 1.84948653392012e-18, -0.11758236117597, -1.71668154871365e-18, 0.00559916005599859, 0, 0, 0, 0, 0, 0, 0, 0
0, 0, 0, 0, 0, 0, 0, 0, 0, 0, 0, 0, 0, 0, 0, 0, -1.64615305646359, 1.32734298684278e-16, -0.117582361175971, 1.84948653392012e-18, 4.29190617292321, 1.99337761417494e-16, 1.81883026243605e-16, -9.38354319316976e-17, -1.64615305646359, 1.17197592762607e-17, 0.11758236117597, 2.34388812294707e-18, 0, 0, 0, 0
0, 0, 0, 0, 0, 0, 0, 0, 0, 0, 0, 0, 0, 0, 0, 0, 5.31974206833758e-17, -1.64615305646359, 5.40711187174388e-18, -0.11758236117597, 1.99337761417494e-16, 4.29190617292321, 4.45556001733523e-17, 2.89906551870433e-16, 4.12063120620554e-17, -1.6461530564636, 7.18896673947389e-18, 0.117582361175971, 0, 0, 0, 0
0, 0, 0, 0, 0, 0, 0, 0, 0, 0, 0, 0, 0, 0, 0, 0, 0.117582361175971, 5.97279117179873e-18, 0.00559916005599861, -1.71668154871365e-18, 1.81883026243605e-16, 4.45556001733523e-17, 1.02199670022, -7.90783052146005e-18, -0.117582361175971, -4.25671554288745e-17, 0.00559916005599861, 3.03150474047214e-18, 0, 0, 0, 0
0, 0, 0, 0, 0, 0, 0, 0, 0, 0, 0, 0, 0, 0, 0, 0, 5.27054050361605e-18, 0.117582361175971, 3.31156791733516e-18, 0.00559916005599859, -9.38354319316976e-17, 2.89906551870433e-16, -7.90783052146005e-18, 1.02199670022, 4.49012079107222e-17, -0.117582361175971, -3.6146908458103e-18, 0.0055991600559986, 0, 0, 0, 0
0, 0, 0, 0, 0, 0, 0, 0, 0, 0, 0, 0, 0, 0, 0, 0, 0, 0, 0, 0, -1.64615305646359, 4.12063120620554e-17, -0.117582361175971, 4.49012079107222e-17, 4.29190617292321, 1.0633095573176e-16, 4.31901986132675e-16, -6.04885910148849e-17, -1.64615305646359, 1.18025225477789e-16, 0.117582361175971, -7.82459580934138e-18
0, 0, 0, 0, 0, 0, 0, 0, 0, 0, 0, 0, 0, 0, 0, 0, 0, 0, 0, 0, 1.17197592762607e-17, -1.6461530564636, -4.25671554288745e-17, -0.117582361175971, 1.0633095573176e-16, 4.29190617292321, -5.80284397666197e-17, 3.01179743075841e-16, 4.75651554054664e-17, -1.64615305646359, 1.50453876124493e-17, 0.11758236117597
0, 0, 0, 0, 0, 0, 0, 0, 0, 0, 0, 0, 0, 0, 0, 0, 0, 0, 0, 0, 0.11758236117597, 7.18896673947389e-18, 0.00559916005599861, -3.6146908458103e-18, 4.31901986132675e-16, -5.80284397666197e-17, 1.02199670022, -4.00142149200254e-19, -0.11758236117597, -5.83009182990082e-18, 0.00559916005599862, -6.66281228136561e-19
0, 0, 0, 0, 0, 0, 0, 0, 0, 0, 0, 0, 0, 0, 0, 0, 0, 0, 0, 0, 2.34388812294707e-18, 0.117582361175971, 3.03150474047214e-18, 0.0055991600559986, -6.04885910148849e-17, 3.01179743075841e-16, -4.00142149200254e-19, 1.02199670021999, 1.07456675699179e-17, -0.11758236117597, -2.81391709816354e-18, 0.0055991600559986
0, 0, 0, 0, 0, 0, 0, 0, 0, 0, 0, 0, 0, 0, 0, 0, 0, 0, 0, 0, 0, 0, 0, 0, -1.64615305646359, 4.75651554054664e-17, -0.11758236117597, 1.07456675699179e-17, 10.6445531964576, 1.81616487130371e-16, -0.117582361175971, -8.37493513858558e-17
0, 0, 0, 0, 0, 0, 0, 0, 0, 0, 0, 0, 0, 0, 0, 0, 0, 0, 0, 0, 0, 0, 0, 0, 1.18025225477789e-16, -1.64615305646359, -5.83009182990082e-18, -0.11758236117597, 1.81616487130371e-16, 10.6445531964576, -7.38461604142303e-16, -0.117582361175971
0, 0, 0, 0, 0, 0, 0, 0, 0, 0, 0, 0, 0, 0, 0, 0, 0, 0, 0, 0, 0, 0, 0, 0, 0.117582361175971, 1.50453876124493e-17, 0.00559916005599862, -2.81391709816354e-18, -0.117582361175971, -7.38461604142303e-16, 9.00959846010601, -6.69295341340459e-17
0, 0, 0, 0, 0, 0, 0, 0, 0, 0, 0, 0, 0, 0, 0, 0, 0, 0, 0, 0, 0, 0, 0, 0, -7.82459580934138e-18, 0.11758236117597, -6.66281228136561e-19, 0.0055991600559986, -8.37493513858558e-17, -0.117582361175971, -6.69295341340459e-17, 9.009598460106
