10000, 0, 0, 0, 0, 0, 0, 0, 0, 0, 0, 0, 0, 0, 0, 0, 0, 0, 0, 0, 0, 0, 0, 0, 0, 0, 0, 0, 0, 0, 0, 0
0, 10000, 0, 0, 0, 0, 0, 0, 0, 0, 0, 0, 0, 0, 0, 0, 0, 0, 0, 0, 0, 0, 0, 0, 0, 0, 0, 0, 0, 0, 0, 0
0, 0, 10000, 0, 0, 0, 0, 0, 0, 0, 0, 0, 0, 0, 0, 0, 0, 0, 0, 0, 0, 0, 0, 0, 0, 0, 0, 0, 0, 0, 0, 0
0, 0, 0, 10000, 0, 0, 0, 0, 0, 0, 0, 0, 0, 0, 0, 0, 0, 0, 0, 0, 0, 0, 0, 0, 0, 0, 0, 0, 0, 0, 0, 0
0, 0, 0, 0, 500, 0, 0, 0, 0, 0, 0, 0, 0, 0, 0, 0, 0, 0, 0, 0, 0, 0, 0, 0, 0, 0, 0, 0, 0, 0, 0, 0
0, 0, 0, 0, 0, 500, 0, 0, 0, 0, 0, 0, 0, 0, 0, 0, 0, 0, 0, 0, 0, 0, 0, 0, 0, 0, 0, 0, 0, 0, 0, 0
0, 0, 0, 0, 0, 0, 500, 0, 0, 0, 0, 0, 0, 0, 0, 0, 0, 0, 0, 0, 0, 0, 0, 0, 0, 0, 0, 0, 0, 0, 0, 0
0, 0, 0, 0, 0, 0, 0, 500, 0, 0, 0, 0, 0, 0, 0, 0, 0, 0, 0, 0, 0, 0, 0, 0, 0, 0, 0, 0, 0, 0, 0, 0
0, 0, 0, 0, 0, 0, 0, 0, 500, 0, 0, 0, 0, 0, 0, 0, 0, 0, 0, 0, 0, 0, 0, 0, 0, 0, 0, 0, 0, 0, 0, 0
0, 0, 0, 0, 0, 0, 0, 0, 0, 500, 0, 0, 0, 0, 0, 0, 0, 0, 0, 0, 0, 0, 0, 0, 0, 0, 0, 0, 0, 0, 0, 0
0, 0, 0, 0, 0, 0, 0, 0, 0, 0, 500, 0, 0, 0, 0, 0, 0, 0, 0, 0, 0, 0, 0, 0, 0, 0, 0, 0, 0, 0, 0, 0
0, 0, 0, 0, 0, 0, 0, 0, 0, 0, 0, 500, 0, 0, 0, 0, 0, 0, 0, 0, 0, 0, 0, 0, 0, 0, 0, 0, 0, 0, 0, 0
0, 0, 0, 0, 0, 0, 0, 0, 0, 0, 0, 0, 500, 0, 0, 0, 0, 0, 0, 0, 0, 0, 0, 0, 0, 0, 0, 0, 0, 0, 0, 0
0, 0, 0, 0, 0, 0, 0, 0, 0, 0, 0, 0, 0, 500, 0, 0, 0, 0, 0, 0, 0, 0, 0, 0, 0, 0, 0, 0, 0, 0, 0, 0
0, 0, 0, 0, 0, 0, 0, 0, 0, 0, 0, 0, 0, 0, 500, 0, 0, 0, 0, 0, 0, 0, 0, 0, 0, 0, 0, 0, 0, 0, 0, 0
0, 0, 0, 0, 0, 0, 0, 0, 0, 0, 0, 0, 0, 0, 0, 500, 0, 0, 0, 0, 0, 0, 0, 0, 0, 0, 0, 0, 0, 0, 0, 0
0, 0, 0, 0, 0, 0, 0, 0, 0, 0, 0, 0, 0, 0, 0, 0, 500, 0, 0, 0, 0, 0, 0, 0, 0, 0, 0, 0, 0, 0, 0, 0
0, 0, 0, 0, 0, 0, 0, 0, 0, 0, 0, 0, 0, 0, 0, 0, 0, 500, 0, 0, 0, 0, 0, 0, 0, 0, 0, 0, 0, 0, 0, 0
0, 0, 0, 0, 0, 0, 0, 0, 0, 0, 0, 0, 0, 0, 0, 0, 0, 0, 500, 0, 0, 0, 0, 0, 0, 0, 0, 0, 0, 0, 0, 0
0, 0, 0, 0, 0, 0, 0, 0, 0, 0, 0, 0, 0, 0, 0, 0, 0, 0, 0, 500, 0, 0, 0, 0, 0, 0, 0, 0, 0, 0, 0, 0
0, 0, 0, 0, 0, 0, 0, 0, 0, 0, 0, 0, 0, 0, 0, 0, 0, 0, 0, 0, 500, 0, 0, 0, 0, 0, 0, 0, 0, 0, 0, 0
0, 0, 0, 0, 0, 0, 0, 0, 0, 0, 0, 0, 0, 0, 0, 0, 0, 0, 0, 0, 0, 500, 0, 0, 0, 0, 0, 0, 0, 0, 0, 0
0, 0, 0, 0, 0, 0, 0, 0, 0, 0, 0, 0, 0, 0, 0, 0, 0, 0, 0, 0, 0, 0, 500, 0, 0, 0, 0, 0, 0, 0, 0, 0
0, 0, 0, 0, 0, 0, 0, 0, 0, 0, 0, 0, 0, 0, 0, 0, 0, 0, 0, 0, 0, 0, 0, 500, 0, 0, 0, 0, 0, 0, 0, 0
0, 0, 0, 0, 0, 0, 0, 0, 0, 0, 0, 0, 0, 0, 0, 0, 0, 0, 0, 0, 0, 0, 0, 0, 500, 0, 0, 0, 0, 0, 0, 0
0, 0, 0, 0, 0, 0, 0, 0, 0, 0, 0, 0, 0, 0, 0, 0, 0, 0, 0, 0, 0, 0, 0, 0, 0, 500, 0, 0, 0, 0, 0, 0
0, 0, 0, 0, 0, 0, 0, 0, 0, 0, 0, 0, 0, 0, 0, 0, 0, 0, 0, 0, 0, 0, 0, 0, 0, 0, 500, 0, 0, 0, 0, 0
0, 0, 0, 0, 0, 0, 0, 0, 0, 0, 0, 0, 0, 0, 0, 0, 0, 0, 0, 0, 0, 0, 0, 0, 0, 0, 0, 500, 0, 0, 0, 0
0, 0, 0, 0, 0, 0, 0, 0, 0, 0, 0, 0, 0, 0, 0, 0, 0, 0, 0, 0, 0, 0, 0, 0, 0, 0, 0, 0, 10000, 0, 0, 0
0, 0, 0, 0, 0, 0, 0, 0, 0, 0, 0, 0, 0, 0, 0, 0, 0, 0, 0, 0, 0, 0, 0, 0, 0, 0, 0, 0, 0, 10000, 0, 0
0, 0, 0, 0, 0, 0, 0, 0, 0, 0, 0, 0, 0, 0, 0, 0, 0, 0, 0, 0, 0, 0, 0, 0, 0, 0, 0, 0, 0, 0, 10000, 0
0, 0, 0, 0, 0, 0, 0, 0, 0, 0, 0, 0, 0, 0, 0, 0, 0, 0, 0, 0, 0, 0, 0, 0, 0, 0, 0, 0, 0, 0, 0, 10000
10410.0625, 1.34971805012829e-12, 41.3437500000004, -8.25087845603269e-14, -578.8125, -9.3273713052092e-15, 41.34375, -7.35007876896244e-15, 0, 0, 0, 0, 0, 0, 0, 0, 0, 0, 0, 0, 0, 0, 0, 0, 0, 0, 0, 0, 0, 0, 0, 0
1.34971805012829e-12, 10410.0625, 2.68415972870395e-13, 41.3437499999999, 7.24362062412686e-14, -578.8125, -1.48892510259545e-17, 41.3437500000002, 0, 0, 0, 0, 0, 0, 0, 0, 0, 0, 0, 0, 0, 0, 0, 0, 0, 0, 0, 0, 0, 0, 0, 0
41.3437500000004, 2.68415972870395e-13, 9835.18750000012, -1.7778510187541e-13, -41.3437500000005, 9.01544149621545e-15, 1.96875000000002, -2.39716941517867e-16, 0, 0, 0, 0, 0, 0, 0, 0, 0, 0, 0, 0, 0, 0, 0, 0, 0, 0, 0, 0, 0, 0, 0, 0
-8.25087845603269e-14, 41.3437499999999, -1.7778510187541e-13, 9835.18749999999, 4.07995256613205e-14, -41.3437500000003, 3.66275575238481e-16, 1.96874999999996, 0, 0, 0, 0, 0, 0, 0, 0, 0, 0, 0, 0, 0, 0, 0, 0, 0, 0, 0, 0, 0, 0, 0, 0
-578.8125, 7.24362062412686e-14, -41.3437500000005, 4.07995256613205e-14, 1646.37499999998, 4.90809670968185e-13, -1.07434061646927e-13, 2.75484923968423e-14, -578.812499999999, 5.3411744916312e-15, 41.34375, 1.16245035650572e-15, 0, 0, 0, 0, 0, 0, 0, 0, 0, 0, 0, 0, 0, 0, 0, 0, 0, 0, 0, 0
-9.3273713052092e-15, -578.8125, 9.01544149621545e-15, -41.3437500000003, 4.90809670968185e-13, 1646.37499999998, 3.20366430856328e-15, -2.30215846386272e-13, 1.59093713095904e-13, -578.8125, -3.5503977418302e-15, 41.34375, 0, 0, 0, 0, 0, 0, 0, 0, 0, 0, 0, 0, 0, 0, 0, 0, 0, 0, 0, 0
41.34375, -1.48892510259545e-17, 1.96875000000002, 3.66275575238481e-16, -1.07434061646927e-13, 3.20366430856328e-15, 496.624999999977, 2.60717671743063e-14, -41.3437499999999, -7.80842575023266e-15, 1.96874999999999, 1.39944070392946e-15, 0, 0, 0, 0, 0, 0, 0, 0, 0, 0, 0, 0, 0, 0, 0, 0, 0, 0, 0, 0
-7.35007876896244e-15, 41.3437500000002, -2.39716941517867e-16, 1.96874999999996, 2.75484923968423e-14, -2.30215846386272e-13, 2.60717671743063e-14, 496.624999999978, -1.89864937348404e-14, -41.3437499999998, 3.2551625055493e-17, 1.96874999999999, 0, 0, 0, 0, 0, 0, 0, 0, 0, 0, 0, 0, 0, 0, 0, 0, 0, 0, 0, 0
0, 0, 0, 0, -578.812499999999, 1.59093713095904e-13, -41.3437499999999, -1.89864937348404e-14, 1704.41833039087, 26.2833581752543, -5.11590769747272e-14, 2.90443037780373e-14, -578.812499999999, -4.38998399561999e-14, 41.34375, -1.25552678698172e-15, 0, 0, 0, 0, 0, 0, 0, 0, 0, 0, 0, 0, 0, 0, 0, 0
0, 0, 0, 0, 5.3411744916312e-15, -578.8125, -7.80842575023266e-15, -41.3437499999998, 26.2833581752543, 1659.13776317416, -9.44006432391189e-16, -4.60431692772545e-14, 7.59972963264918e-14, -578.8125, -1.28104324092745e-15, 41.34375, 0, 0, 0, 0, 0, 0, 0, 0, 0, 0, 0, 0, 0, 0, 0, 0
0, 0, 0, 0, 41.34375, -3.5503977418302e-15, 1.96874999999999, 3.2551625055493e-17, -5.11590769747272e-14, -9.44006432391189e-16, 496.624999999956, 5.83439023764783e-15, -41.3437499999998, -5.91740711789942e-15, 1.96874999999997, -1.73084751442154e-15, 0, 0, 0, 0, 0, 0, 0, 0, 0, 0, 0, 0, 0, 0, 0, 0
0, 0, 0, 0, 1.16245035650572e-15, 41.34375, 1.39944070392946e-15, 1.96874999999999, 2.90443037780373e-14, -4.60431692772545e-14, 5.83439023764783e-15, 496.624999999956, -1.70069212820303e-14, -41.3437499999999, -1.28104324092745e-15, 1.96875, 0, 0, 0, 0, 0, 0, 0, 0, 0, 0, 0, 0, 0, 0, 0, 0
0, 0, 0, 0, 0, 0, 0, 0, -578.812499999999, 7.59972963264918e-14, -41.3437499999998, -1.70069212820303e-14, 1738.49093170434, 40.8026722018746, -2.04636307898909e-14, 3.68985139751748e-14, -578.812499999999, -9.21873560741107e-15, 41.34375, 2.7500446644938e-16, 0, 0, 0, 0, 0, 0, 0, 0, 0, 0, 0, 0
0, 0, 0, 0, 0, 0, 0, 0, -4.38998399561999e-14, -578.8125, -5.91740711789942e-15, -41.3437499999999, 40.8026722018746, 1644.3170696565, 2.06366228971375e-14, -9.2086338554509e-14, 1.03556025083415e-13, -578.812499999999, -5.16081913279744e-15, 41.3437499999999, 0, 0, 0, 0, 0, 0, 0, 0, 0, 0, 0, 0
0, 0, 0, 0, 0, 0, 0, 0, 41.34375, -1.28104324092745e-15, 1.96874999999997, -1.28104324092745e-15, -2.04636307898909e-14, 2.06366228971375e-14, 496.624999999955, 1.00705775759516e-14, -41.34375, -1.16581904955035e-14, 1.96874999999999, 2.7500446644938e-16, 0, 0, 0, 0, 0, 0, 0, 0, 0, 0, 0, 0
0, 0, 0, 0, 0, 0, 0, 0, -1.25552678698172e-15, 41.34375, -1.73084751442154e-15, 1.96875, 3.68985139751748e-14, -9.2086338554509e-14, 1.00705775759516e-14, 496.624999999956, -2.57350839854819e-14, -41.3437499999998, -3.40746093198103e-15, 1.96875, 0, 0, 0, 0, 0, 0, 0, 0, 0, 0, 0, 0
0, 0, 0, 0, 0, 0, 0, 0, 0, 0, 0, 0, -578.812499999999, 1.03556025083415e-13, -41.34375, -2.57350839854819e-14, 1659.85332313251, 4.67819619617499, -7.72502062318381e-13, 3.81735363752186e-14, -578.812499999999, -3.1833190776145e-14, 41.34375, -1.05909103703993e-15, 0, 0, 0, 0, 0, 0, 0, 0
0, 0, 0, 0, 0, 0, 0, 0, 0, 0, 0, 0, -9.21873560741107e-15, -578.812499999999, -1.16581904955035e-14, -41.3437499999998, 4.67819619617499, 1642.32022676556, 2.01425975480964e-14, -5.11590769747272e-14, 1.02820430942259e-13, -578.812499999999, -4.55474286400407e-15, 41.34375, 0, 0, 0, 0, 0, 0, 0, 0
0, 0, 0, 0, 0, 0, 0, 0, 0, 0, 0, 0, 41.34375, -5.16081913279744e-15, 1.96874999999999, -3.40746093198103e-15, -7.72502062318381e-13, 2.01425975480964e-14, 496.624999999954, 9.22184373856274e-15, -41.3437499999997, -7.43864189522119e-15, 1.96874999999997, -1.05909103703993e-15, 0, 0, 0, 0, 0, 0, 0, 0
0, 0, 0, 0, 0, 0, 0, 0, 0, 0, 0, 0, 2.7500446644938e-16, 41.3437499999999, 2.7500446644938e-16, 1.96875, 3.81735363752186e-14, -5.11590769747272e-14, 9.22184373856274e-15, 496.624999999956, -2.95199967367528e-14, -41.3437499999999, -2.19152094116457e-15, 1.96875, 0, 0, 0, 0, 0, 0, 0, 0
0, 0, 0, 0, 0, 0, 0, 0, 0, 0, 0, 0, 0, 0, 0, 0, -578.812499999999, 1.02820430942259e-13, -41.3437499999997, -2.95199967367528e-14, 1053.15410384925, -229.697345646001, -5.11590769747272e-15, 4.90666427067534e-14, -578.812499999998, 1.35982319868397e-14, 41.3437499999999, -2.95057495846773e-15, 0, 0, 0, 0
0, 0, 0, 0, 0, 0, 0, 0, 0, 0, 0, 0, 0, 0, 0, 0, -3.1833190776145e-14, -578.812499999999, -7.43864189522119e-15, -41.3437499999999, -229.697345646001, 1561.29459489884, 8.90531687331473e-15, -6.65068000671454e-14, 1.02831300095508e-13, -578.8125, -3.72049812901984e-15, 41.34375, 0, 0, 0, 0
0, 0, 0, 0, 0, 0, 0, 0, 0, 0, 0, 0, 0, 0, 0, 0, 41.34375, -4.55474286400407e-15, 1.96874999999997, -2.19152094116457e-15, -5.11590769747272e-15, 8.90531687331473e-15, 496.624999999955, 1.89595441904835e-14, -41.34375, -1.81146815583613e-14, 1.96874999999998, -8.16051931386892e-16, 0, 0, 0, 0
0, 0, 0, 0, 0, 0, 0, 0, 0, 0, 0, 0, 0, 0, 0, 0, -1.05909103703993e-15, 41.34375, -1.05909103703993e-15, 1.96875, 4.90666427067534e-14, -6.65068000671454e-14, 1.89595441904835e-14, 496.624999999956, -1.39576026719149e-14, -41.3437499999999, -2.34830475446787e-15, 1.96874999999999, 0, 0, 0, 0
0, 0, 0, 0, 0, 0, 0, 0, 0, 0, 0, 0, 0, 0, 0, 0, 0, 0, 0, 0, -578.812499999998, 1.02831300095508e-13, -41.34375, -1.39576026719149e-14, 1808.4042713475, 69.2168082454911, 1.688249540166e-13, -1.23391410853936e-14, -578.812500000005, 5.22821160525366e-14, 41.3437500000008, 5.01767759574667e-16
0, 0, 0, 0, 0, 0, 0, 0, 0, 0, 0, 0, 0, 0, 0, 0, 0, 0, 0, 0, 1.35982319868397e-14, -578.8125, -1.81146815583613e-14, -41.3437499999999, 69.2168082454911, 1657.94081441252, -2.25023949431999e-14, -9.2086338554509e-14, -3.52339236278187e-14, -578.8125, -6.15819422433478e-15, 41.3437500000002
0, 0, 0, 0, 0, 0, 0, 0, 0, 0, 0, 0, 0, 0, 0, 0, 0, 0, 0, 0, 41.3437499999999, -3.72049812901984e-15, 1.96874999999998, -2.34830475446787e-15, 1.688249540166e-13, -2.25023949431999e-14, 496.624999999979, -4.90035960344404e-15, -41.3437500000006, -5.44440353015052e-14, 1.96875000000006, -1.78522119801194e-15
0, 0, 0, 0, 0, 0, 0, 0, 0, 0, 0, 0, 0, 0, 0, 0, 0, 0, 0, 0, -2.95057495846773e-15, 41.34375, -8.16051931386892e-16, 1.96874999999999, -1.23391410853936e-14, -9.2086338554509e-14, -4.90035960344404e-15, 496.62499999998, 1.27928444815001e-14, -41.3437500000003, 3.75209125854053e-15, 1.96875000000004
0, 0, 0, 0, 0, 0, 0, 0, 0, 0, 0, 0, 0, 0, 0, 0, 0, 0, 0, 0, 0, 0, 0, 0, -578.812500000005, -3.52339236278187e-14, -41.3437500000006, 1.27928444815001e-14, 10410.0625000002, -1.93709155847668e-14, -41.3437500000008, -1.15391695451147e-15
0, 0, 0, 0, 0, 0, 0, 0, 0, 0, 0, 0, 0, 0, 0, 0, 0, 0, 0, 0, 0, 0, 0, 0, 5.22821160525366e-14, -578.8125, -5.44440353015052e-14, -41.3437500000003, -1.93709155847668e-14, 10410.0625000001, -6.38748869013448e-15, -41.3437500000002
0, 0, 0, 0, 0, 0, 0, 0, 0, 0, 0, 0, 0, 0, 0, 0, 0, 0, 0, 0, 0, 0, 0, 0, 41.3437500000008, -6.15819422433478e-15, 1.96875000000006, 3.75209125854053e-15, -41.3437500000008, -6.38748869013448e-15, 9835.18750000017, -8.71021185018338e-16
0, 0, 0, 0, 0, 0, 0, 0, 0, 0, 0, 0, 0, 0, 0, 0, 0, 0, 0, 0, 0, 0, 0, 0, 5.01767759574667e-16, 41.3437500000002, -1.78522119801194e-15, 1.96875000000004, -1.15391695451147e-15, -41.3437500000002, -8.71021185018338e-16, 9835.18750000006
10810.89859375, 9.75488323095122e-13, 81.7572656249757, -5.69143589551445e-14, -1144.60171875, 1.40565906622312e-15, 81.757265625, -1.03252994857552e-14, 0, 0, 0, 0, 0, 0, 0, 0, 0, 0, 0, 0, 0, 0, 0, 0, 0, 0, 0, 0, 0, 0, 0, 0
9.75488323095122e-13, 10810.89859375, -2.30909654896013e-12, 81.7572656250001, 1.82420677434416e-13, -1144.60171875, -3.43854730348659e-14, 81.7572656250002, 0, 0, 0, 0, 0, 0, 0, 0, 0, 0, 0, 0, 0, 0, 0, 0, 0, 0, 0, 0, 0, 0, 0, 0
81.7572656249757, -2.30909654896013e-12, 9674.08328125015, 1.66890572443426e-14, -81.7572656249988, 1.52135027534065e-13, 3.893203125, -9.64223153754119e-15, 0, 0, 0, 0, 0, 0, 0, 0, 0, 0, 0, 0, 0, 0, 0, 0, 0, 0, 0, 0, 0, 0, 0, 0
-5.69143589551445e-14, 81.7572656250001, 1.66890572443426e-14, 9674.08328125, -1.62617588660863e-13, -81.7572656250003, -1.31323758094051e-14, 3.89320312499996, 0, 0, 0, 0, 0, 0, 0, 0, 0, 0, 0, 0, 0, 0, 0, 0, 0, 0, 0, 0, 0, 0, 0, 0
-1144.60171875, 1.82420677434416e-13, -81.7572656249988, -1.62617588660863e-13, 2766.95656249999, 2.7497564364827e-13, 1.0473542033651e-13, 7.53715788337697e-14, -1144.60171875001, -1.34752063039704e-14, 81.7572656250002, -3.44037625012616e-16, 0, 0, 0, 0, 0, 0, 0, 0, 0, 0, 0, 0, 0, 0, 0, 0, 0, 0, 0, 0
1.40565906622312e-15, -1144.60171875, 1.52135027534065e-13, -81.7572656250003, 2.7497564364827e-13, 2766.95656249999, -1.25832390667441e-13, -3.57474050360906e-14, 9.47144850528538e-14, -1144.60171875001, 3.96690242085452e-14, 81.7572656250004, 0, 0, 0, 0, 0, 0, 0, 0, 0, 0, 0, 0, 0, 0, 0, 0, 0, 0, 0, 0
81.757265625, -3.43854730348659e-14, 3.893203125, -1.31323758094051e-14, 1.0473542033651e-13, -1.25832390667441e-13, 493.325937499979, 8.17820517065254e-15, -81.7572656250003, 1.58053755884051e-14, 3.89320312500001, -5.10584595118079e-16, 0, 0, 0, 0, 0, 0, 0, 0, 0, 0, 0, 0, 0, 0, 0, 0, 0, 0, 0, 0
-1.03252994857552e-14, 81.7572656250002, -9.64223153754119e-15, 3.89320312499996, 7.53715788337697e-14, -3.57474050360906e-14, 8.17820517065254e-15, 493.32593749998, -1.31778586146782e-13, -81.7572656250001, 2.75393374729293e-15, 3.893203125, 0, 0, 0, 0, 0, 0, 0, 0, 0, 0, 0, 0, 0, 0, 0, 0, 0, 0, 0, 0
0, 0, 0, 0, -1144.60171875001, 9.47144850528538e-14, -81.7572656250003, -1.31778586146782e-13, 2882.81921161547, 53.3197221316287, -4.38816982750723e-13, 2.30124978829861e-14, -1144.60171875, -2.54952530488044e-13, 81.7572656250002, 1.23621564274345e-14, 0, 0, 0, 0, 0, 0, 0, 0, 0, 0, 0, 0, 0, 0, 0, 0
0, 0, 0, 0, -1.34752063039704e-14, -1144.60171875001, 1.58053755884051e-14, -81.7572656250001, 53.3197221316287, 2791.914602821, 3.7347866923489e-13, -2.59875321262371e-13, -4.36183953760472e-13, -1144.60171875, 1.91526228747158e-14, 81.7572656250001, 0, 0, 0, 0, 0, 0, 0, 0, 0, 0, 0, 0, 0, 0, 0, 0
0, 0, 0, 0, 81.7572656250002, 3.96690242085452e-14, 3.89320312500001, 2.75393374729293e-15, -4.38816982750723e-13, 3.7347866923489e-13, 493.325937499958, 1.46393269173295e-14, -81.7572656249995, -1.28798822897315e-13, 3.89320312499997, 7.35915585577104e-15, 0, 0, 0, 0, 0, 0, 0, 0, 0, 0, 0, 0, 0, 0, 0, 0
0, 0, 0, 0, -3.44037625012616e-16, 81.7572656250004, -5.10584595118079e-16, 3.893203125, 2.30124978829861e-14, -2.59875321262371e-13, 1.46393269173295e-14, 493.325937499961, 8.59365639173689e-15, -81.7572656249999, -1.46243901573442e-14, 3.893203125, 0, 0, 0, 0, 0, 0, 0, 0, 0, 0, 0, 0, 0, 0, 0, 0
0, 0, 0, 0, 0, 0, 0, 0, -1144.60171875, -4.36183953760472e-13, -81.7572656249995, 8.59365639173689e-15, 2917.69675440646, 79.1663524887166, 3.63689878213336e-13, -6.93074107485388e-14, -1144.60171875, -1.77792946308759e-13, 81.7572656250001, -4.92798416832364e-15, 0, 0, 0, 0, 0, 0, 0, 0, 0, 0, 0, 0
0, 0, 0, 0, 0, 0, 0, 0, -2.54952530488044e-13, -1144.60171875, -1.28798822897315e-13, -81.7572656249999, 79.1663524887166, 2783.06029301333, -1.29687825428001e-13, -2.17912088373851e-13, 1.02016413041073e-13, -1144.60171875, -2.03049090503854e-14, 81.757265625, 0, 0, 0, 0, 0, 0, 0, 0, 0, 0, 0, 0
0, 0, 0, 0, 0, 0, 0, 0, 81.7572656250002, 1.91526228747158e-14, 3.89320312499997, -1.46243901573442e-14, 3.63689878213336e-13, -1.29687825428001e-13, 493.325937499956, 2.72968043869469e-15, -81.7572656249999, 3.62262867024163e-14, 3.893203125, -5.0500610244889e-15, 0, 0, 0, 0, 0, 0, 0, 0, 0, 0, 0, 0
0, 0, 0, 0, 0, 0, 0, 0, 1.23621564274345e-14, 81.7572656250001, 7.35915585577104e-15, 3.893203125, -6.93074107485388e-14, -2.17912088373851e-13, 2.72968043869469e-15, 493.325937499959, 1.10283095278334e-13, -81.7572656249999, -1.77818183648317e-14, 3.893203125, 0, 0, 0, 0, 0, 0, 0, 0, 0, 0, 0, 0
0, 0, 0, 0, 0, 0, 0, 0, 0, 0, 0, 0, -1144.60171875, 1.02016413041073e-13, -81.7572656249999, 1.10283095278334e-13, 2788.59559819576, 4.31080745341725, -1.31275470494074e-12, -1.50894816219779e-13, -1144.60171875, 7.31299979794689e-13, 81.7572656249999, -2.5748939895432e-14, 0, 0, 0, 0, 0, 0, 0, 0
0, 0, 0, 0, 0, 0, 0, 0, 0, 0, 0, 0, -1.77792946308759e-13, -1144.60171875, 3.62262867024163e-14, -81.7572656249999, 4.31080745341725, 2758.42182978819, 1.68050712329973e-13, -2.03485228666977e-13, 6.1663083361111e-13, -1144.60171875, -5.72032584682806e-14, 81.7572656250001, 0, 0, 0, 0, 0, 0, 0, 0
0, 0, 0, 0, 0, 0, 0, 0, 0, 0, 0, 0, 81.7572656250001, -2.03049090503854e-14, 3.893203125, -1.77818183648317e-14, -1.31275470494074e-12, 1.68050712329973e-13, 493.325937499958, -7.71226783455753e-15, -81.7572656249993, -6.46356331480716e-14, 3.89320312499994, 5.9235298876516e-15, 0, 0, 0, 0, 0, 0, 0, 0
0, 0, 0, 0, 0, 0, 0, 0, 0, 0, 0, 0, -4.92798416832364e-15, 81.757265625, -5.0500610244889e-15, 3.893203125, -1.50894816219779e-13, -2.03485228666977e-13, -7.71226783455753e-15, 493.325937499957, 2.89334342077464e-13, -81.7572656249997, -2.99253314013672e-14, 3.893203125, 0, 0, 0, 0, 0, 0, 0, 0
0, 0, 0, 0, 0, 0, 0, 0, 0, 0, 0, 0, 0, 0, 0, 0, -1144.60171875, 6.1663083361111e-13, -81.7572656249993, 2.89334342077464e-13, 1580.6015965863, -479.468370429653, 3.07069569771556e-13, 3.65118029698676e-14, -1144.60171875, -2.15193165999847e-13, 81.7572656250002, -1.88378456211615e-15, 0, 0, 0, 0
0, 0, 0, 0, 0, 0, 0, 0, 0, 0, 0, 0, 0, 0, 0, 0, 7.31299979794689e-13, -1144.60171875, -6.46356331480716e-14, -81.7572656249997, -479.468370429653, 2630.99098012346, 1.91778503558304e-13, -2.4406716647718e-13, 3.25199967483778e-13, -1144.60171875, -1.02043931984171e-13, 81.757265625, 0, 0, 0, 0
0, 0, 0, 0, 0, 0, 0, 0, 0, 0, 0, 0, 0, 0, 0, 0, 81.7572656249999, -5.72032584682806e-14, 3.89320312499994, -2.99253314013672e-14, 3.07069569771556e-13, 1.91778503558304e-13, 493.325937499959, 1.09065683994599e-15, -81.7572656250006, -2.61893277840482e-14, 3.893203125, 4.78404489339328e-17, 0, 0, 0, 0
0, 0, 0, 0, 0, 0, 0, 0, 0, 0, 0, 0, 0, 0, 0, 0, -2.5748939895432e-14, 81.7572656250001, 5.9235298876516e-15, 3.893203125, 3.65118029698676e-14, -2.4406716647718e-13, 1.09065683994599e-15, 493.325937499961, 2.45329509352356e-13, -81.757265625, -2.21172209636574e-14, 3.893203125, 0, 0, 0, 0
0, 0, 0, 0, 0, 0, 0, 0, 0, 0, 0, 0, 0, 0, 0, 0, 0, 0, 0, 0, -1144.60171875, 3.25199967483778e-13, -81.7572656250006, 2.45329509352356e-13, 3101.23757172763, 140.25864085133, -1.87971238574392e-13, -1.46258683480853e-14, -1144.60171875, 1.53141014150959e-14, 81.7572656250022, 6.86745702745973e-15
0, 0, 0, 0, 0, 0, 0, 0, 0, 0, 0, 0, 0, 0, 0, 0, 0, 0, 0, 0, -2.15193165999847e-13, -1144.60171875, -2.61893277840482e-14, -81.757265625, 140.25864085133, 2784.87083978272, -3.75027784286146e-13, -1.10478026726923e-13, -1.55338187171344e-12, -1144.60171875, 1.59339825860413e-12, 81.7572656250002
0, 0, 0, 0, 0, 0, 0, 0, 0, 0, 0, 0, 0, 0, 0, 0, 0, 0, 0, 0, 81.7572656250002, -1.02043931984171e-13, 3.893203125, -2.21172209636574e-14, -1.87971238574392e-13, -3.75027784286146e-13, 493.325937499981, -2.54395274257492e-14, -81.7572656249996, 1.74375055766738e-13, 3.89320312500001, -1.84748307592824e-14
0, 0, 0, 0, 0, 0, 0, 0, 0, 0, 0, 0, 0, 0, 0, 0, 0, 0, 0, 0, -1.88378456211615e-15, 81.757265625, 4.78404489339328e-17, 3.893203125, -1.46258683480853e-14, -1.10478026726923e-13, -2.54395274257492e-14, 493.325937499982, -2.48506041022078e-14, -81.7572656250003, 5.70533912979912e-14, 3.89320312500003
0, 0, 0, 0, 0, 0, 0, 0, 0, 0, 0, 0, 0, 0, 0, 0, 0, 0, 0, 0, 0, 0, 0, 0, -1144.60171875, -1.55338187171344e-12, -81.7572656249996, -2.48506041022078e-14, 10810.8985937502, 7.58746980823499e-13, -81.7572656250017, -6.87613930626392e-14
0, 0, 0, 0, 0, 0, 0, 0, 0, 0, 0, 0, 0, 0, 0, 0, 0, 0, 0, 0, 0, 0, 0, 0, 1.53141014150959e-14, -1144.60171875, 1.74375055766738e-13, -81.7572656250003, 7.58746980823499e-13, 10810.89859375, -5.04806578087801e-13, -81.7572656250001
0, 0, 0, 0, 0, 0, 0, 0, 0, 0, 0, 0, 0, 0, 0, 0, 0, 0, 0, 0, 0, 0, 0, 0, 81.7572656250022, 1.59339825860413e-12, 3.89320312500001, 5.70533912979912e-14, -81.7572656250017, -5.04806578087801e-13, 9674.08328125018, 5.84946770739045e-14
0, 0, 0, 0, 0, 0, 0, 0, 0, 0, 0, 0, 0, 0, 0, 0, 0, 0, 0, 0, 0, 0, 0, 0, 6.86745702745973e-15, 81.7572656250002, -1.84748307592824e-14, 3.89320312500003, -6.87613930626392e-14, -81.7572656250001, 5.84946770739045e-14, 9674.08328125006
11202.7158753906, 1.3872676726931e-12, 121.261477148418, 2.58992753845217e-13, -1697.66068007812, -5.81197142203478e-14, 121.261477148438, -8.29506730996058e-15, 0, 0, 0, 0, 0, 0, 0, 0, 0, 0, 0, 0, 0, 0, 0, 0, 0, 0, 0, 0, 0, 0, 0, 0
1.3872676726931e-12, 11202.7158753906, -2.58268654110278e-12, 121.261477148437, 2.43072172005809e-14, -1697.66068007812, -1.10233822401192e-13, 121.261477148438, 0, 0, 0, 0, 0, 0, 0, 0, 0, 0, 0, 0, 0, 0, 0, 0, 0, 0, 0, 0, 0, 0, 0, 0
121.261477148418, -2.58268654110278e-12, 9516.60390742202, 1.51503557502383e-13, -121.261477148437, 1.85920245256451e-13, 5.77435605468752, -1.01090033752499e-14, 0, 0, 0, 0, 0, 0, 0, 0, 0, 0, 0, 0, 0, 0, 0, 0, 0, 0, 0, 0, 0, 0, 0, 0
2.58992753845217e-13, 121.261477148437, 1.51503557502383e-13, 9516.60390742187, -3.2714893334989e-13, -121.261477148438, 2.65222805711395e-14, 5.77435605468745, 0, 0, 0, 0, 0, 0, 0, 0, 0, 0, 0, 0, 0, 0, 0, 0, 0, 0, 0, 0, 0, 0, 0, 0
-1697.66068007812, 2.43072172005809e-14, -121.261477148437, -3.2714893334989e-13, 3862.32503984374, 2.85828725183371e-13, -3.57506344528247e-14, -6.47670221389669e-14, -1697.66068007813, 1.26448974026245e-15, 121.261477148438, -4.47356225560309e-15, 0, 0, 0, 0, 0, 0, 0, 0, 0, 0, 0, 0, 0, 0, 0, 0, 0, 0, 0, 0
-5.81197142203478e-14, -1697.66068007812, 1.85920245256451e-13, -121.261477148438, 2.85828725183371e-13, 3862.32503984374, 3.31215620213383e-13, 5.0734312750933e-13, -4.43679835941329e-14, -1697.66068007814, 3.24220900937585e-14, 121.261477148438, 0, 0, 0, 0, 0, 0, 0, 0, 0, 0, 0, 0, 0, 0, 0, 0, 0, 0, 0, 0
121.261477148438, -1.10233822401192e-13, 5.77435605468752, 2.65222805711395e-14, -3.57506344528247e-14, 3.31215620213383e-13, 490.10110390623, 4.65476769157989e-15, -121.261477148438, -8.91739305378874e-14, 5.7743560546875, 6.40933112885302e-15, 0, 0, 0, 0, 0, 0, 0, 0, 0, 0, 0, 0, 0, 0, 0, 0, 0, 0, 0, 0
-8.29506730996058e-15, 121.261477148438, -1.01090033752499e-14, 5.77435605468745, -6.47670221389669e-14, 5.0734312750933e-13, 4.65476769157989e-15, 490.101103906231, 5.8764808498947e-14, -121.261477148438, -1.02512812518047e-14, 5.77435605468752, 0, 0, 0, 0, 0, 0, 0, 0, 0, 0, 0, 0, 0, 0, 0, 0, 0, 0, 0, 0
0, 0, 0, 0, -1697.66068007813, -4.43679835941329e-14, -121.261477148438, 5.8764808498947e-14, 4032.22610451802, 79.3499946253808, -8.63795754924013e-13, 1.00971070894196e-13, -1697.66068007812, 7.91702295190506e-14, 121.261477148437, -2.98769453122924e-14, 0, 0, 0, 0, 0, 0, 0, 0, 0, 0, 0, 0, 0, 0, 0, 0
0, 0, 0, 0, 1.26448974026245e-15, -1697.66068007814, -8.91739305378874e-14, -121.261477148438, 79.3499946253808, 3898.61632878536, 2.69172739607037e-13, -3.76809911273312e-13, -3.67356862092748e-13, -1697.66068007813, -8.41914878631315e-15, 121.261477148438, 0, 0, 0, 0, 0, 0, 0, 0, 0, 0, 0, 0, 0, 0, 0, 0
0, 0, 0, 0, 121.261477148438, 3.24220900937585e-14, 5.7743560546875, -1.02512812518047e-14, -8.63795754924013e-13, 2.69172739607037e-13, 490.10110390621, 8.4957164936974e-15, -121.261477148437, -8.13842391053567e-14, 5.77435605468748, 8.33152761763608e-16, 0, 0, 0, 0, 0, 0, 0, 0, 0, 0, 0, 0, 0, 0, 0, 0
0, 0, 0, 0, -4.47356225560309e-15, 121.261477148438, 6.40933112885302e-15, 5.77435605468752, 1.00971070894196e-13, -3.76809911273312e-13, 8.4957164936974e-15, 490.101103906213, -6.86793102408774e-14, -121.261477148438, -1.18887895145863e-14, 5.77435605468752, 0, 0, 0, 0, 0, 0, 0, 0, 0, 0, 0, 0, 0, 0, 0, 0
0, 0, 0, 0, 0, 0, 0, 0, -1697.66068007812, -3.67356862092748e-13, -121.261477148437, -6.86793102408774e-14, 4063.73347110991, 120.747577509443, 3.96434117533317e-13, 9.62807965435225e-14, -1697.66068007812, -5.44323356308159e-13, 121.261477148437, -2.9811832431563e-14, 0, 0, 0, 0, 0, 0, 0, 0, 0, 0, 0, 0
0, 0, 0, 0, 0, 0, 0, 0, 7.91702295190506e-14, -1697.66068007813, -8.13842391053567e-14, -121.261477148438, 120.747577509443, 3874.30619093854, -2.29807427825282e-13, -4.48340820469184e-13, 1.52744843376448e-13, -1697.66068007812, -2.91360891835065e-14, 121.261477148437, 0, 0, 0, 0, 0, 0, 0, 0, 0, 0, 0, 0
0, 0, 0, 0, 0, 0, 0, 0, 121.261477148437, -8.41914878631315e-15, 5.77435605468748, -1.18887895145863e-14, 3.96434117533317e-13, -2.29807427825282e-13, 490.101103906208, 1.1361308911639e-14, -121.261477148437, 2.2830269891446e-15, 5.77435605468749, -8.88887056851421e-15, 0, 0, 0, 0, 0, 0, 0, 0, 0, 0, 0, 0
0, 0, 0, 0, 0, 0, 0, 0, -2.98769453122924e-14, 121.261477148438, 8.33152761763608e-16, 5.77435605468752, 9.62807965435225e-14, -4.48340820469184e-13, 1.1361308911639e-14, 490.101103906211, -9.46488723790325e-14, -121.261477148437, -5.16243760396012e-15, 5.7743560546875, 0, 0, 0, 0, 0, 0, 0, 0, 0, 0, 0, 0
0, 0, 0, 0, 0, 0, 0, 0, 0, 0, 0, 0, -1697.66068007812, 1.52744843376448e-13, -121.261477148437, -9.46488723790325e-14, 3887.03290821882, 8.23708517913825, 1.54352338910257e-13, 1.77999944396868e-13, -1697.66068007816, 1.38877066100164e-11, 121.261477148439, -5.00813459642843e-14, 0, 0, 0, 0, 0, 0, 0, 0
0, 0, 0, 0, 0, 0, 0, 0, 0, 0, 0, 0, -5.44323356308159e-13, -1697.66068007812, 2.2830269891446e-15, -121.261477148437, 8.23708517913825, 3853.44658159484, 3.57235214766598e-13, -1.98500416104253e-14, 4.64638817440124e-12, -1697.66068007813, -1.12070959206461e-16, 121.261477148438, 0, 0, 0, 0, 0, 0, 0, 0
0, 0, 0, 0, 0, 0, 0, 0, 0, 0, 0, 0, 121.261477148437, -2.91360891835065e-14, 5.77435605468749, -5.16243760396012e-15, 1.54352338910257e-13, 3.57235214766598e-13, 490.101103906207, 1.28420056841614e-15, -121.261477148438, 3.34205517808069e-13, 5.77435605468746, 1.34199476062867e-14, 0, 0, 0, 0, 0, 0, 0, 0
0, 0, 0, 0, 0, 0, 0, 0, 0, 0, 0, 0, -2.9811832431563e-14, 121.261477148437, -8.88887056851421e-15, 5.7743560546875, 1.77999944396868e-13, -1.98500416104253e-14, 1.28420056841614e-15, 490.101103906208, 3.88123481364283e-14, -121.261477148437, -5.9000808147888e-14, 5.77435605468751, 0, 0, 0, 0, 0, 0, 0, 0
0, 0, 0, 0, 0, 0, 0, 0, 0, 0, 0, 0, 0, 0, 0, 0, -1697.66068007816, 4.64638817440124e-12, -121.261477148438, 3.88123481364283e-14, 2112.80894186087, -690.587784797775, -1.90966634505685e-13, 2.58581522969652e-14, -1697.66068007813, -8.1420038884621e-13, 121.261477148438, 1.0425330153176e-13, 0, 0, 0, 0
0, 0, 0, 0, 0, 0, 0, 0, 0, 0, 0, 0, 0, 0, 0, 0, 1.38877066100164e-11, -1697.66068007813, 3.34205517808069e-13, -121.261477148437, -690.587784797775, 3692.56734997186, 2.89541833004378e-13, -6.8365962491157e-13, -1.13094312457449e-12, -1697.66068007812, -6.29702084378276e-13, 121.261477148437, 0, 0, 0, 0
0, 0, 0, 0, 0, 0, 0, 0, 0, 0, 0, 0, 0, 0, 0, 0, 121.261477148439, -1.12070959206461e-16, 5.77435605468746, -5.9000808147888e-14, -1.90966634505685e-13, 2.89541833004378e-13, 490.10110390621, -1.97847040086817e-14, -121.261477148439, -1.08731834104911e-13, 5.77435605468753, 1.053055532833e-14, 0, 0, 0, 0
0, 0, 0, 0, 0, 0, 0, 0, 0, 0, 0, 0, 0, 0, 0, 0, -5.00813459642843e-14, 121.261477148438, 1.34199476062867e-14, 5.77435605468751, 2.58581522969652e-14, -6.8365962491157e-13, -1.97847040086817e-14, 490.10110390621, 3.2827389699396e-13, -121.261477148437, -1.72383958205934e-14, 5.7743560546875, 0, 0, 0, 0
0, 0, 0, 0, 0, 0, 0, 0, 0, 0, 0, 0, 0, 0, 0, 0, 0, 0, 0, 0, -1697.66068007813, -1.13094312457449e-12, -121.261477148439, 3.2827389699396e-13, 4391.78718417951, 214.330838529869, -5.52087239924504e-13, -2.70443523018871e-13, -1697.66068007812, -2.23535151676199e-13, 121.26147714844, 5.46813380748187e-15
0, 0, 0, 0, 0, 0, 0, 0, 0, 0, 0, 0, 0, 0, 0, 0, 0, 0, 0, 0, -8.1420038884621e-13, -1697.66068007812, -1.08731834104911e-13, -121.261477148437, 214.330838529869, 3902.61770780071, -1.35204645059431e-13, 8.1296313680923e-14, -3.78056517137377e-12, -1697.66068007813, 8.16717446658689e-13, 121.261477148438
0, 0, 0, 0, 0, 0, 0, 0, 0, 0, 0, 0, 0, 0, 0, 0, 0, 0, 0, 0, 121.261477148438, -6.29702084378276e-13, 5.77435605468753, -1.72383958205934e-14, -5.52087239924504e-13, -1.35204645059431e-13, 490.101103906232, -1.8472337850565e-14, -121.261477148437, 8.72234610869039e-14, 5.77435605468745, -1.23349485287958e-14
0, 0, 0, 0, 0, 0, 0, 0, 0, 0, 0, 0, 0, 0, 0, 0, 0, 0, 0, 0, 1.0425330153176e-13, 121.261477148437, 1.053055532833e-14, 5.7743560546875, -2.70443523018871e-13, 8.1296313680923e-14, -1.8472337850565e-14, 490.101103906233, -8.92463934139128e-14, -121.261477148438, -3.54633171499416e-14, 5.77435605468754
0, 0, 0, 0, 0, 0, 0, 0, 0, 0, 0, 0, 0, 0, 0, 0, 0, 0, 0, 0, 0, 0, 0, 0, -1697.66068007812, -3.78056517137377e-12, -121.261477148437, -8.92463934139128e-14, 11202.7158753908, 1.4922859219811e-12, -121.261477148436, -1.0889906913192e-13
0, 0, 0, 0, 0, 0, 0, 0, 0, 0, 0, 0, 0, 0, 0, 0, 0, 0, 0, 0, 0, 0, 0, 0, -2.23535151676199e-13, -1697.66068007813, 8.72234610869039e-14, -121.261477148438, 1.4922859219811e-12, 11202.7158753907, 9.20730036878214e-13, -121.261477148438
0, 0, 0, 0, 0, 0, 0, 0, 0, 0, 0, 0, 0, 0, 0, 0, 0, 0, 0, 0, 0, 0, 0, 0, 121.26147714844, 8.16717446658689e-13, 5.77435605468745, -3.54633171499416e-14, -121.261477148436, 9.20730036878214e-13, 9516.60390742206, 4.86792515990488e-14
0, 0, 0, 0, 0, 0, 0, 0, 0, 0, 0, 0, 0, 0, 0, 0, 0, 0, 0, 0, 0, 0, 0, 0, 5.46813380748187e-15, 121.261477148438, -1.23349485287958e-14, 5.77435605468754, -1.0889906913192e-13, -121.261477148438, 4.86792515990488e-14, 9516.60390742194
11585.7172681944, 8.07100556452691e-13, 159.876843912584, 2.68459586185037e-13, -2238.27581477637, -2.03291820342984e-14, 159.876843912598, -1.14149669387794e-14, 0, 0, 0, 0, 0, 0, 0, 0, 0, 0, 0, 0, 0, 0, 0, 0, 0, 0, 0, 0, 0, 0, 0, 0
8.07100556452691e-13, 11585.7172681943, -4.0437816850425e-12, 159.876843912598, 1.96719693791193e-13, -2238.27581477637, -9.9667588625429e-14, 159.876843912598, 0, 0, 0, 0, 0, 0, 0, 0, 0, 0, 0, 0, 0, 0, 0, 0, 0, 0, 0, 0, 0, 0, 0, 0
159.876843912584, -4.0437816850425e-12, 9362.66781950503, 9.80753184300391e-14, -159.876843912597, 3.35739812458699e-13, 7.6131830434571, -2.13231429620063e-14, 0, 0, 0, 0, 0, 0, 0, 0, 0, 0, 0, 0, 0, 0, 0, 0, 0, 0, 0, 0, 0, 0, 0, 0
2.68459586185037e-13, 159.876843912598, 9.80753184300391e-14, 9362.6678195049, -3.45037409813103e-13, -159.876843912598, 3.09143235454742e-14, 7.61318304345701, 0, 0, 0, 0, 0, 0, 0, 0, 0, 0, 0, 0, 0, 0, 0, 0, 0, 0, 0, 0, 0, 0, 0, 0
-2238.27581477637, 1.96719693791193e-13, -159.876843912597, -3.45037409813103e-13, 4933.04772644726, 3.41221110882281e-14, -1.88423476101818e-13, -9.93209478642961e-14, -2238.27581477638, 2.75809557362598e-13, 159.876843912598, -3.53466838238307e-15, 0, 0, 0, 0, 0, 0, 0, 0, 0, 0, 0, 0, 0, 0, 0, 0, 0, 0, 0, 0
-2.03291820342984e-14, -2238.27581477637, 3.35739812458699e-13, -159.876843912598, 3.41221110882281e-14, 4933.04772644725, 1.67014588598782e-13, 2.96407506938934e-13, 2.75559071549138e-13, -2238.27581477638, -1.69116357348472e-14, 159.876843912598, 0, 0, 0, 0, 0, 0, 0, 0, 0, 0, 0, 0, 0, 0, 0, 0, 0, 0, 0, 0
159.876843912598, -9.9667588625429e-14, 7.6131830434571, 3.09143235454742e-14, -1.88423476101818e-13, 1.67014588598782e-13, 486.948829068341, -2.37622634612377e-15, -159.876843912598, -6.42706984058623e-14, 7.61318304345707, 4.40352565600796e-15, 0, 0, 0, 0, 0, 0, 0, 0, 0, 0, 0, 0, 0, 0, 0, 0, 0, 0, 0, 0
-1.14149669387794e-14, 159.876843912598, -2.13231429620063e-14, 7.61318304345701, -9.93209478642961e-14, 2.96407506938934e-13, -2.37622634612377e-15, 486.948829068343, 7.2877964987954e-14, -159.876843912598, -3.91942011395503e-14, 7.61318304345706, 0, 0, 0, 0, 0, 0, 0, 0, 0, 0, 0, 0, 0, 0, 0, 0, 0, 0, 0, 0
0, 0, 0, 0, -2238.27581477638, 2.75559071549138e-13, -159.876843912598, 7.2877964987954e-14, 5152.0465981766, 103.152333988495, -1.07969210452197e-12, 1.56218578811932e-13, -2238.27581477636, 1.25480264594266e-13, 159.876843912597, 3.52379177537907e-14, 0, 0, 0, 0, 0, 0, 0, 0, 0, 0, 0, 0, 0, 0, 0, 0
0, 0, 0, 0, 2.75809557362598e-13, -2238.27581477638, -6.42706984058623e-14, -159.876843912598, 103.152333988495, 4979.28481967617, 4.8649710870293e-13, -1.79043103463172e-13, -4.79913685061846e-13, -2238.27581477637, -4.98015691605613e-14, 159.876843912598, 0, 0, 0, 0, 0, 0, 0, 0, 0, 0, 0, 0, 0, 0, 0, 0
0, 0, 0, 0, 159.876843912598, -1.69116357348472e-14, 7.61318304345707, -3.91942011395503e-14, -1.07969210452197e-12, 4.8649710870293e-13, 486.948829068319, 1.07837679246111e-14, -159.876843912597, -1.0986686005572e-13, 7.61318304345698, 9.5810840479804e-15, 0, 0, 0, 0, 0, 0, 0, 0, 0, 0, 0, 0, 0, 0, 0, 0
0, 0, 0, 0, -3.53466838238307e-15, 159.876843912598, 4.40352565600796e-15, 7.61318304345706, 1.56218578811932e-13, -1.79043103463172e-13, 1.07837679246111e-14, 486.948829068323, -1.27111725034107e-13, -159.876843912598, -5.56603565547543e-15, 7.61318304345704, 0, 0, 0, 0, 0, 0, 0, 0, 0, 0, 0, 0, 0, 0, 0, 0
0, 0, 0, 0, 0, 0, 0, 0, -2238.27581477636, -4.79913685061846e-13, -159.876843912597, -1.27111725034107e-13, 5197.27440026159, 169.768159169588, 1.36465272010611e-12, 4.4974999965342e-13, -2238.27581477637, -4.36175563154564e-12, 159.876843912598, -3.22084665848362e-13, 0, 0, 0, 0, 0, 0, 0, 0, 0, 0, 0, 0
0, 0, 0, 0, 0, 0, 0, 0, 1.25480264594266e-13, -2238.27581477637, -1.0986686005572e-13, -159.876843912598, 169.768159169588, 4917.70075941716, 5.81770117017002e-14, 5.44001125906135e-13, -3.52114115990442e-13, -2238.27581477639, 8.5007492879675e-13, 159.876843912599, 0, 0, 0, 0, 0, 0, 0, 0, 0, 0, 0, 0
0, 0, 0, 0, 0, 0, 0, 0, 159.876843912597, -4.98015691605613e-14, 7.61318304345698, -5.56603565547543e-15, 1.36465272010611e-12, 5.81770117017002e-14, 486.948829068318, 5.55251475648673e-14, -159.876843912598, -2.55458877923741e-13, 7.61318304345711, -1.18340934248241e-14, 0, 0, 0, 0, 0, 0, 0, 0, 0, 0, 0, 0
0, 0, 0, 0, 0, 0, 0, 0, 3.52379177537907e-14, 159.876843912598, 9.5810840479804e-15, 7.61318304345704, 4.4974999965342e-13, 5.44001125906135e-13, 5.55251475648673e-14, 486.948829068319, -4.23741170548857e-13, -159.876843912598, 3.06543289926028e-14, 7.61318304345706, 0, 0, 0, 0, 0, 0, 0, 0, 0, 0, 0, 0
0, 0, 0, 0, 0, 0, 0, 0, 0, 0, 0, 0, -2238.27581477637, -3.52114115990442e-13, -159.876843912598, -4.23741170548857e-13, 4974.31553954127, 19.6848405485359, -2.07454043711586e-12, 3.23490646989209e-12, -2238.27581477641, -2.40563473465972e-11, 159.876843912602, 4.25860839207944e-13, 0, 0, 0, 0, 0, 0, 0, 0
0, 0, 0, 0, 0, 0, 0, 0, 0, 0, 0, 0, -4.36175563154564e-12, -2238.27581477639, -2.55458877923741e-13, -159.876843912598, 19.6848405485359, 4918.12581756472, 1.57445731597907e-12, -3.92864677589699e-13, -9.59300890902351e-12, -2238.27581477637, 2.51305195488509e-13, 159.876843912598, 0, 0, 0, 0, 0, 0, 0, 0
0, 0, 0, 0, 0, 0, 0, 0, 0, 0, 0, 0, 159.876843912598, 8.5007492879675e-13, 7.61318304345711, 3.06543289926028e-14, -2.07454043711586e-12, 1.57445731597907e-12, 486.948829068318, 1.89464754082182e-13, -159.876843912596, -2.92423524347855e-12, 7.61318304345687, 9.1777693898774e-14, 0, 0, 0, 0, 0, 0, 0, 0
0, 0, 0, 0, 0, 0, 0, 0, 0, 0, 0, 0, -3.22084665848362e-13, 159.876843912599, -1.18340934248241e-14, 7.61318304345706, 3.23490646989209e-12, -3.92864677589699e-13, 1.89464754082182e-13, 486.948829068319, -1.95293589458223e-12, -159.876843912598, -3.37857578643201e-15, 7.61318304345708, 0, 0, 0, 0, 0, 0, 0, 0
0, 0, 0, 0, 0, 0, 0, 0, 0, 0, 0, 0, 0, 0, 0, 0, -2238.27581477641, -9.59300890902351e-12, -159.876843912596, -1.95293589458223e-12, 2724.44811114607, -817.223543133898, 1.42995694717207e-12, -5.26921943225678e-13, -2238.27581477643, -9.03688191113776e-12, 159.876843912604, 1.62973765629449e-12, 0, 0, 0, 0
0, 0, 0, 0, 0, 0, 0, 0, 0, 0, 0, 0, 0, 0, 0, 0, -2.40563473465972e-11, -2238.27581477637, -2.92423524347855e-12, -159.876843912598, -817.223543133898, 4756.252406568, -2.65542234197411e-12, -3.70712645564986e-12, 5.81739620681044e-11, -2238.2758147763, -4.58817219878212e-12, 159.876843912593, 0, 0, 0, 0
0, 0, 0, 0, 0, 0, 0, 0, 0, 0, 0, 0, 0, 0, 0, 0, 159.876843912602, 2.51305195488509e-13, 7.61318304345687, -3.37857578643201e-15, 1.42995694717207e-12, -2.65542234197411e-12, 486.94882906832, -9.59782435583609e-14, -159.876843912602, 2.55427052893915e-13, 7.61318304345737, 5.44522926357388e-14, 0, 0, 0, 0
0, 0, 0, 0, 0, 0, 0, 0, 0, 0, 0, 0, 0, 0, 0, 0, 4.25860839207944e-13, 159.876843912598, 9.1777693898774e-14, 7.61318304345708, -5.26921943225678e-13, -3.70712645564986e-12, -9.59782435583609e-14, 486.948829068321, 1.87445550689613e-12, -159.876843912595, -5.46471429045824e-14, 7.61318304345692, 0, 0, 0, 0
0, 0, 0, 0, 0, 0, 0, 0, 0, 0, 0, 0, 0, 0, 0, 0, 0, 0, 0, 0, -2238.27581477643, 5.81739620681044e-11, -159.876843912602, 1.87445550689613e-12, 5656.51251553843, 284.547849859317, -9.68179233240996e-12, -9.39434271428668e-13, -2238.27581477636, -4.07263916144777e-12, 159.8768439126, 1.49287257779366e-13
0, 0, 0, 0, 0, 0, 0, 0, 0, 0, 0, 0, 0, 0, 0, 0, 0, 0, 0, 0, -9.03688191113776e-12, -2238.2758147763, 2.55427052893915e-13, -159.876843912595, 284.547849859317, 5011.77064571872, 1.55538475682374e-12, 3.13366404201432e-12, -1.23665988963082e-11, -2238.27581477637, 6.30233921682607e-13, 159.876843912598
0, 0, 0, 0, 0, 0, 0, 0, 0, 0, 0, 0, 0, 0, 0, 0, 0, 0, 0, 0, 159.876843912604, -4.58817219878212e-12, 7.61318304345737, -5.46471429045824e-14, -9.68179233240996e-12, 1.55538475682374e-12, 486.94882906834, 9.59293448145849e-14, -159.876843912597, -2.26891305929133e-13, 7.61318304345672, 3.65307178923169e-14
0, 0, 0, 0, 0, 0, 0, 0, 0, 0, 0, 0, 0, 0, 0, 0, 0, 0, 0, 0, 1.62973765629449e-12, 159.876843912593, 5.44522926357388e-14, 7.61318304345692, -9.39434271428668e-13, 3.13366404201432e-12, 9.59293448145849e-14, 486.948829068343, 4.0656156873588e-13, -159.876843912598, -1.27224331497784e-13, 7.61318304345708
0, 0, 0, 0, 0, 0, 0, 0, 0, 0, 0, 0, 0, 0, 0, 0, 0, 0, 0, 0, 0, 0, 0, 0, -2238.27581477636, -1.23665988963082e-11, -159.876843912597, 4.0656156873588e-13, 11585.7172681945, 6.20877259687721e-12, -159.876843912598, -3.91698716358393e-13
0, 0, 0, 0, 0, 0, 0, 0, 0, 0, 0, 0, 0, 0, 0, 0, 0, 0, 0, 0, 0, 0, 0, 0, -4.07263916144777e-12, -2238.27581477637, -2.26891305929133e-13, -159.876843912598, 6.20877259687721e-12, 11585.7172681944, 1.00863284296401e-12, -159.876843912598
0, 0, 0, 0, 0, 0, 0, 0, 0, 0, 0, 0, 0, 0, 0, 0, 0, 0, 0, 0, 0, 0, 0, 0, 159.8768439126, 6.30233921682607e-13, 7.61318304345672, -1.27224331497784e-13, -159.876843912598, 1.00863284296401e-12, 9362.66781950507, 4.2294948518476e-14
0, 0, 0, 0, 0, 0, 0, 0, 0, 0, 0, 0, 0, 0, 0, 0, 0, 0, 0, 0, 0, 0, 0, 0, 1.49287257779366e-13, 159.876843912598, 3.65307178923169e-14, 7.61318304345708, -3.91698716358393e-13, -159.876843912598, 4.2294948518476e-14, 9362.66781950494
11960.10112966, 1.56677763240133e-12, 197.623364924546, 1.68814812298015e-13, -2766.7271089439, -1.87236318489604e-13, 197.623364924565, 9.47449454449692e-15, 0, 0, 0, 0, 0, 0, 0, 0, 0, 0, 0, 0, 0, 0, 0, 0, 0, 0, 0, 0, 0, 0, 0, 0
1.56677763240133e-12, 11960.10112966, -2.04854055245051e-12, 197.623364924564, 5.77450157153541e-14, -2766.7271089439, -4.52924562381064e-14, 197.623364924565, 0, 0, 0, 0, 0, 0, 0, 0, 0, 0, 0, 0, 0, 0, 0, 0, 0, 0, 0, 0, 0, 0, 0, 0
