1, 0, 0, 0, 0, 0, 0, 0, 0, 0, 0, 0, 0, 0, 0, 0, 0, 0, 0, 0, 0, 0, 0, 0, 0, 0, 0, 0, 0, 0, 0, 0
0, 1, 0, 0, 0, 0, 0, 0, 0, 0, 0, 0, 0, 0, 0, 0, 0, 0, 0, 0, 0, 0, 0, 0, 0, 0, 0, 0, 0, 0, 0, 0
0, 0, 1, 0, 0, 0, 0, 0, 0, 0, 0, 0, 0, 0, 0, 0, 0, 0, 0, 0, 0, 0, 0, 0, 0, 0, 0, 0, 0, 0, 0, 0
0, 0, 0, 1, 0, 0, 0, 0, 0, 0, 0, 0, 0, 0, 0, 0, 0, 0, 0, 0, 0, 0, 0, 0, 0, 0, 0, 0, 0, 0, 0, 0
0, 0, 0, 0, 1, 0, 0, 0, 0, 0, 0, 0, 0, 0, 0, 0, 0, 0, 0, 0, 0, 0, 0, 0, 0, 0, 0, 0, 0, 0, 0, 0
0, 0, 0, 0, 0, 1, 0, 0, 0, 0, 0, 0, 0, 0, 0, 0, 0, 0, 0, 0, 0, 0, 0, 0, 0, 0, 0, 0, 0, 0, 0, 0
0, 0, 0, 0, 0, 0, 1, 0, 0, 0, 0, 0, 0, 0, 0, 0, 0, 0, 0, 0, 0, 0, 0, 0, 0, 0, 0, 0, 0, 0, 0, 0
0, 0, 0, 0, 0, 0, 0, 1, 0, 0, 0, 0, 0, 0, 0, 0, 0, 0, 0, 0, 0, 0, 0, 0, 0, 0, 0, 0, 0, 0, 0, 0
0, 0, 0, 0, 0, 0, 0, 0, 1, 0, 0, 0, 0, 0, 0, 0, 0, 0, 0, 0, 0, 0, 0, 0, 0, 0, 0, 0, 0, 0, 0, 0
0, 0, 0, 0, 0, 0, 0, 0, 0, 1, 0, 0, 0, 0, 0, 0, 0, 0, 0, 0, 0, 0, 0, 0, 0, 0, 0, 0, 0, 0, 0, 0
0, 0, 0, 0, 0, 0, 0, 0, 0, 0, 1, 0, 0, 0, 0, 0, 0, 0, 0, 0, 0, 0, 0, 0, 0, 0, 0, 0, 0, 0, 0, 0
0, 0, 0, 0, 0, 0, 0, 0, 0, 0, 0, 1, 0, 0, 0, 0, 0, 0, 0, 0, 0, 0, 0, 0, 0, 0, 0, 0, 0, 0, 0, 0
0, 0, 0, 0, 0, 0, 0, 0, 0, 0, 0, 0, 1, 0, 0, 0, 0, 0, 0, 0, 0, 0, 0, 0, 0, 0, 0, 0, 0, 0, 0, 0
0, 0, 0, 0, 0, 0, 0, 0, 0, 0, 0, 0, 0, 1, 0, 0, 0, 0, 0, 0, 0, 0, 0, 0, 0, 0, 0, 0, 0, 0, 0, 0
0, 0, 0, 0, 0, 0, 0, 0, 0, 0, 0, 0, 0, 0, 1, 0, 0, 0, 0, 0, 0, 0, 0, 0, 0, 0, 0, 0, 0, 0, 0, 0
0, 0, 0, 0, 0, 0, 0, 0, 0, 0, 0, 0, 0, 0, 0, 1, 0, 0, 0, 0, 0, 0, 0, 0, 0, 0, 0, 0, 0, 0, 0, 0
0, 0, 0, 0, 0, 0, 0, 0, 0, 0, 0, 0, 0, 0, 0, 0, 1, 0, 0, 0, 0, 0, 0, 0, 0, 0, 0, 0, 0, 0, 0, 0
0, 0, 0, 0, 0, 0, 0, 0, 0, 0, 0, 0, 0, 0, 0, 0, 0, 1, 0, 0, 0, 0, 0, 0, 0, 0, 0, 0, 0, 0, 0, 0
0, 0, 0, 0, 0, 0, 0, 0, 0, 0, 0, 0, 0, 0, 0, 0, 0, 0, 1, 0, 0, 0, 0, 0, 0, 0, 0, 0, 0, 0, 0, 0
0, 0, 0, 0, 0, 0, 0, 0, 0, 0, 0, 0, 0, 0, 0, 0, 0, 0, 0, 1, 0, 0, 0, 0, 0, 0, 0, 0, 0, 0, 0, 0
0, 0, 0, 0, 0, 0, 0, 0, 0, 0, 0, 0, 0, 0, 0, 0, 0, 0, 0, 0, 1, 0, 0, 0, 0, 0, 0, 0, 0, 0, 0, 0
0, 0, 0, 0, 0, 0, 0, 0, 0, 0, 0, 0, 0, 0, 0, 0, 0, 0, 0, 0, 0, 1, 0, 0, 0, 0, 0, 0, 0, 0, 0, 0
0, 0, 0, 0, 0, 0, 0, 0, 0, 0, 0, 0, 0, 0, 0, 0, 0, 0, 0, 0, 0, 0, 1, 0, 0, 0, 0, 0, 0, 0, 0, 0
0, 0, 0, 0, 0, 0, 0, 0, 0, 0, 0, 0, 0, 0, 0, 0, 0, 0, 0, 0, 0, 0, 0, 1, 0, 0, 0, 0, 0, 0, 0, 0
0, 0, 0, 0, 0, 0, 0, 0, 0, 0, 0, 0, 0, 0, 0, 0, 0, 0, 0, 0, 0, 0, 0, 0, 1, 0, 0, 0, 0, 0, 0, 0
0, 0, 0, 0, 0, 0, 0, 0, 0, 0, 0, 0, 0, 0, 0, 0, 0, 0, 0, 0, 0, 0, 0, 0, 0, 1, 0, 0, 0, 0, 0, 0
0, 0, 0, 0, 0, 0, 0, 0, 0, 0, 0, 0, 0, 0, 0, 0, 0, 0, 0, 0, 0, 0, 0, 0, 0, 0, 1, 0, 0, 0, 0, 0
0, 0, 0, 0, 0, 0, 0, 0, 0, 0, 0, 0, 0, 0, 0, 0, 0, 0, 0, 0, 0, 0, 0, 0, 0, 0, 0, 1, 0, 0, 0, 0
0, 0, 0, 0, 0, 0, 0, 0, 0, 0, 0, 0, 0, 0, 0, 0, 0, 0, 0, 0, 0, 0, 0, 0, 0, 0, 0, 0, 1, 0, 0, 0
0, 0, 0, 0, 0, 0, 0, 0, 0, 0, 0, 0, 0, 0, 0, 0, 0, 0, 0, 0, 0, 0, 0, 0, 0, 0, 0, 0, 0, 1, 0, 0
0, 0, 0, 0, 0, 0, 0, 0, 0, 0, 0, 0, 0, 0, 0, 0, 0, 0, 0, 0, 0, 0, 0, 0, 0, 0, 0, 0, 0, 0, 1, 0
0, 0, 0, 0, 0, 0, 0, 0, 0, 0, 0, 0, 0, 0, 0, 0, 0, 0, 0, 0, 0, 0, 0, 0, 0, 0, 0, 0, 0, 0, 0, 1
1.12048, -4.3104307287118e-18, 0.00147000000000001, 6.18959500623892e-19, -0.0205799999999999, 1.6655181736807e-18, 0.00147000000000001, -1.19736577423868e-19, 0, 0, 0, 0, 0, 0, 0, 0, 0, 0, 0, 0, 0, 0, 0, 0, 0, 0, 0, 0, 0, 0, 0, 0
-4.3104307287118e-18, 1.12048, 3.08097053728848e-19, 0.00147, -2.05390243116117e-18, -0.0205799999999999, 6.11645879344119e-20, 0.00147000000000001, 0, 0, 0, 0, 0, 0, 0, 0, 0, 0, 0, 0, 0, 0, 0, 0, 0, 0, 0, 0, 0, 0, 0, 0
0.00147000000000001, 3.08097053728848e-19, 1.10004, 6.63368421608898e-19, -0.00147000000000001, -6.64297447345447e-20, 6.99999999999997e-05, 2.38795528489932e-21, 0, 0, 0, 0, 0, 0, 0, 0, 0, 0, 0, 0, 0, 0, 0, 0, 0, 0, 0, 0, 0, 0, 0, 0
6.18959500623892e-19, 0.00147, 6.63368421608898e-19, 1.10004, 5.66223906954197e-19, -0.00147000000000001, 2.78578971956572e-20, 6.99999999999993e-05, 0, 0, 0, 0, 0, 0, 0, 0, 0, 0, 0, 0, 0, 0, 0, 0, 0, 0, 0, 0, 0, 0, 0, 0
-0.0205799999999999, -2.05390243116117e-18, -0.00147000000000001, 5.66223906954197e-19, 1.04105749269872, -7.53738602935809e-07, 0, 7.39622054465698e-19, -0.0205799999999999, 1.67103574629911e-18, 0.00147, -1.53041912909907e-19, 0, 0, 0, 0, 0, 0, 0, 0, 0, 0, 0, 0, 0, 0, 0, 0, 0, 0, 0, 0
1.6655181736807e-18, -0.0205799999999999, -6.64297447345447e-20, -0.00147000000000001, -7.53738602935809e-07, 1.04106036765126, 1.1732724302738e-18, -3.37507799486048e-18, -1.55988672770769e-18, -0.0205799999999999, -2.76651124968622e-20, 0.00147000000000001, 0, 0, 0, 0, 0, 0, 0, 0, 0, 0, 0, 0, 0, 0, 0, 0, 0, 0, 0, 0
0.00147000000000001, 6.11645879344119e-20, 6.99999999999997e-05, 2.78578971956572e-20, 0, 1.1732724302738e-18, 1.00018, 6.39308620148729e-19, -0.00147000000000001, -6.09121721161302e-20, 6.99999999999996e-05, 7.94042566074071e-21, 0, 0, 0, 0, 0, 0, 0, 0, 0, 0, 0, 0, 0, 0, 0, 0, 0, 0, 0, 0
-1.19736577423868e-19, 0.00147000000000001, 2.38795528489932e-21, 6.99999999999993e-05, 7.39622054465698e-19, -3.37507799486048e-18, 6.39308620148729e-19, 1.00018, 5.93945940065115e-19, -0.00147000000000001, 3.06215962959586e-20, 6.99999999999993e-05, 0, 0, 0, 0, 0, 0, 0, 0, 0, 0, 0, 0, 0, 0, 0, 0, 0, 0, 0, 0
0, 0, 0, 0, -0.0205799999999999, -1.55988672770769e-18, -0.00147000000000001, 5.93945940065115e-19, 1.04105418405696, -6.7153287538229e-07, 3.5527136788005e-19, 1.19588922640503e-18, -0.0205799999999999, 1.6655181736807e-18, 0.00147000000000001, -7.53276564388616e-20, 0, 0, 0, 0, 0, 0, 0, 0, 0, 0, 0, 0, 0, 0, 0, 0
0, 0, 0, 0, 1.67103574629911e-18, -0.0205799999999999, -6.09121721161302e-20, -0.00147000000000001, -6.7153287538229e-07, 1.04105950699565, 1.02410789538324e-18, -3.37507799486048e-18, -1.69863106328112e-18, -0.0205799999999999, 1.67556669494057e-20, 0.00147000000000001, 0, 0, 0, 0, 0, 0, 0, 0, 0, 0, 0, 0, 0, 0, 0, 0
0, 0, 0, 0, 0.00147, -2.76651124968622e-20, 6.99999999999996e-05, 3.06215962959586e-20, 3.5527136788005e-19, 1.02410789538324e-18, 1.00018, 6.57557436777555e-19, -0.00147000000000001, -1.10838665719551e-19, 6.99999999999998e-05, -8.71427496135224e-21, 0, 0, 0, 0, 0, 0, 0, 0, 0, 0, 0, 0, 0, 0, 0, 0
0, 0, 0, 0, -1.53041912909907e-19, 0.00147000000000001, 7.94042566074071e-21, 6.99999999999993e-05, 1.19588922640503e-18, -3.37507799486048e-18, 6.57557436777555e-19, 1.00018, 3.88588223014172e-19, -0.00147000000000001, 7.22668181806635e-20, 6.99999999999991e-05, 0, 0, 0, 0, 0, 0, 0, 0, 0, 0, 0, 0, 0, 0, 0, 0
0, 0, 0, 0, 0, 0, 0, 0, -0.0205799999999999, -1.69863106328112e-18, -0.00147000000000001, 3.88588223014172e-19, 1.04105102723276, -5.27993484910347e-07, -1.77635683940025e-19, 4.28782985679999e-19, -0.0205799999999999, 1.31717553530919e-18, 0.00147000000000001, -1.16267130471914e-19, 0, 0, 0, 0, 0, 0, 0, 0, 0, 0, 0, 0
0, 0, 0, 0, 0, 0, 0, 0, 1.6655181736807e-18, -0.0205799999999999, -1.10838665719551e-19, -0.00147000000000001, -5.27993484910347e-07, 1.04105812869742, 6.57042101932445e-19, -4.08562073062058e-18, -1.85684800868557e-18, -0.0205799999999999, -1.07108332619843e-19, 0.00147000000000001, 0, 0, 0, 0, 0, 0, 0, 0, 0, 0, 0, 0
0, 0, 0, 0, 0, 0, 0, 0, 0.00147000000000001, 1.67556669494057e-20, 6.99999999999998e-05, 7.22668181806635e-20, -1.77635683940025e-19, 6.57042101932445e-19, 1.00018, 3.83980702594287e-19, -0.00147000000000001, -5.95010152260045e-20, 6.99999999999994e-05, 1.69596324831045e-20, 0, 0, 0, 0, 0, 0, 0, 0, 0, 0, 0, 0
0, 0, 0, 0, 0, 0, 0, 0, -7.53276564388616e-20, 0.00147000000000001, -8.71427496135224e-21, 6.99999999999991e-05, 4.28782985679999e-19, -4.08562073062058e-18, 3.83980702594287e-19, 1.00018, 4.19109191795997e-19, -0.00147000000000001, 7.3302908881745e-20, 6.99999999999992e-05, 0, 0, 0, 0, 0, 0, 0, 0, 0, 0, 0, 0
0, 0, 0, 0, 0, 0, 0, 0, 0, 0, 0, 0, -0.0205799999999999, -1.85684800868557e-18, -0.00147000000000001, 4.19109191795997e-19, 1.04104828384553, -4.36447055502527e-07, -3.5527136788005e-19, 1.05467121581243e-18, -0.0205799999999999, 1.67105912440846e-18, 0.00147000000000001, -1.30838807670119e-19, 0, 0, 0, 0, 0, 0, 0, 0
0, 0, 0, 0, 0, 0, 0, 0, 0, 0, 0, 0, 1.31717553530919e-18, -0.0205799999999999, -5.95010152260045e-20, -0.00147000000000001, -4.36447055502527e-07, 1.04105660214684, 1.47790850738017e-18, -4.2632564145606e-18, -1.20459198171829e-18, -0.0205799999999999, 6.11598445499073e-20, 0.00147000000000001, 0, 0, 0, 0, 0, 0, 0, 0
0, 0, 0, 0, 0, 0, 0, 0, 0, 0, 0, 0, 0.00147000000000001, -1.07108332619843e-19, 6.99999999999994e-05, 7.3302908881745e-20, -3.5527136788005e-19, 1.47790850738017e-18, 1.00018, 7.55038392918905e-19, -0.00147000000000001, -1.64798730217797e-20, 6.99999999999997e-05, -4.75720808232327e-20, 0, 0, 0, 0, 0, 0, 0, 0
0, 0, 0, 0, 0, 0, 0, 0, 0, 0, 0, 0, -1.16267130471914e-19, 0.00147000000000001, 1.69596324831045e-20, 6.99999999999992e-05, 1.05467121581243e-18, -4.2632564145606e-18, 7.55038392918905e-19, 1.00018, 4.16333634234434e-19, -0.00147000000000001, 5.00576143036557e-20, 6.99999999999992e-05, 0, 0, 0, 0, 0, 0, 0, 0
0, 0, 0, 0, 0, 0, 0, 0, 0, 0, 0, 0, 0, 0, 0, 0, -0.0205799999999999, -1.20459198171829e-18, -0.00147000000000001, 4.16333634234434e-19, 1.04104654829284, -4.09209092030792e-07, 7.105427357601e-19, 1.1514789501673e-18, -0.0205799999999999, 1.6655181736807e-18, 0.00147000000000001, -7.53276564388616e-20, 0, 0, 0, 0
0, 0, 0, 0, 0, 0, 0, 0, 0, 0, 0, 0, 0, 0, 0, 0, 1.67105912440846e-18, -0.0205799999999999, -1.64798730217797e-20, -0.00147000000000001, -4.09209092030792e-07, 1.04105555941485, 9.57501628982491e-19, -4.08562073062058e-18, -1.69863106328112e-18, -0.0205799999999999, 1.67556669494057e-20, 0.00147000000000001, 0, 0, 0, 0
0, 0, 0, 0, 0, 0, 0, 0, 0, 0, 0, 0, 0, 0, 0, 0, 0.00147000000000001, 6.11598445499073e-20, 6.99999999999997e-05, 5.00576143036557e-20, 7.105427357601e-19, 9.57501628982491e-19, 1.00018, 6.60332655525939e-19, -0.00147000000000001, -1.10838665719551e-19, 6.99999999999999e-05, -8.71427496135224e-21, 0, 0, 0, 0
0, 0, 0, 0, 0, 0, 0, 0, 0, 0, 0, 0, 0, 0, 0, 0, -1.30838807670119e-19, 0.00147000000000001, -4.75720808232327e-20, 6.99999999999992e-05, 1.1514789501673e-18, -4.08562073062058e-18, 6.60332655525939e-19, 1.00018, 3.88588223014172e-19, -0.00147000000000001, 7.22668181806635e-20, 6.99999999999991e-05, 0, 0, 0, 0
0, 0, 0, 0, 0, 0, 0, 0, 0, 0, 0, 0, 0, 0, 0, 0, 0, 0, 0, 0, -0.0205799999999999, -1.69863106328112e-18, -0.00147000000000001, 3.88588223014172e-19, 1.04104834097916, -4.42309521657862e-07, 1.77635683940025e-19, 4.28759607570654e-19, -0.0205799999999999, 1.31715215719985e-18, 0.00147000000000001, -1.49572465957953e-19
0, 0, 0, 0, 0, 0, 0, 0, 0, 0, 0, 0, 0, 0, 0, 0, 0, 0, 0, 0, 1.6655181736807e-18, -0.0205799999999999, -1.10838665719551e-19, -0.00147000000000001, -4.42309521657862e-07, 1.04105730573788, 1.01229009170315e-18, -4.08562073062058e-18, -1.85687138679492e-18, -0.0205799999999999, -8.49109872040968e-20, 0.00147000000000001
0, 0, 0, 0, 0, 0, 0, 0, 0, 0, 0, 0, 0, 0, 0, 0, 0, 0, 0, 0, 0.00147000000000001, 1.67556669494057e-20, 6.99999999999999e-05, 7.22668181806635e-20, 1.77635683940025e-19, 1.01229009170315e-18, 1.00018, 5.60205229644187e-19, -0.00147000000000001, -1.51154723503424e-20, 6.99999999999996e-05, 1.69609877358201e-20
0, 0, 0, 0, 0, 0, 0, 0, 0, 0, 0, 0, 0, 0, 0, 0, 0, 0, 0, 0, -7.53276564388616e-20, 0.00147000000000001, -8.71427496135224e-21, 6.99999999999991e-05, 4.28759607570654e-19, -4.08562073062058e-18, 5.60205229644187e-19, 1.00018, 2.41450129746627e-19, -0.00147000000000001, 7.05202362434251e-20, 6.99999999999992e-05
0, 0, 0, 0, 0, 0, 0, 0, 0, 0, 0, 0, 0, 0, 0, 0, 0, 0, 0, 0, 0, 0, 0, 0, -0.0205799999999999, -1.85687138679492e-18, -0.00147000000000001, 2.41450129746627e-19, 1.12048, 1.34764635974054e-19, -0.00147, 4.71451762178166e-20
0, 0, 0, 0, 0, 0, 0, 0, 0, 0, 0, 0, 0, 0, 0, 0, 0, 0, 0, 0, 0, 0, 0, 0, 1.31715215719985e-18, -0.0205799999999999, -1.51154723503424e-20, -0.00147000000000001, 1.34764635974054e-19, 1.12048, -7.2866686913909e-19, -0.00147000000000001
0, 0, 0, 0, 0, 0, 0, 0, 0, 0, 0, 0, 0, 0, 0, 0, 0, 0, 0, 0, 0, 0, 0, 0, 0.00147000000000001, -8.49109872040968e-20, 6.99999999999996e-05, 7.05202362434251e-20, -0.00147, -7.2866686913909e-19, 1.10004, 1.9515977917918e-20
0, 0, 0, 0, 0, 0, 0, 0, 0, 0, 0, 0, 0, 0, 0, 0, 0, 0, 0, 0, 0, 0, 0, 0, -1.49572465957953e-19, 0.00147000000000001, 1.69609877358201e-20, 6.99999999999992e-05, 4.71451762178166e-20, -0.00147000000000001, 1.9515977917918e-20, 1.10004
1.240947952, 1.66283647845883e-18, 0.00293985300000002, 6.5309683910032e-18, -0.041157942, 3.58540443038766e-18, 0.00293985300000001, 3.76527254053003e-19, 0, 0, 0, 0, 0, 0, 0, 0, 0, 0, 0, 0, 0, 0, 0, 0, 0, 0, 0, 0, 0, 0, 0, 0
1.66283647845883e-18, 1.240947952, -1.3960131933298e-18, 0.002939853, -2.21229284392105e-18, -0.0411579419999999, 6.30105578321009e-20, 0.00293985300000001, 0, 0, 0, 0, 0, 0, 0, 0, 0, 0, 0, 0, 0, 0, 0, 0, 0, 0, 0, 0, 0, 0, 0, 0
0.00293985300000002, -1.3960131933298e-18, 1.200069996, 4.33252005120017e-19, -0.00293985300000001, 6.95298562037329e-19, 0.000139993, 4.77125298776178e-20, 0, 0, 0, 0, 0, 0, 0, 0, 0, 0, 0, 0, 0, 0, 0, 0, 0, 0, 0, 0, 0, 0, 0, 0
6.5309683910032e-18, 0.002939853, 4.33252005120017e-19, 1.200069996, 7.39613933782688e-19, -0.00293985300000001, 2.91272158888942e-20, 0.000139993, 0, 0, 0, 0, 0, 0, 0, 0, 0, 0, 0, 0, 0, 0, 0, 0, 0, 0, 0, 0, 0, 0, 0, 0
-0.041157942, -2.21229284392105e-18, -0.00293985300000001, 7.39613933782688e-19, 1.08211094796287, -1.55125308801153e-06, -1.59872115546023e-18, 1.46518799679082e-18, -0.0411579419999999, -1.09057014200628e-18, 0.00293985300000001, -3.80593154563823e-19, 0, 0, 0, 0, 0, 0, 0, 0, 0, 0, 0, 0, 0, 0, 0, 0, 0, 0, 0, 0
3.58540443038766e-18, -0.0411579419999999, 6.95298562037329e-19, -0.00293985300000001, -1.55125308801153e-06, 1.08211664922319, 8.18180270069907e-18, -4.61819027464117e-18, 9.26624848482105e-19, -0.0411579419999999, 3.05065133216629e-19, 0.002939853, 0, 0, 0, 0, 0, 0, 0, 0, 0, 0, 0, 0, 0, 0, 0, 0, 0, 0, 0, 0
0.00293985300000001, 6.30105578321009e-20, 0.000139993, 2.91272158888942e-20, -1.59872115546023e-18, 8.18180270069907e-18, 1.000359982, 4.1153327122777e-19, -0.00293985300000001, -1.1113058501162e-18, 0.000139993, -4.4086402573668e-20, 0, 0, 0, 0, 0, 0, 0, 0, 0, 0, 0, 0, 0, 0, 0, 0, 0, 0, 0, 0
3.76527254053003e-19, 0.00293985300000001, 4.77125298776178e-20, 0.000139993, 1.46518799679082e-18, -4.61819027464117e-18, 4.1153327122777e-19, 1.000359982, 8.16429394140757e-19, -0.00293985300000001, -2.49537576601436e-19, 0.000139992999999999, 0, 0, 0, 0, 0, 0, 0, 0, 0, 0, 0, 0, 0, 0, 0, 0, 0, 0, 0, 0
0, 0, 0, 0, -0.0411579419999999, 9.26624848482105e-19, -0.00293985300000001, 8.16429394140757e-19, 1.08210416054365, -1.39430845751099e-06, 1.17239196129049e-17, 1.20023886695233e-18, -0.041157942, 9.83072524251915e-19, 0.00293985300000001, -2.44233550221921e-19, 0, 0, 0, 0, 0, 0, 0, 0, 0, 0, 0, 0, 0, 0, 0, 0
0, 0, 0, 0, -1.09057014200628e-18, -0.0411579419999999, -1.1113058501162e-18, -0.00293985300000001, -1.39430845751099e-06, 1.08211493932094, 3.96977045595912e-18, -1.43881528913425e-17, -5.2539516674747e-18, -0.041157942, -3.55680398364423e-19, 0.002939853, 0, 0, 0, 0, 0, 0, 0, 0, 0, 0, 0, 0, 0, 0, 0, 0
0, 0, 0, 0, 0.00293985300000001, 3.05065133216629e-19, 0.000139993, -2.49537576601436e-19, 1.17239196129049e-17, 3.96977045595912e-18, 1.000359982, 1.21038885487108e-18, -0.00293985300000001, 1.19802248970232e-18, 0.000139993, 1.36091052876162e-19, 0, 0, 0, 0, 0, 0, 0, 0, 0, 0, 0, 0, 0, 0, 0, 0
0, 0, 0, 0, -3.80593154563823e-19, 0.002939853, -4.4086402573668e-20, 0.000139992999999999, 1.20023886695233e-18, -1.43881528913425e-17, 1.21038885487108e-18, 1.000359982, -2.85325497267788e-19, -0.002939853, -1.97359532910734e-19, 0.000139992999999999, 0, 0, 0, 0, 0, 0, 0, 0, 0, 0, 0, 0, 0, 0, 0, 0
0, 0, 0, 0, 0, 0, 0, 0, -0.041157942, -5.2539516674747e-18, -0.00293985300000001, -2.85325497267788e-19, 1.0820976806693, -1.09910305764443e-06, 4.44090986206902e-18, 1.80405738882555e-18, -0.0411579419999999, 1.24651801874221e-19, 0.00293985300000001, -2.22152844313338e-19, 0, 0, 0, 0, 0, 0, 0, 0, 0, 0, 0, 0
0, 0, 0, 0, 0, 0, 0, 0, 9.83072524251915e-19, -0.041157942, 1.19802248970232e-18, -0.002939853, -1.09910305764443e-06, 1.0821121507226, 1.09639551565402e-18, 4.61893634451371e-18, -3.48707017247066e-18, -0.041157942, -7.93473142555778e-20, 0.002939853, 0, 0, 0, 0, 0, 0, 0, 0, 0, 0, 0, 0
0, 0, 0, 0, 0, 0, 0, 0, 0.00293985300000001, -3.55680398364423e-19, 0.000139993, -1.97359532910734e-19, 4.44090986206902e-18, 1.09639551565402e-18, 1.000359982, -5.63776573604883e-19, -0.00293985300000002, 6.05614335583155e-19, 0.000139992999999999, 3.54857205938813e-20, 0, 0, 0, 0, 0, 0, 0, 0, 0, 0, 0, 0
0, 0, 0, 0, 0, 0, 0, 0, -2.44233550221921e-19, 0.002939853, 1.36091052876162e-19, 0.000139992999999999, 1.80405738882555e-18, 4.61893634451371e-18, -5.63776573604883e-19, 1.000359982, 7.87360257788779e-19, -0.00293985300000001, 3.37012178175387e-19, 0.000139992999999999, 0, 0, 0, 0, 0, 0, 0, 0, 0, 0, 0, 0
0, 0, 0, 0, 0, 0, 0, 0, 0, 0, 0, 0, -0.0411579419999999, -3.48707017247066e-18, -0.00293985300000002, 7.87360257788779e-19, 1.08209205480608, -9.11346684826709e-07, -1.95395699620349e-18, 1.35224224542968e-18, -0.0411579419999999, 5.56919359651191e-18, 0.00293985300000001, -1.52538380430215e-19, 0, 0, 0, 0, 0, 0, 0, 0
0, 0, 0, 0, 0, 0, 0, 0, 0, 0, 0, 0, 1.24651801874221e-19, -0.041157942, 6.05614335583155e-19, -0.00293985300000001, -9.11346684826709e-07, 1.08210904037617, 2.78130116254484e-18, 1.42151179716166e-18, 1.94428020172972e-18, -0.041157942, 1.3539236447434e-19, 0.00293985300000001, 0, 0, 0, 0, 0, 0, 0, 0
0, 0, 0, 0, 0, 0, 0, 0, 0, 0, 0, 0, 0.00293985300000001, -7.93473142555778e-20, 0.000139992999999999, 3.37012178175387e-19, -1.95395699620349e-18, 2.78130116254484e-18, 1.000359982, 2.30428134446843e-18, -0.002939853, 2.22458530903005e-19, 0.000139993, -1.99583498653939e-19, 0, 0, 0, 0, 0, 0, 0, 0
0, 0, 0, 0, 0, 0, 0, 0, 0, 0, 0, 0, -2.22152844313338e-19, 0.002939853, 3.54857205938813e-20, 0.000139992999999999, 1.35224224542968e-18, 1.42151179716166e-18, 2.30428134446843e-18, 1.000359982, 1.41405227008152e-18, -0.00293985300000001, 3.27916024522674e-19, 0.000139992999999999, 0, 0, 0, 0, 0, 0, 0, 0
0, 0, 0, 0, 0, 0, 0, 0, 0, 0, 0, 0, 0, 0, 0, 0, -0.0411579419999999, 1.94428020172972e-18, -0.002939853, 1.41405227008152e-18, 1.08208849090572, -8.56394242742015e-07, 9.0593488266677e-18, 2.10258808249038e-18, -0.041157942, 2.71971418757349e-18, 0.00293985300000001, -1.73491906039186e-19, 0, 0, 0, 0
0, 0, 0, 0, 0, 0, 0, 0, 0, 0, 0, 0, 0, 0, 0, 0, 5.56919359651191e-18, -0.041157942, 2.22458530903005e-19, -0.00293985300000001, -8.56394242742015e-07, 1.08210690076413, 5.26853795800819e-18, -3.90757648460749e-18, -2.2440037933453e-18, -0.041157942, 3.96259586091564e-21, 0.00293985300000001, 0, 0, 0, 0
0, 0, 0, 0, 0, 0, 0, 0, 0, 0, 0, 0, 0, 0, 0, 0, 0.00293985300000001, 1.3539236447434e-19, 0.000139993, 3.27916024522674e-19, 9.0593488266677e-18, 5.26853795800819e-18, 1.000359982, 5.67140303740993e-19, -0.00293985300000001, -1.02130815689202e-19, 0.000139993, 2.75183330352128e-20, 0, 0, 0, 0
0, 0, 0, 0, 0, 0, 0, 0, 0, 0, 0, 0, 0, 0, 0, 0, -1.52538380430215e-19, 0.00293985300000001, -1.99583498653939e-19, 0.000139992999999999, 2.10258808249038e-18, -3.90757648460749e-18, 5.67140303740993e-19, 1.000359982, 1.37330669712608e-18, -0.00293985300000001, -5.91949988575838e-20, 0.000139992999999999, 0, 0, 0, 0
0, 0, 0, 0, 0, 0, 0, 0, 0, 0, 0, 0, 0, 0, 0, 0, 0, 0, 0, 0, -0.041157942, -2.2440037933453e-18, -0.00293985300000001, 1.37330669712608e-18, 1.08209216269356, -9.26027870900263e-07, -1.06583186720854e-18, -5.01001828239707e-19, -0.0411579419999999, -5.24686976678403e-19, 0.00293985300000001, -7.35981723089256e-19
0, 0, 0, 0, 0, 0, 0, 0, 0, 0, 0, 0, 0, 0, 0, 0, 0, 0, 0, 0, 2.71971418757349e-18, -0.041157942, -1.02130815689202e-19, -0.00293985300000001, -9.26027870900263e-07, 1.08211045960489, 6.94390635666556e-19, -1.95358396126721e-18, -2.87996963577824e-18, -0.041157942, -9.08688502093788e-19, 0.00293985300000001
0, 0, 0, 0, 0, 0, 0, 0, 0, 0, 0, 0, 0, 0, 0, 0, 0, 0, 0, 0, 0.00293985300000001, 3.96259586091564e-21, 0.000139993, -5.91949988575838e-20, -1.06583186720854e-18, 6.94390635666556e-19, 1.000359982, -9.51241560478456e-19, -0.00293985300000001, -7.63929584767258e-19, 0.000139992999999999, -7.69079050327756e-20
0, 0, 0, 0, 0, 0, 0, 0, 0, 0, 0, 0, 0, 0, 0, 0, 0, 0, 0, 0, -1.73491906039186e-19, 0.00293985300000001, 2.75183330352128e-20, 0.000139992999999999, -5.01001828239707e-19, -1.95358396126721e-18, -9.51241560478456e-19, 1.000359982, 8.72135383954516e-19, -0.00293985300000002, 7.05431809557992e-22, 0.000139992999999999
0, 0, 0, 0, 0, 0, 0, 0, 0, 0, 0, 0, 0, 0, 0, 0, 0, 0, 0, 0, 0, 0, 0, 0, -0.0411579419999999, -2.87996963577824e-18, -0.00293985300000001, 8.72135383954516e-19, 1.240947952, 1.01952638897105e-17, -0.00293985299999997, 1.14342310369922e-18
0, 0, 0, 0, 0, 0, 0, 0, 0, 0, 0, 0, 0, 0, 0, 0, 0, 0, 0, 0, 0, 0, 0, 0, -5.24686976678403e-19, -0.041157942, -7.63929584767258e-19, -0.00293985300000002, 1.01952638897105e-17, 1.240947952, 1.64556373890349e-17, -0.002939853
0, 0, 0, 0, 0, 0, 0, 0, 0, 0, 0, 0, 0, 0, 0, 0, 0, 0, 0, 0, 0, 0, 0, 0, 0.00293985300000001, -9.08688502093788e-19, 0.000139992999999999, 7.05431809557992e-22, -0.00293985299999997, 1.64556373890349e-17, 1.200069996, -9.11898973170482e-18
0, 0, 0, 0, 0, 0, 0, 0, 0, 0, 0, 0, 0, 0, 0, 0, 0, 0, 0, 0, 0, 0, 0, 0, -7.35981723089256e-19, 0.00293985300000001, -7.69079050327756e-20, 0.000139992999999999, 1.14342310369922e-18, -0.002939853, -9.11898973170482e-18, 1.200069996
1.3614038572048, 1.94317849741645e-17, 0.00440955901470003, 1.90634906680408e-17, -0.0617338262058001, 1.23464979713702e-18, 0.00440955901470002, 6.34334930347322e-19, 0, 0, 0, 0, 0, 0, 0, 0, 0, 0, 0, 0, 0, 0, 0, 0, 0, 0, 0, 0, 0, 0, 0, 0
1.94317849741645e-17, 1.3614038572048, -2.10722975304228e-17, 0.00440955901470001, -2.82985548871605e-18, -0.0617338262057999, 5.51103813079122e-19, 0.0044095590147, 0, 0, 0, 0, 0, 0, 0, 0, 0, 0, 0, 0, 0, 0, 0, 0, 0, 0, 0, 0, 0, 0, 0, 0
0.00440955901470003, -2.10722975304228e-17, 1.3000899890004, 1.27974791811734e-18, -0.00440955901470001, 3.55686482381534e-19, 0.0002099790007, 7.03130428205881e-20, 0, 0, 0, 0, 0, 0, 0, 0, 0, 0, 0, 0, 0, 0, 0, 0, 0, 0, 0, 0, 0, 0, 0, 0
1.90634906680408e-17, 0.00440955901470001, 1.27974791811734e-18, 1.3000899890004, 1.20223241443425e-18, -0.00440955901470002, -1.41802969533749e-19, 0.0002099790007, 0, 0, 0, 0, 0, 0, 0, 0, 0, 0, 0, 0, 0, 0, 0, 0, 0, 0, 0, 0, 0, 0, 0, 0
-0.0617338262058001, -2.82985548871605e-18, -0.00440955901470001, 1.20223241443425e-18, 1.1231603721124, -2.39007000443145e-06, -6.03945338184531e-18, 1.07533094334553e-18, -0.0617338262058, -1.47415753982396e-20, 0.00440955901470001, -5.66381484669635e-19, 0, 0, 0, 0, 0, 0, 0, 0, 0, 0, 0, 0, 0, 0, 0, 0, 0, 0, 0, 0
1.23464979713702e-18, -0.0617338262057999, 3.55686482381534e-19, -0.00440955901470002, -2.39007000443145e-06, 1.12316884091544, 7.31813188392043e-18, -1.42028614469325e-18, 1.06696028908393e-18, -0.0617338262057999, 1.6093904922387e-19, 0.00440955901470001, 0, 0, 0, 0, 0, 0, 0, 0, 0, 0, 0, 0, 0, 0, 0, 0, 0, 0, 0, 0
0.00440955901470002, 5.51103813079122e-19, 0.0002099790007, -1.41802969533749e-19, -6.03945338184531e-18, 7.31813188392043e-18, 1.0005399460018, 2.83514733531903e-19, -0.00440955901470001, -7.68978724556015e-19, 0.0002099790007, 7.10823609012228e-20, 0, 0, 0, 0, 0, 0, 0, 0, 0, 0, 0, 0, 0, 0, 0, 0, 0, 0, 0, 0
6.34334930347322e-19, 0.0044095590147, 7.03130428205881e-20, 0.0002099790007, 1.07533094334553e-18, -1.42028614469325e-18, 2.83514733531903e-19, 1.0005399460018, -3.82204401626754e-19, -0.00440955901470001, -5.07501293798358e-21, 0.0002099790007, 0, 0, 0, 0, 0, 0, 0, 0, 0, 0, 0, 0, 0, 0, 0, 0, 0, 0, 0, 0
0, 0, 0, 0, -0.0617338262058, 1.06696028908393e-18, -0.00440955901470001, -3.82204401626754e-19, 1.12314993819348, -2.16800092949176e-06, 1.56307322676241e-17, 5.07166811759824e-19, -0.0617338262058, -1.4864446052249e-18, 0.00440955901470001, -3.21598063947963e-19, 0, 0, 0, 0, 0, 0, 0, 0, 0, 0, 0, 0, 0, 0, 0, 0
0, 0, 0, 0, -1.47415753982396e-20, -0.0617338262057999, -7.68978724556015e-19, -0.00440955901470001, -2.16800092949176e-06, 1.12316629900646, 7.45964001432845e-18, -1.42090783921134e-17, -3.96162161253142e-18, -0.0617338262057999, -1.52443783654606e-19, 0.0044095590147, 0, 0, 0, 0, 0, 0, 0, 0, 0, 0, 0, 0, 0, 0, 0, 0
0, 0, 0, 0, 0.00440955901470001, 1.6093904922387e-19, 0.0002099790007, -5.07501293798358e-21, 1.56307322676241e-17, 7.45964001432845e-18, 1.0005399460018, 2.05445913570224e-18, -0.00440955901470001, 1.00000600134199e-18, 0.0002099790007, 7.48936884367101e-20, 0, 0, 0, 0, 0, 0, 0, 0, 0, 0, 0, 0, 0, 0, 0, 0
0, 0, 0, 0, -5.66381484669635e-19, 0.00440955901470001, 7.10823609012228e-20, 0.0002099790007, 5.07166811759824e-19, -1.42090783921134e-17, 2.05445913570224e-18, 1.0005399460018, 6.89072780089309e-19, -0.00440955901470001, -2.20053433593887e-19, 0.000209979000699999, 0, 0, 0, 0, 0, 0, 0, 0, 0, 0, 0, 0, 0, 0, 0, 0
0, 0, 0, 0, 0, 0, 0, 0, -0.0617338262058, -3.96162161253142e-18, -0.00440955901470001, 6.89072780089309e-19, 1.12313997421367, -1.7125379233708e-06, -3.90841137409836e-18, 2.70368552249462e-18, -0.0617338262057999, 5.96739335213399e-19, 0.00440955901470001, 6.66458135320395e-20, 0, 0, 0, 0, 0, 0, 0, 0, 0, 0, 0, 0
0, 0, 0, 0, 0, 0, 0, 0, -1.4864446052249e-18, -0.0617338262057999, 1.00000600134199e-18, -0.00440955901470001, -1.7125379233708e-06, 1.12316206509216, 8.33704602338948e-19, 2.48684624359896e-18, -2.29493226951868e-18, -0.0617338262058, -2.73284356394077e-19, 0.0044095590147, 0, 0, 0, 0, 0, 0, 0, 0, 0, 0, 0, 0
0, 0, 0, 0, 0, 0, 0, 0, 0.00440955901470001, -1.52443783654606e-19, 0.0002099790007, -2.20053433593887e-19, -3.90841137409836e-18, 8.33704602338948e-19, 1.0005399460018, -1.02828563456892e-18, -0.00440955901470002, 6.76811443441202e-19, 0.000209979000699999, 8.99584284854823e-20, 0, 0, 0, 0, 0, 0, 0, 0, 0, 0, 0, 0
0, 0, 0, 0, 0, 0, 0, 0, -3.21598063947963e-19, 0.0044095590147, 7.48936884367101e-20, 0.000209979000699999, 2.70368552249462e-18, 2.48684624359896e-18, -1.02828563456892e-18, 1.0005399460018, 1.40755219329288e-19, -0.00440955901470001, 4.83064707226679e-20, 0.000209979000699999, 0, 0, 0, 0, 0, 0, 0, 0, 0, 0, 0, 0
0, 0, 0, 0, 0, 0, 0, 0, 0, 0, 0, 0, -0.0617338262057999, -2.29493226951868e-18, -0.00440955901470002, 1.40755219329288e-19, 1.12313133100129, -1.42439073307212e-06, -7.63810348658467e-18, 8.24895410319719e-19, -0.0617338262057999, 5.65193775034541e-18, 0.00440955901470001, 9.19407992287223e-20, 0, 0, 0, 0, 0, 0, 0, 0
0, 0, 0, 0, 0, 0, 0, 0, 0, 0, 0, 0, 5.96739335213399e-19, -0.0617338262058, 6.76811443441202e-19, -0.00440955901470001, -1.42439073307212e-06, 1.12315731831395, 1.12156825797368e-17, 5.33191226281815e-19, -5.25398729533433e-19, -0.0617338262058, 7.08990506077949e-20, 0.00440955901470002, 0, 0, 0, 0, 0, 0, 0, 0
0, 0, 0, 0, 0, 0, 0, 0, 0, 0, 0, 0, 0.00440955901470001, -2.73284356394077e-19, 0.000209979000699999, 4.83064707226679e-20, -7.63810348658467e-18, 1.12156825797368e-17, 1.0005399460018, 2.00325563816223e-18, -0.0044095590147, 1.1372356499014e-19, 0.0002099790007, -2.81745327589064e-19, 0, 0, 0, 0, 0, 0, 0, 0
0, 0, 0, 0, 0, 0, 0, 0, 0, 0, 0, 0, 6.66458135320395e-20, 0.0044095590147, 8.99584284854823e-20, 0.000209979000699999, 8.24895410319719e-19, 5.33191226281815e-19, 2.00325563816223e-18, 1.0005399460018, 2.2576168511361e-18, -0.00440955901470001, 2.97129035493541e-19, 0.000209979000699999, 0, 0, 0, 0, 0, 0, 0, 0
0, 0, 0, 0, 0, 0, 0, 0, 0, 0, 0, 0, 0, 0, 0, 0, -0.0617338262057999, -5.25398729533433e-19, -0.0044095590147, 2.2576168511361e-18, 1.12312585225551, -1.34143462948057e-06, 1.10124354151253e-17, 1.56768807654277e-18, -0.0617338262058, 2.6785854838745e-18, 0.00440955901470001, -2.62118202861041e-19, 0, 0, 0, 0
0, 0, 0, 0, 0, 0, 0, 0, 0, 0, 0, 0, 0, 0, 0, 0, 5.65193775034541e-18, -0.0617338262058, 1.1372356499014e-19, -0.00440955901470001, -1.34143462948057e-06, 1.12315403248704, 6.06948507943849e-18, -1.95319320361875e-18, -2.7880507971701e-18, -0.0617338262058, -2.22778634460431e-19, 0.00440955901470001, 0, 0, 0, 0
0, 0, 0, 0, 0, 0, 0, 0, 0, 0, 0, 0, 0, 0, 0, 0, 0.00440955901470001, 7.08990506077949e-20, 0.0002099790007, 2.97129035493541e-19, 1.10124354151253e-17, 6.06948507943849e-18, 1.0005399460018, 1.81951434789614e-18, -0.00440955901470001, 2.44817071112601e-19, 0.0002099790007, 1.63641129797767e-19, 0, 0, 0, 0
0, 0, 0, 0, 0, 0, 0, 0, 0, 0, 0, 0, 0, 0, 0, 0, 9.19407992287223e-20, 0.00440955901470002, -2.81745327589064e-19, 0.000209979000699999, 1.56768807654277e-18, -1.95319320361875e-18, 1.81951434789614e-18, 1.0005399460018, 2.88774027372902e-20, -0.00440955901470001, 1.07987834358175e-19, 0.000209979000699999, 0, 0, 0, 0
0, 0, 0, 0, 0, 0, 0, 0, 0, 0, 0, 0, 0, 0, 0, 0, 0, 0, 0, 0, -0.0617338262058, -2.7880507971701e-18, -0.00440955901470001, 2.88774027372902e-20, 1.12313148821599, -1.45097599946363e-06, -5.8618887504025e-18, -1.53858793191504e-19, -0.0617338262058, 9.7858373820234e-19, 0.00440955901470002, -3.85898304127354e-19
0, 0, 0, 0, 0, 0, 0, 0, 0, 0, 0, 0, 0, 0, 0, 0, 0, 0, 0, 0, 2.6785854838745e-18, -0.0617338262058, 2.44817071112601e-19, -0.00440955901470001, -1.45097599946363e-06, 1.12315946561655, -9.08472534005923e-19, -1.19009869035125e-17, -9.67445501307454e-19, -0.0617338262058, -6.13048562192558e-19, 0.00440955901470001
0, 0, 0, 0, 0, 0, 0, 0, 0, 0, 0, 0, 0, 0, 0, 0, 0, 0, 0, 0, 0.00440955901470001, -2.22778634460431e-19, 0.0002099790007, 1.07987834358175e-19, -5.8618887504025e-18, -9.08472534005923e-19, 1.0005399460018, -4.30832735249806e-19, -0.00440955901470001, -1.72946590184163e-18, 0.000209979000699999, -2.31425033734092e-20
0, 0, 0, 0, 0, 0, 0, 0, 0, 0, 0, 0, 0, 0, 0, 0, 0, 0, 0, 0, -2.62118202861041e-19, 0.00440955901470001, 1.63641129797767e-19, 0.000209979000699999, -1.53858793191504e-19, -1.19009869035125e-17, -4.30832735249806e-19, 1.0005399460018, 1.25972871296405e-18, -0.00440955901470001, -8.27651174910467e-20, 0.000209979000699999
0, 0, 0, 0, 0, 0, 0, 0, 0, 0, 0, 0, 0, 0, 0, 0, 0, 0, 0, 0, 0, 0, 0, 0, -0.0617338262058, -9.67445501307454e-19, -0.00440955901470001, 1.25972871296405e-18, 1.3614038572048, 3.10424492244352e-17, -0.00440955901469997, 1.68364082747081e-18
0, 0, 0, 0, 0, 0, 0, 0, 0, 0, 0, 0, 0, 0, 0, 0, 0, 0, 0, 0, 0, 0, 0, 0, 9.7858373820234e-19, -0.0617338262058, -1.72946590184163e-18, -0.00440955901470001, 3.10424492244352e-17, 1.3614038572048, 2.34184623379486e-17, -0.0044095590147
0, 0, 0, 0, 0, 0, 0, 0, 0, 0, 0, 0, 0, 0, 0, 0, 0, 0, 0, 0, 0, 0, 0, 0, 0.00440955901470002, -6.13048562192558e-19, 0.000209979000699999, -8.27651174910467e-20, -0.00440955901469997, 2.34184623379486e-17, 1.3000899890004, -1.4908334311902e-17
0, 0, 0, 0, 0, 0, 0, 0, 0, 0, 0, 0, 0, 0, 0, 0, 0, 0, 0, 0, 0, 0, 0, 0, -3.85898304127354e-19, 0.00440955901470001, -2.31425033734092e-20, 0.000209979000699999, 1.68364082747081e-18, -0.0044095590147, -1.4908334311902e-17, 1.3000899890004
1.48184771681908, 2.23761554265035e-17, 0.00587911805879857, 1.47370806373095e-17, -0.0823076528231795, 2.14183446948304e-18, 0.00587911805879855, 6.6177205995792e-19, 0, 0, 0, 0, 0, 0, 0, 0, 0, 0, 0, 0, 0, 0, 0, 0, 0, 0, 0, 0, 0, 0, 0, 0
2.23761554265035e-17, 1.48184771681908, -4.27876254937618e-17, 0.00587911805879854, -5.63322280976474e-18, -0.0823076528231793, 3.67602407733131e-19, 0.00587911805879853, 0, 0, 0, 0, 0, 0, 0, 0, 0, 0, 0, 0, 0, 0, 0, 0, 0, 0, 0, 0, 0, 0, 0, 0
0.00587911805879857, -4.27876254937618e-17, 1.4000999800015, 5.12788088470798e-18, -0.00587911805879855, 1.16096030965203e-18, 0.00027995800279993, -4.55016420232421e-22, 0, 0, 0, 0, 0, 0, 0, 0, 0, 0, 0, 0, 0, 0, 0, 0, 0, 0, 0, 0, 0, 0, 0, 0
1.47370806373095e-17, 0.00587911805879854, 5.12788088470798e-18, 1.4000999800015, 2.21281206259217e-18, -0.00587911805879854, -1.21587789346129e-19, 0.00027995800279993, 0, 0, 0, 0, 0, 0, 0, 0, 0, 0, 0, 0, 0, 0, 0, 0, 0, 0, 0, 0, 0, 0, 0, 0
-0.0823076528231795, -5.63322280976474e-18, -0.00587911805879855, 2.21281206259217e-18, 1.1642057708618, -3.26787290480286e-06, -1.9716797099889e-17, 6.45058622565317e-19, -0.0823076528231794, -1.55987249858667e-19, 0.00587911805879854, -5.6843743578138e-19, 0, 0, 0, 0, 0, 0, 0, 0, 0, 0, 0, 0, 0, 0, 0, 0, 0, 0, 0, 0
2.14183446948304e-18, -0.0823076528231793, 1.16096030965203e-18, -0.00587911805879854, -3.26787290480286e-06, 1.16421693954355, 3.5054525936775e-18, -1.06571996809601e-17, 6.87521538537825e-19, -0.0823076528231794, 7.2369675164539e-20, 0.00587911805879854, 0, 0, 0, 0, 0, 0, 0, 0, 0, 0, 0, 0, 0, 0, 0, 0, 0, 0, 0, 0
0.00587911805879855, 3.67602407733131e-19, 0.00027995800279993, -1.21587789346129e-19, -1.9716797099889e-17, 3.5054525936775e-18, 1.0007198920072, -3.70919135462867e-19, -0.00587911805879854, -2.80371489190281e-19, 0.00027995800279993, 3.00490984204879e-20, 0, 0, 0, 0, 0, 0, 0, 0, 0, 0, 0, 0, 0, 0, 0, 0, 0, 0, 0, 0
6.6177205995792e-19, 0.00587911805879853, -4.55016420232421e-22, 0.00027995800279993, 6.45058622565317e-19, -1.06571996809601e-17, -3.70919135462867e-19, 1.0007198920072, -1.74557895668891e-18, -0.00587911805879853, 1.91033303643954e-19, 0.00027995800279993, 0, 0, 0, 0, 0, 0, 0, 0, 0, 0, 0, 0, 0, 0, 0, 0, 0, 0, 0, 0
0, 0, 0, 0, -0.0823076528231794, 6.87521538537825e-19, -0.00587911805879854, -1.74557895668891e-18, 1.16419152474907, -2.99406392009476e-06, 1.90042471892578e-17, 2.22844136271446e-18, -0.0823076528231795, -1.55423650368317e-18, 0.00587911805879855, 6.01967896101076e-20, 0, 0, 0, 0, 0, 0, 0, 0, 0, 0, 0, 0, 0, 0, 0, 0
0, 0, 0, 0, -1.55987249858667e-19, -0.0823076528231794, -2.80371489190281e-19, -0.00587911805879853, -2.99406392009476e-06, 1.16421359310039, 1.22497727166841e-17, -3.01660939605259e-18, -3.00933315620696e-18, -0.0823076528231794, -3.34547191450559e-19, 0.00587911805879852, 0, 0, 0, 0, 0, 0, 0, 0, 0, 0, 0, 0, 0, 0, 0, 0
0, 0, 0, 0, 0.00587911805879854, 7.2369675164539e-20, 0.00027995800279993, 1.91033303643954e-19, 1.90042471892578e-17, 1.22497727166841e-17, 1.0007198920072, 2.55335108121698e-18, -0.00587911805879855, 6.73119713987282e-19, 0.00027995800279993, 3.75906392805803e-20, 0, 0, 0, 0, 0, 0, 0, 0, 0, 0, 0, 0, 0, 0, 0, 0
0, 0, 0, 0, -5.6843743578138e-19, 0.00587911805879854, 3.00490984204879e-20, 0.00027995800279993, 2.22844136271446e-18, -3.01660939605259e-18, 2.55335108121698e-18, 1.0007198920072, -1.07618784051452e-19, -0.00587911805879854, -2.8836581995442e-19, 0.000279958002799929, 0, 0, 0, 0, 0, 0, 0, 0, 0, 0, 0, 0, 0, 0, 0, 0
0, 0, 0, 0, 0, 0, 0, 0, -0.0823076528231795, -3.00933315620696e-18, -0.00587911805879855, -1.07618784051452e-19, 1.16417792098498, -2.36763993446612e-06, -1.77639232568065e-18, 1.12144273299628e-18, -0.0823076528231794, 9.5774541085904e-19, 0.00587911805879855, 2.36527828812118e-20, 0, 0, 0, 0, 0, 0, 0, 0, 0, 0, 0, 0
0, 0, 0, 0, 0, 0, 0, 0, -1.55423650368317e-18, -0.0823076528231794, 6.73119713987282e-19, -0.00587911805879854, -2.36763993446612e-06, 1.16420787188728, -4.70542085668763e-18, 1.42105526990163e-17, -3.10798880967552e-18, -0.0823076528231794, -1.25743462255073e-19, 0.00587911805879852, 0, 0, 0, 0, 0, 0, 0, 0, 0, 0, 0, 0
0, 0, 0, 0, 0, 0, 0, 0, 0.00587911805879855, -3.34547191450559e-19, 0.00027995800279993, -2.8836581995442e-19, -1.77639232568065e-18, -4.70542085668763e-18, 1.0007198920072, -1.52223344642473e-18, -0.00587911805879856, 1.27562224981042e-18, 0.000279958002799929, -1.16343160417034e-20, 0, 0, 0, 0, 0, 0, 0, 0, 0, 0, 0, 0
0, 0, 0, 0, 0, 0, 0, 0, 6.01967896101076e-20, 0.00587911805879852, 3.75906392805803e-20, 0.000279958002799929, 1.12144273299628e-18, 1.42105526990163e-17, -1.52223344642473e-18, 1.0007198920072, 8.90650854844696e-19, -0.00587911805879855, 2.35836303423882e-19, 0.00027995800279993, 0, 0, 0, 0, 0, 0, 0, 0, 0, 0, 0, 0
0, 0, 0, 0, 0, 0, 0, 0, 0, 0, 0, 0, -0.0823076528231794, -3.10798880967552e-18, -0.00587911805879856, 8.90650854844696e-19, 1.16416612912079, -1.97525860980855e-06, -5.68334715289574e-18, 6.068239347514e-19, -0.0823076528231794, 6.89420833380843e-18, 0.00587911805879854, -2.54518758347633e-20, 0, 0, 0, 0, 0, 0, 0, 0
0, 0, 0, 0, 0, 0, 0, 0, 0, 0, 0, 0, 9.5774541085904e-19, -0.0823076528231794, 1.27562224981042e-18, -0.00587911805879855, -1.97525860980855e-06, 1.16420143995222, 8.95340522338314e-18, 5.86220842535994e-18, 1.64931952085107e-18, -0.0823076528231794, 2.7616434810262e-19, 0.00587911805879856, 0, 0, 0, 0, 0, 0, 0, 0
0, 0, 0, 0, 0, 0, 0, 0, 0, 0, 0, 0, 0.00587911805879855, -1.25743462255073e-19, 0.000279958002799929, 2.35836303423882e-19, -5.68334715289574e-18, 8.95340522338314e-18, 1.0007198920072, 2.09794265236635e-18, -0.00587911805879853, -1.96141707259418e-18, 0.000279958002799931, -3.58044651024517e-19, 0, 0, 0, 0, 0, 0, 0, 0
0, 0, 0, 0, 0, 0, 0, 0, 0, 0, 0, 0, 2.36527828812118e-20, 0.00587911805879852, -1.16343160417034e-20, 0.00027995800279993, 6.068239347514e-19, 5.86220842535994e-18, 2.09794265236635e-18, 1.0007198920072, 2.10790172668517e-18, -0.00587911805879854, 2.40926735880097e-19, 0.000279958002799929, 0, 0, 0, 0, 0, 0, 0, 0
0, 0, 0, 0, 0, 0, 0, 0, 0, 0, 0, 0, 0, 0, 0, 0, -0.0823076528231794, 1.64931952085107e-18, -0.00587911805879853, 2.10790172668517e-18, 1.16415865446648, -1.8641874684228e-06, 3.72827113004277e-18, 1.39158658081398e-18, -0.0823076528231794, 3.10438861437919e-18, 0.00587911805879854, -5.86208017768822e-19, 0, 0, 0, 0
0, 0, 0, 0, 0, 0, 0, 0, 0, 0, 0, 0, 0, 0, 0, 0, 6.89420833380843e-18, -0.0823076528231794, -1.96141707259418e-18, -0.00587911805879854, -1.8641874684228e-06, 1.16419696159344, 8.69982310604398e-18, 5.3390169086196e-19, -1.94132037539508e-18, -0.0823076528231795, -3.17066686664752e-19, 0.00587911805879854, 0, 0, 0, 0
0, 0, 0, 0, 0, 0, 0, 0, 0, 0, 0, 0, 0, 0, 0, 0, 0.00587911805879854, 2.7616434810262e-19, 0.000279958002799931, 2.40926735880097e-19, 3.72827113004277e-18, 8.69982310604398e-18, 1.0007198920072, 1.83702485720044e-18, -0.00587911805879853, 6.42038840480863e-19, 0.00027995800279993, 1.93385242616827e-19, 0, 0, 0, 0
0, 0, 0, 0, 0, 0, 0, 0, 0, 0, 0, 0, 0, 0, 0, 0, -2.54518758347633e-20, 0.00587911805879856, -3.58044651024517e-19, 0.000279958002799929, 1.39158658081398e-18, 5.3390169086196e-19, 1.83702485720044e-18, 1.0007198920072, 1.02415716759536e-18, -0.00587911805879853, 1.20276636487093e-19, 0.000279958002799929, 0, 0, 0, 0
0, 0, 0, 0, 0, 0, 0, 0, 0, 0, 0, 0, 0, 0, 0, 0, 0, 0, 0, 0, -0.0823076528231794, -1.94132037539508e-18, -0.00587911805879853, 1.02415716759536e-18, 1.16416633706321, -2.01702966093462e-06, -5.32839550970738e-18, -1.1646332302954e-18, -0.0823076528231795, -1.09639922859749e-18, 0.00587911805879855, -4.23953966595999e-19
0, 0, 0, 0, 0, 0, 0, 0, 0, 0, 0, 0, 0, 0, 0, 0, 0, 0, 0, 0, 3.10438861437919e-18, -0.0823076528231795, 6.42038840480863e-19, -0.00587911805879853, -2.01702966093462e-06, 1.16420432691565, -3.3173547321273e-19, -1.1189254069062e-17, 2.78673275395361e-18, -0.0823076528231794, -1.14667518504557e-18, 0.00587911805879854
0, 0, 0, 0, 0, 0, 0, 0, 0, 0, 0, 0, 0, 0, 0, 0, 0, 0, 0, 0, 0.00587911805879854, -3.17066686664752e-19, 0.00027995800279993, 1.20276636487093e-19, -5.32839550970738e-18, -3.3173547321273e-19, 1.0007198920072, -5.09068160483947e-19, -0.00587911805879855, 2.32971832994632e-19, 0.000279958002799929, 1.46332739453635e-19
0, 0, 0, 0, 0, 0, 0, 0, 0, 0, 0, 0, 0, 0, 0, 0, 0, 0, 0, 0, -5.86208017768822e-19, 0.00587911805879854, 1.93385242616827e-19, 0.000279958002799929, -1.1646332302954e-18, -1.1189254069062e-17, -5.09068160483947e-19, 1.0007198920072, 1.92306033821446e-18, -0.00587911805879855, -1.83091655453066e-19, 0.000279958002799929
0, 0, 0, 0, 0, 0, 0, 0, 0, 0, 0, 0, 0, 0, 0, 0, 0, 0, 0, 0, 0, 0, 0, 0, -0.0823076528231795, 2.78673275395361e-18, -0.00587911805879855, 1.92306033821446e-18, 1.48184771681908, 2.80638894256971e-17, -0.0058791180587985, 3.1429695344364e-18
